 53.2353
 0
 0
 0
 0
 0
 0
 0
 0
 0
 0
 0
 0
 0
 0
 49.7393
 47.1381
 66.3852
 47.9896
 66.2797
 84.5754
 62.9365
 45.5522
 44.1362
 58.8388
 83.5584
 42.2374
 81.0925
 59.7411
 41.3642
 62.3859
 77.666
 38.3275
 56.5332
 79.4292
 60.1249
 41.7373
 80.4425
 45.3652
 84.0952
 67.2086
 69.4046
 47.0744
 28.8271
 28.8271
 48.5798
 86.2728
 86.2728
 69.3542
 51.6333
 71.1899
 35.0143
 35.0143
 40.1373
 36.3318
 71.8958
 33.9706
 53.9907
 93.8509
 93.8509
 93.8509
 93.8509
 93.8509
 73.1915
 58.5406
 97.6883
 97.6883
 95.7131
 63.6789
 76.5049
 39.6737
 87.9659
 77.4145
 97.8928
 62.1772
 38.7943
 87.2812
 41.2189
 77.3886
 95.0421
 64.5446
 83.8451
 35.5246
 35.4824
 80.0375
 40.6817
 63.6396
 98.5596
 98.5596
 98.5596
 98.5596
 83.5584
 44.1588
 66.2193
 102.02
 76.1774
 29.9833
 30.3974
 30.3974
 68.1909
 105.209
 105.209
 71.6729
 70.6824
 49.6488
 89.6995
 107.033
 107.033
 109.041
 89.8332
 71.4493
 49.4571
 71.9514
 100.593
 100.593
 63.726
 80.2932
 99.6243
 99.6243
 79.9062
 42.1782
 64.591
 101.696
 83.3007
 44.7102
 68.5347
 106.381
 106.381
 87.2296
 73.5391
 107.778
 107.778
 88.6454
 70.2068
 45.9783
 45.9783
 27.8927
 29.0345
 48.518
 48.518
 88.4647
 71.1126
 30.5941
 30.5941
 69.6635
 45.111
 45.111
 31.9844
 30.5941
 69.383
 100.613
 87.1263
 45.6837
 45.6837
 85.4108
 69.1231
 46.076
 46.076
 68.5128
 82.9156
 43.1161
 43.1161
 75.9342
 65.6963
 42.2256
 42.2256
 42.2256
 77.3951
 46.5296
 66.9179
 27.1662
 37.8814
 77.7303
 95.483
 68.7532
 108.12
 108.12
 76.831
 67.9853
 94.4828
 94.4828
 107.555
 72.6705
 60.0083
 37.3363
 82.9819
 68.3813
 31.6386
 55.1906
 76.5768
 76.5768
 57.4456
 63.8122
 49.163
 27.2947
 70.7602
 70.7602
 42.9651
 53.8424
 20.2978
 60.7289
 60.7289
 73.9594
 78.0641
 33.9411
 43.2666
 10.8167
 47.833
 47.833
 47.833
 40.3856
 20.9762
 0
 25.0799
 25.0799
 25.0799
 30.545
 2.64575
 14.6287
 19.0526
 28.931
 15.7797
 2.44949
 19.3907
 19.3907
 19.3907
 16.5831
 30.5287
 19.4679
 4.24264
 4.24264
 21.0713
 26.4575
 13.2288
 0
 0
 0
 0
 0
 0
 0
 0
 0
 0
 4.79583
 10.3441
 7.07107
 10.9545
 10.9545
 3
 5.2915
 5.2915
 5.2915
 0
 0
 0
 0
 0
 0
 0
 0
 0
 0
 0
 0
 0
 0
 0
 0
 0
 0
 0
 0
 0
 0
 0
 0
 0
 0
 49.8698
 49.8698
 0
 0
 0
 0
 0
 0
 49.8698
 0
 0
 0
 0
 0
 49.5177
 49.5177
 49.5177
 0
 0
 0
 0
 0
 0
 0
 0
 0
 0
 0
 0
 0
 0
 0
 0
 0
 0
 0
 0
 0
 0
 0
 0
 0
 0
 0
 0
 0
 0
 0
 0
 0
 0
 0
 0
 0
 0
 0
 0
 0
 0
 0
 0
 0
 0
 11.4455
 0
 0
 47.0638
 47.0638
 47.0638
 47.0638
 0
 12.2066
 45
 45
 45
 45
 45
 45
 45
 44.911
 44.911
 44.911
 44.911
 44.911
 47.1593
 47.1593
 0
 0
 0
 0
 0
 49.051
 0
 11
 0
 0
 0
 0
 0
 0
 0
 0
 0
 0
 0
 0
 0
 0
 0
 0
 0
 0
 0
 0
 0
 0
 0
 0
 0
 0
 0
 0
 0
 0
 0
 0
 0
 0
 0
 0
 0
 0
 0
 0
 0
 0
 0
 0
 0
 0
 0
 0
 0
 0
 0
 0
 0
 0
 0
 0
 0
 0
 0
 0
 0
 0
 0
 0
 0
 0
 0
 0
 0
 0
 0
 0
 0
 0
 0
 0
 0
 0
 0
 0
 0
 0
 0
 0
 0
 0
 0
 0
 0
 0
 0
 0
 0
 0
 0
 0
 0
 0
 0
 0
 0
 0
 0
 0
 0
 0
 0
 0
 0
 0
 0
 0
 0
 0
 0
 0
 0
 0
 0
 0
 0
 0
 0
 0
 0
 0
 0
 0
 0
 0
 0
 0
 0
 0
 0
 0
 0
 0
 0
 0
 0
 0
 0
 0
 0
 0
 0
 0
 0
 0
 0
 0
 0
 0
 0
 0
 0
 0
 0
 0
 0
 0
 0
 0
 0
 0
 0
 0
 0
 0
 0
 0
 0
 0
 0
 0
 0
 0
 0
 0
 0
 0
 0
 0
 0
 0
 0
 0
 0
 0
 0
 0
 0
 0
 0
 0
 0
 0
 0
 0
 0
 0
 0
 0
 0
 0
 0
 0
 0
 0
 0
 0
 0
 0
 0
 0
 0
 0
 0
 0
 0
 0
 0
 0
 0
 0
 0
 0
 0
 0
 0
 0
 0
 0
 0
 0
 0
 0
 0
 0
 0
 0
 0
 0
 0
 0
 0
 0
 0
 0
 0
 0
 0
 0
 0
 0
 0
 0
 0
 0
 0
 0
 0
 0
 0
 0
 0
 0
 0
 0
 0
 0
 0
 0
 0
 0
 0
 0
 0
 0
 1
 32.8786
 58.4209
 80.0125
 79.8436
 56.9386
 29.2916
 2.23607
 29.6142
 72.6498
 54.1295
 5.09902
 25.4951
 49.7594
 71.0985
 24.5357
 68.1616
 43.8634
 68.9493
 41.9166
 23.3024
 42.5793
 65.5515
 19.975
 65.9848
 43.6463
 17.2916
 39.3192
 16.1864
 64.8074
 41.5331
 18.9737
 66.4379
 47.8748
 69.282
 22.2036
 41.6653
 69.1737
 50.7445
 23.5797
 69.1086
 24.0208
 52.4309
 25.7294
 71.8819
 50.309
 27.5318
 46.8615
 72.7736
 31.8904
 75.02
 51.0392
 54.4702
 76.8635
 30.8545
 55.2359
 78.9747
 32.1403
 57.2451
 77.2269
 32.6497
 58.8897
 32.4654
 79.3662
 50.8724
 61.7009
 36.1663
 78.5111
 35.171
 80.0562
 62.9762
 35.2562
 81.3941
 63.0397
 80.4239
 36.7423
 62.3057
 81.5598
 36.6197
 61.8223
 82.2253
 39.2938
 62.6019
 84.4926
 63.4665
 42.0595
 65.2993
 41.7732
 88.5664
 86.6256
 66.0908
 42.4617
 68.6367
 87.8521
 43.4856
 68.7314
 44.5309
 89.7274
 90.3604
 46.9574
 73.675
 93.2363
 46.0217
 76.6355
 95.0684
 74.8799
 44.4185
 88.0625
 65.7191
 40.4475
 62.6339
 85.9593
 63.364
 41.7133
 86.3713
 68.1175
 45.5522
 70.4698
 94.0744
 48.2494
 54.2863
 74.8331
 49.5177
 97.6012
 78.5239
 98.9848
 52.5833
 78.905
 52.6973
 97.0155
 97.0155
 54.3415
 98.6813
 83.0963
 85.3874
 54.3875
 100.772
 100.772
 103.494
 83.8272
 55.5968
 105
 82.1036
 58.0517
 103.697
 83.3067
 59.5231
 104.446
 61.9274
 82.3104
 60.4649
 108.683
 83.8033
 86.5506
 107.847
 58.9322
 57.81
 82.3286
 103.542
 83.6481
 58.3866
 106.316
 87.3899
 62.2334
 106.752
 64.9461
 107.196
 89.493
 113.666
 66.888
 95.3887
 113.605
 93.9415
 66.1891
 113.798
 67.2458
 91.5696
 111.122
 69.3397
 89.4539
 48.6004
 48.6004
 64.5291
 84.7998
 53.535
 55.8749
 55.8749
 83.3007
 59.649
 101.691
 79.3347
 55.2178
 77.6209
 53.619
 93.7017
 76.7268
 51.9134
 91.5423
 72.5465
 51.5752
 87.6641
 48.3942
 71.9792
 85.557
 45.3652
 86.6141
 65.6582
 61.79
 81.8657
 36.4829
 79.3158
 40.7185
 57.5674
 58.2495
 80.7032
 43.1509
 60.1332
 39.6485
 87.0747
 43.2897
 63.5689
 87.3613
 65.4905
 44.2154
 66.6258
 85.6796
 47.3075
 45.7712
 64.7379
 64.7379
 64.7379
 64.7379
 64.7379
 64.7379
 64.7379
 64.7379
 64.7379
 64.7379
 64.7379
 59.2199
 78.2049
 42.6849
 81.6517
 39.4588
 58.2838
 76.3872
 76.3872
 76.3872
 76.3872
 76.3872
 76.3872
 76.3872
 76.3872
 76.3872
 76.3872
 76.3872
 76.3872
 76.3872
 76.3872
 76.3872
 76.3872
 76.3872
 76.3872
 76.3872
 76.3872
 76.3872
 76.3872
 76.3872
 76.3872
 76.3872
 76.3872
 76.3872
 76.3872
 76.3872
 76.3872
 76.3872
 76.3872
 76.3872
 76.3872
 76.3872
 76.3872
 76.3872
 76.3872
 76.3872
 76.3872
 76.3872
 76.3872
 76.3872
 76.3872
 76.3872
 76.3872
 76.3872
 76.3872
 76.3872
 76.3872
 76.3872
 76.3872
 76.3872
 76.3872
 76.3872
 76.3872
 76.3872
 76.3872
 76.3872
 76.3872
 76.3872
 76.3872
 76.3872
 76.3872
 76.3872
 76.3872
 76.3872
 76.3872
 76.3872
 76.3872
 76.3872
 76.3872
 76.3872
 76.3872
 76.3872
 76.3872
 76.3872
 76.3872
 76.3872
 76.3872
 76.3872
 76.3872
 76.3872
 76.3872
 76.3872
 76.3872
 76.3872
 76.3872
