 54.6626
 0
 0
 0
 0
 0
 0
 0
 0
 0
 0
 0
 0
 0
 0
 49.97
 49.0102
 66.9851
 50.9215
 66.873
 85.4283
 63.4902
 48.4562
 44.5309
 61.4736
 82.1401
 40.6202
 80.4177
 58.7026
 39.7115
 63.5925
 78.2624
 37.7624
 58.8133
 79.5299
 60.3407
 41.3521
 83.2166
 47.8017
 83.7914
 65.5973
 69.7925
 50.8331
 28.1425
 28.1425
 51.5461
 88.2213
 88.2213
 69.728
 54.7175
 70.7955
 34.6121
 34.6121
 40.1373
 36.3318
 72.5534
 35.2562
 56.9298
 92.4284
 92.4284
 92.4284
 92.4284
 92.4284
 76.531
 59
 95.2628
 92.7578
 94.8367
 61.5467
 79.6555
 41.6653
 89.202
 82.2618
 98.3463
 62.458
 41.6413
 87.5671
 43.2666
 79.5927
 95.5196
 64.0078
 84.6877
 35.5246
 35.4824
 80.3866
 44.3959
 64.8383
 97.903
 80.8455
 32.5423
 32.1403
 32.1403
 46.2061
 68.2642
 100.742
 77.1881
 29.9833
 30.3974
 30.3974
 70.4131
 104.695
 104.695
 72.111
 72.7805
 49.0102
 89.2132
 108.199
 68.8186
 109.389
 89.493
 74.4849
 49.6286
 73.2939
 32.8024
 42.9418
 66.6033
 80.0312
 99.0505
 75.02
 81.4739
 41.6053
 66.6483
 101.887
 86.4002
 45.0666
 69.8212
 105.442
 64.3428
 88.6848
 73.7902
 107.499
 107.499
 89.1291
 68.9928
 48.7955
 48.7955
 27.8927
 29.0345
 49.6488
 49.6488
 88
 73.4575
 30.5941
 30.5941
 73.0137
 48.9796
 48.9796
 31.9844
 30.5941
 71.8123
 102.029
 85.4751
 48.8057
 48.8057
 84.303
 68.9275
 49.3559
 49.3559
 68.1982
 83.6301
 42.6146
 42.6146
 80.1124
 65.4141
 40.8167
 36.428
 36.428
 79.3473
 45.3762
 67.4314
 29.7825
 29.7825
 29.7825
 29.7825
 68.6294
 109.101
 109.101
 80.2808
 67.7717
 93.5788
 93.5788
 108.444
 75.2596
 61.6604
 38.9615
 82.8734
 69.0579
 34.3802
 56.1961
 77.4016
 77.4016
 57.4456
 62.9126
 52.0192
 29.95
 71.854
 71.854
 46.5618
 53.7308
 23.8956
 63.498
 63.498
 73.9594
 78.0641
 35.1141
 42.4735
 13.7113
 49.8197
 49.8197
 49.8197
 43.2666
 23.0434
 1.73205
 26.3249
 26.3249
 26.3249
 31.8591
 2.23607
 15.9374
 23.8118
 30.2324
 15.5242
 3
 23.4734
 23.4734
 23.4734
 17.2047
 30.1828
 23.5797
 2.23607
 2.23607
 25.1595
 25.3969
 13.0767
 0
 0
 0
 0
 0
 0
 0
 0
 0
 0
 9.21954
 8.48528
 8.06226
 10.3441
 10.3441
 5.09902
 5.56776
 5.56776
 5.56776
 0
 0
 0
 0
 0
 0
 0
 0
 0
 0
 0
 0
 0
 0
 0
 0
 0
 0
 0
 0
 0
 0
 0
 0
 0
 0
 0
 0
 0
 0
 0
 0
 0
 0
 0
 0
 0
 0
 0
 0
 0
 0
 0
 0
 0
 0
 0
 0
 0
 0
 0
 0
 0
 0
 0
 0
 0
 0
 0
 0
 0
 0
 0
 0
 0
 0
 0
 0
 0
 0
 0
 0
 0
 0
 0
 0
 0
 0
 0
 0
 0
 0
 0
 0
 0
 0
 0
 0
 0
 11.4455
 0
 0
 0
 0
 0
 0
 0
 12.2066
 54.5894
 54.5894
 54.5894
 54.5894
 54.5894
 54.5894
 54.5894
 54.4702
 54.4702
 54.4702
 54.4702
 54.4702
 55
 55
 55
 55
 55
 55
 55
 56.8507
 56.8507
 11
 0
 0
 0
 0
 0
 0
 0
 0
 0
 0
 0
 0
 0
 0
 0
 0
 0
 0
 0
 0
 0
 0
 0
 0
 0
 0
 0
 0
 0
 0
 0
 0
 0
 0
 0
 0
 0
 0
 0
 0
 0
 0
 0
 0
 0
 0
 0
 0
 0
 0
 0
 0
 0
 0
 0
 0
 0
 0
 0
 0
 0
 0
 0
 0
 0
 0
 0
 0
 0
 0
 0
 0
 0
 0
 0
 0
 0
 0
 0
 0
 0
 0
 0
 0
 0
 0
 0
 0
 0
 0
 0
 0
 0
 0
 0
 0
 0
 0
 0
 0
 0
 0
 0
 0
 0
 0
 0
 0
 0
 0
 0
 0
 0
 0
 0
 0
 0
 0
 0
 0
 0
 0
 0
 0
 0
 0
 0
 0
 0
 0
 0
 0
 0
 0
 0
 0
 0
 0
 0
 0
 0
 0
 0
 0
 0
 0
 0
 0
 0
 0
 0
 0
 0
 0
 0
 0
 0
 0
 0
 0
 0
 0
 0
 0
 0
 0
 0
 0
 0
 0
 0
 0
 0
 0
 0
 0
 0
 0
 0
 0
 0
 0
 0
 0
 0
 0
 0
 0
 0
 0
 0
 0
 0
 0
 0
 0
 0
 0
 0
 0
 0
 0
 0
 0
 0
 0
 0
 0
 0
 0
 0
 0
 0
 0
 0
 0
 0
 0
 0
 0
 0
 0
 0
 0
 0
 0
 0
 0
 0
 0
 0
 0
 0
 0
 0
 0
 0
 0
 0
 0
 0
 0
 0
 0
 0
 0
 0
 0
 0
 0
 0
 0
 0
 0
 0
 0
 0
 0
 0
 0
 0
 0
 0
 0
 0
 0
 0
 0
 0
 0
 0
 0
 0
 0
 0
 0
 0
 0
 0
 0
 0
 31.0805
 55.6327
 77.2399
 77.7174
 55.1543
 27.6043
 4.3589
 27.7489
 71.2741
 51.4004
 7.61577
 23.4947
 48.7442
 70.2282
 21.9773
 66.0833
 41.9643
 65.7115
 41.9166
 17.9165
 41.7133
 63.4744
 15.5885
 63.0952
 41.5692
 15.7797
 38.5616
 14.7309
 61.9919
 40.7308
 17.4069
 63.0872
 44.4185
 66.7158
 20.5426
 41.6653
 67.6387
 48.0104
 21.9089
 67.4685
 21.7945
 49.8397
 23.0434
 70.1926
 48.8569
 25.02
 46.2061
 70.9507
 28.1069
 72.8354
 49.3964
 53.0283
 73.6953
 28.3373
 53.7866
 75.1465
 29.8329
 54.9363
 74.7329
 31.1929
 56.921
 30.9193
 77.2722
 53.1413
 59.0762
 33.9117
 77.0973
 33.7343
 77.6981
 59.4138
 33.6601
 79.177
 60.4483
 78.8923
 34.3657
 60.0999
 79.7245
 34.2345
 60.4401
 79.5362
 36.4143
 60.3904
 82.3893
 62.9206
 39.6358
 64.7225
 40.3733
 86.151
 84.4216
 65.192
 39.5854
 65.9545
 85.8079
 41.1096
 66.6558
 43.1509
 87.8578
 89.1852
 45.4423
 70.2851
 91.8477
 43.9773
 72.4224
 92.72
 72.6223
 42.0476
 86.3713
 62.0322
 37.229
 62.1691
 83.9583
 61.3677
 36.6879
 83.5763
 66.2873
 39.6485
 69.3037
 90.8845
 43.5431
 53.7773
 73.3826
 45.6399
 93.9894
 76.87
 94.4352
 48.0729
 77.2658
 50.3488
 96.7626
 96.7626
 53.2916
 97.7446
 78.1665
 83.2887
 52.8583
 99.1716
 99.1716
 101.484
 81.7557
 53.2353
 102.391
 79.9875
 53.9907
 102.093
 81.2835
 55.7046
 102.186
 58.9576
 81.4002
 58.2151
 104.848
 81.2711
 85.5687
 106.719
 106.719
 56.8331
 82
 100.896
 82.2618
 56.6127
 105.071
 85.1293
 61.5711
 105.504
 63.1823
 105.759
 87.55
 112.201
 64.9692
 91.8531
 111.705
 91.3674
 65.1076
 112.654
 65.5362
 90.0722
 109.211
 67.624
 88.0738
 48.6004
 48.6004
 61.9919
 83.6182
 83.6182
 55.8749
 105.109
 81.8718
 54.9272
 101.084
 80.3803
 52.8583
 77.7882
 51.3517
 92.5311
 75.809
 50.7346
 90.6532
 71.8401
 49.4267
 86.666
 47.8644
 69.7424
 85.2819
 44.911
 83.5883
 64.304
 60.5145
 77.9808
 36.1801
 77.2205
 36.7967
 57.576
 103.865
 80.2808
 41.1461
 59.0931
 101.143
 84.2615
 42.2256
 60.9754
 86.3308
 64.5291
 43.2897
 65.5744
 84.6699
 47.1593
 45.6837
 63.7574
 63.7574
 63.7574
 63.7574
 63.7574
 63.7574
 63.7574
 63.7574
 63.7574
 63.7574
 63.7574
 59.2537
 76.5702
 42.7668
 80.1124
 39.5854
 57.3672
 74.9266
 74.9266
 74.9266
 74.9266
 74.9266
 74.9266
 74.9266
 74.9266
 74.9266
 74.9266
 74.9266
 74.9266
 74.9266
 74.9266
 74.9266
 74.9266
 74.9266
 74.9266
 74.9266
 74.9266
 74.9266
 74.9266
 74.9266
 74.9266
 74.9266
 74.9266
 74.9266
 74.9266
 74.9266
 74.9266
 74.9266
 74.9266
 74.9266
 74.9266
 74.9266
 74.9266
 74.9266
 74.9266
 74.9266
 74.9266
 74.9266
 74.9266
 74.9266
 74.9266
 74.9266
 74.9266
 74.9266
 74.9266
 74.9266
 74.9266
 74.9266
 74.9266
 74.9266
 74.9266
 74.9266
 74.9266
 74.9266
 74.9266
 74.9266
 74.9266
 74.9266
 74.9266
 74.9266
 74.9266
 74.9266
 74.9266
 74.9266
 74.9266
 74.9266
 74.9266
 74.9266
 74.9266
 74.9266
 74.9266
 74.9266
 74.9266
 74.9266
 74.9266
 74.9266
 74.9266
 74.9266
 74.9266
 74.9266
 74.9266
 74.9266
 74.9266
 74.9266
 74.9266
