 54.1572
 0
 0
 27.074
 27.0185
 26.1916
 26.4386
 52.3832
 28.0179
 55.5698
 32.2335
 35.0428
 48.7647
 35.2987
 38.2623
 47.7703
 45.299
 39.8372
 46.076
 37.9473
 83.6839
 40.8412
 42.2019
 43.7379
 44.6878
 45.7821
 45.3431
 46.7119
 48.6724
 37.1214
 59.7327
 48.7852
 36.2767
 55.3895
 45
 54.7266
 47.4236
 42.5088
 42.4971
 79.7998
 62.9285
 41.6653
 42.5441
 25.7099
 42.8019
 43.0233
 42.5911
 28.4605
 41.5452
 40.1746
 39.9124
 29.3598
 40.2865
 40.1373
 36.3318
 39.5601
 39.7492
 52.2972
 89.822
 89.822
 89.822
 89.822
 89.822
 89.822
 89.822
 93.3809
 93.3809
 92.6337
 92.6337
 92.6337
 92.6337
 89.666
 75.9276
 35.6511
 37.2559
 37.4433
 37.4433
 36.7967
 36.1939
 36.0832
 35.1141
 35.8748
 35.5246
 35.4824
 76.6681
 37.9605
 34.6554
 33.7194
 32.8786
 32.5423
 32.1403
 80.604
 41.7971
 30.9677
 31.1929
 31.209
 29.9833
 30.3974
 30.3974
 28.8097
 28.8097
 45.7493
 27.0555
 69.6778
 45.9456
 26.0768
 26.0768
 69.3109
 106.686
 106.686
 106.686
 106.686
 106.686
 98.27
 98.27
 59.5483
 34
 34
 34.8138
 34.3511
 33.7787
 61.4329
 99.363
 99.363
 99.363
 99.363
 104.278
 104.278
 85.1763
 85.1763
 85.1763
 85.1763
 86.6199
 60.7618
 26.4575
 27.4773
 27.8927
 29.0345
 27.313
 27.5318
 27.5318
 28.7924
 30.5941
 30.5941
 30.0333
 42.6966
 29.8831
 31.9844
 30.5941
 32.0312
 30.5287
 30.5287
 41.7493
 32.8634
 77.1686
 66.8805
 32.0156
 32.0156
 64.7457
 33.7639
 40.4599
 40.4599
 38.1838
 62.1852
 34.3074
 34.3074
 34.3074
 35.8887
 41.7373
 36.4692
 26.5707
 26.5707
 37.6431
 37.6431
 37.47
 37.47
 39.598
 75.0467
 39.5474
 38.9615
 41.9404
 41.9404
 70.9084
 46.9255
 48.2597
 81.0802
 49.8999
 52.9434
 51.9038
 53.535
 53.535
 53.535
 56.6833
 60.1831
 24.1039
 61.8708
 64.0156
 66.4605
 67.4907
 67.4907
 71.2461
 71.2461
 73.9594
 78.0641
 78.0449
 40.0874
 7.48331
 46.0326
 46.0326
 46.0326
 39.4968
 19.0788
 1.73205
 19.8746
 19.8746
 19.8746
 28.8964
 4.24264
 13.0767
 17.4069
 28.2312
 11.7047
 1
 1
 1
 1
 14.3527
 26.6083
 26.6083
 26.6083
 26.6083
 19.6977
 19.6977
 8.544
 0
 0
 0
 0
 0
 0
 0
 0
 0
 0
 4.89898
 4.89898
 4.89898
 4.89898
 4.89898
 2.64575
 2.64575
 0
 0
 0
 0
 0
 0
 0
 0
 0
 0
 0
 0
 0
 0
 0
 0
 0
 0
 0
 0
 0
 0
 0
 0
 0
 0
 0
 0
 0
 7.48331
 0
 8.42615
 0
 0
 0
 8.12404
 8.12404
 7.74597
 0
 0
 0
 0
 0
 0
 0
 0
 0
 0
 0
 0
 0
 0
 0
 0
 0
 0
 0
 0
 0
 0
 0
 9.59166
 0
 0
 0
 0
 0
 10.198
 0
 10.4881
 0
 10.6301
 0
 0
 0
 0
 0
 0
 0
 0
 0
 0
 0
 0
 0
 0
 0
 0
 0
 0
 0
 0
 0
 0
 0
 0
 0
 0
 0
 0
 0
 0
 0
 0
 0
 0
 0
 0
 0
 0
 0
 0
 0
 0
 0
 0
 0
 0
 0
 0
 0
 0
 0
 0
 0
 0
 0
 0
 0
 0
 0
 0
 0
 0
 0
 0
 0
 0
 0
 0
 0
 0
 0
 0
 0
 0
 0
 0
 0
 0
 0
 0
 0
 0
 0
 0
 0
 0
 0
 0
 0
 0
 0
 0
 0
 0
 0
 0
 0
 0
 0
 0
 0
 0
 0
 0
 0
 0
 0
 0
 0
 0
 0
 0
 0
 0
 0
 0
 0
 0
 0
 0
 0
 0
 0
 0
 0
 0
 0
 0
 0
 0
 0
 0
 0
 0
 0
 0
 0
 0
 0
 0
 0
 0
 0
 0
 0
 0
 0
 0
 0
 0
 0
 0
 0
 0
 0
 0
 0
 0
 0
 0
 0
 0
 0
 0
 0
 0
 0
 0
 0
 0
 0
 0
 0
 0
 0
 0
 0
 0
 0
 0
 0
 0
 0
 0
 0
 0
 0
 0
 0
 0
 0
 0
 0
 0
 0
 0
 0
 0
 0
 0
 0
 0
 0
 0
 0
 0
 0
 0
 0
 0
 0
 0
 0
 0
 0
 0
 0
 0
 0
 0
 0
 0
 0
 0
 0
 0
 0
 0
 0
 0
 0
 0
 0
 0
 0
 0
 0
 0
 0
 0
 0
 0
 0
 0
 0
 0
 0
 0
 0
 0
 0
 0
 0
 0
 0
 0
 0
 0
 0
 0
 0
 0
 0
 0
 0
 0
 0
 0
 0
 0
 1
 0
 1
 22.9783
 26.1916
 26.4386
 29.0345
 28.0179
 29.1548
 32.2335
 35.0428
 32.8481
 35.2987
 38.2623
 34.5832
 37.5233
 39.8372
 38.5746
 37.9473
 21.4476
 40.8412
 41.6773
 42
 44.6878
 45.7821
 25.632
 46.7119
 48.6724
 45.5082
 24.5153
 48.7852
 50.04
 49.5278
 45
 47.7703
 47.4236
 53.066
 21.6333
 40.4228
 42.4735
 41.6653
 42.5441
 40.9023
 42.8019
 43.0233
 42.5911
 38.1707
 41.5452
 40.1746
 39.9124
 40.4228
 40.2865
 40.1373
 36.3318
 39.5601
 39.7492
 39.2301
 40.0999
 39.7115
 38.8587
 38.833
 38.3406
 38.1182
 38.2099
 37.4433
 36.5513
 40.1995
 35.609
 35.8469
 34.9428
 35.0999
 35.9861
 35.6511
 41.3763
 37.4433
 36.2629
 36.4966
 36.1939
 36.0832
 35.1141
 35.8748
 35.5246
 35.4824
 34.6987
 34.8855
 34.6554
 33.7194
 32.8786
 32.5423
 32.1403
 31.749
 31.5595
 30.9677
 31.1929
 31.209
 29.9833
 30.3974
 29.7993
 28.8097
 27.7849
 27.4226
 27.0555
 27.0924
 27.1293
 26.0768
 25.2785
 24.7184
 24.1039
 24.1039
 24.8797
 27.7489
 30.7571
 32.8024
 32.7261
 33.4365
 34
 35.5949
 34.8138
 34.3511
 34
 33.0757
 32.3574
 31.749
 29.8831
 31.4166
 28.6531
 27.6948
 27.55
 26.4764
 27.074
 26.5707
 26.2679
 29.0172
 26.4575
 27.4773
 27.8927
 29.0345
 27.313
 27.5318
 28.0891
 28.7924
 30.5941
 31.225
 30.0333
 29.4788
 29.8831
 31.9844
 30.5941
 32.0312
 30.5287
 31.5436
 31.7175
 32.8634
 31.7175
 31.7805
 32.0156
 32.1248
 33.3916
 33.7639
 34.3948
 35.2987
 38.1838
 38.0789
 39.5095
 36.428
 36.2077
 35.8887
 36.2215
 36.4692
 36
 37.8814
 37.6431
 37.6431
 37.47
 37.1483
 39.598
 40.4722
 39.5474
 38.9615
 41.9404
 42.107
 45.1996
 46.9255
 48.2597
 48.6004
 49.8999
 52.9434
 51.9038
 53.535
 55.8749
 57.4456
 56.6833
 60.1831
 62.0967
 61.8708
 64.0156
 66.4605
 67.4907
 72.4017
 71.2461
 73.7021
 73.9594
 78.0641
 78.0449
 80.5171
 84.4334
 85.3815
 88.6172
 89.4092
 90.8075
 94.1754
 99.0353
 98.5698
 100.175
 104.178
 101.818
 104.709
 103.865
 103.441
 104.283
 104.733
 101.143
 104.824
 105.631
 106.701
 106.949
 107.476
 107.685
 107.345
 108.467
 105.266
 111.149
 112.597
 112.597
 112.597
 112.597
 112.597
 112.597
 112.597
 112.597
 112.597
 112.597
 112.597
 125.495
 128.109
 128.109
 125.603
 131.571
 131.168
 132.019
 132.019
 132.019
 132.019
 132.019
 132.019
 132.019
 132.019
 132.019
 132.019
 132.019
 132.019
 132.019
 132.019
 132.019
 132.019
 132.019
 132.019
 132.019
 132.019
 132.019
 132.019
 132.019
 132.019
 132.019
 132.019
 132.019
 132.019
 132.019
 132.019
 132.019
 132.019
 132.019
 132.019
 132.019
 132.019
 132.019
 132.019
 132.019
 132.019
 132.019
 132.019
 132.019
 132.019
 132.019
 132.019
 132.019
 132.019
 132.019
 132.019
 132.019
 132.019
 132.019
 132.019
 132.019
 132.019
 132.019
 132.019
 132.019
 132.019
 132.019
 132.019
 132.019
 132.019
 132.019
 132.019
 132.019
 132.019
 132.019
 132.019
 132.019
 132.019
 132.019
 132.019
 132.019
 132.019
 132.019
 132.019
 132.019
 132.019
 132.019
 132.019
 132.019
 132.019
 132.019
 132.019
 132.019
 132.019
 132.019
 132.019
 132.019
 132.019
 132.019
 132.019
 132.019
 132.019
 132.019
 132.019
 132.019
 132.019
 132.019
 132.019
 132.019
 132.019
 132.019
 132.019
 132.019
 132.019
 132.019
 132.019
 132.019
 132.019
 132.019
 132.019
 132.019
 132.019
 132.019
 132.019
 132.019
 132.019
 132.019
 132.019
 132.019
 132.019
 132.019
 132.019
 132.019
 132.019
 132.019
 132.019
 132.019
 132.019
 132.019
 132.019
 132.019
 132.019
 132.019
 132.019
 132.019
 132.019
 132.019
 132.019
 132.019
 132.019
