 80.1998
 0
 0
 0
 0
 44.7214
 42.4853
 44.587
 77.5564
 29.1548
 70.4557
 81.2404
 74.8465
 68.7823
 62.3939
 58.258
 46.1952
 83.6242
 43.5431
 71.5681
 98.2446
 82.6075
 57.9224
 42
 83.6301
 96.312
 96.312
 98.7066
 65.9318
 54.6809
 64.6142
 97.9745
 97.9745
 62.466
 90.471
 76.7007
 48.7647
 97.6166
 62.6418
 99.975
 79.7496
 64.195
 62.7853
 44.238
 92.8278
 49.8498
 91.4604
 91.4604
 41.5452
 52.6593
 39.9124
 47.7598
 93.9574
 93.9574
 93.9574
 84.5518
 39.7492
 68.2642
 100.792
 100.792
 100.792
 100.792
 61.0901
 98.2548
 65.0461
 106.174
 80.4052
 103.697
 78.4666
 92.5257
 62.153
 78.1601
 84.7644
 110.372
 84.006
 60.5805
 80.3119
 46.6583
 85.047
 114.307
 85.8021
 78.4347
 35.5246
 35.4824
 35.4824
 42.5441
 78.339
 115.122
 75.4586
 32.5423
 32.1403
 32.1403
 53.5164
 84.7939
 118.097
 71.9931
 29.9833
 30.3974
 30.3974
 30.3974
 30.3974
 55.7584
 27.0555
 76.6942
 66.2722
 87.8237
 116.919
 116.919
 108.55
 108.55
 74
 59.0169
 30.7571
 32.8024
 55.0364
 64.5136
 97.9234
 98.9899
 98.9899
 103.189
 60.05
 79.7183
 127.012
 101.158
 58.6856
 31.4166
 28.6531
 27.6948
 27.6948
 27.6948
 27.6948
 63.7103
 93.4024
 65.169
 68.0515
 68.0515
 27.8927
 29.0345
 63.8671
 112.637
 97.0258
 88.572
 88.572
 105.627
 88.955
 51
 51
 31.9844
 30.5941
 30.5941
 30.5941
 30.5941
 54.1202
 54.1202
 83.8689
 77.7625
 47.8435
 47.8435
 70.1926
 33.7639
 58.532
 93.6216
 85.8604
 64.2806
 59.439
 36.428
 36.428
 36.428
 48.4458
 85.1234
 85.1234
 37.8814
 37.8814
 37.8814
 80.8332
 98.3463
 66.3099
 85.6037
 94.3875
 113.402
 113.402
 93.3006
 77.0519
 83.4865
 53.4416
 48.6004
 73.328
 55.9106
 51.9038
 53.535
 55.8749
 57.4456
 81.2158
 66.2722
 48.9796
 90.3327
 64.0156
 68.0955
 71.2952
 29.0689
 29.0689
 73.7021
 73.9594
 78.0641
 52.4309
 46.8722
 24.7992
 59.6406
 59.6406
 89.4092
 45.9565
 24.1868
 10.2956
 26.6458
 26.6458
 26.6458
 35.3977
 9.94987
 19.6977
 31.3209
 48.7237
 35.0286
 24.0416
 45.7384
 45.7384
 45.7384
 36.8646
 48.1456
 48.5901
 15.7797
 15.7797
 15.7797
 47.0425
 13.7477
 0
 0
 0
 0
 0
 0
 0
 0
 0
 0
 12
 9.94987
 9.94987
 9.94987
 9.94987
 22.9347
 26.7021
 26.7021
 26.7021
 0
 0
 0
 0
 0
 0
 0
 9.27362
 5
 0
 0
 0
 0
 0
 0
 5.56776
 3.4641
 3.4641
 3.4641
 3.4641
 3.4641
 5.19615
 3
 3.4641
 3.4641
 3.4641
 3.4641
 4.58258
 2.82843
 0
 0
 0
 0
 0
 0
 0
 0
 5.2915
 5.2915
 5.2915
 5.2915
 5.2915
 5.2915
 5.09902
 3
 3.87298
 3.60555
 3.60555
 3.60555
 3.60555
 3.60555
 5.38516
 3.16228
 6.08276
 6.08276
 6.08276
 6.08276
 6.08276
 3.74166
 5.65685
 3.31662
 3.31662
 3.31662
 3.31662
 3.31662
 6
 3.31662
 4.3589
 4.3589
 4.3589
 4.3589
 4.3589
 3.74166
 3.74166
 3.74166
 3.74166
 3.74166
 3.74166
 3.74166
 3.74166
 3.74166
 3.74166
 3.74166
 3.74166
 3.74166
 3.74166
 3.74166
 3.74166
 3.74166
 4.47214
 4.3589
 4.3589
 4.3589
 4.3589
 4.3589
 4.3589
 0
 0
 0
 0
 0
 0
 0
 0
 0
 0
 0
 0
 0
 0
 0
 0
 0
 0
 0
 0
 0
 4.24264
 4
 0
 0
 0
 0
 0
 0
 0
 0
 0
 0
 0
 0
 0
 0
 0
 0
 0
 5
 7.4162
 7.4162
 7.4162
 7.4162
 7.4162
 7.4162
 0
 0
 0
 0
 0
 0
 0
 0
 0
 0
 0
 0
 0
 0
 0
 0
 6.63325
 6.63325
 6.63325
 6.63325
 6.63325
 6.63325
 6.63325
 6.63325
 6.63325
 6.63325
 6.63325
 6.63325
 6.63325
 6.63325
 0
 0
 0
 0
 0
 0
 0
 0
 4.89898
 2.82843
 2.82843
 2.82843
 0
 0
 0
 0
 0
 0
 0
 0
 3.60555
 2
 2.44949
 2.44949
 2.44949
 2.44949
 2.44949
 2.44949
 2
 2
 2
 2
 1.73205
 1.41421
 0
 0
 0
 0
 0
 0
 0
 0
 0
 0
 0
 0
 0
 0
 0
 1
 1
 1
 1
 1
 0
 0
 0
 0
 0
 0
 0
 0
 0
 0
 0
 0
 0
 0
 0
 0
 0
 0
 0
 0
 0
 0
 1.41421
 1.41421
 0
 0
 0
 0
 0
 0
 0
 0
 0
 0
 0
 0
 0
 0
 0
 0
 0
 0
 0
 0
 0
 0
 0
 0
 0
 0
 0
 0
 0
 0
 0
 0
 0
 0
 0
 0
 0
 0
 0
 0
 0
 0
 0
 0
 1
 1
 1
 1
 0
 0
 0
 0
 0
 0
 0
 0
 0
 0
 0
 0
 0
 0
 0
 0
 0
 0
 0
 0
 0
 0
 0
 0
 0
 0
 0
 0
 0
 0
 0
 0
 0
 0
 0
 0
 0
 0
 0
 0
 0
 0
 0
 0
 0
 0
 0
 0
 0
 0
 0
 0
 2.64575
 2.64575
 0
 0
 0
 0
 0
 0
 0
 0
 0
 0
 0
 0
 0
 0
 0
 0
 0
 1
 0
 0
 0
 0
 0
 0
 0
 0
 0
 0
 0
 0
 0
 0
 0
 0
 0
 0
 0
 0
 0
 0
 0
 0
 0
 0
 0
 0
 0
 0
 0
 0
 0
 0
 0
 0
 0
 0
 0
 0
 0
 0
 0
 0
 0
 0
 0
 0
 0
 0
 0
 0
 0
 0
 0
 0
 0
 0
 0
 0
 0
 0
 0
 0
 0
 0
 0
 0
 0
 0
 0
 0
 0
 0
 0
 0
 0
 0
 0
 0
 1
 1
 1
 0
 0
 0
 1
 1
 0
 0
 0
 0
 0
 0
 0
 0
 0
 0
 0
 0
 0
 0
 0
 0
 0
 0
 0
 0
 0
 0
 0
 1
 0
 0
 0
 0
 0
 0
 0
 0
 0
 0
 0
 0
 0
 0
 0
 0
 0
 0
 0
 0
 0
 0
 0
 0
 0
 0
 0
 0
 0
 0
 0
 0
 0
 0
 0
 20.9045
 1
 0
 0
 0
 0
 0
 0
 0
 0
 0
 0
 0
 0
 0
 0
 0
 0
 0
 0
 0
 0
 0
 0
 0
 0
 0
 0
 0
 0
 1
 0
 0
 0
 1
 0
 0
 1.41421
 0
 0
 0
 0
 1
 1
 1
 0
 0
 0
 0
 0
 0
 0
 0
 0
 0
 0
 0
 0
 0
 0
 0
 1
 0
 0
 0
 1
 0
 0
 0
 0
 1
 1
 1
 0
 0
 0
 1
 1
 1
 1
 1
 1
 1
 1
 1
 1
 1
 1
 1
 1
 1
 0
 0
 0
 1
 1
 1
 1
 0
 0
 0
 2.23607
 0
 0
 0
 0
 0
 0
 1
 1
 1
 2.23607
 2.23607
 2.23607
 0
 0
 0
 1
 0
 0
 1
 0
 0
 2
 2
 2
 1
 0
 1
 2
 2
 0
 0
 0
 0
 1.41421
 0
 0
 0
 0
 1
 1
 1
 1
 1
 0
 0
 0
 0
 0
 0
 0
 0
 0
 0
 0
 0
 0
 0
 1
 1
 1
 0
 0
 0
 0
 0
 0
 0
 0
 0
 0
 0
 0
 0
 0
 1
 3.31662
 0
 0
 0
 0
 0
 0
 0
 0
 0
 0
 0
 0
 0
 0
 0
 1
 1
 0
 0
 0
 0
 0
 1
 0
 0
 0
 1
 1
 0
 0
 0
 0
 0
 1
 1
 0
 1
