 29.3598
 31.7805
 31.7805
 31.7805
 31.7805
 31.7805
 31.7805
 31.7805
 31.7805
 31.7805
 31.7805
 31.7805
 31.7805
 31.7805
 31.7805
 31.7805
 31.7805
 31.7805
 31.7805
 31.7805
 31.7805
 31.7805
 31.7805
 31.7805
 31.7805
 31.7805
 31.7805
 31.7805
 31.7805
 80.5978
 104.58
 115.568
 84.1071
 98.2039
 119.587
 111.342
 89.56
 128.219
 97.2265
 133.873
 111.66
 104.024
 99.8949
 78.3135
 78.3135
 94.9157
 130.161
 81.2711
 108.977
 97.6678
 116.473
 79.1012
 79.1012
 40.1373
 66.3928
 66.3928
 80.1623
 96.0104
 128.953
 128.953
 128.953
 128.953
 87.2468
 125.431
 96.7574
 125.936
 125.936
 125.204
 106.644
 127.914
 96.7678
 57
 57
 57
 98.8484
 97.9541
 60.7783
 98.6458
 120.897
 135.949
 104.551
 58.515
 35.5246
 13.2288
 13.2288
 13.2288
 13.2288
 13.2288
 55.7136
 32.5423
 9.38083
 9.38083
 9.38083
 9.38083
 9.38083
 52.0288
 29.9833
 7.93725
 7.93725
 7.93725
 7.93725
 7.93725
 48.4665
 48.4665
 48.4665
 48.4665
 48.4665
 47.2123
 47.2123
 47.2123
 47.2123
 47.2123
 53.3854
 32.8024
 32.8024
 32.8024
 32.8024
 32.8024
 55.7494
 55.7494
 87.9716
 100.389
 132.306
 138.467
 98.051
 117.712
 146.867
 146.867
 138.759
 112.392
 141.007
 109.608
 136.114
 115.871
 112.054
 140.26
 140.26
 140.26
 111.839
 152.581
 126.519
 122.711
 122.711
 141.559
 127.487
 108.083
 157.318
 157.318
 157.318
 129.507
 158.142
 122.76
 103.019
 103.019
 122.18
 126.016
 95.6295
 144.655
 115.434
 131.856
 85.2467
 85.2467
 133.379
 109.481
 107.205
 107.205
 130.108
 138.08
 89.3476
 103.586
 73.6953
 37.8814
 37.8814
 37.8814
 37.8814
 54.9454
 93.4131
 136.264
 109.215
 127.687
 95.7967
 51.1566
 51.1566
 51.1566
 100.871
 119.331
 111.194
 101.054
 108.028
 128.351
 128.351
 128.351
 117.584
 109.192
 98.6103
 128.207
 128.207
 104.537
 95.1315
 88.3855
 124.024
 124.024
 124.024
 124.024
 95.0631
 86.2438
 73.253
 108.596
 71.4283
 89.4092
 95.1525
 70.4982
 51.6914
 79.2906
 80.399
 104.178
 74.1552
 44.0227
 59.4222
 79.9062
 68.5493
 54.4151
 66.5883
 85.6738
 105.631
 75.0467
 74.7128
 72.7324
 86.1684
 56.4092
 74.081
 86.2264
 64.3972
 61.9677
 61.9677
 61.9677
 61.9677
 61.9677
 61.9677
 61.9677
 61.9677
 61.9677
 61.9677
 61.9677
 51.6527
 58.6174
 64.7302
 65.9924
 60.1249
 64.195
 68.6367
 68.6367
 68.6367
 68.6367
 68.6367
 68.6367
 68.6367
 68.6367
 60.0083
 60.0083
 60.0083
 60.0083
 60.0083
 60.0083
 53.6377
 53.6377
 53.6377
 53.6377
 53.6377
 53.6377
 53.6377
 53.6377
 53.6377
 47.2229
 47.2229
 0
 0
 0
 0
 0
 0
 0
 8.42615
 8.42615
 8.42615
 8.42615
 8.42615
 38.0132
 7.74597
 7.74597
 7.74597
 7.74597
 7.74597
 7.74597
 7.74597
 0
 0
 0
 0
 0
 0
 0
 0
 0
 0
 0
 0
 0
 0
 0
 0
 0
 9.59166
 9.59166
 9.59166
 9.59166
 9.59166
 9.59166
 10.198
 0
 0
 0
 0
 0
 0
 0
 0
 0
 0
 0
 0
 0
 0
 0
 46.5296
 46.5296
 46.5296
 46.5296
 38.7685
 38.7685
 38.7685
 0
 0
 0
 0
 34.176
 34.176
 34.176
 34.176
 0
 0
 0
 0
 0
 0
 0
 0
 0
 0
 0
 0
 0
 0
 0
 0
 0
 0
 0
 0
 0
 0
 0
 0
 0
 0
 0
 0
 0
 0
 0
 0
 0
 0
 0
 0
 0
 0
 0
 0
 0
 0
 0
 0
 0
 0
 0
 0
 0
 0
 0
 0
 0
 0
 45.9565
 45.9565
 45.9565
 45.9565
 45.5961
 45.5961
 45.5961
 0
 0
 0
 0
 0
 0
 0
 0
 0
 0
 0
 0
 0
 0
 0
 0
 0
 0
 0
 0
 0
 0
 0
 0
 0
 0
 0
 0
 0
 0
 0
 0
 0
 0
 0
 0
 0
 0
 0
 0
 0
 0
 0
 0
 0
 0
 0
 0
 0
 0
 0
 0
 0
 0
 0
 0
 0
 0
 0
 0
 0
 0
 0
 0
 0
 0
 0
 0
 0
 0
 0
 0
 0
 0
 0
 0
 0
 0
 0
 0
 0
 0
 0
 0
 0
 0
 0
 0
 0
 0
 0
 0
 0
 0
 0
 0
 0
 0
 0
 0
 0
 0
 0
 0
 0
 0
 0
 0
 0
 0
 0
 0
 0
 0
 0
 0
 0
 0
 0
 0
 0
 0
 0
 0
 0
 0
 0
 0
 0
 0
 0
 0
 0
 0
 0
 0
 0
 47.3181
 0
 0
 0
 0
 0
 0
 0
 0
 0
 0
 0
 0
 0
 0
 0
 0
 0
 0
 0
 0
 0
 0
 0
 0
 0
 0
 0
 0
 0
 0
 0
 0
 0
 0
 0
 0
 0
 0
 0
 0
 0
 0
 0
 0
 0
 0
 0
 0
 0
 0
 0
 0
 0
 0
 0
 0
 0
 0
 0
 0
 0
 0
 0
 0
 0
 0
 40.6448
 40.6448
 40.6448
 87.9943
 45.3431
 83.5823
 83.5823
 80.5357
 37.2961
 37.2961
 37.2961
 63.9766
 95.9375
 117.639
 117.639
 110.023
 110.023
 108.023
 86.1626
 115.732
 115.732
 66.5582
 66.5582
 107.406
 65.9848
 74.4849
 117.877
 114.372
 80.3243
 72.5603
 118.309
 118.309
 105.66
 86.9885
 129.329
 129.329
 95.9271
 95.1525
 138.036
 138.036
 99.1514
 111.508
 145.623
 146.632
 106.391
 100.125
 100.125
 81.0679
 81.0679
 101.079
 101.079
 77.3757
 111.602
 134.603
 95.9062
 126.902
 120.271
 149.92
 126.262
 93.5575
 128.398
 119.013
 83.9821
 126.222
 122.845
 91.4385
 116.889
 98.7117
 138.495
 108.908
 106.565
 145.506
 128.152
 153.349
 111.373
 111.373
 158.256
 124.928
 111.875
 145.441
 145.441
 114.56
 90.482
 90.482
 125.096
 92.0435
 133.27
 141.45
 94.1382
 94.1382
 134.447
 133.207
 134.28
 93.7123
 131.522
 128.891
 96.1509
 128.697
 139.828
 103.267
 117.256
 112.165
 152.404
 152.404
 119.273
 120.379
 161.431
 118.731
 118.731
 138.618
 121.008
 165.804
 122.976
 160.078
 160.078
 128.542
 145.427
 97.7906
 133.783
 138.38
 121.375
 140.574
 163.365
 144.61
 95.901
 145.258
 101.73
 137.128
 145.279
 138.791
 108.319
 124.008
 152.007
 114.721
 118.853
 117.962
 158.821
 161.199
 119.695
 141.39
 159.678
 114.32
 114.32
 158.092
 119.21
 101.139
 148.219
 130.916
 94.5251
 94.5251
 136.426
 139.825
 118.004
 163.484
 145.695
 145.695
 146.55
 137.619
 104.01
 104.01
 117.605
 105.176
 134.257
 118.229
 138.802
 107.801
 114.083
 113.406
 147.391
 147.391
 114.634
 150.496
 150.496
 129.058
 107.387
 148.919
 148.919
 144.17
 102.806
 86.4581
 135.949
 105.726
 81.8535
 116.782
 113.018
 91.7932
 101.168
 89.4092
 113.587
 66.6558
 66.6558
 112.818
 114.022
 94.6044
 74.1485
 80.7341
 103.865
 105.005
 104.283
 82.553
 123.697
 86.3192
 92.3147
 127.519
 127.519
 134.045
 112.903
 132.329
 132.329
 97.2728
 124.664
 89.0674
 89.0674
 89.0674
 89.0674
 89.0674
 89.0674
 89.0674
 89.0674
 89.0674
 89.0674
 89.0674
 109.75
 128.109
 124.218
 103.146
 107.555
 76.138
 99.6042
 99.6042
 99.6042
 99.6042
 99.6042
 99.6042
 99.6042
 99.6042
 148.388
 147.797
 147.797
 146.554
 176.649
 165.061
 129.159
 129.159
 122.09
 153.805
 153.805
 153.805
 153.805
 153.805
 153.805
 191.178
 191.178
 191.178
 219.474
 219.474
 219.474
 219.474
 220.425
 184.51
 158.041
 158.041
 158.041
 167.94
 147.943
 147.943
 147.943
 147.943
 165.572
 165.572
 165.572
 180.008
 180.008
 180.008
 180.008
 185.027
 198.091
 154.932
 154.932
 129.379
 176.992
 176.992
 176.992
 199.805
 199.805
 199.805
 221.303
 221.303
 235.145
 218.357
 255.65
 255.65
 275.343
 275.343
 275.343
 272.459
 272.459
 254.096
 246.737
 231.922
 226.592
 218.749
 240.811
 240.811
 240.811
 240.811
 256.554
 256.554
 256.554
 268.756
 268.756
 247.59
 247.271
 247.271
 248.873
 255.21
 255.21
 278.221
 278.221
 278.221
 284.654
 284.654
 284.654
 253.563
 253.563
 238.973
 258.306
 258.306
 247.609
 256.525
 246.362
 259.948
 267.077
 267.077
 251.012
 251.012
 285.209
 285.209
 285.209
 285.48
 285.48
 285.48
 275.699
 275.699
 275.699
 275.699
 275.699
 275.699
 275.699
 235.684
 235.684
 235.684
 235.684
 260.273
 260.273
 260.273
 250.214
 250.214
 286.864
 269.316
 297.278
 268.151
 268.151
 268.151
 306.425
 274.554
 274.554
 274.554
 292.71
 292.71
 272.195
 272.195
