 29.3598
 31.7805
 31.7805
 79.6367
 79.2149
 75.5844
 75.9276
 73.8173
 89.4818
 68.8694
 66.1287
 81.8963
 67.7422
 84.664
 81.6517
 69.455
 67.5426
 80.181
 68.1396
 79.4921
 98.3667
 76.87
 62.466
 61.2209
 75.8617
 94.186
 57.9396
 91.5533
 72.7118
 57.0263
 79.5299
 92.6175
 56.1338
 74.8799
 95.4254
 75.1665
 57.8533
 95.7706
 63.8279
 100.712
 80.6722
 85.9128
 66.7907
 41.3763
 41.3763
 71.0493
 103.966
 103.966
 85.3698
 72.3049
 86.325
 52.9339
 52.9339
 40.1373
 82.7164
 86.5852
 52.4404
 71.6519
 105.825
 105.825
 105.825
 82.1766
 53.0848
 92.4121
 74.6659
 108.471
 77.8524
 109.836
 77.0389
 95.2208
 57.8705
 75.9605
 97.6678
 114.525
 78.5048
 58.1893
 76.2365
 59.9917
 96.9484
 111.589
 78.5303
 75.06
 35.5246
 41.845
 41.845
 65.3605
 80.5605
 113.745
 73.7699
 32.5423
 36.9594
 36.9594
 65.1153
 83.8212
 115.542
 70.2709
 29.9833
 33.8231
 33.8231
 33.8231
 33.8231
 68.2495
 65.7039
 93.3756
 68.4324
 107.266
 123.927
 123.927
 126.618
 109.206
 94.8103
 68.0588
 67.7348
 32.8024
 62.3618
 85.0529
 98.5596
 114.258
 71.3232
 97.2934
 62.2254
 82.0488
 114.543
 103.112
 65.8863
 86.0407
 118.617
 118.617
 108.582
 90.813
 120.926
 120.926
 108.701
 89.6939
 70.2282
 119.883
 119.883
 119.883
 119.883
 120.05
 106.79
 89.9277
 60.9098
 104.661
 89.3252
 70.406
 117.588
 117.588
 117.588
 88.9438
 117.89
 105.849
 70
 117.184
 103.995
 91.3291
 68.7023
 117.627
 90.3216
 102.122
 62.2093
 62.2093
 99.4485
 86.5621
 60.8112
 36.428
 36.428
 36.428
 66.0908
 86.3771
 49.97
 37.8814
 37.8814
 37.8814
 37.8814
 87.5957
 66.1362
 100.015
 86.885
 111.405
 65.1844
 84.7762
 96.1977
 81.7068
 60.7947
 98.5748
 88.8144
 56.8507
 74.5587
 95.8541
 55.8749
 57.4456
 82.5409
 71.2039
 51.7977
 88.0738
 64.0156
 63.206
 74.3102
 45.2327
 80.3866
 73.7021
 73.9594
 99.101
 58.6345
 63.1269
 37.5233
 67.4463
 105.186
 89.4092
 65.1153
 48.3425
 26.1916
 48.0208
 48.0208
 48.0208
 55.2087
 18.2757
 41.0731
 44.8219
 50.1398
 36.3456
 26.2869
 42.8252
 42.8252
 42.8252
 38.0263
 49.2544
 44.5982
 27.3313
 27.3313
 47
 46.2277
 33.9264
 0
 0
 0
 0
 0
 0
 0
 0
 0
 0
 30.9677
 15.843
 29.8161
 32.8634
 32.8634
 25.1197
 26.3818
 26.3818
 26.3818
 0
 0
 0
 0
 0
 0
 0
 0
 5
 5
 5
 5
 5
 5
 5
 5.56776
 5.56776
 5.56776
 5.56776
 5.56776
 5.56776
 5.56776
 3
 3
 3
 3
 3
 3
 2.82843
 0
 0
 0
 0
 0
 0
 0
 0
 0
 0
 0
 0
 0
 0
 5.09902
 3
 3
 3
 3
 3
 3
 3
 5.38516
 3.16228
 3.16228
 3.16228
 3.16228
 3.16228
 3.16228
 3.74166
 5.65685
 5.65685
 5.65685
 5.65685
 5.65685
 5.65685
 6
 3.31662
 3.31662
 3.31662
 3.31662
 3.31662
 3.31662
 3.74166
 3.74166
 3.74166
 3.74166
 3.74166
 3.74166
 3.74166
 3.74166
 3.74166
 3.74166
 3.74166
 3.74166
 3.74166
 3.74166
 3.74166
 3.74166
 3.74166
 4.47214
 4.47214
 4.47214
 4.47214
 4.47214
 4.47214
 4.47214
 0
 0
 0
 0
 0
 0
 0
 0
 0
 0
 0
 0
 0
 0
 0
 0
 0
 0
 0
 0
 0
 0
 0
 0
 0
 0
 0
 0
 0
 0
 0
 0
 0
 0
 0
 0
 0
 0
 0
 0
 5
 5
 5
 5
 5
 5
 5
 0
 0
 0
 0
 0
 0
 0
 0
 0
 0
 0
 0
 0
 0
 0
 0
 0
 0
 0
 0
 0
 0
 0
 0
 0
 0
 0
 0
 0
 0
 0
 0
 0
 0
 0
 0
 0
 0
 4.89898
 4.89898
 4.89898
 4.89898
 4.89898
 4.89898
 4.89898
 4.89898
 4.89898
 4.89898
 4.89898
 0
 3.60555
 3.60555
 3.60555
 3.60555
 3.60555
 3.60555
 3.60555
 3.60555
 3.60555
 3.60555
 3.60555
 3.60555
 3.60555
 3.60555
 3.60555
 3.60555
 3.60555
 3.60555
 3.60555
 3.60555
 0
 0
 0
 0
 0
 0
 0
 0
 0
 0
 0
 0
 0
 0
 0
 0
 0
 0
 0
 0
 0
 0
 0
 0
 0
 0
 0
 0
 0
 0
 0
 0
 0
 0
 0
 0
 0
 0
 0
 0
 0
 0
 0
 0
 0
 0
 0
 0
 0
 0
 0
 0
 0
 0
 0
 0
 0
 0
 0
 0
 0
 0
 0
 0
 0
 0
 0
 0
 0
 0
 0
 0
 0
 0
 0
 0
 0
 0
 0
 0
 0
 0
 0
 0
 0
 0
 0
 0
 0
 0
 0
 0
 0
 0
 0
 0
 0
 0
 0
 0
 0
 0
 0
 0
 0
 0
 0
 0
 0
 0
 0
 0
 0
 0
 0
 0
 0
 0
 0
 0
 0
 0
 0
 0
 0
 0
 0
 0
 0
 0
 0
 0
 0
 0
 0
 0
 0
 0
 0
 0
 0
 0
 0
 0
 0
 0
 0
 0
 0
 0
 0
 0
 0
 0
 0
 0
 0
 0
 0
 0
 0
 0
 0
 0
 0
 0
 0
 0
 0
 0
 0
 0
 0
 0
 0
 0
 0
 0
 0
 0
 0
 0
 0
 0
 0
 0
 0
 0
 0
 0
 0
 0
 0
 0
 0
 0
 0
 0
 0
 0
 0
 0
 0
 0
 0
 0
 0
 0
 0
 0
 0
 0
 0
 0
 0
 0
 0
 0
 0
 0
 0
 0
 0
 0
 0
 0
 0
 0
 0
 0
 0
 0
 0
 0
 0
 0
 0
 0
 0
 0
 0
 0
 0
 0
 0
 0
 0
 0
 0
 0
 0
 0
 0
 0
 0
 0
 0
 0
 0
 0
 0
 0
 0
 0
 0
 0
 0
 0
 0
 0
 0
 0
 0
 0
 0
 0
 0
 0
 0
 0
 0
 0
 0
 0
 0
 0
 0
 0
 0
 0
 0
 0
 0
 0
 0
 0
 0
 0
 0
 0
 0
 0
 0
 0
 0
 23.516
 23.516
 23.516
 0
 0
 0
 0
 0
 0
 0
 0
 0
 1
 0
 0
 0
 0
 0
 0
 0
 0
 0
 0
 0
 0
 0
 0
 0
 0
 0
 0
 0
 0
 0
 0
 0
 0
 0
 0
 0
 0
 0
 0
 0
 0
 0
 0
 0
 0
 0
 0
 0
 0
 0
 0
 0
 0
 0
 0
 0
 0
 0
 0
 0
 0
 0
 0
 0
 0
 0
 0
 0
 0
 0
 0
 0
 0
 0
 0
 0
 0
 0
 0
 0
 0
 0
 0
 0
 0
 0
 0
 0
 0
 0
 0
 1
 1
 1
 1
 0
 0
 0
 0
 0
 0
 0
 0
 0
 0
 0
 0
 0
 0
 0
 0
 0
 0
 0
 0
 0
 0
 0
 0
 0
 0
 0
 0
 0
 0
 0
 0
 0
 0
 0
 0
 0
 0
 0
 0
 0
 0
 0
 0
 0
 0
 0
 0
 0
 0
 0
 0
 0
 0
 0
 0
 0
 0
 0
 0
 0
 0
 0
 0
 0
 0
 0
 0
 0
 0
 0
 0
 0
 0
 0
 0
 0
 1
 1
 1
 0
 0
 0
 0
 0
 0
 0
 0
 0
 0
 0
 0
 0
 0
 0
 0
 0
 0
 0
 0
 0
 0
 0
 0
 0
 0
 0
 0
 0
 0
 0
 0
 0
 0
 0
 0
