 62.8092
 0
 0
 0
 0
 0
 48.9183
 51.6817
 78.1025
 65.582
 62.849
 70.2353
 61.6928
 72.3257
 65.8103
 61.0819
 53.4696
 79.3725
 49.4571
 74.9867
 87.5728
 71.8749
 54.6352
 46.5081
 73.089
 88.4647
 40.4475
 86.3597
 61.9516
 35.0999
 71.5751
 86.9368
 45.8258
 65.9924
 89.7998
 64.9153
 44.0681
 91.5587
 55.8301
 88.9494
 69.5845
 68.6804
 59.5903
 33.1662
 33.1662
 60.5888
 97.4012
 97.4012
 66.9701
 58.6174
 81.265
 42.3438
 42.3438
 40.1373
 36.3318
 83.1685
 83.1685
 62.426
 91.9239
 91.9239
 91.9239
 91.9239
 47.4868
 88.4081
 64.3894
 94.2709
 84.1606
 97.5807
 69.4766
 88.1363
 52.1153
 82.0914
 93.9468
 106.621
 74.5788
 49.5177
 81.6884
 55.5338
 84.7172
 104.082
 76.5637
 79.8185
 35.5246
 35.4824
 35.4824
 55.2992
 73.2257
 104.781
 76.844
 32.5423
 32.1403
 32.1403
 51.817
 77.2917
 106.86
 74.6927
 29.9833
 30.3974
 30.3974
 30.3974
 30.3974
 51.6914
 27.0555
 27.0555
 57.2276
 87.9886
 117.601
 117.601
 116.902
 94.7259
 78.5939
 55.9553
 30.7571
 32.8024
 51.4684
 70.0857
 90.7744
 100.514
 100.514
 91.7333
 53.0566
 72.5052
 111.503
 96.2133
 54.0093
 76.9285
 109.444
 109.444
 101.114
 86.4292
 111.772
 111.772
 99.222
 66.6783
 60.4897
 104.757
 104.757
 104.757
 58.7282
 108.213
 93.9255
 81.8718
 81.8718
 95.2103
 82.1401
 61.8789
 61.8789
 31.9844
 30.5941
 30.5941
 30.5941
 30.5941
 55.9821
 55.9821
 91.3947
 84.0476
 51.4393
 51.4393
 78.2113
 94.541
 47.1381
 47.1381
 91.1427
 74.135
 46.8081
 36.428
 36.428
 36.428
 55.4346
 73.8309
 37.7889
 37.8814
 37.8814
 37.8814
 79.2338
 101.814
 52.1824
 94.1701
 80.9691
 102.078
 102.078
 97
 85.4517
 73.1095
 50.8035
 80.4425
 76.6616
 43.9773
 64.9692
 76.7463
 76.7463
 57.4456
 68.942
 61.2127
 41.3642
 82.7345
 64.0156
 56.2672
 59.3801
 37.8814
 73.4983
 73.4983
 73.9594
 78.0641
 50.02
 51.9134
 23.2809
 62.2977
 62.2977
 89.4092
 54.5527
 34.4964
 4.58258
 30.7246
 30.7246
 30.7246
 43.0581
 3.74166
 27.4226
 36.4829
 36.524
 26.2488
 11.9583
 36.2353
 36.2353
 36.2353
 29
 37.6696
 37.3898
 6.16441
 6.16441
 39.6485
 33
 16.2788
 0
 0
 0
 0
 0
 0
 0
 0
 0
 0
 20.7123
 5.47723
 13.4536
 23.4094
 23.4094
 15.9687
 18.8414
 18.8414
 18.8414
 0
 0
 0
 0
 0
 0
 0
 9.27362
 5
 0
 0
 0
 0
 0
 0
 5.56776
 3.4641
 3.4641
 3.4641
 3.4641
 3.4641
 5.19615
 3
 3.4641
 3.4641
 3.4641
 3.4641
 3.4641
 2.82843
 0
 0
 0
 0
 0
 0
 0
 0
 5.2915
 5.2915
 5.2915
 5.2915
 5.2915
 5.2915
 5.09902
 3
 3.87298
 3.60555
 3.60555
 3.60555
 3.60555
 3.60555
 5.38516
 3.16228
 6.08276
 6.08276
 6.08276
 6.08276
 6.08276
 3.74166
 5.65685
 3.31662
 3.31662
 3.31662
 3.31662
 3.31662
 6
 3.31662
 4.3589
 4.3589
 4.3589
 4.3589
 4.3589
 3.74166
 3.74166
 3.74166
 3.74166
 3.74166
 3.74166
 3.74166
 3.74166
 3.74166
 3.74166
 3.74166
 3.74166
 3.74166
 3.74166
 3.74166
 3.74166
 3.74166
 4.47214
 4.3589
 4.3589
 4.3589
 4.3589
 4.3589
 4.3589
 0
 0
 0
 0
 0
 0
 0
 0
 0
 0
 0
 0
 0
 0
 0
 0
 0
 0
 0
 0
 0
 0
 0
 0
 0
 0
 0
 0
 0
 0
 0
 0
 0
 0
 0
 0
 0
 0
 0
 0
 5
 7.4162
 7.4162
 7.4162
 7.4162
 7.4162
 7.4162
 0
 0
 0
 0
 0
 0
 0
 0
 0
 0
 0
 0
 0
 0
 0
 0
 6.63325
 6.63325
 6.63325
 6.63325
 6.63325
 6.63325
 6.63325
 6.63325
 6.63325
 6.63325
 6.63325
 6.63325
 6.63325
 6.63325
 6.63325
 6.63325
 6.63325
 6.63325
 6.63325
 6.63325
 6.63325
 6.63325
 4.89898
 2.82843
 2.82843
 2.82843
 2.82843
 2.82843
 0
 0
 0
 0
 0
 0
 3.60555
 2
 2.44949
 2.44949
 2.44949
 2.44949
 2.44949
 2.44949
 2
 2
 2
 2
 2
 1.41421
 0
 0
 0
 0
 0
 0
 0
 0
 0
 0
 0
 0
 0
 0
 0
 1
 1
 1
 1
 1
 0
 0
 0
 0
 0
 0
 0
 0
 0
 0
 0
 0
 0
 0
 0
 0
 0
 0
 0
 0
 0
 0
 0
 0
 0
 0
 0
 0
 0
 0
 0
 0
 0
 0
 0
 0
 0
 0
 0
 0
 0
 0
 0
 0
 0
 0
 0
 0
 0
 0
 0
 0
 0
 0
 0
 0
 0
 0
 0
 0
 0
 0
 0
 0
 0
 0
 0
 0
 0
 0
 0
 0
 0
 0
 0
 0
 0
 0
 0
 0
 0
 0
 0
 0
 0
 0
 0
 0
 0
 0
 0
 0
 0
 0
 0
 0
 0
 0
 0
 0
 0
 0
 0
 0
 0
 0
 0
 0
 0
 0
 0
 0
 0
 0
 0
 0
 0
 0
 0
 0
 0
 0
 0
 0
 0
 0
 0
 0
 0
 0
 0
 0
 0
 0
 0
 0
 0
 0
 0
 0
 0
 0
 0
 0
 0
 0
 0
 0
 0
 0
 0
 0
 0
 0
 0
 0
 0
 0
 0
 0
 0
 0
 0
 0
 0
 0
 0
 0
 0
 0
 0
 0
 0
 0
 0
 0
 0
 0
 0
 0
 0
 0
 0
 0
 0
 0
 0
 0
 0
 0
 0
 0
 0
 0
 0
 0
 0
 0
 0
 0
 0
 0
 0
 0
 0
 0
 0
 0
 0
 0
 0
 0
 0
 0
 0
 0
 0
 0
 0
 0
 0
 0
 0
 0
 0
 0
 0
 0
 0
 0
 0
 0
 0
 0
 0
 0
 0
 0
 0
 0
 0
 0
 0
 0
 0
 0
 0
 0
 0
 0
 0
 0
 0
 0
 0
 0
 0
 0
 0
 0
 0
 0
 0
 0
 0
 0
 0
 0
 0
 0
 0
 0
 0
 0
 0
 0
 0
 0
 0
 0
 0
 0
 0
 0
 0
 0
 0
 0
 0
 0
 0
 7.87401
 7.87401
 0
 0
 0
 0
 0
 0
 0
 0
 0
 0
 0
 0
 0
 0
 0
 0
 0
 0
 0
 0
 0
 0
 0
 0
 0
 0
 0
 0
 0
 0
 0
 0
 0
 0
 0
 0
 0
 0
 0
 0
 0
 0
 0
 0
 0
 0
 0
 0
 0
 0
 0
 0
 0
 0
 0
 0
 0
 0
 0
 0
 0
 0
 0
 0
 0
 0
 0
 0
 0
 0
 0
 0
 0
 0
 0
 0
 0
 0
 0
 0
 0
 0
 0
 0
 0
 0
 0
 0
 0
 0
 0
 0
 1
 1
 1
 1
 1
 0
 0
 0
 0
 0
 0
 0
 0
 0
 0
 0
 0
 0
 0
 0
 0
 0
 0
 1
 1
 1
 1
 1
 1
 1
 1
 1
 1
 1
 1
 2
 2
 0
 0
 0
 0
 0
 0
 0
 0
 0
 1
 1
 1
 1
 1
 1
 1
 0
 0
 0
 0
 0
 0
 0
 0
 0
 0
 0
 0
 0
 0
 0
 0
 0
 0
 0
 0
 0
 0
 0
 0
 0
 0
 0
 0
 0
 0
 3.31662
 3.31662
 0
 0
 0
 0
 0
 0
 0
 0
 0
 0
 0
 0
 0
 0
 1
 1
 1
 1
 0
 0
 0
 0
 0
 0
 0
 0
 1
 1
 0
 0
 0
 0
 1
 1
 0
 0
