 74.458
 0
 0
 0
 0
 0
 0
 0
 0
 0
 0
 0
 0
 0
 0
 0
 0
 0
 0
 0
 0
 0
 0
 0
 0
 0
 0
 0
 0
 0
 0
 0
 0
 0
 0
 0
 0
 0
 0
 0
 0
 0
 0
 0
 0
 0
 0
 0
 0
 0
 0
 0
 0
 0
 36.3318
 36.3318
 73.4302
 84.7172
 119.126
 119.126
 80.2309
 38.833
 71.3723
 110.059
 89.8443
 126.432
 126.432
 126.72
 97.0206
 110.213
 74.162
 72.6223
 103.966
 129.259
 96.7729
 77.4597
 72.45
 76.1446
 105.195
 132.038
 98.661
 71.1337
 27.2764
 35.4824
 35.4824
 73.2666
 98.6103
 130.327
 130.327
 130.327
 130.327
 118.313
 75.6505
 102.533
 137.848
 137.848
 137.848
 137.848
 121.622
 104.187
 140.111
 140.111
 140.111
 104.47
 87.2124
 126.369
 137.368
 137.368
 135.115
 125.801
 100.936
 87.647
 87.647
 87.647
 84.4748
 94.2762
 117.299
 125.718
 125.718
 118.406
 85.0941
 98.909
 134.454
 121.996
 84.2674
 104.714
 139.158
 139.158
 119.695
 111.221
 141.908
 141.908
 118.415
 111.669
 89.2581
 137.79
 137.79
 137.79
 91.8368
 139.914
 121.26
 107.731
 107.731
 125.128
 111.068
 84.3919
 84.3919
 58.3181
 30.5941
 30.5941
 30.5941
 30.5941
 77.5371
 77.5371
 123.049
 107.065
 81.1419
 127.22
 97.4936
 121.305
 82.4803
 127.271
 120.246
 96.6126
 83.4925
 36.428
 36.428
 36.428
 36.428
 36.428
 57.6541
 37.8814
 37.8814
 37.8814
 37.8814
 70.6045
 90.1221
 113.917
 105.399
 133.492
 88.2156
 66.6558
 102.99
 100.717
 83.3247
 120.47
 102.074
 80.0187
 95.9218
 116.82
 116.82
 116.82
 102.235
 93.1397
 74.3236
 111.14
 64.0156
 84.5518
 93.4024
 60.3821
 104.623
 73.7021
 82.3954
 78.0641
 75.1066
 83.3367
 48.3322
 87.2009
 87.2697
 89.4092
 74.6994
 55.0545
 38.9615
 64.9153
 96.3639
 93.4345
 64.8228
 38.4578
 49.7092
 65.7495
 69.3325
 55.4527
 49.0714
 66.7832
 88.4195
 106.701
 57.376
 68.6513
 65.7191
 48.5695
 91.2743
 61.9193
 65.6049
 53.1883
 53.1883
 53.1883
 53.1883
 53.1883
 53.1883
 53.1883
 53.1883
 53.1883
 53.1883
 53.1883
 43.9886
 36.3593
 49.5278
 52.4023
 74.8198
 44.1814
 47.55
 47.55
 47.55
 0
 0
 0
 0
 0
 45.0999
 45.0999
 45.0999
 45.0999
 0
 0
 49.0918
 49.0918
 49.0918
 49.0918
 49.0918
 0
 0
 0
 0
 0
 0
 0
 0
 0
 0
 0
 0
 0
 0
 0
 0
 0
 0
 0
 0
 0
 0
 0
 0
 0
 0
 0
 0
 0
 0
 0
 0
 0
 0
 0
 0
 0
 0
 0
 0
 48.239
 48.239
 48.239
 48.239
 0
 46.4543
 46.4543
 46.4543
 46.4543
 46.4543
 46.4543
 0
 0
 44.1928
 44.1928
 44.1928
 44.1928
 47.9583
 47.9583
 47.9583
 47.9583
 47.9583
 47.9583
 47.9583
 0
 0
 0
 0
 0
 0
 0
 0
 0
 0
 0
 0
 0
 0
 0
 0
 0
 12.2066
 52.0481
 52.0481
 52.0481
 52.0481
 52.0481
 52.0481
 52.0481
 44.8999
 44.8999
 44.8999
 44.8999
 44.8999
 41.2068
 41.2068
 0
 0
 0
 0
 0
 40.7554
 40.7554
 40.7554
 0
 0
 0
 0
 0
 0
 0
 0
 0
 0
 0
 45.9239
 45.9239
 45.9239
 45.9239
 45.9239
 45.9239
 0
 0
 0
 0
 0
 0
 0
 0
 0
 0
 0
 0
 0
 0
 0
 0
 0
 0
 0
 0
 0
 0
 0
 0
 0
 0
 0
 0
 0
 0
 0
 0
 0
 0
 0
 0
 0
 0
 0
 0
 0
 0
 0
 0
 0
 0
 0
 0
 0
 0
 0
 0
 0
 0
 0
 0
 0
 0
 0
 0
 0
 0
 0
 0
 0
 0
 0
 0
 0
 0
 0
 0
 0
 0
 0
 0
 0
 0
 0
 0
 0
 0
 0
 0
 0
 0
 0
 0
 0
 0
 0
 0
 0
 0
 0
 0
 0
 0
 0
 0
 0
 0
 0
 0
 0
 0
 0
 0
 0
 0
 0
 0
 0
 0
 0
 0
 0
 0
 0
 0
 0
 0
 0
 0
 0
 0
 0
 0
 0
 0
 0
 0
 0
 0
 0
 0
 0
 0
 0
 0
 0
 0
 0
 0
 0
 0
 0
 0
 0
 0
 0
 0
 0
 0
 0
 0
 0
 0
 0
 0
 0
 0
 0
 0
 0
 0
 0
 0
 0
 0
 0
 0
 0
 0
 0
 0
 0
 0
 0
 0
 0
 0
 0
 0
 0
 0
 0
 0
 0
 0
 0
 0
 0
 0
 0
 0
 0
 0
 0
 0
 0
 0
 0
 0
 0
 0
 0
 0
 0
 0
 0
 0
 0
 0
 0
 0
 0
 0
 0
 0
 0
 0
 0
 0
 0
 0
 0
 0
 0
 0
 0
 0
 0
 0
 0
 0
 0
 0
 0
 0
 0
 0
 0
 0
 0
 0
 0
 0
 0
 0
 0
 0
 0
 0
 0
 0
 0
 0
 0
 0
 0
 0
 0
 47.1805
 81.2158
 103.808
 135.381
 127.165
 104.571
 68.2788
 36.524
 60.4731
 60.4731
 103.528
 103.528
 64.4438
 101.049
 108.314
 68.1029
 113.164
 96.7574
 116.267
 97.7804
 69.8856
 89.9833
 116.872
 69.3037
 114.782
 81.2096
 68.3813
 74.7997
 70.5053
 114.756
 82.9699
 73.4643
 118.127
 92.8763
 125.264
 125.264
 125.264
 122.119
 97.6371
 66.8281
 111.126
 111.126
 101.809
 61.9516
 108.194
 102.44
 71.9166
 103.049
 116.159
 77.1686
 125.06
 106.85
 102.572
 127.46
 79.4418
 94.7206
 125.948
 81.2219
 91.8586
 128.872
 86.8159
 96.5971
 86.4754
 130.782
 130.782
 106.301
 85.4517
 85.4517
 79.7872
 79.7872
 111.414
 70.0714
 70.0714
 114.004
 117.256
 73.1163
 112.147
 119.478
 81.3388
 114.512
 131.495
 87.2353
 118.836
 135.588
 118.823
 94.3345
 111.996
 91.7061
 138.492
 138.438
 99.3529
 95.142
 103.817
 138.304
 98.8989
 113.172
 95.5039
 143.635
 146.216
 146.216
 120.403
 140.95
 140.95
 128.312
 133.589
 125.638
 78.2688
 125.26
 119.101
 81.4371
 33.4365
 33.4365
 33.4365
 33.4365
 33.4365
 33.4365
 33.4365
 33.4365
 33.4365
 33.4365
 6.48074
 6.48074
 6.48074
 6.48074
 6.48074
 6.48074
 6.48074
 6.48074
 6.48074
 6.48074
 17.8045
 17.8045
 17.8045
 17.8045
 17.8045
 17.8045
 17.8045
 30.5941
 30.5941
 30.5941
 30.5941
 30.5941
 30.5941
 30.5941
 30.5941
 30.5941
 30.5941
 30.5941
 30.5941
 30.5941
 30.5941
 30.5941
 30.5941
 30.5941
 30.5941
 30.5941
 30.5941
 30.5941
 30.5941
 30.5941
 30.5941
 30.5941
 30.5941
 30.5941
 30.5941
 30.5941
 30.5941
 30.5941
 30.5941
 30.5941
 30.5941
 30.5941
 40.4722
 40.4722
 40.4722
 40.4722
 40.4722
 40.4722
 40.4722
 40.4722
 48.6004
 48.6004
 48.6004
 48.6004
 53.535
 55.8749
 55.8749
 55.8749
 55.8749
 55.8749
 55.8749
 55.8749
 55.8749
 55.8749
 55.8749
 55.8749
 102.206
 148.361
 122.495
 93.0322
 93.0322
 86.8677
 119.386
 139.068
 139.068
 133.682
 113.824
 116.529
 132.076
 82.7345
 121.491
 88.4421
 104.709
 103.865
 131.981
 90.609
 114.398
 101.143
 137.131
 93.1182
 121.033
 142.088
 121.725
 94.9474
 112.867
 139
 103.155
 97.0464
 104.187
 104.187
 104.187
 104.187
 104.187
 104.187
 104.187
 104.187
 104.187
 104.187
 104.187
 134.614
 122.094
 84.8233
 119.741
 86.0116
 94.7787
 126.775
 126.775
 126.775
 126.775
 126.775
 126.775
 126.775
 126.775
 126.775
 126.775
 175.855
 175.855
 175.855
 175.855
 175.855
 186.371
 186.371
 218.424
 218.424
 226.314
 226.314
 196.52
 196.52
 196.52
 240.795
 265.891
 265.891
 265.891
 254.892
 254.892
 230.929
 249.838
 249.838
 250.128
 227.548
 227.548
 227.548
 214.325
 214.325
 214.325
 221.251
 205.572
 205.572
 205.572
 205.572
 205.572
 205.572
 215.395
 263.672
 263.672
 245.255
 245.255
 263.257
 253.316
 240.701
 254.319
 263.253
 263.253
 274.069
 268.916
 268.955
 268.955
 268.955
 268.955
 220.4
 267.707
 267.707
 256.297
 256.297
 267.95
 267.95
 275.654
 259.906
 253.097
 253.156
 253.156
 249.195
 249.195
 249.195
 240.641
 273.06
 289.563
 268.887
 283.196
 266.983
 268.807
 288.678
 289.1
