 82.9216
 31.7805
 31.7805
 31.7805
 31.7805
 78.8606
 78.8606
 67.8233
 74.793
 69.8713
 67.6314
 93.6536
 59.2284
 83.8511
 76.5572
 50.0799
 38.4708
 77
 39.2938
 77.2269
 86.0872
 74.6793
 46.0869
 53.3667
 67.5056
 104.322
 67.8896
 98.8079
 58.6259
 57.2276
 63.0952
 93.6803
 46.8402
 65.4141
 91.3236
 84.9647
 52.6783
 52.6783
 62.2334
 98.0816
 82.9578
 75.7298
 49.3457
 50.4777
 42.8019
 43.6463
 81.615
 54.3139
 75.306
 46.8508
 83.9166
 45.3542
 84.3505
 40.1373
 36.3318
 85.2702
 41.8688
 55.6327
 88.5042
 88.5042
 38.8587
 38.833
 51.1859
 88.6848
 62.7615
 62.7615
 36.5513
 36.5513
 36.5513
 80.3617
 58.6345
 79.8185
 80.7775
 111.355
 79.7371
 55.8391
 79.4481
 45.8476
 88.3063
 110.005
 84.1903
 77.4338
 35.5246
 35.4824
 35.4824
 43.5316
 76.2561
 115.139
 115.139
 115.139
 115.139
 100.055
 100.055
 84.9824
 119.787
 70.1285
 29.9833
 30.3974
 30.3974
 30.3974
 30.3974
 42.8135
 65.6963
 65.1997
 64.1171
 92.4716
 118.436
 118.436
 103.779
 95.4254
 65.9848
 72.4362
 30.7571
 32.8024
 59.1016
 62.6099
 96.0156
 89.6103
 89.6103
 98.1071
 56.1961
 74.3841
 108.407
 100.135
 57.8878
 89.8888
 128.876
 128.876
 97.391
 95.9427
 121.844
 121.844
 96.654
 78.6956
 62.3057
 62.3057
 27.8927
 29.0345
 29.0345
 29.0345
 29.0345
 29.0345
 30.5941
 30.5941
 30.5941
 43.9545
 43.9545
 31.9844
 30.5941
 30.5941
 30.5941
 30.5941
 40.1373
 40.1373
 40.1373
 68.7095
 47.7389
 47.7389
 62.442
 84.947
 53.3667
 101.01
 89.7496
 64.2806
 65.5896
 36.428
 36.428
 36.428
 64.8845
 78.0961
 28.2843
 37.8814
 37.8814
 37.8814
 83.8391
 111.18
 61.327
 88.5381
 90.9285
 113.583
 113.583
 108.77
 76.844
 75.1266
 52.4309
 99.2724
 82.6559
 48.0937
 64.195
 88.176
 55.8749
 57.4456
 78.2752
 65.4676
 48.1975
 87.761
 64.0156
 56.7803
 68.4909
 31.0322
 79.2906
 73.7021
 73.9594
 78.0641
 37.4967
 55.8391
 16.7033
 60.1581
 88.6172
 88.6172
 43.7493
 16.6433
 6.245
 30.9677
 30.9677
 30.9677
 36.1663
 12.6886
 12.3288
 30.3809
 41.0609
 23.8747
 28
 33.7935
 33.7935
 33.7935
 29.9666
 46.3789
 32.1403
 23.2809
 23.2809
 33.8969
 47.2546
 41.8688
 0
 0
 0
 0
 0
 0
 0
 0
 0
 0
 13.3041
 5.09902
 12.4499
 18.0831
 18.0831
 20.8087
 20.025
 20.025
 20.025
 0
 0
 0
 0
 0
 45.6618
 45.6618
 9.27362
 5
 0
 0
 35.1994
 35.1994
 35.1994
 0
 5.56776
 3.4641
 5.47723
 5.47723
 5.47723
 30.8221
 5.19615
 3
 3.4641
 3.4641
 3.4641
 30.8058
 30.8058
 2.82843
 0
 0
 0
 0
 0
 36.8103
 0
 0
 5.2915
 5.2915
 5.2915
 49.5782
 49.5782
 0
 5.09902
 3
 3.87298
 3.60555
 3.60555
 3.60555
 3.60555
 3.60555
 5.38516
 3.16228
 6.08276
 6.08276
 6.08276
 6.08276
 6.08276
 3.74166
 5.65685
 3.31662
 3.31662
 3.31662
 3.31662
 3.31662
 6
 3.31662
 4.3589
 4.3589
 4.3589
 4.3589
 4.3589
 3.74166
 51.7591
 51.7591
 51.7591
 51.7591
 51.7591
 51.7591
 51.7591
 37.5633
 27.8029
 27.8029
 27.8029
 27.8029
 26.0384
 26.0384
 26.0384
 26.0384
 4.47214
 4.3589
 4.3589
 32.6037
 32.6037
 32.6037
 32.6037
 0
 0
 35.3412
 35.3412
 35.3412
 35.3412
 35.3412
 35.3412
 35.3412
 45.9021
 45.9021
 45.9021
 45.9021
 45.9021
 58.0947
 58.0947
 58.0947
 58.0947
 100.832
 100.832
 100.832
 60.9016
 60.9016
 60.9016
 60.9016
 59.8582
 107.28
 107.28
 107.28
 107.28
 107.28
 107.28
 107.28
 107.28
 107.28
 107.28
 107.28
 107.28
 109.188
 109.188
 109.188
 109.188
 109.188
 129.572
 163.098
 163.098
 163.098
 163.098
 163.098
 156.987
 156.987
 130.939
 130.939
 161.858
 161.858
 161.858
 134.874
 171.391
 171.391
 171.391
 131.023
 131.023
 131.023
 131.023
 131.023
 173.447
 128.168
 128.168
 118.038
 118.038
 118.038
 71.2531
 71.2531
 113.829
 70.5195
 70.5195
 70.5195
 77.7367
 114.018
 114.018
 114.018
 114.018
 114.018
 76.3282
 121.05
 121.05
 121.05
 121.05
 121.05
 121.05
 125.463
 125.463
 132.559
 132.559
 177.935
 177.935
 177.935
 177.935
 177.935
 177.935
 142.331
 167.979
 167.979
 167.979
 167.979
 167.979
 167.979
 169.216
 169.216
 147.672
 147.672
 147.672
 170.241
 170.241
 170.241
 141.718
 141.718
 141.718
 141.718
 137.96
 180.419
 180.419
 180.419
 198.056
 198.056
 198.056
 198.056
 217.191
 258.418
 258.418
 258.418
 258.418
 258.418
 258.418
 269.113
 269.113
 269.113
 269.113
 269.113
 281.057
 281.057
 281.057
 281.057
 293.252
 293.252
 293.252
 293.252
 301.181
 302.154
 302.154
 302.154
 302.154
 302.154
 302.154
 302.154
 302.154
 302.154
 302.154
 302.154
 302.154
 302.154
 302.154
 302.154
 302.154
 302.154
 302.154
 302.154
 302.154
 302.154
 302.154
 302.154
 302.154
 281.432
 281.432
 281.432
 239.827
 239.827
 232.015
 232.015
 232.015
 222.908
 222.908
 222.908
 222.908
 206.286
 206.286
 206.286
 206.286
 174.934
 194.309
 194.309
 194.309
 194.309
 194.309
 170.751
 170.751
 195.867
 195.867
 195.867
 195.867
 204.641
 204.641
 160.312
 160.312
 160.312
 160.312
 160.312
 160.312
 143.021
 94.5304
 94.5304
 94.5304
 143.809
 143.809
 143.809
 103.286
 103.286
 103.286
 103.286
 103.286
 103.286
 103.286
 103.286
 104.7
 104.7
 104.7
 104.7
 98.661
 98.661
 85.5102
 85.5102
 85.5102
 85.6388
 85.6388
 85.6388
 85.6388
 87.4586
 87.4586
 87.4586
 87.4586
 100.374
 100.374
 100.374
 100.374
 100.374
 114.695
 114.695
 114.695
 114.695
 114.695
 114.695
 114.695
 114.695
 114.695
 114.695
 114.695
 114.695
 114.695
 114.695
 114.695
 114.695
 114.695
 114.695
 114.695
 114.695
 114.695
 121.922
 121.922
 121.922
 121.922
 121.922
 121.922
 121.922
 121.922
 121.922
 121.922
 121.922
 121.922
 101.213
 101.213
 101.213
 101.213
 101.213
 101.213
 101.213
 101.213
 101.213
 120.453
 126.365
 126.365
 126.365
 126.365
 126.365
 126.365
 126.365
 138.123
 138.123
 138.123
 138.123
 138.123
 138.123
 138.123
 138.123
 138.123
 138.123
 138.123
 138.123
 138.123
 138.123
 138.123
 138.123
 138.123
 138.123
 138.123
 138.123
 138.123
 138.123
 138.123
 138.123
 138.123
 138.123
 138.123
 115.161
 115.161
 115.161
 115.161
 115.161
 115.161
 138.615
 138.615
 138.615
 176.963
 176.963
 176.963
 176.963
 176.963
 140.168
 187.518
 187.518
 187.518
 187.518
 187.518
 187.518
 187.518
 187.518
 187.518
 187.518
 187.518
 187.518
 205.91
 224.562
 197.874
 197.874
 197.874
 197.874
 185.373
 177.618
 177.618
 177.618
 177.618
 177.618
 177.618
 158.638
 158.638
 158.638
 158.638
 158.638
 158.638
 158.638
 170.523
 170.523
 128.651
 128.651
 128.651
 128.651
 128.651
 128.651
 128.651
 90.7028
 90.7028
 90.7028
 90.7028
 90.7028
 90.7028
 90.7028
 90.7028
 90.7028
 90.7028
 90.7028
 90.7028
 90.7028
 90.7028
 90.7028
 129.201
 150.781
 150.781
 150.781
 150.781
 150.781
 150.781
 150.781
 150.781
 150.781
 150.781
 150.781
 106.86
 106.86
 106.86
 79.4292
 79.4292
 79.4292
 79.4292
 79.4292
 79.4292
 79.4292
 79.4292
 79.4292
 79.4292
 79.4292
 79.4292
 79.4292
 76.4918
 76.4918
 76.4918
 76.4918
 76.4918
 76.4918
 76.4918
 76.4918
 76.4918
 76.4918
 76.4918
 76.4918
 121.865
 121.865
 121.865
 121.865
 147.865
 155.965
 155.965
 155.965
 155.965
 155.965
 155.965
 178.634
 178.634
 178.634
 178.634
 178.634
 176.352
 202.054
 202.054
 220.307
 220.307
 220.307
 220.307
 220.307
 220.307
 220.307
 237.832
 230.083
 230.083
 230.083
 230.083
 227.407
 227.407
 227.407
 227.407
 227.407
 227.407
 227.407
 227.407
 227.407
 227.407
 227.407
 227.407
 227.407
 180.613
 180.613
 189.834
 168.846
 168.846
 168.846
 177.325
 177.325
 177.325
 218.527
 218.527
 218.527
 218.527
 218.527
 218.527
 232.573
 232.573
 232.573
 221.574
 221.574
 213.708
 213.708
 213.708
 208.868
 208.868
 208.868
 197.76
 197.76
 178.98
 161.744
 118.71
 118.71
 103.508
 103.508
 103.508
 99.94
 99.94
 102.596
 102.596
 102.596
 102.596
 114.73
 114.73
 114.73
 114.73
 132.94
 132.94
 169.541
 152.201
 169.729
 169.729
 168.825
 160.194
 160.194
 160.194
 160.194
 169.228
 169.228
 218.49
 218.49
 196.731
 196.731
 163.783
 163.783
 163.783
 149.382
 149.382
 141.534
 141.534
 141.594
 141.594
 141.594
 148.29
 148.29
 148.29
 170.373
 170.373
 170.373
 170.373
 208.543
 208.543
 208.543
 222.135
 259.975
 232.648
 260.854
 239.65
 219.88
 232.697
 212.876
 238.458
 205.015
 205.015
 205.015
 205.015
 205.015
 191.953
 191.953
 191.953
 204.365
 204.365
 204.365
 211.615
 211.615
 211.615
 211.615
 227.618
 227.618
 274.381
 250.164
 250.164
 250.164
 250.164
 250.164
 250.164
 250.164
 258.308
 257.447
 210.955
 248.256
 248.044
 216.465
 235.538
 225.14
 225.14
 225.14
 225.14
 225.14
 225.14
 225.14
 254.58
 217.963
 226.815
 226.815
 226.815
 226.815
 263.581
 263.581
 274.758
 260.048
 285.697
 275.367
 261.216
 301.993
 264.541
 266.964
 288.016
 309.748
 294.997
 301.841
 252.509
 246.018
 294.143
 300.945
 300.945
 300.018
 281.007
 252.184
 290.67
 297.495
