 29.3598
 31.7805
 31.7805
 31.7805
 31.7805
 31.7805
 31.7805
 81.7374
 102.362
 80.0312
 83.2046
 98.4429
 84.1071
 98.5596
 93.2952
 80.8641
 74.686
 87.0402
 75.7298
 89.5098
 107.791
 89.4148
 75.7364
 75.9605
 93.0914
 109.055
 74.0878
 106.813
 83.7854
 63.7181
 89.1516
 101.213
 64.2106
 87.0345
 101.035
 91.864
 69.0072
 107.75
 76.974
 114.883
 100.215
 99.7647
 83.1445
 62.1289
 62.1289
 78.5557
 113.939
 69.6132
 95.6974
 82.4742
 95.6661
 65.1306
 65.1306
 40.1373
 82.547
 97.6678
 63.2218
 86.4697
 119.704
 119.704
 119.704
 82.1097
 65.0846
 105.489
 89.8554
 127.746
 78.4474
 126.539
 96.395
 109.804
 73.5867
 75.71
 105.09
 124.197
 91.8259
 76.5833
 75.2861
 77.5306
 107.382
 116.22
 88.3459
 74.7128
 35.5246
 30.6594
 30.6594
 76.6029
 92.0109
 124.145
 124.145
 124.145
 124.145
 120.495
 79.9437
 98.6002
 132.083
 132.083
 132.083
 132.083
 121.774
 105.371
 137.579
 137.579
 137.579
 106.198
 88.3685
 120.545
 139.911
 139.911
 136.004
 116.739
 102.455
 87.8408
 68.9275
 32.8024
 77.0454
 95.9896
 111.418
 127.047
 127.047
 112.588
 71.4423
 100.613
 133.274
 121.425
 75.7364
 105.541
 138.928
 138.928
 121.293
 107.317
 135.676
 135.676
 121.507
 98.7016
 88.6341
 126.361
 126.361
 126.361
 91.7388
 129.615
 120.108
 101.306
 61.6441
 61.6441
 101.926
 85.9709
 131.499
 131.499
 131.499
 109.513
 135.879
 123.766
 85.1763
 85.1763
 119.139
 108.48
 85.5453
 130.457
 100.757
 111.153
 82.8915
 128.526
 110.064
 99.6945
 82.6196
 36.428
 36.428
 36.428
 83.7675
 103.262
 60.3075
 37.8814
 37.8814
 37.8814
 37.8814
 71.3302
 78.2624
 116.589
 103.194
 126.499
 126.499
 126.499
 105.385
 92.1086
 73.1163
 110.851
 103.155
 75.1266
 86.5159
 106.925
 106.925
 57.4456
 102.391
 87.6584
 72.2842
 104.072
 64.0156
 83.4805
 94.0851
 65.5515
 98.8838
 73.7021
 73.9594
 81.8413
 75.9078
 79.8686
 51.3615
 88.0454
 86.151
 89.4092
 75.4188
 55.8659
 42.1307
 58.8812
 96
 104.178
 67.5056
 38.5876
 51.7204
 52.9811
 69.3758
 55.5068
 49.0102
 58.8388
 105.631
 88.0625
 58.0517
 69.2604
 63.498
 47.1805
 90.5759
 65.0922
 65.1537
 53.8052
 53.8052
 53.8052
 53.8052
 53.8052
 53.8052
 53.8052
 53.8052
 53.8052
 53.8052
 53.8052
 44.8665
 29.95
 42.1189
 44.4185
 73.3553
 45.0777
 42.5558
 0
 0
 0
 0
 0
 0
 0
 0
 0
 0
 0
 0
 0
 0
 0
 0
 0
 0
 0
 0
 0
 0
 0
 0
 0
 0
 0
 0
 0
 0
 0
 0
 0
 0
 0
 0
 0
 0
 0
 0
 0
 0
 0
 0
 0
 0
 0
 0
 0
 0
 0
 0
 0
 0
 0
 0
 0
 0
 0
 0
 0
 0
 0
 0
 0
 0
 0
 0
 0
 0
 0
 0
 0
 0
 0
 0
 0
 0
 0
 0
 0
 0
 0
 0
 0
 0
 0
 0
 0
 0
 0
 0
 0
 0
 0
 0
 0
 0
 0
 0
 0
 0
 0
 0
 0
 0
 0
 0
 0
 0
 0
 0
 0
 0
 0
 0
 0
 0
 0
 0
 0
 0
 0
 0
 0
 0
 0
 0
 0
 0
 0
 0
 0
 0
 0
 0
 0
 0
 0
 0
 0
 0
 0
 0
 0
 0
 0
 0
 0
 0
 0
 0
 0
 0
 0
 0
 0
 0
 0
 0
 0
 0
 0
 0
 0
 0
 0
 0
 0
 0
 0
 0
 0
 0
 0
 0
 0
 0
 0
 0
 0
 0
 0
 0
 0
 0
 0
 0
 0
 0
 0
 0
 0
 0
 0
 0
 0
 0
 0
 0
 0
 0
 0
 0
 0
 0
 0
 0
 0
 0
 0
 0
 0
 0
 0
 0
 0
 0
 0
 0
 0
 0
 0
 0
 0
 0
 0
 0
 0
 0
 0
 0
 0
 0
 0
 0
 0
 0
 0
 0
 0
 0
 0
 0
 0
 0
 0
 0
 0
 0
 0
 0
 0
 0
 0
 0
 0
 0
 0
 0
 0
 0
 0
 0
 0
 0
 0
 0
 0
 0
 0
 0
 0
 0
 0
 0
 0
 0
 0
 0
 0
 0
 0
 0
 0
 0
 0
 0
 0
 0
 0
 0
 0
 0
 0
 0
 0
 0
 0
 0
 0
 0
 0
 0
 0
 0
 0
 0
 0
 0
 0
 0
 0
 0
 0
 0
 0
 0
 0
 0
 0
 0
 0
 0
 0
 0
 0
 0
 0
 0
 0
 0
 0
 0
 0
 0
 0
 0
 0
 0
 0
 0
 0
 0
 0
 0
 0
 0
 0
 0
 0
 0
 0
 0
 0
 0
 0
 0
 0
 0
 0
 0
 0
 0
 0
 0
 0
 0
 0
 0
 0
 0
 0
 0
 0
 0
 0
 0
 0
 0
 0
 0
 0
 0
 0
 0
 0
 0
 0
 0
 0
 0
 0
 0
 0
 0
 0
 0
 0
 0
 0
 0
 0
 0
 0
 0
 0
 0
 0
 0
 0
 0
 0
 0
 0
 0
 0
 0
 0
 0
 0
 0
 0
 0
 0
 0
 0
 0
 0
 0
 0
 0
 0
 0
 0
 0
 0
 0
 0
 0
 0
 0
 0
 0
 0
 0
 0
 0
 0
 0
 0
 0
 0
 0
 0
 0
 0
 0
 0
 0
 0
 0
 0
 0
 0
 0
 0
 0
 0
 0
 0
 0
 0
 0
 0
 0
 0
 0
 0
 0
 0
 0
 0
 0
 0
 0
 0
 0
 0
 0
 0
 0
 0
 0
 0
 0
 0
 0
 0
 0
 0
 0
 0
 0
 0
 0
 0
 0
 0
 0
 0
 0
 0
 0
 0
 0
 0
 0
 0
 0
 0
 0
 0
 0
 0
 0
 0
 0
 0
 0
 0
 0
 0
 0
 0
 0
 0
 0
 0
 0
 0
 0
 0
 0
 0
 0
 0
 0
 0
 0
 0
 0
 0
 0
 0
 0
 0
 0
 0
 0
 0
 0
 0
 0
 0
 0
 0
 0
 0
 0
 0
 0
 0
 0
 0
 0
 0
 0
 0
 0
 0
 0
 0
 0
 0
 0
 0
 0
 0
 0
 0
 0
 0
 0
 0
 0
 0
 0
 0
 0
 0
 0
 0
 0
 0
 0
 0
 0
 0
 0
 0
 0
 0
 0
 0
 0
 0
 0
 0
 0
 0
 0
 0
 0
 0
 0
 0
 0
 0
 0
 0
 0
 0
 0
 0
 0
 0
 0
 0
 0
 0
 0
 0
 0
 0
 0
 0
 0
 0
 0
 0
 0
 0
 0
 0
 0
 0
 0
 0
 0
 0
 0
 0
 0
 0
 0
 0
 0
 0
 0
 0
 0
 0
 0
 0
 0
 0
 0
 0
 0
 0
 0
 0
 0
 0
 0
 0
 0
 0
 0
 0
 0
 0
 0
 0
 0
 0
 0
 0
 0
 0
 0
 0
 0
 0
 0
 0
 0
 0
 0
 0
 0
 0
 0
 0
 0
 0
 0
 0
 0
 0
 0
 0
 0
 0
 0
 0
 0
 0
 0
 0
 0
 0
 0
 0
