 91.4932
 0
 0
 0
 0
 0
 0
 0
 0
 0
 0
 0
 0
 0
 0
 0
 0
 0
 0
 0
 0
 0
 0
 0
 0
 0
 0
 0
 0
 0
 0
 0
 0
 0
 0
 0
 0
 0
 0
 0
 0
 0
 0
 0
 0
 0
 0
 0
 0
 0
 0
 0
 0
 0
 36.3318
 36.3318
 36.3318
 36.3318
 36.3318
 58.6515
 62.3939
 38.833
 87.6185
 109.804
 110.508
 147.75
 147.75
 146.322
 113.296
 115.395
 84.214
 54.4702
 54.4702
 54.4702
 54.4702
 80.025
 57.1139
 80.4363
 125.65
 148.385
 115.542
 115.542
 115.542
 115.542
 131.548
 91.2743
 109.316
 143.569
 143.569
 143.569
 143.569
 139.083
 95.1315
 104.067
 104.067
 104.067
 104.067
 104.067
 141.584
 104.187
 139.818
 103.165
 103.165
 123.867
 109.215
 144.931
 151.862
 151.862
 151.865
 138.557
 118.672
 110.941
 110.941
 110.941
 105.466
 116.078
 118.992
 149.756
 149.756
 149.756
 103.508
 121.606
 156.984
 132.469
 100.195
 127.57
 161.189
 161.189
 130.495
 129.445
 160.125
 160.125
 135.573
 126.74
 90.8735
 90.8735
 50.7543
 29.0345
 29.0345
 29.0345
 29.0345
 29.0345
 30.5941
 30.5941
 30.5941
 30.5941
 30.5941
 52.0673
 30.5941
 30.5941
 30.5941
 30.5941
 30.5941
 30.5941
 30.5941
 30.5941
 30.5941
 30.5941
 30.5941
 30.5941
 30.5941
 30.5941
 30.5941
 30.5941
 30.5941
 36.428
 36.428
 36.428
 36.428
 36.428
 79.1644
 37.8814
 37.8814
 37.8814
 37.8814
 54.6077
 54.6077
 54.6077
 54.6077
 54.6077
 103.673
 103.673
 122.483
 115.918
 93.5254
 136.308
 124.403
 79.0949
 103.533
 125.1
 125.1
 125.1
 123.624
 89.7162
 72.0139
 103.562
 64.0156
 88.0909
 116.233
 116.233
 109.064
 73.7021
 66.8281
 78.0641
 95.8488
 100.285
 64.7611
 105.981
 72.5672
 89.4092
 95.0631
 70.746
 61.8142
 78.6702
 80.7589
 71.1758
 91.717
 65.3376
 71.4633
 61.9435
 93.5682
 77.1362
 71.8123
 57.4195
 76.2037
 106.701
 79.95
 94.6467
 107.685
 72.9589
 74.7663
 64.5833
 87.3327
 74.1215
 74.1215
 74.1215
 74.1215
 74.1215
 74.1215
 74.1215
 74.1215
 74.1215
 74.1215
 74.1215
 67.5352
 38.7556
 54.5436
 59.0593
 60.1249
 69.4406
 40.3361
 0
 0
 0
 0
 0
 0
 4.12311
 48.6518
 48.6518
 48.6518
 48.6518
 3.60555
 3.60555
 3.60555
 3.60555
 3.60555
 3.60555
 3.60555
 3
 3
 3
 3
 3
 3
 3
 0
 0
 0
 0
 0
 0
 0
 0
 0
 0
 0
 0
 0
 0
 0
 0
 0
 0
 0
 0
 0
 0
 0
 0
 0
 0
 48.621
 48.621
 48.621
 48.621
 0
 0
 0
 36.5513
 36.5513
 36.5513
 36.5513
 0
 34.1321
 34.1321
 34.1321
 34.1321
 34.1321
 34.1321
 0
 0
 35.6931
 35.6931
 35.6931
 35.6931
 47.2758
 0
 0
 0
 0
 0
 0
 0
 0
 0
 0
 0
 0
 0
 0
 0
 0
 0
 0
 0
 0
 0
 0
 0
 0
 0
 0
 0
 0
 0
 0
 0
 43.9773
 43.9773
 43.9773
 43.9773
 43.9773
 39.3065
 39.3065
 39.3065
 39.3065
 39.3065
 39.3065
 39.3065
 26.4953
 26.4953
 26.4953
 0
 32.6803
 32.6803
 32.6803
 32.6803
 32.6803
 0
 0
 0
 0
 0
 46.0869
 46.0869
 46.0869
 46.0869
 46.0869
 46.0869
 0
 0
 0
 0
 0
 0
 0
 0
 0
 0
 0
 0
 0
 0
 0
 0
 0
 0
 0
 0
 0
 0
 0
 0
 0
 0
 0
 0
 0
 0
 0
 0
 0
 0
 0
 0
 46.8295
 46.8295
 46.8295
 46.8295
 46.8295
 46.8295
 47.6445
 47.6445
 47.6445
 0
 0
 0
 0
 0
 0
 0
 0
 0
 0
 0
 0
 0
 0
 0
 0
 0
 0
 0
 0
 0
 0
 0
 0
 0
 0
 0
 0
 0
 0
 0
 0
 0
 0
 0
 0
 0
 0
 0
 0
 0
 0
 0
 0
 0
 0
 0
 0
 0
 0
 0
 0
 0
 0
 0
 0
 0
 0
 0
 0
 0
 0
 0
 0
 0
 0
 0
 0
 0
 0
 0
 0
 0
 0
 0
 0
 0
 0
 0
 0
 0
 0
 0
 0
 0
 0
 0
 0
 0
 0
 0
 0
 0
 0
 0
 0
 0
 0
 0
 0
 0
 0
 0
 0
 0
 0
 0
 0
 0
 0
 0
 0
 0
 0
 0
 0
 0
 0
 0
 0
 0
 0
 0
 0
 0
 0
 0
 0
 0
 0
 0
 0
 0
 0
 0
 0
 0
 0
 0
 0
 0
 0
 0
 0
 0
 0
 0
 0
 0
 0
 0
 0
 0
 0
 0
 0
 0
 0
 0
 0
 0
 0
 0
 0
 0
 0
 0
 0
 0
 0
 0
 0
 0
 0
 0
 0
 0
 0
 0
 0
 0
 0
 0
 0
 0
 0
 0
 0
 0
 0
 0
 0
 0
 0
 0
 0
 0
 0
 0
 0
 0
 0
 0
 0
 0
 0
 0
 0
 0
 0
 0
 0
 0
 0
 0
 0
 0
 0
 0
 0
 0
 0
 0
 0
 0
 0
 0
 0
 0
 0
 0
 0
 0
 0
 0
 0
 0
 0
 0
 0
 0
 0
 0
 0
 0
 0
 0
 0
 0
 0
 0
 0
 0
 0
 0
 0
 0
 0
 0
 0
 0
 0
 0
 0
 0
 0
 0
 0
 0
 0
 0
 0
 0
 0
 0
 0
 0
 0
 0
 0
 0
 0
 0
 0
 0
 0
 0
 0
 0
 0
 0
 0
 0
 0
 0
 0
 0
 0
 0
 0
 0
 0
 0
 0
 0
 0
 0
 0
 0
 0
 0
 0
 0
 0
 0
 0
 0
 0
 0
 0
 0
 0
 0
 0
 0
 0
 0
 0
 0
 0
 0
 0
 0
 0
 0
 0
 0
 0
 0
 0
 0
 0
 0
 0
 0
 0
 0
 0
 0
 0
 0
 0
 0
 0
 0
 0
 0
 0
 0
 0
 0
 0
 0
 0
 0
 0
 0
 0
 0
 0
 0
 0
 0
 0
 0
 0
 0
 0
 0
 0
 0
 0
 0
 0
 0
 0
 0
 0
 0
 0
 0
 0
 0
 0
 0
 0
 0
 0
 0
 0
 0
 0
 0
 0
 0
 0
 0
 0
 0
 0
 0
 0
 0
 0
 0
 0
 0
 0
 0
 0
 0
 0
 0
 0
 0
 0
 0
 0
 0
 0
 0
 0
 0
 0
 0
 0
 0
 0
 0
 0
 0
 0
 0
 0
 0
 0
 0
 0
 0
 0
 0
 0
 0
 0
 0
 0
 0
 0
 0
 0
 0
 0
 0
 0
 0
 0
 0
 0
 0
 0
 0
 0
 0
 0
 0
 0
 0
 0
 0
 0
 0
 0
 0
 0
 0
 0
 0
 0
 0
 0
 0
 0
 0
 0
 0
 0
 0
 0
 0
 0
 0
 0
 0
 0
 0
 0
 0
 0
 0
 0
 0
 0
 0
 0
 0
 0
 0
 0
 0
 0
 0
 0
 0
 0
 0
 0
 0
 0
 0
 0
 0
 0
 0
 0
 0
 0
 0
 0
 0
 0
 0
 0
 0
 0
 0
 0
 0
 0
 0
 0
 0
