 55.8838
 0
 0
 0
 0
 0
 0
 0
 0
 0
 0
 0
 48.9183
 65.9773
 61.5224
 48.2494
 45.8039
 63.5453
 46.4543
 63.5689
 85.4166
 62.0967
 41.6773
 41.6173
 57.1839
 81.7313
 39.6863
 76.961
 57.2713
 39.0256
 60.8523
 70.3918
 35.1852
 53.7494
 75.2197
 55.9464
 39.5601
 80.9815
 43.1393
 80.5667
 64.5136
 66.2193
 45.6946
 27.2947
 42.8019
 45.2769
 86.3481
 86.3481
 66.0606
 48.1144
 68.1689
 28.9482
 28.9482
 40.1373
 36.3318
 68.0882
 29.7993
 52.6973
 95.9844
 95.9844
 95.9844
 95.9844
 95.9844
 70.562
 54.4059
 96.6126
 96.6126
 93.504
 57.3149
 74.8532
 35.4824
 35.4824
 74.7864
 94.2231
 56.3915
 34.8855
 34.8855
 37.2827
 75.3591
 87.0115
 58.2409
 84.3327
 35.5246
 35.4824
 76.2824
 38.4318
 59.4138
 90.945
 90.945
 90.945
 90.945
 81.1419
 41.9404
 65.8787
 99.5038
 99.5038
 99.5038
 99.5038
 83.0843
 67.1714
 103.47
 103.47
 103.47
 68.3081
 46.4327
 86.6372
 106.311
 106.311
 107.861
 86.5679
 68.2495
 46
 72.1041
 99.4284
 99.4284
 60.7042
 77.5822
 98.3819
 98.3819
 77.1946
 33.5708
 64.1015
 104.585
 80.2932
 39.1663
 65.3605
 105.105
 105.105
 83.3906
 68.4982
 101.41
 101.41
 85.6913
 64.707
 43.359
 43.359
 27.8927
 29.0345
 42.7317
 42.7317
 84.4097
 68.8622
 30.5941
 30.5941
 67.6387
 42.1782
 42.1782
 31.9844
 30.5941
 66.6708
 100.439
 80.7341
 42.8252
 42.8252
 78.2432
 62.9126
 42.6966
 42.6966
 63.8671
 76.1315
 40.7308
 40.7308
 73.4439
 61.2536
 34.8425
 34.8425
 34.8425
 74.3909
 40.0874
 63.1823
 27.7128
 37.8814
 74.6391
 94.4563
 63.0079
 63.0079
 42.0119
 74.1013
 61.6766
 92.0923
 92.0923
 116.987
 67.424
 56.4889
 31.7648
 31.7648
 63.8984
 27.8568
 51.7107
 73.9594
 73.9594
 57.4456
 59.3296
 46.2277
 23.8956
 67.3424
 67.3424
 40.8044
 47.8748
 16.9706
 60.6795
 60.6795
 73.9594
 78.0641
 28.9828
 36.6197
 8.48528
 44.643
 44.643
 44.643
 39
 14.3178
 1.41421
 20.2731
 20.2731
 20.2731
 29.2404
 4.79583
 9.94987
 16.0312
 28.5657
 10.2956
 3
 17.1756
 17.1756
 17.1756
 11.9583
 26.8142
 15.748
 0
 0
 18.1384
 21.9317
 6.16441
 0
 0
 0
 0
 0
 0
 0
 0
 0
 0
 3.16228
 15.2971
 0
 5
 5
 1.41421
 0
 0
 0
 0
 0
 0
 0
 0
 0
 0
 9.27362
 5
 0
 0
 0
 0
 0
 0
 5.56776
 3.4641
 3.4641
 3.4641
 3.4641
 3.4641
 5.19615
 3
 3.4641
 3.4641
 3.4641
 3.4641
 3.4641
 2.82843
 0
 0
 0
 0
 0
 0
 0
 0
 5.2915
 5.2915
 5.2915
 5.2915
 5.2915
 0
 5.09902
 3
 3.87298
 3.60555
 3.60555
 3.60555
 3.60555
 3.60555
 5.38516
 3.16228
 6.08276
 6.08276
 6.08276
 6.08276
 6.08276
 3.74166
 5.65685
 3.31662
 3.31662
 3.31662
 3.31662
 3.31662
 6
 3.31662
 4.3589
 4.3589
 4.3589
 4.3589
 4.3589
 3.74166
 3.74166
 3.74166
 3.74166
 3.74166
 3.74166
 3.74166
 3.74166
 3.74166
 3.74166
 3.74166
 3.74166
 3.74166
 3.74166
 3.74166
 3.74166
 3.74166
 4.47214
 4.3589
 4.3589
 4.3589
 4.3589
 4.3589
 4.3589
 0
 0
 0
 0
 0
 0
 0
 0
 0
 0
 0
 0
 0
 0
 0
 0
 0
 0
 0
 0
 0
 0
 4
 0
 0
 0
 0
 0
 0
 0
 0
 0
 0
 0
 0
 0
 0
 0
 0
 9.64365
 5
 7.4162
 7.4162
 7.4162
 7.4162
 7.4162
 0
 0
 0
 0
 0
 0
 0
 0
 0
 0
 0
 0
 0
 0
 0
 0
 0
 6.63325
 6.63325
 6.63325
 6.63325
 6.63325
 6.63325
 6.63325
 6.63325
 6.63325
 6.63325
 6.63325
 6.63325
 6.63325
 6.63325
 6.63325
 6.63325
 6.63325
 3.60555
 3.60555
 3.60555
 3.60555
 3.60555
 4.89898
 2.82843
 2.82843
 2.82843
 2.82843
 2.82843
 0
 0
 0
 0
 0
 0
 3.60555
 2
 2.44949
 2.44949
 2.44949
 2.44949
 2.44949
 1.73205
 2
 2
 2
 2
 2
 1.41421
 0
 0
 0
 0
 0
 0
 0
 0
 0
 0
 0
 0
 0
 0
 0
 1
 1
 1
 1
 1
 0
 0
 0
 0
 0
 0
 0
 0
 0
 0
 0
 0
 0
 0
 0
 0
 0
 0
 0
 0
 0
 0
 0
 0
 0
 0
 0
 0
 0
 0
 0
 0
 0
 0
 0
 0
 0
 0
 0
 0
 0
 0
 0
 0
 0
 0
 0
 0
 0
 0
 0
 0
 0
 0
 0
 0
 0
 0
 0
 0
 0
 0
 0
 0
 0
 0
 0
 0
 0
 0
 0
 0
 0
 0
 0
 0
 0
 0
 0
 0
 0
 0
 0
 0
 0
 0
 0
 0
 0
 0
 0
 0
 0
 0
 0
 0
 0
 0
 0
 0
 0
 0
 0
 0
 0
 0
 0
 0
 0
 0
 0
 0
 0
 0
 0
 0
 0
 0
 0
 0
 0
 0
 0
 0
 0
 0
 0
 0
 0
 0
 0
 0
 0
 0
 0
 0
 0
 0
 0
 0
 0
 0
 0
 0
 0
 0
 0
 0
 0
 0
 0
 0
 0
 0
 0
 0
 0
 0
 0
 0
 0
 0
 0
 0
 0
 0
 0
 0
 0
 0
 0
 0
 0
 0
 0
 0
 0
 0
 0
 0
 0
 0
 0
 0
 0
 0
 0
 0
 0
 0
 0
 0
 0
 0
 0
 0
 0
 0
 0
 0
 0
 0
 0
 0
 0
 0
 0
 0
 0
 0
 0
 0
 0
 0
 0
 0
 0
 0
 0
 0
 0
 0
 0
 0
 0
 0
 0
 0
 0
 0
 0
 0
 0
 0
 0
 0
 0
 0
 0
 0
 0
 0
 0
 0
 0
 0
 0
 0
 0
 0
 0
 0
 0
 0
 0
 0
 0
 0
 0
 0
 0
 0
 0
 0
 0
 0
 0
 0
 0
 0
 0
 0
 0
 0
 0
 0
 0
 0
 0
 0
 0
 0
 0
 0
 0
 0
 0
 0
 0
 0
 32.2025
 13
 13
 13
 0
 0
 0
 0
 0
 0
 0
 0
 0
 1
 0
 0
 0
 0
 0
 0
 0
 0
 0
 0
 0
 0
 0
 0
 0
 0
 0
 0
 0
 0
 0
 0
 0
 0
 0
 0
 0
 0
 0
 0
 0
 0
 0
 0
 0
 0
 0
 0
 0
 0
 0
 0
 0
 0
 0
 0
 0
 0
 0
 0
 0
 0
 0
 0
 0
 0
 0
 0
 0
 0
 0
 0
 0
 0
 0
 0
 0
 0
 0
 0
 0
 0
 0
 0
 0
 0
 0
 0
 0
 0
 0
 0
 0
 0
 0
 0
 0
 0
 0
 0
 0
 0
 0
 0
 0
 0
 0
 0
 0
 0
 0
 0
 0
 0
 0
 0
 0
 0
 0
 0
 0
 0
 0
 0
 0
 0
 0
 0
 0
 0
 0
 0
 0
 0
 0
 0
 0
 0
 0
 0
 0
 0
 0
 0
 0
 0
 0
 0
 0
 0
 0
 0
 0
 0
 0
 0
 0
 0
 0
 0
 0
 0
 0
 0
 0
 0
 0
 0
 0
 0
 0
 0
 0
 0
 0
 0
 0
 0
 0
 0
 0
 0
 0
 0
 0
 0
 0
 0
 0
 0
 0
 0
 0
 0
 0
 0
 0
 0
 0
 0
 0
 0
 0
 0
 0
 0
 0
 0
 0
 0
 0
 0
