 51.9038
 0
 0
 0
 0
 0
 0
 0
 0
 0
 0
 0
 0
 0
 0
 0
 0
 0
 0
 0
 0
 0
 0
 0
 0
 0
 0
 0
 0
 0
 0
 0
 0
 0
 0
 0
 0
 0
 0
 0
 0
 0
 0
 42.5676
 42.5676
 69.1665
 103.053
 103.053
 85.7205
 71.2531
 87.1206
 55.2992
 55.2992
 80.9506
 36.3318
 36.3318
 54.7905
 72.5259
 106.616
 106.616
 78.4474
 38.833
 54.1018
 89.4763
 75.4321
 109.439
 75.3857
 110.521
 78.3518
 93.5788
 58.9746
 73.4983
 97.8519
 114.412
 79.2212
 58.2323
 73.171
 59.8164
 95.4568
 113.789
 80.5729
 71.9792
 40.4846
 35.4824
 35.4824
 63.0079
 81.3818
 114.42
 71.3512
 36.1663
 32.1403
 32.1403
 64.7765
 84.6345
 116.872
 67.8749
 31.9061
 30.3974
 30.3974
 30.3974
 30.3974
 68.7459
 63.4665
 93.1773
 69.2532
 108.77
 122.874
 122.874
 124.443
 109.895
 95.64
 69.5773
 65.0231
 32.8024
 64.2184
 83.5165
 97.1802
 114.315
 69.491
 95.7183
 63.0079
 82.6741
 115.308
 102.494
 67.513
 86.8101
 120.524
 120.524
 107.624
 92.2605
 123.794
 123.794
 107.587
 91.6733
 69.282
 69.282
 59.8331
 29.0345
 67.7569
 67.7569
 106.921
 91.2688
 91.2688
 104.862
 90.7579
 67.7052
 116.086
 116.086
 116.086
 86.954
 117.218
 106.995
 68.8331
 116.996
 104.005
 90.8735
 67.4018
 67.4018
 90.824
 101.912
 62.8729
 62.8729
 98.5596
 86.1742
 62.0886
 36.428
 36.428
 36.428
 68.7386
 86.1917
 48.4045
 37.8814
 37.8814
 37.8814
 37.8814
 86.0058
 68.6076
 98.5546
 88.1419
 113.587
 66.6633
 83.7795
 94.8789
 82.8432
 61.8789
 100.851
 89.202
 58.2924
 76.0066
 97.1648
 55.8749
 57.4456
 83.6959
 71.5402
 51.3323
 88.0114
 64.0156
 63.5453
 74.6324
 44.2267
 79.555
 73.7021
 98.8484
 78.0641
 57.8792
 64.1327
 37.229
 66.5132
 104.542
 89.4092
 62.2896
 47.3075
 25.02
 47.8644
 47.8644
 47.8644
 52.259
 18.8414
 38.1576
 43.6921
 49.6689
 35.8887
 25.9422
 41.4246
 41.4246
 41.4246
 38.2623
 50.3786
 42.2847
 27.6586
 27.6586
 46.3897
 47.3181
 34.1028
 0
 0
 0
 0
 0
 0
 0
 0
 0
 0
 28.3019
 13.8924
 29.6142
 32.6037
 32.6037
 24.7992
 26
 26
 26
 0
 0
 0
 0
 0
 0
 0
 0
 0
 0
 0
 0
 0
 0
 0
 0
 3.4641
 3.4641
 3.4641
 3.4641
 53.1319
 53.1319
 53.1319
 3.4641
 3.4641
 3.4641
 3.4641
 3.4641
 3.4641
 3.4641
 0
 0
 0
 0
 0
 0
 0
 5.2915
 5.2915
 5.2915
 5.2915
 5.2915
 5.2915
 5.2915
 5.2915
 3.87298
 3.60555
 3.60555
 3.60555
 52.2207
 52.2207
 52.2207
 52.2207
 6.08276
 6.08276
 6.08276
 6.08276
 6.08276
 6.08276
 6.08276
 3.31662
 3.31662
 3.31662
 3.31662
 3.31662
 3.31662
 3.31662
 4.3589
 4.3589
 52.0384
 52.0384
 52.0384
 52.0384
 54.4702
 54.4702
 54.4702
 54.4702
 54.4702
 54.4702
 54.4702
 54.8726
 50.1099
 50.1099
 50.1099
 50.1099
 50.9019
 50.9019
 50.9019
 50.9019
 50.9019
 4.3589
 4.3589
 53.9722
 53.9722
 53.9722
 53.9722
 53.9722
 53.9722
 47.2864
 47.2864
 47.2864
 47.2864
 47.2864
 47.2864
 47.2864
 45.6399
 45.6399
 45.6399
 45.6399
 45.6399
 50.8527
 50.8527
 50.8527
 50.8527
 50.8527
 50.8527
 50.8527
 51.7107
 51.7107
 51.7107
 51.7107
 54.2586
 54.2586
 54.2586
 54.2586
 54.2586
 54.2586
 54.2586
 54.2586
 54.2586
 54.2586
 58.8473
 58.8473
 58.8473
 58.8473
 58.8473
 58.8473
 58.8473
 58.4466
 58.4466
 58.4466
 58.4466
 58.4466
 58.4466
 58.4466
 58.4466
 54.7996
 54.7996
 54.7996
 54.7996
 61.563
 61.563
 61.563
 61.563
 65.2227
 65.2227
 65.2227
 65.2227
 65.2227
 65.2227
 65.9848
 65.9848
 65.9848
 65.9848
 65.9848
 65.9848
 65.9848
 69.3758
 69.3758
 69.3758
 65.8863
 65.8863
 65.8863
 68.4763
 68.4763
 68.4763
 68.4763
 68.4763
 68.4763
 74.2428
 74.2428
 74.2428
 74.2428
 74.2428
 68.542
 68.542
 68.542
 68.542
 68.542
 69.8284
 69.8284
 69.8284
 69.8284
 69.8284
 69.8284
 69.8284
 69.8284
 69.8284
 69.8284
 73.6003
 73.6003
 73.6003
 73.2598
 73.2598
 73.2598
 73.2598
 73.2598
 73.2598
 73.2598
 72.6774
 72.6774
 72.6774
 72.6774
 72.6774
 74.2563
 74.2563
 74.2563
 74.2563
 74.2563
 74.2563
 74.2563
 76.361
 76.361
 76.361
 76.361
 76.361
 76.3741
 76.3741
 79
 79
 79
 79
 79.1202
 79.1202
 79.1202
 79.1202
 80.9135
 80.9135
 80.9135
 80.9135
 80.9135
 80.9135
 85.1998
 85.1998
 85.1998
 85.1998
 85.1998
 87.0976
 90.5594
 90.5594
 90.5594
 90.5594
 94.3451
 133.477
 153.48
 153.48
 153.48
 161.889
 161.889
 161.889
 162.89
 162.89
 162.89
 162.89
 162.89
 162.89
 162.89
 162.89
 162.89
 167.532
 167.532
 167.532
 167.985
 167.985
 167.985
 167.985
 167.985
 167.985
 168.071
 168.071
 168.071
 168.071
 168.071
 168.071
 165.309
 165.309
 165.309
 165.309
 165.309
 165.309
 166.175
 166.175
 166.175
 166.175
 166.175
 166.175
 166.175
 166.175
 161.91
 161.91
 161.91
 161.91
 161.91
 161.91
 165.535
 165.535
 165.535
 165.535
 169.765
 169.765
 169.765
 169.765
 169.765
 169.765
 169.765
 169.765
 169.765
 169.765
 169.765
 169.765
 177.533
 177.533
 177.533
 177.533
 183.701
 183.701
 183.701
 183.701
 183.701
 183.701
 183.701
 183.701
 183.701
 183.701
 183.701
 191.079
 191.079
 191.079
 191.079
 191.079
 191.079
 191.079
 194.139
 194.139
 198.514
 198.514
 198.514
 198.514
 198.514
 198.514
 198.514
 198.514
 202.012
 202.012
 202.012
 202.012
 202.012
 202.012
 202.012
 202.012
 202.012
 202.012
 202.012
 202.012
 202.012
 202.012
 202.012
 202.012
 202.012
 202.012
 203.801
 203.801
 203.801
 204.201
 204.201
 204.201
 204.201
 204.201
 204.201
 204.201
 204.201
 204.201
 204.201
 204.201
 204.201
 204.201
 204.201
 199.575
 200.285
 200.285
 200.285
 200.285
 200.285
 200.285
 200.285
 200.285
 200.285
 200.285
 200.285
 200.285
 200.285
 200.285
 203.804
 203.804
 203.804
 200.93
 200.93
 200.93
 200.93
 200.93
 200.93
 200.93
 200.93
 200.93
 200.93
 200.93
 200.93
 201.534
 201.534
 198.368
 198.368
 198.368
 198.368
 198.368
 198.368
 198.368
 198.368
 203.747
 203.747
 203.747
 203.747
 253.632
 253.632
 253.632
 253.632
 253.632
 253.632
 253.632
 253.632
 253.632
 253.632
 253.632
 253.632
 253.632
 253.632
 253.632
 247.132
 247.132
 247.132
 247.132
 247.132
 247.132
 247.132
 247.132
 240.185
 240.185
 240.185
 243.356
 243.356
 243.356
 243.356
 243.356
 243.356
 243.356
 243.356
 243.356
 239.474
 239.474
 240.316
 240.316
 240.316
 240.316
 240.316
 240.316
 240.316
 240.316
 240.316
 240.316
 240.316
 240.316
 240.316
 239.522
 239.522
 239.522
 239.522
 239.522
 239.522
 239.522
 239.522
 239.522
 239.522
 239.522
 239.522
 239.522
 239.522
 239.522
 239.522
 239.522
 239.522
 239.522
 239.522
 239.522
 225.564
 225.564
 225.564
 225.564
 225.564
 225.564
 225.564
 225.564
 225.564
 225.564
 225.564
 225.564
 225.564
 225.564
 214.327
 214.327
 214.327
 216.382
 216.382
 216.382
 216.382
 216.382
 216.382
 216.382
 216.382
 216.382
 216.382
 216.382
 216.382
 216.382
 216.382
 216.382
 216.382
 216.382
 216.382
 216.382
 216.382
 216.382
 219.442
 219.442
 219.442
 219.442
 219.442
 219.442
 218.534
 218.534
 218.566
 218.566
 218.566
 218.566
 218.566
 218.566
 218.566
 219.397
 218.522
 218.522
 218.522
 218.522
 213.392
 213.392
 163.469
 163.469
 163.469
 163.469
 163.469
 163.469
 163.469
 163.469
 163.469
 163.469
 163.469
 163.469
 119.055
 119.055
 161.7
 161.7
 161.7
 160.714
 160.714
 116.67
 116.67
 158.155
 158.155
 158.155
 113.987
 156.99
 156.99
 115.209
 158.351
 205.825
 160.084
 204.898
 204.898
 161.406
 204.507
 204.507
 156.573
 205.504
 205.504
 210.2
 210.2
 210.2
 211.41
 211.41
 211.41
 163.129
 129.402
 129.402
 134.674
 134.674
 165.185
 165.185
 133.75
 133.75
 163.441
 163.441
 135.473
 135.473
 163.472
 134.815
 164.335
 212.087
 169.564
 141.827
 141.827
 141.827
 170.408
 142.895
 175.582
 219.349
 219.349
 221.905
 177.406
 155.987
 182.472
 226.879
 226.879
 184.451
 165.876
 165.876
 171.942
 171.942
 193.825
 177.753
 177.753
 198.713
 182.406
 182.406
 182.406
 182.406
 185.922
 185.922
 212.226
 197.727
 197.727
 197.727
 197.727
 197.727
 205.845
 205.845
 212
 260.123
 217.157
 217.157
 217.157
 217.157
 217.157
 222.311
 259.958
 217.947
 219.043
 219.043
 219.043
 224.544
 261.002
 221.551
 262.62
 225.823
 226.938
 265.665
 223.15
 223.15
 223.15
 223.15
 223.15
 223.15
 223.15
 263.446
 259.94
 245.691
 231.696
 265.338
 230.335
 236.434
 226.857
 226.857
 226.857
 226.857
 226.857
 226.857
 226.857
 266.663
 245.583
 251.847
 251.847
 239.708
 239.708
 246.146
 256.203
 279.829
 251.334
 281.285
 260.645
 253.344
 287.106
 262.791
 257.354
 270.638
 287.983
 274.15
 288.763
 256.035
 260.739
 281.165
 290.477
 263.553
 289.557
 281.957
 266.815
 285.459
 294.788
