 58.2666
 0
 0
 0
 0
 0
 0
 0
 0
 0
 0
 0
 0
 0
 0
 49.2443
 46.4973
 64.3351
 46.1844
 64.3428
 86.151
 62.857
 43.4741
 43.6005
 58.9915
 86.9598
 43.6692
 77.3628
 57
 42.8019
 60.1082
 70.8308
 38.8973
 53.8981
 80.7713
 47.7703
 46.0326
 84.4867
 48.6518
 80.3679
 64.6452
 67.4166
 50.07
 40.9023
 42.8019
 49.6085
 87.8863
 38.1707
 71.617
 52.4214
 73.3621
 30.4467
 40.2865
 40.1373
 36.3318
 70.1142
 31.9374
 56.3915
 93.5788
 93.5788
 93.5788
 93.5788
 93.5788
 74.2563
 57.4021
 96.933
 96.933
 99.106
 60.1498
 78.8987
 39.6863
 35.0999
 76.1643
 95.9062
 61.6441
 36.9188
 36.2629
 38.833
 77.5564
 88.2043
 65.8407
 84.6936
 35.5246
 35.4824
 77.9808
 40.6202
 64.3351
 91.7823
 91.7823
 91.7823
 91.7823
 85.0294
 41.9285
 67.8012
 99.5188
 99.5188
 99.5188
 99.5188
 85.7963
 69.9357
 103.465
 103.465
 103.465
 72.0833
 46.6583
 91.3893
 106.363
 106.363
 106.363
 88.4534
 73.1232
 46.0869
 30.7571
 30.7571
 43.4511
 65.4599
 79.5173
 103.141
 103.141
 78.3135
 34.6266
 67.1863
 32.3574
 82.2435
 43.6348
 69.5414
 110.72
 110.72
 85.8312
 73.3485
 106.433
 106.433
 87.909
 70.214
 47.5395
 47.5395
 27.8927
 29.0345
 45.0222
 45.0222
 87.2009
 73.9459
 30.5941
 30.5941
 73.1915
 46.1411
 46.1411
 31.9844
 30.5941
 71.5262
 103.388
 85.1763
 45.1221
 45.1221
 79.7057
 68.1836
 42.2966
 42.2966
 67.7052
 79.8561
 41.1825
 35.2987
 75.6835
 65.146
 37.4967
 37.4967
 37.4967
 76.2955
 43.6005
 66.8655
 36
 36
 76.7333
 98.2751
 67.5426
 37.1483
 44.6766
 75.1997
 66.7608
 97.0464
 97.0464
 97.0464
 71.4353
 61.7738
 36.9865
 85.0706
 66.9328
 30.05
 57.8446
 79.5236
 55.8749
 55.8749
 61.6441
 52.7162
 26.1343
 71.9931
 71.9931
 47.3392
 52.5167
 18.412
 63.7574
 63.7574
 73.9594
 78.0641
 32.7872
 40.5216
 8.77496
 49.4166
 88.6172
 88.6172
 40.4475
 19.2354
 0
 24.4131
 24.4131
 24.4131
 32.665
 3.16228
 14.0357
 17.6352
 33.6452
 14.3875
 6.32456
 22.2711
 22.2711
 22.2711
 15.3623
 31.0161
 19.0788
 1
 1
 20.6882
 23.622
 10.3923
 0
 0
 0
 0
 0
 0
 0
 0
 0
 0
 4.89898
 9.11043
 4.69042
 6.9282
 6.9282
 2.44949
 4.24264
 4.24264
 4.24264
 0
 0
 0
 0
 0
 0
 0
 9.27362
 5
 0
 0
 0
 0
 0
 0
 5.56776
 3.4641
 3.4641
 3.4641
 3.4641
 3.4641
 5.19615
 3
 3.4641
 3.4641
 3.4641
 3.4641
 3.4641
 2.82843
 0
 0
 0
 0
 0
 0
 0
 0
 5.2915
 5.2915
 5.2915
 5.2915
 5.2915
 0
 5.09902
 3
 3.87298
 3.60555
 3.60555
 3.60555
 3.60555
 3.60555
 5.38516
 3.16228
 6.08276
 6.08276
 6.08276
 6.08276
 6.08276
 3.74166
 5.65685
 3.31662
 3.31662
 3.31662
 3.31662
 3.31662
 6
 3.31662
 4.3589
 4.3589
 4.3589
 4.3589
 4.3589
 3.74166
 3.74166
 3.74166
 3.74166
 3.74166
 3.74166
 3.74166
 3.74166
 3.74166
 3.74166
 3.74166
 3.74166
 3.74166
 3.74166
 3.74166
 3.74166
 3.74166
 4.47214
 4.3589
 4.3589
 4.3589
 4.3589
 4.3589
 0
 0
 0
 0
 0
 0
 0
 0
 0
 0
 0
 0
 0
 0
 0
 0
 0
 0
 0
 0
 0
 0
 0
 0
 0
 0
 0
 0
 0
 0
 0
 0
 0
 0
 0
 0
 0
 0
 0
 0
 9.64365
 5
 7.4162
 7.4162
 7.4162
 7.4162
 7.4162
 0
 0
 0
 0
 0
 0
 0
 0
 0
 0
 0
 0
 0
 0
 0
 0
 0
 6.63325
 6.63325
 6.63325
 6.63325
 6.63325
 6.63325
 6.63325
 6.63325
 6.63325
 6.63325
 6.63325
 6.63325
 6.63325
 6.63325
 6.63325
 6.63325
 6.63325
 3.60555
 3.60555
 3.60555
 3.60555
 3.60555
 4.89898
 2.82843
 2.82843
 2.82843
 2.82843
 2.82843
 0
 0
 0
 0
 0
 0
 3.60555
 2
 2.44949
 2.44949
 2.44949
 2.44949
 2.44949
 1.73205
 2
 2
 2
 2
 2
 1.41421
 0
 0
 0
 0
 0
 0
 0
 0
 0
 0
 0
 0
 0
 0
 0
 1
 1
 1
 1
 1
 0
 0
 0
 0
 0
 0
 0
 0
 0
 0
 0
 0
 0
 0
 0
 0
 0
 0
 0
 0
 0
 0
 0
 0
 0
 0
 0
 0
 0
 0
 0
 0
 0
 0
 0
 0
 0
 0
 0
 0
 0
 0
 0
 0
 0
 0
 0
 0
 0
 0
 0
 0
 0
 0
 0
 0
 0
 0
 0
 0
 0
 0
 0
 0
 0
 0
 0
 0
 0
 0
 0
 0
 0
 0
 0
 0
 0
 0
 0
 0
 0
 0
 0
 0
 0
 0
 0
 0
 0
 0
 0
 0
 0
 0
 0
 0
 0
 0
 0
 0
 0
 0
 0
 0
 0
 0
 0
 0
 0
 0
 0
 0
 0
 0
 0
 0
 0
 0
 0
 0
 0
 0
 0
 0
 0
 0
 0
 0
 0
 0
 0
 0
 0
 0
 0
 0
 0
 0
 0
 0
 0
 0
 0
 0
 0
 0
 0
 0
 0
 0
 0
 0
 0
 0
 0
 0
 0
 0
 0
 0
 0
 0
 0
 0
 0
 0
 0
 0
 0
 0
 0
 0
 0
 0
 0
 0
 0
 0
 0
 0
 0
 0
 0
 0
 0
 0
 0
 0
 0
 0
 0
 0
 0
 0
 0
 0
 0
 0
 0
 0
 0
 0
 0
 0
 0
 0
 0
 0
 0
 0
 0
 0
 0
 0
 0
 0
 0
 0
 0
 0
 0
 0
 0
 0
 0
 0
 0
 0
 0
 0
 0
 0
 0
 0
 0
 0
 0
 0
 0
 0
 0
 0
 0
 0
 0
 0
 0
 0
 0
 0
 0
 0
 0
 0
 0
 0
 0
 0
 0
 0
 0
 0
 0
 0
 0
 0
 0
 0
 0
 0
 0
 0
 0
 0
 0
 0
 0
 0
 0
 0
 0
 0
 0
 0
 0
 0
 0
 0
 0
 0
 32.2025
 12.9615
 12.9615
 0
 0
 0
 0
 0
 0
 0
 0
 0
 0
 1
 0
 0
 0
 0
 0
 0
 0
 0
 0
 0
 0
 0
 0
 0
 0
 0
 0
 0
 0
 0
 0
 0
 0
 0
 0
 0
 0
 0
 0
 0
 0
 0
 0
 0
 0
 0
 0
 0
 0
 0
 0
 0
 0
 0
 0
 0
 0
 0
 0
 0
 0
 0
 0
 0
 0
 0
 0
 0
 0
 0
 0
 0
 0
 0
 0
 0
 0
 0
 0
 0
 0
 0
 0
 0
 0
 0
 0
 0
 0
 0
 0
 0
 1
 1
 1
 1
 0
 0
 0
 0
 0
 0
 0
 0
 0
 0
 0
 0
 0
 0
 0
 0
 0
 0
 0
 0
 0
 0
 0
 0
 0
 0
 0
 0
 0
 0
 0
 0
 0
 0
 0
 0
 0
 0
 0
 0
 0
 0
 0
 0
 0
 0
 0
 0
 0
 0
 0
 0
 0
 0
 0
 0
 0
 0
 0
 0
 0
 0
 0
 0
 0
 0
 0
 0
 0
 0
 0
 0
 0
 0
 0
 0
 0
 0
 0
 0
 0
 0
 0
 0
 0
 0
 0
 0
 0
 0
 0
 0
 0
 0
 0
 0
 0
 0
 0
 0
 0
 0
 0
 0
 0
 0
 0
 0
 0
 0
 0
 0
 0
 0
 0
 0
