 54.6168
 0
 0
 0
 0
 0
 0
 0
 0
 0
 0
 0
 0
 0
 0
 0
 0
 0
 0
 0
 0
 0
 49.4368
 44.9222
 63.773
 83.3607
 38.5487
 79.3725
 58.9746
 38.6394
 65.8407
 77.8653
 38.1838
 58.4637
 79.2275
 59.7411
 41.5812
 82.7526
 49.051
 82.4742
 64.923
 69.3181
 51.4296
 27.4955
 27.4955
 53.3573
 89.5265
 89.5265
 68.6222
 54.3323
 71.211
 35.0143
 35.0143
 40.1373
 36.3318
 74.6927
 33.8231
 56.3649
 90.1443
 90.1443
 90.1443
 90.1443
 90.1443
 77.8267
 58.6003
 92.9839
 94.0213
 92.4932
 59.95
 81.4923
 41.9166
 90.4434
 84.4512
 98.9848
 62.145
 41.1947
 88.7863
 43.6005
 81.7863
 94.3928
 63.3088
 85.8836
 85.8836
 85.8836
 80.9074
 44.7772
 65.7039
 96.7368
 81.8963
 32.5423
 32.1403
 32.1403
 46.5618
 67.9706
 100.374
 78.3773
 29.9833
 30.3974
 30.3974
 71.624
 103.508
 103.508
 72.9657
 73.1642
 49.2138
 87.8465
 109.417
 70.0143
 109.741
 88.9663
 74.2226
 49.7896
 74.6525
 101.326
 101.326
 66.174
 82.4075
 97.6012
 97.6012
 83.7019
 44.3283
 66.0227
 101.449
 86.862
 43.795
 69.5629
 104.637
 104.637
 91.8586
 73.5255
 106.419
 106.419
 92.2605
 67.7495
 49.2341
 49.2341
 27.8927
 29.0345
 49.2747
 49.2747
 89.1516
 73.3894
 30.5941
 30.5941
 73.6953
 49.5278
 49.5278
 31.9844
 30.5941
 73.253
 102.44
 85.0529
 48.5592
 48.5592
 83.9643
 72.0555
 49.2747
 49.2747
 70.4982
 82.7103
 42.2019
 42.2019
 80.8084
 66.9179
 39.4081
 39.4081
 39.4081
 81.8291
 43.9659
 67.1491
 29.6648
 29.6648
 29.6648
 29.6648
 68.4032
 109.22
 109.22
 81.9512
 66.8954
 92.5365
 92.5365
 108.49
 77.7882
 61.5873
 38.8072
 80.2247
 70.7884
 35.3129
 54.4151
 75.743
 75.743
 75.743
 63
 53.0377
 30.8707
 73.0274
 73.0274
 47.6025
 53
 24.1039
 63.7574
 63.7574
 73.9594
 78.0641
 38.7169
 41.7493
 14.0712
 50.1697
 50.1697
 50.1697
 45.3211
 26.9072
 3
 25.9037
 25.9037
 25.9037
 33.9264
 1.73205
 19.8746
 24.4131
 29.8831
 16.7929
 2.64575
 24.96
 24.96
 24.96
 19.5192
 29.9833
 24.3311
 0
 0
 26.6833
 24.3516
 12.9615
 0
 0
 0
 0
 0
 0
 0
 0
 0
 0
 11.0454
 8.24621
 8.24621
 10.4881
 10.4881
 7.93725
 6
 0
 0
 0
 0
 0
 0
 0
 0
 0
 0
 0
 0
 0
 0
 0
 0
 0
 0
 0
 0
 0
 0
 0
 0
 0
 0
 0
 0
 0
 0
 0
 0
 0
 0
 0
 0
 0
 0
 0
 0
 0
 0
 0
 0
 0
 0
 0
 0
 0
 0
 0
 0
 0
 0
 0
 0
 0
 0
 0
 0
 0
 0
 0
 0
 0
 0
 0
 0
 0
 0
 0
 0
 0
 0
 0
 0
 0
 0
 0
 0
 0
 0
 0
 0
 0
 0
 0
 0
 0
 0
 0
 0
 0
 0
 0
 0
 0
 0
 0
 0
 0
 0
 0
 0
 0
 0
 0
 0
 0
 0
 0
 0
 0
 0
 0
 0
 0
 0
 0
 0
 0
 0
 0
 0
 0
 0
 0
 0
 0
 0
 0
 0
 0
 0
 0
 0
 0
 0
 0
 0
 0
 0
 0
 0
 0
 0
 0
 0
 0
 0
 0
 0
 0
 0
 0
 0
 0
 0
 0
 0
 0
 0
 0
 0
 0
 0
 0
 0
 0
 0
 0
 0
 0
 0
 0
 0
 0
 0
 0
 0
 0
 0
 0
 0
 0
 0
 0
 0
 0
 0
 0
 0
 0
 0
 0
 0
 0
 0
 0
 0
 0
 0
 0
 0
 0
 0
 0
 0
 0
 0
 0
 0
 0
 0
 0
 0
 0
 0
 0
 0
 0
 0
 0
 0
 0
 0
 0
 0
 0
 0
 0
 0
 0
 0
 0
 0
 0
 0
 0
 0
 0
 0
 0
 0
 0
 0
 0
 0
 0
 0
 0
 0
 0
 0
 0
 0
 0
 0
 0
 0
 0
 0
 0
 0
 0
 0
 0
 0
 0
 0
 0
 0
 0
 0
 0
 0
 0
 0
 0
 0
 0
 0
 0
 0
 0
 0
 0
 0
 0
 0
 0
 0
 0
 0
 0
 0
 0
 0
 0
 0
 0
 0
 0
 0
 0
 0
 0
 0
 0
 0
 0
 0
 0
 0
 0
 0
 0
 0
 0
 0
 0
 0
 0
 0
 0
 0
 0
 0
 0
 0
 0
 0
 0
 0
 0
 0
 0
 0
 0
 0
 0
 0
 0
 0
 0
 0
 0
 0
 0
 0
 0
 0
 0
 0
 0
 0
 0
 0
 0
 0
 0
 0
 0
 0
 0
 0
 0
 0
 0
 0
 0
 0
 0
 0
 0
 0
 0
 0
 0
 0
 0
 0
 0
 0
 0
 0
 0
 0
 0
 0
 0
 0
 0
 0
 0
 0
 0
 0
 0
 0
 0
 0
 0
 0
 0
 0
 0
 0
 0
 0
 0
 0
 0
 0
 0
 0
 0
 0
 0
 0
 0
 0
 0
 0
 0
 0
 0
 0
 0
 0
 0
 0
 0
 0
 0
 0
 0
 0
 0
 0
 0
 0
 0
 0
 0
 0
 0
 0
 0
 0
 0
 0
 0
 0
 0
 0
 0
 0
 0
 0
 0
 0
 0
 0
 0
 0
 0
 0
 0
 0
 0
 0
 0
 0
 0
 0
 0
 0
 0
 0
 0
 0
 0
 0
 0
 0
 0
 0
 0
 0
 0
 0
 0
 0
 0
 0
 0
 0
 0
 0
 0
 0
 0
 0
 0
 0
 0
 0
 0
 0
 0
 0
 0
 0
 0
 0
 0
 0
 0
 0
 0
 0
 0
 0
 0
 0
 0
 0
 0
 0
 0
 0
 0
 0
 0
 0
 0
 0
 0
 0
 0
 0
 0
 0
 0
 0
 0
 0
 0
 0
 0
 0
 0
 0
 0
 0
 0
 0
 0
 0
 0
 0
 0
 0
 0
 0
 0
 0
 0
 0
 0
 0
 0
 0
 0
 0
 0
 0
 0
 0
 0
 0
 0
 0
 0
 0
 0
 0
 0
 0
 0
 0
 0
 0
 0
 0
 0
 0
 0
 0
 0
 0
 0
 0
 0
 0
 0
 0
 0
 0
 0
 0
 0
 0
 0
 0
 0
 0
 0
 0
 0
 0
 0
 0
 0
 0
 0
 0
 0
 0
 0
 0
 0
 0
 0
 0
 0
 0
 0
 0
 0
 0
 0
 0
 0
 0
 0
 0
 0
 0
 0
 0
 0
 0
 0
 0
 0
 0
 0
 0
 0
 0
 0
 0
 0
 0
 0
 0
 0
 0
 0
 0
 0
 0
 0
 0
 0
 0
 0
 0
 0
 0
 0
 0
 0
 0
 0
 0
 0
 0
 0
 0
 0
 0
 0
 0
 0
 0
 0
 0
 0
 0
 0
 0
 0
 0
 0
 0
 0
 0
 0
 0
 0
 0
 0
 0
 0
 0
 0
 0
 0
 0
 0
 0
 0
 0
 0
 0
 0
 0
 0
 0
 0
 0
 0
