 57.1664
 31.7805
 70.2709
 27.074
 63.1269
 61.8385
 60.0083
 49.4166
 74.4043
 54.6626
 52.8488
 35.0428
 49.6588
 67.4018
 38.2623
 47.8435
 46.0652
 39.8372
 45.5961
 64.1483
 40.2244
 40.8412
 41.9285
 41.9285
 57.7841
 85.0706
 40.0999
 46.7119
 48.6724
 39.2556
 59.7327
 69.3397
 37.3363
 53.7122
 78.8733
 47.7703
 45.6289
 42.5088
 48.6415
 40.4228
 42.4735
 65.9621
 50.05
 40.9023
 42.8019
 43.0233
 86.487
 38.1707
 41.5452
 40.1746
 72.5259
 29.2916
 40.2865
 40.1373
 36.3318
 69.0797
 39.7492
 55.0182
 40.0999
 39.7115
 38.8587
 38.833
 32.5883
 72.3878
 38.2099
 37.4433
 36.5513
 36.5513
 59.8999
 77.9166
 34.9428
 35.0999
 75.9408
 35.6511
 60.2744
 35.242
 36.2629
 37.7889
 75.8947
 86.6949
 62.6339
 35.8748
 35.5246
 35.4824
 76.8245
 39.1024
 63.3877
 89.7385
 89.7385
 89.7385
 89.7385
 81.9695
 41.5812
 67.6018
 31.1929
 31.209
 29.9833
 30.3974
 30.3974
 69.7065
 102.645
 102.645
 102.645
 70.739
 45.1221
 89.5377
 105.366
 105.366
 105.366
 87.2468
 87.2468
 45.8258
 30.7571
 30.7571
 32.7261
 64.0859
 77.846
 99.5791
 99.5791
 77.2917
 33.6006
 65.9773
 32.3574
 81.0494
 81.0494
 68.542
 109.005
 109.005
 84.8587
 70.6329
 105.114
 105.114
 86.9253
 61.7819
 26.4575
 26.4575
 27.8927
 29.0345
 42.4971
 42.4971
 86.0639
 73.7564
 30.5941
 30.5941
 73.0479
 44.6654
 44.6654
 31.9844
 30.5941
 69.5198
 102.289
 84.0238
 43.0233
 43.0233
 78.7083
 67.0671
 32.0156
 32.0156
 66.4379
 78.1345
 34.3948
 35.2987
 74.7128
 64.1639
 39.5095
 39.5095
 39.5095
 75.2861
 42.7434
 66.6558
 36
 36
 75.7298
 95.4882
 95.4882
 95.4882
 95.4882
 75.0467
 39.5474
 39.5474
 39.0768
 42.107
 71.0774
 59.8331
 48.2597
 83.7675
 66.5658
 29.0517
 56.8771
 78.4474
 55.8749
 55.8749
 61.4003
 51.6914
 24.1661
 71.0845
 64.0156
 66.4605
 51.4004
 17.4069
 63.7181
 63.7181
 73.9594
 78.0641
 31.8277
 37.8021
 7.68115
 47.634
 88.6172
 89.4092
 39.5348
 17.3205
 1.73205
 24.2281
 24.2281
 24.2281
 30.8221
 4.12311
 13.1149
 17.4069
 30.1662
 13.4536
 3.60555
 21.3776
 21.3776
 21.3776
 14.3875
 27.5318
 17.3494
 0
 0
 19.7737
 22.7156
 7.74597
 0
 0
 0
 0
 0
 0
 0
 0
 0
 0
 4.89898
 9.16515
 3
 6.08276
 6.08276
 1.73205
 0
 0
 0
 0
 0
 0
 0
 0
 0
 0
 9.27362
 5
 0
 0
 0
 0
 0
 0
 5.56776
 3.4641
 3.4641
 3.4641
 3.4641
 3.4641
 5.19615
 3
 3.4641
 3.4641
 3.4641
 3.4641
 3.4641
 2.82843
 0
 0
 0
 0
 0
 0
 0
 0
 5.2915
 5.2915
 5.2915
 5.2915
 5.2915
 0
 5.09902
 3
 3.87298
 3.60555
 3.60555
 3.60555
 3.60555
 3.60555
 5.38516
 3.16228
 6.08276
 6.08276
 6.08276
 6.08276
 6.08276
 3.74166
 5.65685
 3.31662
 3.31662
 3.31662
 3.31662
 3.31662
 6
 3.31662
 4.3589
 4.3589
 4.3589
 4.3589
 4.3589
 3.74166
 3.74166
 3.74166
 3.74166
 3.74166
 3.74166
 3.74166
 3.74166
 3.74166
 3.74166
 3.74166
 3.74166
 3.74166
 3.74166
 3.74166
 3.74166
 3.74166
 4.47214
 4.3589
 4.3589
 4.3589
 4.3589
 4.3589
 0
 0
 0
 0
 0
 0
 0
 0
 0
 0
 0
 0
 0
 0
 0
 0
 0
 0
 0
 0
 0
 0
 0
 4
 0
 0
 0
 0
 0
 0
 0
 0
 0
 0
 0
 0
 0
 0
 0
 0
 9.64365
 5
 7.4162
 7.4162
 7.4162
 7.4162
 7.4162
 0
 0
 0
 0
 0
 0
 0
 0
 0
 0
 0
 0
 0
 0
 0
 0
 0
 6.63325
 6.63325
 6.63325
 6.63325
 6.63325
 6.63325
 6.63325
 6.63325
 6.63325
 6.63325
 6.63325
 6.63325
 6.63325
 6.63325
 6.63325
 6.63325
 6.63325
 3.60555
 3.60555
 3.60555
 3.60555
 3.60555
 4.89898
 2.82843
 2.82843
 2.82843
 2.82843
 2.82843
 0
 0
 0
 0
 0
 0
 3.60555
 2
 2.44949
 2.44949
 2.44949
 2.44949
 2.44949
 1.73205
 2
 2
 2
 2
 2
 1.41421
 0
 0
 0
 0
 0
 0
 0
 0
 0
 0
 0
 0
 0
 0
 0
 1
 1
 1
 1
 1
 0
 0
 0
 0
 0
 0
 0
 0
 0
 0
 0
 0
 0
 0
 0
 0
 0
 0
 0
 0
 0
 0
 0
 0
 0
 0
 0
 0
 0
 0
 0
 0
 0
 0
 0
 0
 0
 0
 0
 0
 0
 0
 0
 0
 0
 0
 0
 0
 0
 0
 0
 0
 0
 0
 0
 0
 0
 0
 0
 0
 0
 0
 0
 0
 0
 0
 0
 0
 0
 0
 0
 0
 0
 0
 0
 0
 0
 0
 0
 0
 0
 0
 0
 0
 0
 0
 0
 0
 0
 0
 0
 0
 0
 0
 0
 0
 0
 0
 0
 0
 0
 0
 0
 0
 0
 0
 0
 0
 0
 0
 0
 0
 0
 0
 0
 0
 0
 0
 0
 0
 0
 0
 0
 0
 0
 0
 0
 0
 0
 0
 0
 0
 0
 0
 0
 0
 0
 0
 0
 0
 0
 0
 0
 0
 0
 0
 0
 0
 0
 0
 0
 0
 0
 0
 0
 0
 0
 0
 0
 0
 0
 0
 0
 0
 0
 0
 0
 0
 0
 0
 0
 0
 0
 0
 0
 0
 0
 0
 0
 0
 0
 0
 0
 0
 0
 0
 0
 0
 0
 0
 0
 0
 0
 0
 0
 0
 0
 0
 0
 0
 0
 0
 0
 0
 0
 0
 0
 0
 0
 0
 0
 0
 0
 0
 0
 0
 0
 0
 0
 0
 0
 0
 0
 0
 0
 0
 0
 0
 0
 0
 0
 0
 0
 0
 0
 0
 0
 0
 0
 0
 0
 0
 0
 0
 0
 0
 0
 0
 0
 0
 0
 0
 0
 0
 0
 0
 0
 0
 0
 0
 0
 0
 0
 0
 0
 0
 0
 0
 0
 0
 0
 0
 0
 0
 0
 0
 0
 0
 0
 0
 0
 0
 0
 0
 0
 0
 0
 0
 0
 0
 31.3209
 13.8203
 13.8203
 0
 0
 0
 0
 0
 0
 0
 0
 0
 0
 1
 0
 0
 0
 0
 0
 0
 0
 0
 0
 0
 0
 0
 0
 0
 0
 0
 0
 0
 0
 0
 0
 0
 0
 0
 0
 0
 0
 0
 0
 0
 0
 0
 0
 0
 0
 0
 0
 0
 0
 0
 0
 0
 0
 0
 0
 0
 0
 0
 1
 1
 1
 0
 1
 0
 0
 0
 0
 0
 0
 0
 0
 0
 0
 0
 0
 0
 0
 0
 0
 0
 1
 0
 0
 0
 0
 0
 0
 0
 0
 1
 1
 1
 1
 1
 1
 1
 0
 0
 0
 0
 0
 0
 0
 0
 0
 0
 1
 0
 0
 0
 0
 0
 0
 1
 1
 1
 1
 1
 1
 1
 1
 0
 0
 1
 0
 0
 2
 2
 0
 0
 0
 0
 0
 0
 0
 0
 0
 0
 0
 0
 0
 1
 1
 1
 0
 0
 0
 0
 0
 0
 0
 0
 0
 0
 0
 0
 0
 0
 0
 0
 0
 1
 0
 0
 0
 0
 0
 0
 0
 0
 0
 0
 0
 0
 0
 0
 0
 0
 0
 0
 0
 0
 0
 0
 0
 0
 0
 0
 0
 0
 1
 1
 0
 1
 0
 1
 0
 1
 0
 1
 0
 1
 1
 0
 0
 1
 0
 0
 1
 1
 0
 1
