 57.576
 0
 0
 0
 0
 0
 0
 49.5177
 28.0179
 52.7352
 50.3587
 35.0428
 49.99
 67.0969
 62.9524
 48.5489
 45.6618
 63.4902
 45.5302
 64.304
 86.1452
 62.1852
 42.8135
 42.107
 58.1378
 84.5931
 40.2989
 76.5245
 56.3649
 40.4475
 60.4483
 69.9786
 37.2022
 49.5278
 79.8812
 47.7703
 44.317
 83.7974
 46.7974
 79.7308
 64.622
 65.7799
 49.366
 40.9023
 42.8019
 47.2335
 87.0345
 38.1707
 69.7711
 50.0799
 70.8237
 29.5973
 40.2865
 40.1373
 36.3318
 69.2243
 29.5973
 54.909
 40.0999
 39.7115
 38.8587
 38.833
 32.5883
 71.7217
 56.7098
 37.4433
 36.5513
 36.5513
 60.4318
 75.5314
 37.1349
 35.0999
 75.2928
 95.0368
 60.0999
 35.2278
 36.2629
 36.3318
 75.8947
 87.3441
 63.4429
 35.8748
 35.5246
 35.4824
 77.1298
 38.9487
 63.4744
 90.9285
 90.9285
 90.9285
 90.9285
 82.6378
 40.9268
 66.9627
 99.6544
 99.6544
 99.6544
 99.6544
 83.6122
 69.0652
 102.83
 102.83
 102.83
 71.3863
 46.7547
 88.1873
 105.679
 105.679
 105.679
 87.5842
 70.7743
 45.3982
 30.7571
 30.7571
 41.7253
 63.8984
 77.8396
 102.435
 102.435
 77.4209
 33.8821
 66.5056
 32.3574
 80.5357
 42.7785
 67
 109.859
 109.859
 85.1411
 70.0857
 105.887
 105.887
 87.2181
 66.9403
 45.8039
 93.8563
 93.8563
 93.8563
 93.8563
 104.24
 86.4928
 71.4143
 30.5941
 30.5941
 70.6399
 42.9069
 42.9069
 31.9844
 30.5941
 68.1175
 102.713
 83.5883
 43.5546
 43.5546
 78.962
 67.2904
 41.8569
 41.8569
 66.1665
 77.2852
 40.3361
 35.2987
 73.9865
 64.3817
 36.0139
 36.0139
 36.0139
 75.4122
 42.7317
 66.1135
 36
 36
 75.9408
 95.373
 66.7832
 37.1483
 43.9431
 74.4245
 65.1383
 95.3153
 95.3153
 95.3153
 70.6187
 58.3438
 34.4093
 84.3919
 66.242
 29.1548
 54.5344
 78.7401
 55.8749
 55.8749
 60.7701
 49.3862
 24.5967
 71.1126
 71.1126
 45.6837
 50.04
 16.8819
 62.8808
 62.8808
 73.9594
 78.0641
 31.1288
 37.0675
 84.4334
 46.9042
 88.6172
 88.6172
 39.5727
 15.0333
 1.41421
 21.9089
 21.9089
 21.9089
 30.1496
 4
 12.2882
 16.7929
 31.1127
 13.4907
 4.69042
 18.7883
 18.7883
 18.7883
 14.4914
 27.5862
 17.3205
 0
 0
 19
 22.7376
 6.9282
 0
 0
 0
 0
 0
 0
 0
 0
 0
 0
 4
 11.7473
 2
 5.19615
 5.19615
 1.41421
 1.41421
 1.41421
 1.41421
 0
 0
 0
 0
 0
 0
 0
 0
 0
 0
 0
 0
 0
 0
 0
 0
 0
 0
 0
 0
 0
 0
 0
 0
 0
 0
 0
 0
 0
 8.42615
 0
 0
 0
 0
 0
 7.74597
 0
 0
 0
 0
 0
 0
 0
 0
 0
 0
 0
 0
 0
 0
 0
 0
 0
 0
 0
 0
 0
 0
 0
 9.59166
 0
 0
 0
 0
 0
 10.198
 0
 10.4881
 10.4881
 10.4881
 10.4881
 10.4881
 0
 0
 0
 0
 0
 0
 0
 0
 0
 0
 0
 0
 0
 0
 0
 0
 0
 0
 0
 0
 0
 0
 0
 0
 0
 0
 0
 0
 0
 0
 0
 0
 0
 0
 0
 0
 0
 0
 0
 0
 0
 0
 0
 0
 0
 0
 0
 0
 0
 0
 0
 0
 0
 0
 0
 0
 0
 0
 0
 0
 0
 0
 0
 0
 0
 0
 0
 0
 0
 0
 0
 0
 0
 0
 0
 0
 0
 0
 0
 0
 0
 0
 0
 0
 0
 0
 0
 0
 0
 0
 0
 0
 0
 0
 0
 0
 0
 0
 0
 0
 0
 0
 0
 0
 0
 0
 0
 0
 0
 0
 0
 0
 0
 0
 0
 0
 0
 0
 0
 0
 0
 0
 0
 0
 0
 0
 0
 0
 0
 0
 0
 0
 0
 0
 0
 0
 0
 0
 0
 0
 0
 0
 0
 0
 0
 0
 0
 0
 0
 0
 0
 0
 0
 0
 0
 0
 0
 0
 0
 0
 0
 0
 0
 0
 0
 0
 0
 0
 0
 0
 0
 0
 0
 0
 0
 0
 0
 0
 0
 0
 0
 0
 0
 0
 0
 0
 0
 0
 0
 0
 0
 0
 0
 0
 0
 0
 0
 0
 0
 0
 0
 0
 0
 0
 0
 0
 0
 0
 0
 0
 0
 0
 0
 0
 0
 0
 0
 0
 0
 0
 0
 0
 0
 0
 0
 0
 0
 0
 0
 0
 0
 0
 0
 0
 0
 0
 0
 0
 0
 0
 0
 0
 0
 0
 0
 0
 0
 0
 0
 0
 0
 0
 0
 0
 0
 0
 0
 0
 0
 0
 0
 0
 0
 0
 0
 0
 0
 0
 0
 0
 0
 24.4949
 44.3396
 12
 12
 23.1733
 42.4735
 14.2829
 61.1228
 19.8997
 38.9487
 15.6205
 61.0983
 14.3527
 12.8452
 56.7274
 34.7131
 18.5472
 10.3441
 23.7487
 52.6023
 29.3598
 7.28011
 25.923
 27.0555
 47.2969
 7.2111
 25.02
 26.7208
 47.2123
 4.24264
 27.313
 50.1298
 25.4951
 54.8452
 24.4336
 29.1033
 9.38083
 29.6479
 23.0651
 9.79796
 54.9727
 54.8635
 23.7487
 12.8841
 31.5595
 33.121
 14.4222
 21.1187
 57.376
 16.2481
 36.9865
 15.0333
 57.8792
 16.6433
 35.9305
 14.4222
 58.6089
 17.1172
 15.748
 37.921
 60.0916
 59.7829
 39.5601
 17.9444
 12.6491
 20.7846
 62.9285
 41.5692
 35.9861
 20.7605
 42.4028
 63.1664
 20.8087
 65.5362
 41.497
 68.4251
 40.4722
 22.8035
 42.2847
 67.1491
 23.9374
 66.2042
 43.7493
 24.7588
 44.9555
 24.9199
 67.283
 47.697
 25.7099
 68.2935
 48.5386
 69.814
 27.6406
 30.3974
 69.814
 51.8556
 27.2947
 72.8423
 32.1092
 54.0185
 30.0333
 74.8999
 55.2359
 32.4037
 55.7136
 81.939
 34.0881
 78.5366
 50.1498
 48.7545
 73.7225
 25.865
 48.2286
 72.0763
 26.1151
 49.0306
 72.215
 30.9193
 53.2823
 28.7228
 75.9934
 31.4166
 58.3952
 36.6197
 79.5424
 37.4433
 80.8517
 62.7375
 38.3145
 80.2808
 63.1348
 80.9259
 36.4006
 60.7042
 80.6102
 35.8469
 58.2666
 80.4425
 34.0147
 56.7803
 80.697
 57.4804
 34.7131
 57.2014
 35.3129
 78.3837
 77.8717
 57.7495
 35.3836
 59.0339
 76.5833
 34.5977
 59.808
 33.8821
 75.5447
 74.8933
 33.5559
 57.5065
 75.3923
 32.6497
 54.8544
 76.8505
 57.4021
 34.5543
 80.075
 58.3267
 34.4819
 37.8814
 79.7183
 58.155
 35.4683
 79.3914
 57.7495
 36.0832
 58.5833
 79.0759
 35.0428
 42.107
 55.3624
 32.5883
 73.1095
 53.3385
 71.1477
 27.8747
 54.8179
 26.7582
 66.8356
 57.4456
 25.671
 65.0385
 47.655
 47.8957
 21.5174
 61.7981
 67.4907
 58.8812
 40.5093
 19.3132
 59.8749
 37.3765
 16.2481
 55.9196
 31.9374
 11.1803
 51
 9.38083
 25.8844
 6.245
 41.8091
 23.2594
 22
 38.6264
 1.41421
 0
 21.2603
 39.3065
 23.2379
 1.41421
 42.9185
 24.0208
 4.3589
 39.598
 6.55744
 43
 25.4755
 45.0333
 8.88819
 28.6356
 43.2204
 25.632
 0
 0
 0
 0
 0
 0
 0
 0
 0
 0
 19.105
 19.105
 19.105
 42.5323
 18.1384
 5.38516
 39.0256
 0
 0
 0
 0
 0
 0
 0
 0
 0
 0
 0
 0
 0
 0
 0
 0
 0
 0
 0
 0
 0
 0
 0
 0
 0
 0
 0
 0
 0
 0
 0
 0
 0
 0
 0
 0
 0
 0
 0
 0
 0
 0
 0
 0
 0
 0
 0
 0
 0
 0
 0
 0
 0
 0
 0
 0
 0
 0
 0
 0
 0
 0
 0
 0
 0
 0
 0
 0
 0
 0
 0
 0
 0
 0
 0
 0
 0
 0
 0
 0
 0
 0
 0
 0
 0
 0
 0
 0
 0
 0
 0
 0
 0
 0
 0
 0
 0
 0
 0
 0
 0
 0
 0
 0
 0
 0
 0
 0
 0
 0
 0
 0
 0
 0
 0
 0
 0
 0
 0
 0
 0
 0
 0
 0
 0
 0
 0
 0
 0
 0
 0
 0
 0
 0
 0
 0
 0
 0
 0
 0
 0
 0
 0
