 70.0071
 0
 0
 0
 0
 0
 0
 0
 0
 0
 0
 0
 0
 0
 0
 49.295
 42.4146
 72.3257
 44.4185
 72.1388
 85.2291
 68.542
 45.913
 51.6333
 61.7981
 91.1043
 56.9122
 88.651
 59.9333
 54.8452
 58.9237
 88.1192
 47.2546
 58.3781
 91.864
 68.593
 50.3389
 93.2309
 48.6724
 93.6376
 75.3392
 80.7032
 48.9387
 36.606
 36.606
 47.3709
 81.4862
 46.5188
 78.7337
 50.2892
 79.6743
 45.31
 85.3112
 40.1373
 36.3318
 80.7032
 47
 54.9909
 92.0326
 92.0326
 92.0326
 92.0326
 49.0306
 80.486
 63.6475
 106.925
 106.925
 108.153
 77
 76.7919
 48.5077
 75.1997
 71.8331
 109.302
 75.6175
 46.6476
 78.5939
 45.3211
 75.6902
 106.672
 74.4983
 76.7789
 35.5246
 35.4824
 85.3346
 36.3593
 72.4914
 109.499
 109.499
 109.499
 109.499
 95.268
 95.268
 72.8903
 110.445
 70.0999
 29.9833
 30.3974
 30.3974
 74.1485
 113.574
 113.574
 64.8614
 68.2569
 55.3986
 101.646
 109.563
 109.563
 104.814
 102.083
 67.1937
 61.6847
 67.4166
 32.8024
 57.8878
 64.1639
 91.6951
 95.7758
 95.7758
 88.9326
 50.892
 70.3065
 104.489
 86.9368
 55.9285
 80.3368
 116.417
 116.417
 84.0119
 87.983
 117.975
 117.975
 86.8274
 82.9277
 54.2863
 54.2863
 27.8927
 29.0345
 54.8452
 54.8452
 91.3783
 79.341
 30.5941
 30.5941
 77.846
 45.7493
 45.7493
 31.9844
 30.5941
 75.9408
 111.942
 94.8789
 94.8789
 104.067
 96.6902
 67.1714
 41.3401
 41.3401
 63.6789
 92.7631
 43.359
 93.2523
 89.3364
 64.1716
 51.9711
 36.428
 36.428
 36.428
 60.208
 70.5337
 24.5153
 37.8814
 85.6563
 103.301
 74.9933
 100.364
 60.8523
 77.9359
 82.9819
 107.634
 58.2237
 98.6256
 69.0941
 72.4155
 49.6588
 93.9521
 70.0357
 40.1248
 68.1396
 89.493
 55.8749
 57.4456
 70.1855
 57.3585
 34.8568
 80.4425
 64.0156
 51.264
 61.4817
 24.2899
 67.6757
 73.7021
 73.9594
 78.0641
 35.2987
 56.4092
 8.48528
 52.345
 52.345
 52.345
 41.2189
 15.748
 4.69042
 36.7423
 36.7423
 36.7423
 29.5466
 2
 12.53
 31.7648
 30.3809
 16.5529
 10
 31.225
 31.225
 31.225
 23.7487
 34.2491
 25.0799
 15.6844
 15.6844
 21.4942
 39.5474
 27.2029
 0
 0
 0
 0
 0
 0
 0
 0
 0
 0
 3.74166
 0
 18.3303
 23.9374
 23.9374
 7.81025
 18.0278
 18.0278
 18.0278
 0
 0
 0
 0
 0
 45.3321
 45.3321
 9.27362
 5
 0
 0
 46.7012
 46.7012
 46.7012
 0
 5.56776
 3.4641
 3.4641
 3.4641
 3.4641
 39.7618
 5.19615
 3
 3.4641
 3.4641
 3.4641
 39.6863
 39.6863
 2.82843
 0
 0
 0
 0
 0
 40.5586
 0
 0
 5.2915
 5.2915
 5.2915
 45.5412
 45.5412
 45.5412
 5.09902
 3
 3.87298
 3.60555
 3.60555
 3.60555
 48.1144
 48.1144
 5.38516
 3.16228
 6.08276
 6.08276
 6.08276
 6.08276
 6.08276
 3.74166
 5.65685
 3.31662
 3.31662
 3.31662
 3.31662
 3.31662
 6
 3.31662
 4.3589
 4.3589
 51.4198
 51.4198
 51.4198
 3.74166
 52.1249
 52.1249
 52.1249
 52.1249
 52.1249
 52.1249
 52.1249
 45.6618
 36.7831
 36.7831
 36.7831
 36.7831
 35.0286
 35.0286
 35.0286
 35.0286
 4.47214
 4.3589
 4.3589
 39.0384
 39.0384
 39.0384
 39.0384
 0
 0
 35.7771
 35.7771
 35.7771
 35.7771
 35.7771
 35.7771
 35.7771
 39.281
 39.281
 39.281
 39.281
 39.281
 51.2543
 51.2543
 51.2543
 51.2543
 51.2543
 51.2543
 51.2543
 52.8583
 4
 0
 0
 0
 0
 0
 0
 0
 0
 0
 0
 0
 0
 0
 0
 0
 0
 0
 5
 7.4162
 46.0109
 46.0109
 46.0109
 46.0109
 0
 0
 0
 0
 40.6571
 40.6571
 40.6571
 40.6571
 45.8476
 45.8476
 45.8476
 45.8476
 50.1896
 50.1896
 50.1896
 50.1896
 50.1896
 6.63325
 54.231
 54.231
 54.231
 54.231
 54.231
 54.231
 54.231
 62.6977
 62.6977
 62.6977
 63.6082
 63.6082
 63.6082
 68.8477
 68.8477
 68.8477
 68.8477
 68.8477
 68.8477
 71.9444
 71.9444
 71.9444
 71.9444
 71.9444
 64.4593
 64.4593
 64.4593
 64.4593
 64.4593
 61.4166
 61.4166
 61.4166
 61.4166
 61.4166
 61.4166
 61.4166
 61.4166
 61.4166
 61.4166
 59.0762
 59.0762
 59.0762
 57.9569
 57.9569
 57.9569
 57.9569
 57.9569
 57.9569
 57.9569
 57.2975
 57.2975
 57.2975
 57.2975
 57.2975
 62.2575
 62.2575
 62.2575
 62.2575
 62.2575
 62.2575
 62.2575
 67.8307
 67.8307
 67.8307
 67.8307
 67.8307
 72.1734
 72.1734
 79.1202
 79.1202
 79.1202
 79.1202
 78.3007
 78.3007
 78.3007
 78.3007
 75.7958
 75.7958
 75.7958
 75.7958
 75.7958
 75.7958
 76.6616
 76.6616
 76.6616
 76.6616
 76.6616
 73.3212
 73.3689
 73.3689
 73.3689
 73.3689
 76.9935
 119.558
 140.428
 140.428
 140.428
 154.23
 154.23
 154.23
 153.414
 153.414
 153.414
 153.414
 153.414
 153.414
 153.414
 153.414
 153.414
 148.536
 99.4032
 99.4032
 149.05
 149.05
 149.05
 149.05
 149.05
 149.05
 150.821
 150.821
 150.821
 150.821
 150.821
 150.821
 161.951
 205.648
 205.648
 205.648
 205.648
 205.648
 163.695
 163.695
 204.626
 204.626
 204.626
 204.626
 210.782
 210.782
 210.782
 210.782
 210.782
 210.782
 210.782
 210.782
 210.782
 210.782
 225.442
 225.442
 225.442
 225.442
 231.668
 231.668
 231.668
 231.668
 231.668
 231.668
 231.668
 231.668
 221.12
 221.12
 221.12
 221.12
 225.606
 225.606
 177.767
 177.767
 177.767
 222.648
 222.648
 222.648
 222.648
 222.648
 222.648
 222.648
 222.648
 188.574
 188.574
 188.574
 188.574
 188.574
 188.574
 188.574
 184.667
 184.667
 183.027
 183.027
 183.027
 183.027
 183.027
 183.027
 183.027
 183.027
 182.165
 182.165
 182.165
 182.165
 182.165
 182.165
 182.165
 182.165
 182.165
 182.165
 182.165
 182.165
 182.165
 182.165
 182.165
 182.165
 182.165
 182.165
 201.276
 201.276
 201.276
 204.262
 204.262
 204.262
 204.262
 204.262
 204.262
 204.262
 204.262
 204.262
 204.262
 204.262
 204.262
 204.262
 204.262
 187.425
 183.085
 183.085
 183.085
 183.085
 183.085
 183.085
 183.085
 183.085
 183.085
 183.085
 183.085
 183.085
 183.085
 183.085
 186.531
 186.531
 186.531
 193.15
 193.15
 193.15
 193.15
 193.15
 193.15
 193.15
 241.379
 241.379
 241.379
 241.379
 241.379
 198.985
 198.985
 192.304
 192.304
 192.304
 192.304
 192.304
 192.304
 192.304
 192.304
 180.56
 180.56
 180.56
 180.56
 180.56
 180.56
 180.629
 180.629
 180.629
 180.629
 180.629
 180.629
 180.629
 180.629
 180.629
 180.629
 180.629
 180.629
 192.826
 231.627
 189.093
 189.093
 189.093
 189.093
 180.117
 176.794
 176.794
 176.794
 176.794
 176.794
 176.794
 160.509
 160.509
 160.509
 160.509
 160.509
 160.509
 160.509
 164.672
 164.672
 116.499
 116.499
 116.499
 116.499
 116.499
 116.499
 116.499
 101.198
 101.198
 101.198
 101.198
 101.198
 101.198
 101.198
 101.198
 101.198
 101.198
 101.198
 101.198
 101.198
 101.198
 101.198
 119.574
 155.226
 155.226
 155.226
 155.226
 155.226
 155.226
 155.226
 155.226
 155.226
 155.226
 155.226
 155.226
 204.824
 158.805
 158.805
 158.805
 158.805
 158.805
 158.805
 158.805
 158.805
 158.805
 158.805
 158.805
 158.805
 158.805
 158.805
 158.805
 158.805
 158.805
 158.805
 158.805
 158.805
 158.805
 158.805
 158.805
 158.805
 158.805
 158.805
 108.839
 108.839
 108.839
 108.839
 141.841
 149.897
 149.897
 149.897
 149.897
 149.897
 162.358
 196.117
 196.117
 196.117
 196.117
 196.117
 169.364
 204.768
 204.768
 213.492
 213.492
 213.492
 213.492
 213.492
 213.492
 213.492
 227.341
 224.758
 224.758
 224.758
 224.758
 215.223
 215.223
 215.223
 215.223
 215.223
 215.223
 215.223
 215.223
 215.223
 215.223
 215.223
 215.223
 215.223
 194.574
 194.574
 196.013
 162.733
 162.733
 162.733
 166.006
 166.006
 166.006
 210.67
 210.67
 210.67
 210.67
 210.67
 210.67
 218.559
 218.559
 218.559
 216.254
 216.254
 207.601
 207.601
 207.601
 201.985
 201.985
 201.985
 197.727
 197.727
 190.363
 148.788
 124.032
 124.032
 113.195
 157.48
 163.245
 163.245
 197.747
 197.747
 203.809
 203.809
 177.141
 177.141
 213.649
 213.649
 213.649
 213.649
 221.768
 221.768
 221.768
 221.768
 226.069
 226.069
 226.069
 220.159
 214.581
 214.581
 214.581
 214.581
 215.949
 215.949
 207.34
 171.447
 156.032
 175.67
 205.236
 205.236
 181.865
 148.661
 148.661
 150.393
 150.393
 197.418
 157.07
 157.07
 205.828
 164.271
 164.271
 164.271
 164.271
 196.41
 196.41
 210.464
 210.775
 252.25
 213.579
 253.998
 247.584
 211.149
 244.984
 211.249
 246.362
 211.175
 211.175
 211.175
 211.175
 211.175
 201.559
 201.559
 201.559
 211.339
 211.339
 211.339
 216.889
 216.889
 226.771
 226.771
 224.201
 226.21
 272.646
 233.666
 233.666
 233.666
 233.666
 233.666
 233.666
 233.666
 265.264
 256.579
 212.763
 237.874
 254.155
 213.103
 240.902
 219.939
 219.939
 219.939
 219.939
 219.939
 219.939
 219.939
 266.74
 238.851
 249.385
 249.385
 249.385
 249.385
 255.728
 255.728
 275.623
 258.312
 281.366
 267.647
 262.067
 288.984
 268.088
 266.916
 275.075
 294.973
 282.89
 292.323
 252.624
 246.175
 287.279
 289.722
 247.093
 288.801
 286.367
 252.19
 289.042
 294.88
