 307.316
 0
 31.9061
 31.9061
 42.4617
 45.1996
 34.9857
 45.4753
 43.1625
 41.9404
 45.5961
 45.5961
 49.163
 39.0768
 39.0768
 46.2277
 42.1426
 42.1426
 44.2719
 44.0454
 44.0454
 44.0454
 44.7437
 45.31
 50.8331
 37.8814
 45.9021
 45.9021
 45.9021
 41.3763
 45.8039
 46.422
 47.0744
 47.6865
 40.7063
 40.7063
 44.4072
 44.4072
 48.6107
 48.6107
 48.6107
 38.1707
 50.02
 50.02
 50.02
 50.02
 43.9318
 43.9318
 43.9318
 43.9318
 43.9886
 50.4282
 50.4282
 50.4282
 50.4282
 51.1077
 51.1077
 44.3734
 44.3734
 44.3734
 0
 0
 0
 0
 0
 0
 0
 27.1109
 49.0612
 50.9608
 50.9608
 50.9608
 47.0213
 47.0213
 38.6135
 62.7057
 62.7057
 60.9016
 46.6369
 49.3052
 42.0357
 42.0357
 0
 0
 49.7594
 51.6914
 49.7092
 55.2178
 55.2178
 55.2178
 49.548
 50.5866
 54.2125
 50.02
 50.02
 50.02
 50.02
 43.1393
 37.1753
 55.857
 55.1362
 47.0319
 47.0319
 51.9711
 58.1722
 42.6263
 51.1566
 51.1566
 51.1566
 51.4684
 51.4684
 57.4891
 57.4891
 57.4891
 57.4891
 44.5533
 55.9106
 39.7869
 39.7869
 58.2666
 54.4151
 36.7151
 36.7151
 58.0345
 58.0345
 49.7594
 38.0132
 38.0132
 54.6992
 41.7493
 36
 36
 49.7594
 54.1849
 54.1849
 39.724
 0
 0
 0
 48.7134
 46.8081
 49.558
 49.558
 57.3672
 54.4518
 64.0469
 54.7814
 54.7814
 54.7814
 60.2495
 55.8749
 38.7298
 61.0164
 57.7927
 43.4856
 59.8582
 59.8582
 47.4236
 49.7594
 53.7029
 53.7029
 53.7029
 59.0762
 49.6488
 49.6488
 49.6488
 38.5876
 62.8808
 46.5725
 40.8044
 40.8044
 40.8044
 63.0635
 40.1871
 40.1871
 40.1871
 49.95
 62.4099
 62.4099
 35.609
 56.7362
 56.7362
 51.4101
 50.2892
 50.2892
 35.819
 49.2544
 72.215
 51.3225
 49.8799
 0
 0
 0
 0
 0
 0
 0
 0
 43.715
 72.0972
 60.291
 60.291
 60.291
 60.291
 64.8691
 48.7442
 66.8132
 61.7819
 61.7819
 61.7819
 56.4801
 54.909
 57.5239
 55.0999
 55.0999
 55.0999
 44.7884
 48.8876
 50.1896
 62.5859
 43.6234
 45.5192
 63.1823
 64.2884
 64.2884
 64.2884
 61.0328
 45.1664
 69.0507
 57.5847
 57.5847
 67.8528
 41.7013
 56.6127
 48.6107
 48.6107
 56.8946
 45.7165
 53.2071
 56.7891
 56.7891
 56.7891
 56.7891
 56.7891
 51.342
 67.8086
 61.6766
 60.1415
 60.1415
 62.6977
 67.8086
 73.0411
 67.7569
 67.7569
 67.7569
 67.7569
 46.9468
 71.6938
 71.4213
 76.8245
 76.8245
 76.8245
 76.8245
 73.1915
 71.3302
 78.0256
 50.3389
 50.3389
 50.3389
 50.3389
 61.1146
 71.7914
 52.3927
 65.3682
 65.3682
 65.3682
 65.3682
 54.7631
 59.1185
 53.8795
 59.1354
 59.1354
 59.1354
 59.1354
 49.3457
 51.7204
 66.9477
 49.1121
 0
 0
 0
 0
 0
 0
 0
 0
 0
 0
 0
 0
 0
 0
 0
 0
 0
 0
 0
 0
 0
 0
 0
 0
 0
 0
 0
 0
 0
 0
 0
 0
 0
 0
 0
 0
 48.7647
 0
 0
 0
 0
 0
 0
 0
 0
 0
 0
 0
 0
 0
 0
 0
 0
 0
 0
 0
 0
 0
 0
 0
 0
 0
 0
 0
 0
 0
 0
 0
 0
 0
 0
 0
 0
 0
 0
 0
 0
 0
 0
 0
 0
 0
 0
 0
 0
 0
 0
 0
 0
 0
 0
 0
 0
 0
 0
 0
 0
 0
 0
 0
 0
 0
 0
 0
 0
 0
 0
 0
 0
 0
 0
 0
 0
 0
 0
 0
 0
 0
 0
 0
 0
 0
 0
 0
 0
 0
 0
 0
 0
 0
 0
 0
 0
 0
 0
 0
 0
 0
 0
 0
 0
 0
 0
 0
 0
 0
 0
 0
 0
 0
 0
 0
 0
 0
 0
 0
 0
 0
 0
 0
 0
 0
 0
 0
 0
 0
 0
 0
 0
 0
 0
 0
 0
 0
 0
 0
 0
 0
 0
 0
 0
 0
 0
 0
 0
 0
 0
 0
 0
 0
 0
 0
 0
 0
 0
 0
 0
 0
 0
 0
 0
 0
 0
 0
 0
 0
 0
 0
 0
 0
 0
 0
 0
 0
 0
 0
 0
 0
 0
 0
 0
 0
 0
 0
 0
 0
 0
 0
 0
 0
 0
 0
 0
 0
 0
 0
 0
 0
 0
 0
 0
 0
 0
 0
 0
 0
 0
 0
 0
 0
 0
 0
 0
 0
 0
 0
 0
 0
 0
 0
 0
 0
 0
 0
 0
 0
 0
 0
 0
 0
 0
 0
 0
 0
 0
 0
 0
 0
 0
 0
 0
 0
 0
 0
 0
 0
 0
 0
 0
 0
 0
 0
 0
 0
 0
 0
 0
 0
 0
 0
 0
 0
 0
 0
 0
 0
 0
 0
 0
 0
 0
 0
 0
 0
 0
 0
 0
 0
 0
 0
 0
 0
 0
 0
 0
 0
 0
 0
 0
 0
 0
 0
 0
 0
 0
 0
 0
 0
 0
 0
 0
 0
 0
 0
 0
 0
 0
 0
 0
 0
 0
 0
 0
 0
 0
 0
 0
 0
 0
 0
 0
 0
 0
 0
 0
 0
 0
 0
 0
 0
 0
 0
 0
 0
 0
 0
 0
 0
 0
 0
 0
 0
 0
 0
 0
 0
 0
 0
 0
 0
 0
 0
 0
 0
 0
 0
 0
 0
 0
 0
 0
 0
 0
 0
 0
 0
 0
 0
 0
 0
 0
 0
 0
 0
 0
 0
 0
 0
 0
 0
 0
 0
 0
 0
 0
 0
 0
 0
 0
 0
 0
 0
 0
 0
 0
 0
 0
 0
 0
 0
 0
 0
 0
 0
 0
 0
 0
 0
 0
 0
 0
 0
 0
 0
 0
 0
 0
 0
 0
 0
 0
 0
 0
 0
 0
 0
 0
 0
 0
 0
 0
 0
 0
 0
 0
 0
 0
 0
 0
 0
 0
 0
 0
 0
 0
 0
 0
 0
 0
 0
 0
 0
 0
 0
 0
 0
 0
 0
 0
 0
 0
 0
 0
 0
 0
 0
 0
 0
 0
 0
 0
 0
 0
 0
 0
 0
 0
 0
 0
 0
 0
 0
 0
 0
 0
 0
 0
 0
 0
 0
 0
 0
 0
 0
 0
 0
 0
 0
 0
 0
 0
 0
 0
 0
 0
 0
 0
 0
 0
 0
 0
 0
 0
 0
 0
 0
 0
 0
 0
 0
 0
 0
 0
 0
 0
 0
 0
 0
 0
 0
 0
 0
 0
 0
 0
 0
 0
 0
 0
 0
 0
 0
 0
 0
 0
 0
 0
 0
 0
 0
 0
 0
 0
 0
 0
 0
 0
 0
 0
 0
 0
 0
 0
 0
 0
 0
 0
 0
 0
 0
 0
 0
 0
 0
 0
 0
 0
 0
 0
 0
 0
 0
 0
 0
 0
 0
 0
 0
 0
 0
 0
 0
 0
 0
 0
 0
 0
 0
 0
 0
 0
 0
 0
 0
 0
 0
 0
 0
 0
 0
 0
 0
 0
 0
 0
 0
 0
 0
 0
 0
 0
 0
 0
 0
 0
 0
 0
 0
 0
 0
 0
 0
 0
 0
 0
 0
 0
 0
 0
 0
 0
 0
 0
 0
 0
 0
 0
 0
 0
 0
 0
 0
 0
 0
 0
 0
 0
 0
