 298.727
 0
 19.975
 26.7395
 25.0799
 31.1609
 33.9117
 33.9559
 46.1411
 38.3797
 45.7056
 33.8969
 48.6004
 27.1293
 34.7707
 45.288
 49.2341
 40.4846
 48.1352
 42.3556
 38.2884
 45.6289
 41.7133
 37.8814
 50.4183
 29.7825
 28.688
 28.6007
 35.819
 30.4959
 47.9792
 30.348
 43.4051
 40.0999
 33.8821
 45.7165
 48.6313
 41.833
 55.0182
 48.3529
 37.3631
 25.923
 56.0714
 43.6119
 42.107
 49.7594
 51.7301
 35.5949
 34.322
 48.6621
 43.4166
 39.5601
 54.1479
 54.1479
 54.1479
 45.9239
 38.4578
 41.7373
 37.3765
 39.6989
 0
 0
 48.1975
 50.3786
 33.8231
 19.8242
 19.8242
 23.8328
 29.7489
 54.4243
 58.1034
 29.5804
 53.3573
 24.8596
 26.4008
 58.0172
 27.8568
 55.9375
 47.1487
 34.0441
 40.1123
 26.8142
 0
 0
 45.913
 57.0701
 49.8197
 44.699
 44.699
 0
 49.548
 38.4187
 61.9193
 53.3948
 51.788
 27.258
 0
 43.1393
 26.3629
 56.0981
 49.7293
 44.5084
 25.923
 55.8211
 52.9245
 30.4302
 52.0577
 52.0577
 49.4368
 40.0749
 55.2178
 43.9886
 23.4307
 0
 31.7333
 41.7373
 49.2138
 41.7373
 41.7373
 52.5071
 41.509
 31.4802
 27.9285
 56.0803
 48.9285
 39.5727
 32.7261
 32.7261
 57.9569
 29.189
 26.9444
 63.726
 51.643
 37.6431
 65.9848
 29.3598
 0
 0
 0
 44.5197
 35.1426
 52.1249
 52.1249
 50.1398
 57.4804
 63.4508
 52.915
 52.915
 52.915
 57.9569
 51.9038
 33.1059
 62.6179
 52.6498
 27.8388
 61.1882
 54.7357
 50.4678
 54.5436
 43.6921
 42.5558
 44.3734
 52.5071
 45.3652
 58.3009
 58.3009
 33.0151
 59.8832
 33.5708
 34.0881
 49.5681
 0
 0
 37.7889
 45.8694
 49.7896
 34.7707
 60.5805
 29.3428
 28.5132
 43.2782
 51.225
 54.7357
 40.2368
 61.0737
 29.2233
 41.833
 69.4262
 47
 43.4281
 0
 0
 0
 0
 0
 0
 0
 0
 40.0749
 65.8939
 60.7536
 60.7536
 60.7536
 60.7536
 61.7819
 31.0322
 65.284
 58.6174
 49.7695
 49.7695
 55.5968
 56.542
 56.4712
 45.3762
 46.8188
 0
 46.0217
 48.9285
 46.9468
 55.5698
 38.2099
 38.8072
 59.6741
 62.1691
 62.1691
 62.1691
 52.5357
 44.2719
 64.7843
 40.9756
 45.31
 66.8057
 31.1127
 34.8138
 32.7109
 38.2492
 60.3241
 28.8444
 36.0555
 42.5911
 0
 0
 0
 0
 48.0312
 64.1483
 49.8498
 43.7264
 45.5741
 59.7244
 55.6058
 69.2604
 60.1747
 43.5546
 0
 0
 42.72
 61.0737
 59.7076
 67.3795
 67.3795
 67.3795
 67.3795
 59.8582
 58.3695
 68.5565
 32.1248
 32.1248
 0
 0
 0
 0
 36.8917
 56.8946
 56.8946
 56.8946
 56.8946
 54.6077
 51.3809
 46.1952
 50.5964
 50.5964
 50.5964
 50.5964
 49.5278
 35.1283
 63.7417
 34.7419
 0
 0
 0
 0
 0
 42.0833
 56.6745
 56.6745
 56.6745
 56.6745
 56.6745
 56.6745
 32.311
 64.9384
 32.28
 43.6119
 0
 0
 0
 0
 35.2136
 30.3974
 31.6702
 0
 0
 0
 43.4626
 49.3255
 42.6146
 46.7547
 0
 0
 0
 0
 0
 0
 35.9026
 0
 0
 0
 0
 0
 36.4829
 71.1758
 60.7042
 59.2199
 55.9285
 61.5305
 69.5054
 32.4654
 53.2541
 53.3385
 69.2604
 49.3457
 0
 0
 39.3954
 39.1152
 63.4035
 59.5315
 35.4401
 0
 0
 0
 0
 0
 43.0581
 36.5787
 36.5787
 64.0312
 37.6696
 68.6149
 68.6149
 40.0125
 64.0781
 34.3657
 33.9559
 33.9117
 0
 0
 47.8644
 32.0312
 47.4868
 47.4868
 0
 0
 0
 40.9878
 56.3826
 42.2019
 38.2623
 38.2623
 0
 0
 0
 0
 0
 0
 0
 0
 35.6371
 0
 0
 0
 42.8019
 62.2013
 71.9444
 71.9444
 71.9444
 71.9444
 61.1555
 58.8473
 31.4484
 73.1163
 53.8795
 55.9285
 70.4202
 51.817
 39.9875
 36.5377
 73.6139
 62.6817
 62.6817
 62.6817
 62.6817
 59.649
 61.1637
 68.3886
 68.8259
 65.0922
 43.6463
 51.2738
 34.2637
 33.7787
 62.4099
 33.5857
 57.7927
 51.4198
 48.0729
 56.3205
 48.7852
 29.9666
 57.5413
 30
 60.6053
 40.939
 0
 0
 0
 0
 45.0333
 59.7327
 59.7327
 43.1277
 65.4141
 61.0737
 56.7891
 56.7891
 56.7891
 56.7891
 56.7891
 33.9411
 56.1783
 70.8237
 61.8142
 21.6795
 21.6795
 57.9137
 54.7083
 75.8551
 52.4214
 52.4214
 52.4214
 36.5377
 45.1774
 72.1803
 64.2339
 64.2339
 64.2339
 71.0211
 67.6535
 63.8122
 72.3257
 69.9428
 35.6791
 66.6033
 38.0395
 38.0395
 33.8083
 55.6776
 55.8391
 32.7414
 0
 47.4447
 60.3573
 62.5859
 47.3709
 61.7576
 46.9468
 59.5063
 51.5655
 66.8805
 66.4831
 66.5132
 66.5132
 60.3075
 41.7133
 67.3424
 43.4166
 56.7186
 36.5103
 56.9649
 64.7688
 62.8729
 52.192
 50.3885
 71.1337
 47.8853
 74.29
 64.3972
 36.4692
 71.6729
 72.3395
 74.2563
 65.2993
 64.3428
 49.1325
 74.1418
 41
 69.95
 53.1883
 40.3485
 31.4166
 54.827
 62.8252
 43.7035
 53.7308
 45.1996
 61.8547
 38.704
 56.7803
 68.4178
 74.8331
 63.7809
 62.6339
 61.0655
 44.0114
 35.4683
 68.971
 31.8904
 55.4797
 63.5138
 41.0853
 48.6826
 54.0833
 52.5071
 61.9677
 36.6333
 64.2962
 49.6286
 70.0214
 63.7887
 77.3628
 70.1142
 75.5314
 48.5592
 67.6757
 42.6615
 72.1318
 63.6082
 31.5119
 32.8786
 69.3614
 61.1637
 71.6031
 50.8626
 42.1426
 54.754
 45.3982
 57.9051
 62.9682
 56.4004
 56.4004
 69.1809
 68.0221
 54.8179
 55.857
 62.4179
 66.8356
 33.0606
 64.7611
 49.7996
 56.9473
 61.1392
 61.1392
 66.7907
 40.1746
 53.0471
 37.8418
 54.4059
 63.8122
 61.4817
 69.8284
 69.1592
 64.5368
 77.3951
 60.2412
 67.7052
 42.1663
 63.4271
 75.06
 39.7366
 35.5949
 61.2209
 69.9071
 44.6654
 52.9339
 47.8539
 72.1942
 57.5934
 63.498
 70.3278
 66.9179
 47.0213
 59.9667
 64.846
 45.1885
 65.7191
 57.9396
 57.0175
 57.0175
 33.8231
 67.8822
 53.9166
 44.4185
 48.9898
 62.3137
 35.6511
 61.8385
 52.9906
 28.8617
 39.1152
 46.4973
 67.5574
 65.3529
 74.1755
 65.3299
 35.7631
 67.6387
 38.1707
 77.9359
 33.7491
 65.7799
 63.8357
 50.6656
 78.492
 36.0832
 68.9348
 51.3809
 61.4654
 51.6527
 69.152
 36.5513
 68.7677
 67.6314
 64.3195
 63.7809
 55.9643
 68.9348
 65.3452
 39.8748
 57.4456
 65.146
 46
 67.8012
 48.1975
 64.2184
 35.623
 59.8415
 56.542
 64.2339
 46.9894
 67.1342
 77.3951
 70.0214
 45.4092
 62.8172
 40.6325
 31.7333
 35.5809
 61.6036
 48.1144
 54.8908
 61.7819
 49.7594
 49.2138
 67.2384
 64.707
 66.1135
 68.0221
 61.0328
 61.0328
 67.0522
 48.5592
 56.7274
 53.2071
 43.7264
 36.3318
 34.7851
 61.7171
 55.848
 39.0512
 67.6387
 46.1844
 40.8656
 78.5111
 70.4344
 64.3584
 44.4185
 35.609
 61.2291
 29.7321
 48.3839
 60.8933
 42.7902
 62.9524
 45.2548
 69.5989
 61.7657
 61.7657
 40.5093
 61.3677
 71.9583
 56.9561
 69.5485
 52.2015
 62.5859
 63.8827
 32.2335
 60.8687
 40.8167
 47.8957
 50.1099
 43.5431
 64.5058
 47.8121
 63.4902
 71.9722
 71.9444
 68.1249
 32.6343
 61.9031
 41.9643
 30.1993
 39.4335
 60.8605
 56.0981
 48.0729
 55.3444
 66.6483
 38.3797
 63.3798
 68.4471
 69.282
 57.8705
 67.7495
 63.6789
 57.6715
 57.6715
 60.9098
 37.7359
 42.6146
 56.0268
 58.4123
 38.5357
 38.5357
 48.0729
 68.5711
 61.0246
 80.8517
 66.8655
 26.7955
 62.3699
 38.3667
 43.7035
 43.7035
 44.7214
 55.6687
 34.1467
 45.2438
 43.4511
 66.2042
 42.8135
 67.6387
 66.5733
 66.5733
 61.384
 69.6922
 69.6922
 60.6135
 57.376
 66.34
 66.34
 62.0967
 29.1548
 42.8719
 61.1065
 48.2079
 39.9625
 48.4871
 66.0984
 63.1902
 34.1614
 34.1614
 72.0069
 35.4683
 71.4703
 67.8086
 64.2806
 28.688
 50.5866
 63.5138
 63.5138
 40.1497
 40.1497
 62.3137
 58.4123
 42.9069
 59.5063
 69.4694
 40.9023
 72.952
 70.7814
 60.8441
 49.679
 38.223
 60.8441
 36.0694
 46.3033
 46.3033
 46.3033
 54.7905
 39.3573
 47.5605
 68.0808
 68.0808
 71.1337
 33.0151
 66.9701
 66.9701
 66.9701
 31.0644
 61.8708
 45.3542
 34.6266
 34.6266
 59.925
 59.925
 63.5059
 44.587
 44.587
 61.2699
 63.7495
 47.5605
 47.5605
 63.3325
 50.892
 58.4123
 63.0872
 35.7491
 42.5911
 46.9894
 40.9512
 40.9512
 40.9512
 54.3691
 62.458
 62.458
 62.458
 40.8167
 22.5389
 22.5389
 22.5389
 66.1967
 40.0749
 68.5565
 47.5079
 47.5079
 50.07
 44.7102
 36.647
 60.696
 61.1801
 61.1801
 52.6783
 52.6783
 47.1169
 64.9307
 59.6825
 59.6825
 35.7071
 60.9098
 42.6146
 62.9444
 40.5709
 63.0952
 78.4984
 62.9285
 62.9285
 39.0384
 46.1844
 46.1844
 55.6597
 36.8103
 35
 57.8014
 42.6028
 30.3645
 55.0454
 55.0454
 41.7493
 56.7098
 56.7098
 36.0278
 36.8511
 63.7417
 44.5197
 60.0833
 34.7851
 57.6368
 57.6368
 52.9245
 43.7836
 0
 0
 0
 0
 0
 45.1996
 0
 0
 38.5357
 38.5357
 43.9318
 53.9444
 53.9444
 52.2781
 31.4166
 31.4166
 29.5296
 29.5296
 42.4264
 60.63
 42.5323
 51.672
 40.4351
 68.1762
 61.8142
 54.5619
 54.5619
 39.3446
 39.3446
 73.5187
 56.8331
 56.8331
 68.4982
 68.4982
 68.4982
 68.0882
 66.0303
 60.8523
 60.8523
 60.8523
 60.8523
 57.1489
 57.1489
 57.1489
 57.1489
 59.9083
 46.9361
 46.9361
 46.9361
 42.6028
 37.108
 37.081
 31.0805
 52.1249
 35.3553
 35.3553
 54.1756
 60.696
 30.5614
 43.0349
 43.0349
 57.2364
 31.9687
 58.6174
 58.6174
