 322.904
 0
 36.2629
 26.0192
 30.9354
 54.4243
 46.4866
 43.1741
 47.7703
 31.0322
 35.426
 48.5489
 37.4166
 37.2156
 42.5793
 36.9053
 38.4057
 26.2679
 44.1362
 33.5559
 40
 36.0278
 35.2562
 42.4735
 35.5387
 34.9857
 49
 31.8277
 30.133
 46.3033
 38.6394
 28.6182
 38.4318
 44.3509
 29.8496
 49.6488
 45.607
 37.3631
 41.4367
 44.9555
 45.5631
 36.9594
 40.6817
 47.5605
 42.7668
 37.3631
 36.4966
 51.614
 42.3084
 43.8406
 35.6651
 36.8239
 42.6497
 0
 0
 37.027
 49.5379
 41.2432
 44.2154
 38.223
 0
 0
 39.8748
 37.1214
 37.4967
 42.2019
 26.5518
 28.0891
 40.5093
 40.4846
 44.7437
 27.55
 33.7935
 26.4008
 24.2899
 48.4871
 23.3666
 44.6542
 41.8808
 31.8434
 28.7402
 23
 0
 0
 43.8634
 40.05
 40.939
 40.8412
 23.1733
 0
 49.548
 46.2385
 48.0208
 40.3361
 46.9894
 23.516
 0
 43.1393
 29.1376
 44.7437
 48.2494
 48.5077
 48.5077
 40.5586
 46.8188
 45.9565
 40.8167
 19.1311
 36.9053
 45.4863
 41.2916
 48.9694
 48.9694
 0
 36.9594
 47.0744
 42.9069
 45.5741
 45.5741
 43.8976
 35.5106
 34.4529
 32.6803
 42.9651
 44.3959
 42.0119
 38.8716
 38.8716
 41.2432
 26.1343
 29.6648
 50.3786
 43.0697
 49.3052
 51.6624
 35.9722
 0
 0
 0
 44.4972
 46.9681
 42.9767
 42.9767
 48.1871
 46.0326
 49.0612
 45.1774
 0
 0
 48.6415
 48.0208
 31.496
 52.3641
 45.8367
 32.2955
 44.2719
 52.3259
 39.1152
 41.2189
 37.4566
 47.9062
 43.0233
 42.5676
 46.1952
 61.2617
 61.2617
 45.1664
 46.9255
 35.0571
 37.4967
 45.5302
 0
 47.4025
 38.6135
 41.1825
 46.9042
 41.7612
 46.5618
 28.2489
 26.1151
 55.0727
 45.8803
 42.0833
 36.9865
 50.4183
 40.1746
 46.9148
 57.3498
 43.4626
 52.0673
 52.0673
 52.0673
 50.319
 48.7134
 57.4282
 46.2061
 0
 48.3115
 36.565
 53.6563
 50.5371
 50.5371
 50.5371
 50.5371
 47.8226
 36.9459
 56.6127
 47.8644
 43.2897
 0
 44.7437
 40.0375
 55.4797
 49.558
 44.6878
 0
 40.5339
 45.1664
 43.0697
 43.4626
 46.1736
 38.0789
 56.6127
 49.5076
 0
 0
 47.8539
 36.5103
 48.9898
 55.5788
 55.5788
 50.1697
 31.7175
 51.7397
 39.3954
 39.3954
 44.8553
 30.1496
 53.7401
 49.2646
 49.2646
 49.2646
 0
 0
 46.744
 53.0566
 51.264
 42.6028
 42.6028
 50.4083
 49.8799
 59.127
 49.5076
 38.3797
 0
 0
 32.8938
 50.7839
 53.1413
 59.5483
 59.5483
 59.5483
 59.5483
 54.5344
 50.5866
 56.8243
 37.47
 42.4735
 0
 0
 40.8534
 57.4021
 53.4603
 48.734
 48.734
 0
 0
 47.7703
 51.0196
 46.8188
 43.6463
 0
 0
 0
 46.3033
 40.0749
 52.2398
 47.833
 0
 0
 0
 0
 0
 38.7169
 52.1249
 52.1249
 52.1249
 52.1249
 52.1249
 52.1249
 29.5127
 54.1387
 38.7298
 54.3875
 54.3875
 54.3875
 54.3875
 49.6387
 35.0143
 39.6611
 42.0476
 0
 0
 0
 45.2327
 46.594
 57.1839
 58.4637
 58.4637
 58.4637
 58.4637
 66.0984
 55.6956
 48.1975
 44.9778
 0
 0
 0
 0
 0
 31.4006
 63.4192
 55.8122
 53.2916
 52.5833
 54.9909
 60.1664
 44.0908
 53.507
 53.5164
 62.7694
 61.0328
 61.0328
 61.0328
 43.6119
 50.4282
 54.7357
 57.3149
 37.3631
 0
 0
 0
 0
 0
 48.5798
 37.7227
 37.7227
 54.0463
 29.8329
 63.0714
 63.0714
 38.704
 51.4296
 36.2491
 41.4608
 38.2753
 0
 0
 0
 48.9081
 46.2061
 41.9524
 0
 0
 0
 0
 0
 0
 40.8412
 0
 0
 0
 0
 0
 0
 0
 0
 0
 41.1825
 0
 0
 0
 41.5692
 54.6992
 66.4756
 41.6173
 0
 0
 0
 0
 37.4433
 64.3428
 57.1839
 55.5608
 60.7454
 54.9909
 45.7493
 46.3249
 67.283
 55.6687
 55.6687
 55.6687
 55.6687
 57.3324
 54.8452
 56.4889
 60.9016
 56.285
 48.9285
 58.3952
 33.9117
 35.8608
 55.9643
 35.8329
 47.8226
 51.4296
 46.9361
 59.4222
 55.6417
 20.8087
 55.4346
 37.1753
 56.1605
 52.8583
 52.8583
 52.8583
 55.7046
 60.9262
 57.1227
 57.5065
 57.5065
 45.5192
 57.6108
 57.1489
 63.4902
 63.4902
 63.4902
 63.4902
 63.4902
 41.5452
 54.5711
 65.1767
 57.5065
 21.095
 21.095
 56.3028
 57.2014
 65.3529
 48.6826
 48.6826
 48.6826
 48.8467
 51.2445
 62.498
 56.5066
 56.5066
 56.5066
 61.5955
 57.5674
 56.9386
 65.7267
 68.5274
 34.8855
 60.1747
 35.8329
 35.8329
 35.8329
 59.0424
 46.2493
 25.2389
 0
 45.3542
 65.0077
 53.1225
 52.3355
 56.7186
 55.9196
 57.2975
 43.1393
 62.0806
 58.3267
 60.3075
 60.3075
 56.5066
 37.4166
 65.5668
 52.5167
 64.3117
 37.9078
 60.9918
 62.9841
 61.041
 50.5964
 58.4038
 77.0065
 52.9339
 69.1954
 59.7327
 46.076
 63.293
 60.9918
 64.6375
 57.55
 59
 51.4781
 68.1029
 38.3014
 65.2993
 46.3033
 56.1338
 39.6989
 62.3618
 64.6684
 45.1885
 60.1664
 59.439
 58.8218
 51.6043
 57.7927
 57.55
 71.1477
 58.643
 62.3859
 55.6776
 42.6028
 38.704
 66.9627
 36.8511
 55.2811
 61.5467
 47.4552
 58.4123
 64.3273
 51.2933
 64.195
 44.8553
 57.3062
 60.0916
 71.1477
 57.5065
 69.0362
 61.0246
 64.591
 44.4972
 60.959
 47.4552
 66.0833
 58.4123
 27.4408
 36.9594
 67.3127
 66.0833
 69.6635
 59.9583
 48.1352
 62.7694
 57.4456
 57.0088
 65.8483
 49.7594
 49.7594
 61.2372
 63.0555
 51.2835
 48.7442
 58.6259
 67.7717
 35.4683
 61.7009
 44.0227
 67.2384
 62.9285
 62.9285
 85.5804
 44.5421
 61.6117
 46.744
 57.3411
 56.9386
 51.8556
 64.0937
 69.2965
 60.918
 71.225
 55.6237
 59.9667
 48.9796
 59.4306
 68.6877
 44.3621
 39.4335
 67.0969
 66.0833
 47.9792
 64.3661
 60.9262
 73.9594
 57.9137
 58.4294
 58.9746
 64.1093
 45.4533
 67.9779
 61.3596
 52.9528
 67.2458
 57.7927
 63.435
 63.435
 37.4833
 66.2646
 64.5988
 41.0122
 46.9574
 64.3351
 51.225
 54.5436
 62.1369
 37.1483
 50.6458
 55.7315
 61.7495
 57.3585
 62
 63.9375
 32.1714
 62.8967
 29.5466
 76.6812
 36.8375
 61.8142
 65.8255
 62.7535
 62.7535
 42.8252
 49.4065
 61.5305
 63.111
 54.111
 68.8622
 55.0999
 60.0167
 63.2376
 69.1303
 61.0328
 52.0865
 65.6582
 61.384
 42.6497
 61.5467
 40.2244
 47.655
 68.5055
 47.2969
 39.2683
 50.309
 54.3323
 63.3719
 56.5066
 55.9375
 64.1249
 67.1565
 62.3378
 49.163
 61.3677
 30.4138
 35.6371
 37.4032
 62.474
 49.6689
 65.7647
 59.6657
 60.8523
 49.0204
 60.0833
 64.2962
 59.6154
 66.6258
 61.709
 61.709
 65.1844
 52.0288
 62.6259
 52.1824
 46.5833
 43.6463
 56.9825
 68.2056
 53.2447
 41.6053
 66.4078
 63.6789
 42.6146
 68.7023
 68.4836
 59.1861
 40.2741
 49.366
 61.0246
 36.524
 49.93
 70.1071
 54.3323
 61
 61.6117
 63.8671
 65.0231
 65.0231
 48.6929
 61.7333
 67.1416
 60.2827
 68.7095
 55.9106
 73.6003
 65.0769
 45.9456
 70.7178
 59.0931
 51.2933
 66
 40.025
 62.2174
 46.0543
 62.0403
 69.5557
 63.5374
 62.9365
 41.7493
 62.9047
 41.7612
 33.9411
 46.8615
 68.1982
 58.6003
 60.8358
 61.5549
 69.0145
 50.4678
 58.8897
 69.5845
 65.0077
 60.5392
 65.3529
 62.6977
 74.686
 74.686
 69.2098
 44.0454
 62.1691
 69.347
 58.0431
 42.1782
 42.1782
 49.98
 66.5432
 57.376
 65.192
 65.1613
 38.7685
 61.563
 37.3229
 50.5173
 50.5173
 38.8587
 62.2013
 38.4448
 57.1664
 56.4978
 66.6408
 53.507
 67.8233
 63.4665
 63.4665
 60.7124
 70.4557
 70.4557
 59.0678
 69.685
 64.4283
 64.4283
 64.9153
 42.4264
 67.0298
 72.5121
 48.775
 58.3781
 72.0694
 66.053
 58.4466
 53.5537
 53.5537
 67.3869
 35.6791
 67.838
 70.3136
 65.4064
 29.3258
 52.0096
 61.8466
 61.8466
 40.05
 40.05
 57.81
 62.5859
 51.9711
 59.9917
 76.935
 40.7185
 69.7209
 63.4586
 63.5216
 65.8711
 50.1398
 71.8123
 41.7732
 57.5239
 57.5239
 57.5239
 52.7826
 63.8122
 50.8232
 72.3395
 72.3395
 61.7414
 44.7102
 65.238
 65.238
 65.238
 34.6987
 57.376
 56.6392
 34.641
 34.641
 56.1338
 56.1338
 65.6201
 55.5698
 55.5698
 60.4235
 91.1866
 49.8397
 49.8397
 66.5207
 80.5357
 59.127
 64.3195
 59.0593
 45.1442
 54.69
 41.6893
 41.6893
 41.6893
 79.8624
 68.1102
 68.1102
 68.1102
 63.3561
 27.8029
 66.9851
 66.9851
 65.2074
 42.6615
 42.6615
 45.9021
 45.9021
 51.5073
 46.3357
 42.7317
 58
 57.81
 57.81
 63.5925
 63.5925
 49.0306
 88.6905
 75.3459
 75.3459
 75.3459
 84.6818
 60.8523
 63.4429
 36
 82.9397
 86.1626
 80.7898
 80.7898
 80.7898
 82.0244
 82.0244
 82.0244
 45.2106
 37.1349
 54.6992
 64.591
 36.1801
 55.2359
 55.2359
 71.1056
 71.1056
 71.1056
 71.1056
 41.5933
 41.5933
 62.0725
 85.5979
 53.0094
 70.8661
 70.8661
 70.8661
 70.8661
 70.8661
 74.96
 51.517
 51.517
 63.7417
 50.951
 50.951
 38.4838
 38.4838
 38.4838
 72.3533
 62.3779
 62.3779
 70.6612
 45.4973
 0
 0
 0
 0
 0
 0
 0
 0
 0
 0
 0
 0
 0
 0
 0
 0
 0
 46.6154
 48.5283
 48.5283
 48.5283
 67.2384
 65.8787
 65.8787
 65.8787
 65.8787
 47.2652
 75.8683
 75.8683
 75.8683
 48.4562
 49.8096
 0
 0
 0
 36.5513
 36.5513
 34.4238
 50.3587
 45.4643
 0
 0
 0
 31.4643
 64.9307
 64.9307
 64.9307
 49.1732
 49.1732
 49.1732
