 305.197
 0
 8.66025
 16
 19.799
 28.2312
 28.2312
 29.1548
 41.833
 33.0908
 33.7046
 18.2209
 47.613
 22.2036
 32.1248
 42.7902
 57.4369
 32.6956
 56.4358
 37.4566
 37.3898
 40.1622
 44.5084
 36.1248
 48.0833
 16.4924
 17.0294
 18.1934
 33.8821
 24.3516
 44.9889
 24.0624
 40.8656
 33.9264
 29.6311
 29.6985
 43.4396
 29.5635
 41.7971
 44.6878
 29.5635
 28.3019
 56.4269
 28.6705
 28.6705
 57.5413
 55.263
 26.9629
 33.9559
 54.5802
 35.4824
 35.9861
 51.5946
 51.5946
 51.5946
 40.1497
 39.1408
 43
 41.7013
 39.9625
 0
 0
 42.6028
 43.715
 34.0881
 8
 8
 12.2474
 16.2173
 52.9434
 46.0326
 29.1033
 48.8979
 20.8327
 19.1833
 53.647
 25.3377
 57.9569
 37.6563
 27.0924
 33.2716
 24.8998
 0
 0
 36.1248
 56.8683
 42.3674
 33.5559
 33.5559
 0
 49.548
 34.4384
 59.9083
 42.8019
 46.0435
 24.1661
 0
 43.1393
 25.1992
 48.9183
 51.6527
 49.548
 23.388
 62.6099
 44.7996
 39.5601
 52.2781
 52.2781
 53.8702
 43.6005
 59.6406
 31.289
 31.289
 0
 28.7228
 45.8476
 42.8252
 48.8057
 48.8057
 45.5412
 34.7563
 30.8058
 24.3311
 46.7547
 43.4396
 30.348
 19.6214
 19.6214
 48.0833
 17.6918
 20.1246
 60.6712
 44.5421
 38.3014
 65.0385
 22.6274
 0
 0
 28.6356
 40.2368
 22.6274
 46.9574
 46.9574
 36.8646
 47.2969
 67.7569
 41.7852
 0
 0
 0
 37.4166
 25.671
 65.7571
 56.0714
 26.3249
 65.4141
 49.8698
 52.1632
 59.1185
 47.833
 33.2566
 40.694
 47.8644
 47.571
 42.72
 0
 21.3073
 49.366
 25.4951
 31.0966
 47.4552
 0
 0
 27.6767
 37.7624
 59.1608
 32.1559
 53.3104
 19.4936
 18.8149
 45.6289
 59.607
 49.7695
 35.7771
 55.3534
 21.4709
 30.3809
 62.9921
 45.9783
 40.9878
 0
 0
 45.8803
 50.1697
 62.2656
 46.3249
 0
 0
 34.4819
 65.7495
 51.7301
 51.7301
 51.7301
 51.7301
 65.0538
 30.4138
 61.5549
 55.9911
 55.9911
 55.9911
 56.6392
 60.7042
 47.2652
 48.8672
 48.8672
 0
 43.1625
 35.7351
 49.7996
 52.7826
 28.4605
 34.9428
 40.694
 59.0424
 59.0424
 59.0424
 47.8539
 34.1028
 61
 33.2866
 33.2866
 58.3267
 21.2132
 20.445
 33.1361
 33.1361
 54.7266
 22.6936
 33.1361
 47.8435
 0
 0
 0
 0
 40.0749
 56.9825
 52.6023
 47.9166
 46.4758
 49.0306
 51.5073
 56.3738
 54.7723
 40.4969
 0
 0
 35.1283
 54.4885
 45.8585
 60.2993
 60.2993
 60.2993
 60.2993
 56.9825
 54.4059
 65.681
 29.5466
 29.5466
 0
 0
 0
 0
 43.6578
 52.1632
 52.1632
 52.1632
 52.1632
 49
 50.547
 40.8044
 52.1057
 52.1057
 52.1057
 52.1057
 39.724
 31.5436
 54.8817
 23
 0
 0
 0
 0
 0
 28.7228
 56.6569
 56.6569
 56.6569
 56.6569
 56.6569
 56.6569
 15.3297
 57.5413
 22.8035
 36.565
 0
 0
 0
 0
 25.1992
 36.9053
 30.3809
 0
 0
 0
 49.93
 39.6485
 50.7642
 55.7405
 55.7405
 55.7405
 55.7405
 59.338
 53.8516
 55.8211
 23.0651
 0
 49.7695
 46.2601
 48.4149
 68.0955
 30.7409
 66.5207
 56.4889
 52.0961
 50.9902
 62.0081
 59.0593
 40.8901
 43.9318
 55.2178
 59.6992
 54.2218
 54.2218
 54.2218
 37.7359
 28.6705
 60.8194
 50.6162
 44.0341
 0
 0
 49.8698
 55.2087
 54.4334
 30.5778
 48.734
 48.734
 56.4181
 27.9821
 52.6118
 52.6118
 31.1127
 51.3225
 30.3974
 22.2036
 45.4973
 0
 46.1844
 54.9636
 36.7423
 51.6817
 51.6817
 51.6817
 51.6817
 55.8391
 26.4008
 60.3407
 53.8888
 36.5377
 36.5377
 0
 0
 0
 0
 0
 0
 0
 0
 42.1426
 0
 0
 0
 35.3977
 53.7215
 61.0164
 61.0164
 61.0164
 61.0164
 57.7581
 50.547
 40.0375
 67.1342
 51.449
 45.5961
 59.1354
 59.4895
 35.623
 26.1725
 62.4179
 61.2372
 61.2372
 61.2372
 61.2372
 51.4684
 61.1801
 67.4611
 56.116
 54.827
 28.1603
 36.5787
 25.2389
 22.561
 50.1996
 30.4302
 44.7325
 41.9524
 53.5444
 44.2493
 57.1577
 31.4325
 63.0555
 28.7402
 59.6741
 25.8263
 0
 0
 0
 43.8748
 51.614
 47.833
 47.833
 41.0488
 56.0803
 54.074
 59.9083
 59.9083
 59.9083
 59.9083
 59.9083
 45.2438
 52.144
 64.6065
 54.037
 54.037
 54.037
 49.0306
 49.7494
 61.8385
 58.3866
 58.3866
 58.3866
 32.665
 32.4346
 62.7535
 66.325
 66.325
 66.325
 60.6218
 69.9285
 57.6368
 68.3301
 57.8273
 24
 54.4518
 27.2947
 27.2947
 22.0227
 42.7902
 44.1248
 26.8701
 0
 0
 45.9783
 49.1935
 57.9137
 60.7124
 31.3847
 65.5668
 37.1483
 57.5587
 58.6003
 58.3095
 58.3095
 52.5167
 38.1051
 57.55
 49.5984
 63.206
 44.8442
 52.3068
 57.6541
 53.3573
 58.2323
 44.7996
 67.0075
 37.9473
 61.5305
 68.5711
 33.5559
 62.9921
 65.7571
 68.8985
 57.8273
 51.3615
 36
 64.8768
 28.4253
 57.6975
 43.1625
 30.3974
 30.4138
 40.7676
 49.0714
 52.4976
 61.8547
 29.6142
 66.2269
 22.9783
 59.4727
 62.466
 57.4108
 49.8297
 57.7495
 55.1906
 39.6485
 31.496
 64.0547
 27.2213
 52.8583
 56.9912
 47.833
 43.6921
 63.0635
 60.0833
 50.636
 32.8024
 68.7823
 39.7366
 71.9653
 56.4889
 64.9846
 74.7462
 67.5056
 37.2961
 54.7723
 27.8927
 59.5231
 51.672
 22.6495
 23.622
 52.5167
 46.7868
 55.0999
 61.4166
 47.9062
 39.7115
 29.3087
 60.9098
 68.7023
 44.6542
 44.6542
 61.041
 62.434
 45.1996
 37.3229
 53.3948
 49.366
 28.4605
 56.0714
 40.5709
 50.8527
 52.7541
 52.7541
 56.8243
 46.9361
 41.7133
 32.573
 66.2118
 67.897
 57.7321
 71.624
 71.4773
 61.5792
 63.0397
 45.0999
 54.461
 28.8964
 51.0098
 60.3656
 38.2753
 27.4044
 43.4741
 58.112
 46.9681
 61.5467
 31
 58.4637
 62.4019
 67.0522
 60.6877
 58.8897
 35.1283
 45.7275
 56.7715
 28.7402
 46.9894
 52.1632
 49.548
 49.548
 38.7685
 58.3181
 58.3181
 31.1448
 53.5257
 51.6914
 28.7576
 70.0643
 40.8901
 32.3574
 28.2843
 58.6771
 72.3395
 59.2115
 65.8179
 67.6757
 21.4942
 53.3198
 30.7083
 75.0267
 75.0267
 52.9622
 45.793
 58.1378
 65.1076
 30.4467
 64.195
 36.2905
 67.1044
 62.0484
 56.9737
 21
 63.7966
 62.474
 49.8899
 58.4038
 43.909
 51.1273
 57.9051
 39.1791
 51.0882
 58.112
 44.0114
 56.4801
 52.1153
 50.1996
 31.496
 65.8027
 47.8748
 62.2816
 35.7071
 70.1213
 71.9027
 66.1665
 31.5119
 51.7397
 28.2843
 20.3224
 30.4302
 45.6508
 59.1439
 40.5463
 70.406
 61.9112
 34.8999
 66.0379
 62.1932
 49.8297
 59.3885
 49.8698
 0
 0
 40.8534
 45.7056
 47.833
 43.1393
 36.9053
 36.9053
 49.5379
 61.2291
 34.0734
 73.9324
 31.4166
 27.1846
 73.1847
 75.2197
 55.857
 32.28
 27.55
 54.5802
 28.6531
 56.1961
 43.6921
 53.8702
 70.9013
 27.8927
 67.0373
 65.7875
 65.7875
 23.7908
 46.6905
 60.5227
 47.5395
 54
 41.9881
 52.7067
 62.426
 33.8969
 48.9183
 48.9183
 57.3934
 36.5787
 39.8748
 72.0278
 37.4166
 49.558
 73.5731
 56.0179
 61.0246
 15.6525
 15.6525
 49.689
 21.7945
 44.5421
 42.9651
 68.469
 30.0333
 63.0635
 68.1616
 22.5832
 54.0463
 66.6408
 59.7327
 47.55
 52.1057
 62.5859
 49
 49
 48.0833
 48.0833
 35.171
 43.0349
 69.3542
 35.0999
 0
 38.7427
 74.8999
 49.3862
 70.8731
 58.0172
 13.8564
 45.3542
 24.5153
 41.4246
 41.4246
 30.7409
 64.9615
 34.9714
 31.6386
 31.6386
 74.29
 28.0713
 56.6039
 66.7907
 66.7907
 47.2758
 62.2013
 62.2013
 49.3457
 45.1331
 51.7784
 51.7784
 50.2792
 50.2792
 30.7246
 47.2652
 47.2652
 33.7491
 33
 76.1446
 52.8772
 20.8567
 20.8567
 67.4981
 27.3861
 56.6392
 64.591
 48.4252
 26.1534
 56.6039
 74.5453
 74.5453
 74.5453
 74.5453
 59.6657
 59.6657
 25.2587
 44.833
 44.833
 44.317
 62.153
 54.4151
 49.7393
 41.6053
 28.6356
 47.0425
 47.0425
 36.6333
 36.6333
 36.6333
 59.1101
 24.4745
 31.4166
 75.9539
 75.9539
 69.9786
 36.1248
 65.3452
 65.3452
 65.3452
 19.9499
 48.7134
 50.4282
 34.4384
 34.4384
 70.3349
 70.3349
 61.4654
 53.9166
 53.9166
 49.2849
 64.8074
 64.8074
 64.8074
 48.4665
 38.4838
 43.6578
 46.3465
 27.8209
 33.7935
 33.7935
 33.7935
 33.7935
 33.7935
 36.9459
 50.3786
 50.3786
 50.3786
 33.7787
 10.7238
 10.7238
 10.7238
 54.4243
 44.1814
 57.4456
 38.2099
 38.2099
 57.2189
 48.816
 42.3202
 65.4064
 48.7237
 0
 0
 0
 30.4302
 63.2456
 40.4351
 0
 34.2199
 34.2199
 34.2199
 45.9239
 45.9239
 48.156
 63.7338
 46.2061
 46.2061
 48.734
 29.5127
 29.5127
 65.1306
 37
 42.6146
 49.4469
 51.8941
 26.4386
 66.6408
 66.6408
 49.1223
 43.9204
 43.9204
 18.303
 25.318
 63.7417
 27.8029
 44.5646
 23.9165
 42.5793
 0
 44.9778
 24.8797
 0
 36.6742
 38.1838
 0
 0
 0
 0
 0
 0
 0
 0
 43.4856
 0
 0
 37.6298
 37.6298
 20.347
 0
 48.4355
 58.4209
 29.7153
 42.8252
 41.1825
 60.8687
 54.1849
 54.8999
 54.8999
 33.2866
 33.2866
 74.1013
 57.4543
 57.4543
 74.0135
 74.0135
 74.0135
 65.2304
 47.5395
 44.7214
 44.7214
 0
 0
 0
 0
 0
 0
 0
 32.8634
 32.8634
 32.8634
 33.4365
 35.5106
 24.454
 40
 39.281
 35.5949
 35.5949
 40.0125
 43.6921
 28.9137
 33.7639
 33.7639
 41.0609
 29.5466
 41.7732
 41.7732
