 313.755
 0
 36.1663
 34.7131
 38.923
 42.6732
 34.2929
 36.1801
 41.7013
 39.0384
 41.9404
 47.7598
 44.7772
 36.1939
 40.694
 41.6533
 38.5357
 36.7287
 39.2173
 40.0375
 40.0749
 43.8178
 38.4838
 42.7785
 44.5421
 39.3827
 48.1664
 38.4187
 33.8821
 41.9285
 39.975
 37.7227
 46.2061
 44.4747
 40.4351
 52.2972
 48.6929
 45.6289
 48.2908
 52.144
 47.8226
 34.8999
 48.4871
 51.4976
 47.8957
 42.1307
 41.2674
 53.3104
 40.4104
 44.7102
 45.4643
 44.4635
 43.9545
 0
 0
 45.607
 46.465
 44
 41.8927
 43.7836
 0
 0
 0
 47.6445
 41.7013
 39.2938
 37.1483
 32.6956
 49.0408
 46.7119
 55.0999
 36.2905
 38.9358
 33.5261
 36.7287
 56.745
 30.8221
 55.2449
 41.3401
 41.5331
 41.7612
 29.7489
 0
 0
 45.8803
 46.6583
 47.8539
 48.7237
 29.3087
 0
 49.548
 50.1996
 50.1996
 49.7896
 53.8888
 29.0861
 0
 43.1393
 34.9714
 53.9166
 54.2494
 45.1331
 27.6406
 49.8197
 54.1941
 44.2493
 47.2546
 24.1868
 41.5331
 49.7594
 43.6463
 53.9073
 22.3383
 22.3383
 46.4435
 43.9204
 51.4684
 43.9545
 43.9545
 51.9038
 43.6463
 38.4318
 38.1314
 51.9519
 54.7905
 48.6518
 42.9535
 42.9535
 47.8957
 38.8587
 34.5832
 59.9416
 45.4863
 48.1664
 62.9762
 40.5463
 0
 0
 0
 0
 45.4533
 50.4183
 50.4183
 56.8595
 54.0185
 59.716
 53.8888
 53.8888
 53.8888
 56.4447
 55.7046
 37.9342
 56.4004
 54.1479
 38.8201
 55.3082
 50.3786
 44.2945
 46.2817
 49.1427
 47.9687
 43.3705
 53.0189
 49.4065
 68.1102
 68.1102
 43.6119
 56.5509
 45.5192
 41.5933
 47.5605
 47.5605
 56.8946
 42.9651
 50.8429
 54.7996
 49.1121
 55.857
 42.3674
 35.5949
 54.0648
 57.4456
 45.5192
 48.5489
 62.6099
 39.3827
 46.1194
 66.0681
 53.8702
 52.5928
 52.5928
 52.5928
 54.69
 56.4447
 67.8749
 55.6866
 55.6866
 56.9386
 42.1545
 66.2193
 60.2578
 60.2578
 60.2578
 60.2578
 58.3352
 45.6289
 62.9682
 59.4811
 55.3715
 55.3715
 51.7011
 45.6399
 54.5527
 53.479
 51.9904
 51.9904
 43.909
 47.8121
 45.8585
 55.5878
 47.0638
 43.8748
 64.6142
 60.8358
 60.8358
 60.8358
 56.4978
 43.0116
 62.0242
 58.4979
 45.1664
 61.8061
 40.1248
 52.259
 46.2169
 42.2256
 50.547
 42.8019
 49.9199
 55.9375
 55.9375
 55.9375
 55.9375
 55.9375
 46.6583
 66.888
 56.4712
 55.9553
 55.9553
 56.9298
 62.6259
 69.5557
 60.8276
 46.0435
 0
 0
 40.8779
 62.9762
 65.3529
 70.859
 43.8976
 0
 0
 0
 0
 0
 45.3542
 43.382
 0
 0
 0
 0
 48.5695
 59.3464
 59.3464
 59.3464
 59.3464
 52.5738
 53.7959
 49.7594
 54.7996
 54.7996
 54.7996
 54.7996
 46.744
 46.1086
 62.6738
 49.0204
 0
 0
 0
 0
 0
 46.465
 63.0555
 63.0555
 63.0555
 63.0555
 63.0555
 63.0555
 45.1885
 63.2456
 44.8553
 61.1392
 61.1392
 61.1392
 61.1392
 55.2721
 49.8698
 49.7594
 48.2908
 0
 0
 0
 0
 48.1768
 57.3672
 58.2237
 58.2237
 58.2237
 58.2237
 66.9851
 67.8086
 62.7375
 45.3542
 0
 0
 0
 0
 0
 43.5316
 76.5376
 68.4763
 68.1836
 62.9682
 65.2074
 76.1512
 45.1664
 60.5805
 59.808
 73.4711
 54.7814
 54.7814
 54.7814
 49.9199
 51.3128
 63.5453
 64.1483
 47.4552
 0
 0
 0
 0
 0
 0
 48.816
 48.816
 66
 43.4051
 75.9408
 75.9408
 49.5883
 61.5711
 49.7192
 50.0899
 45.5741
 0
 0
 0
 50
 57.4891
 49.4571
 0
 0
 0
 0
 0
 0
 45.4973
 0
 0
 0
 0
 0
 0
 0
 0
 0
 44.6318
 0
 0
 0
 0
 0
 0
 39.724
 0
 0
 0
 0
 45.5522
 79.2149
 61.563
 62.5859
 77.0779
 58.2495
 51.1664
 51.342
 78.7972
 64.5058
 64.5058
 64.5058
 64.5058
 69.2098
 68.3301
 70.3562
 69.9786
 69.9357
 63.0159
 62.9047
 47.2017
 50.7642
 65.6354
 49.7594
 58.8643
 63.0793
 59.1354
 60.6877
 59.2874
 32.1714
 66.4229
 50.1498
 69.6635
 52.3259
 52.3259
 52.3259
 69.5198
 74.7462
 58.2752
 65.582
 65.582
 56.0714
 74.5654
 70.9084
 68.1616
 68.1616
 68.1616
 68.1616
 68.1616
 50.1697
 66.6933
 77.9551
 68.1616
 29.0345
 29.0345
 62.6339
 62.9285
 81.7435
 57.5847
 57.5847
 57.5847
 52.345
 55.1362
 79.7057
 66.5282
 21.7256
 0
 0
 0
 0
 0
 0
 48.775
 73.13
 48.949
 12.49
 51.4976
 64.2806
 56.745
 40.8779
 0
 0
 0
 0
 0
 0
 0
 0
 0
 0
 0
 0
 0
 0
 49.0408
 77.55
 60.0167
 69.8069
 49.4571
 68.971
 73.4166
 69.7065
 58.2838
 59.6238
 79.1644
 57.6802
 83.7914
 69.6922
 52.8961
 73
 74.7797
 80.9877
 73.0411
 72.7599
 66.8655
 79.2717
 51.6043
 74.0608
 58.6174
 56.5332
 51.7011
 63.9609
 68.0588
 59.0931
 65.8711
 60.4566
 71.0282
 54.5344
 69.1086
 71.3092
 84.3919
 67.9264
 76.7529
 71.4773
 53.4603
 51.2738
 80.8826
 49.7695
 65.7267
 74.0608
 57.5326
 62.1932
 66.4229
 60.05
 71.1407
 50.2494
 69.7209
 61.7495
 81.9756
 73.0479
 86.0233
 74.3169
 75.5778
 56.921
 76.6029
 64.6297
 81.7374
 71.4913
 40.8901
 53.4416
 79.3158
 67.7274
 77.3886
 64.6916
 60.1747
 65.6125
 57.8619
 69.857
 71.861
 57.7062
 57.7062
 74.8064
 76.1118
 63.6553
 60.8605
 72.6636
 80.827
 48.3115
 75.4785
 58.7792
 72
 70.859
 70.859
 86.4928
 59.0847
 64.8691
 53.2541
 68.6513
 68.3667
 61.9355
 72.7186
 79.2906
 74.8131
 85.2056
 69.1954
 73.9392
 63.498
 71.7147
 85.1763
 60.1415
 55.1906
 71.1196
 84.3208
 59.203
 64.7534
 62.434
 83.2286
 69.95
 70.8943
 75.0267
 78.2496
 53.3573
 68.8985
 75.2263
 61.9435
 80.9753
 70.5479
 72.5948
 72.5948
 49.8899
 80.2994
 69.7137
 54.7175
 58.6174
 72.1249
 55.4887
 66
 64.846
 50.01
 54.2771
 64.3506
 75.9868
 71.3512
 77.5048
 74.6726
 49.4975
 77.7432
 44.4522
 85.2291
 54.2033
 74.505
 70.4628
 63.0635
 86.6025
 55.1815
 64.2884
 61.0246
 70.2851
 68.1102
 79.4544
 54.5894
 75.0467
 75.3658
 74.2967
 75.0533
 64.6142
 79.1707
 75.6968
 55.7225
 74.081
 49.1325
 54.1018
 76.987
 55.857
 51.4684
 54.5802
 63.5767
 67.283
 69.5989
 59.5063
 75.3525
 78.2176
 76.7919
 63.8279
 74.0203
 45.1774
 52.8867
 51.0294
 68.9638
 61.2372
 63.9844
 71.0422
 65.6354
 51.4198
 74.6257
 73.6817
 71.3022
 80.5047
 75.6902
 75.6902
 78.2624
 63.5689
 73.9865
 61.8628
 52.5928
 52.2111
 57.9741
 73.6003
 62.3217
 50.8724
 75.8947
 63.4429
 53.0283
 77.3886
 78.905
 73.0685
 53.376
 58.2752
 71.4423
 49.3153
 62.9524
 71.9792
 61.709
 71.8958
 59.2874
 76.8375
 74.6391
 74.6391
 53.6097
 76.4918
 78.7972
 72.8354
 82.5772
 68.9202
 79.3347
 77.7946
 52.469
 75.8419
 61.0082
 60.9918
 65.8407
 52.8867
 71.5262
 51.9711
 76.7463
 79.6806
 77.3886
 77.4984
 51.2835
 75.5182
 55.7494
 49.96
 57.5152
 72.7599
 68.9638
 59.3464
 70.406
 74.0338
 54.461
 73.1984
 80.3368
 78.1409
 74.619
 78.1985
 75.2728
 80.604
 80.604
 77.7432
 51.2933
 64.3661
 70.7743
 69.5773
 51.9423
 51.9423
 52.5357
 79.7621
 74.7395
 78.3326
 78.6384
 49.051
 75.1399
 49.6588
 61.0492
 60.9098
 50.1298
 69.95
 52.4786
 58.4637
 62.2174
 78.8797
 55.6597
 76.8049
 76.6746
 76.6746
 74.3236
 79.7621
 79.7621
 70.5691
 78.1537
 78.2943
 78.2943
 75.9078
 48.7545
 68.0147
 75.9408
 58.7622
 65.0538
 68.8331
 76.7072
 73.253
 55.9643
 55.9643
 80.604
 48.6826
 80.9691
 81.5046
 78.0513
 44.0454
 65.7723
 74.0068
 74.0068
 56.8067
 56.8067
 71.2811
 72.8217
 53.7866
 73.0479
 83.5464
 53.8795
 83.4326
 76.7594
 76.0395
 68.7532
 55.7225
 77.7753
 51.303
 62.9682
 62.9682
 62.9682
 66.4078
 64.0469
 65.238
 77.8203
 77.8203
 75.6505
 51.9711
 81.2158
 81.2158
 81.2158
 49.5883
 75.591
 63.7495
 49.7996
 49.7996
 73.3553
 73.3553
 75.4917
 64.7225
 64.7225
 75.591
 83.5883
 56.0268
 56.0268
 80.9074
 69.2459
 71.2741
 77.3757
 56.7803
 57.3062
 64.4515
 56.8771
 56.8771
 56.8771
 77.7496
 76.4918
 74.8732
 74.8732
 64.8383
 43.4626
 81.0802
 81.0802
 78.2496
 56.4712
 83.66
 61.0574
 61.0574
 64.5523
 56.5862
 56.5332
 74.7596
 72.2219
 72.2219
 73.7767
 73.7767
 64.7225
 87.9716
 78.4283
 78.4283
 53.0848
 73.8715
 61.5305
 81.1234
 46.4758
 84.8646
 98.6256
 82.4803
 82.4803
 61.131
 68.8259
 68.8259
 71.1969
 51.3225
 49.7896
 61.8304
 60.7207
 46.0326
 69.0362
 69.0362
 82.9518
 74.3909
 74.3909
 57.6888
 51.6817
 86.6718
 64.4826
 77.4984
 51.6236
 74
 74
 53.9444
 63.7652
 63.7652
 74.4379
 66.9253
 66.9253
 74.2226
 60.5145
 60.5145
 49.5883
 49.5883
 49.5883
 65.6125
 70.7248
 70.7248
 73.6546
 51.2348
 51.2348
 53.5817
 53.5817
 65.0308
 65.0308
 58.0689
 66
 50.8429
 59.7495
 59.7495
 53.4883
 53.4883
 53.4883
 53.4883
 61.1801
 73.8173
 73.8173
 64.0859
 63.8592
 63.8592
 64.1483
 78.224
 75.6902
 75.6902
 75.6902
 75.6902
 60.2744
 52.7067
 52.7067
 52.7067
 58.3267
 67.3053
 67.3053
 67.3053
 61.1555
 54.9181
 57.4978
 44.317
 69.5701
 54.2218
 54.2218
 76.857
 76.2234
 47.085
 68.593
 68.593
 77.7174
 51.0294
 76.8895
 76.8895
