 304.939
 0
 33.8674
 39.3446
 42.0238
 46.669
 39.3573
 43.4741
 40.8656
 44.7661
 48.2494
 50.1398
 49.7293
 40.0749
 46.5296
 44.833
 42.4146
 42.107
 43.4511
 44.7437
 37.1753
 45.8258
 45.8258
 45.3431
 50.9902
 39.7492
 45.3762
 40.4969
 35.6371
 42.5558
 43.9204
 45.1664
 50.3984
 46.2385
 44.5758
 55.3986
 51.2933
 47.8748
 54.2863
 55.7584
 47.2864
 37.855
 54.1941
 51.0098
 51.0098
 49.7494
 43.8292
 52.0865
 43.0116
 50.03
 48.7647
 51.2835
 44.0114
 0
 0
 0
 0
 44.7325
 34.1614
 42.1663
 0
 0
 0
 0
 43.8862
 31.8434
 31.8434
 32.1403
 49.7393
 53.1413
 61.8547
 38.1707
 47.8644
 37.921
 42.7317
 63.1506
 33.0757
 61.4329
 46.6798
 49.051
 47.8853
 32.2645
 0
 0
 0
 0
 0
 0
 0
 0
 49.548
 50.9902
 53.7494
 52.2111
 55.7494
 55.7494
 55.7494
 43.1393
 38.2492
 58.2752
 54.7905
 46.9681
 46.9681
 53.768
 56.9473
 45.0222
 50.1597
 50.1597
 43.0465
 52.4118
 49.3964
 56.9737
 27.1477
 27.1477
 47.55
 46.1736
 56.5862
 40
 40
 58.6003
 54.827
 37.3497
 31.5278
 58.2409
 59.9416
 52.345
 41.7612
 41.7612
 55.4346
 44.3509
 39.975
 64.3117
 50.6261
 52.1249
 69.5414
 45.1885
 0
 0
 0
 0
 45.793
 55.848
 55.848
 60.0083
 60.1415
 65.9773
 59.925
 59.925
 59.925
 62.849
 57.7581
 42.6028
 60.5475
 59.1354
 43.9318
 63.1902
 55.5608
 48.4458
 51.643
 55.8391
 46.6369
 43.7607
 60.8851
 50.9019
 72.4431
 72.4431
 38.5616
 64.2884
 49.5681
 42.0238
 47.8435
 0
 0
 41.7373
 55.7046
 69.491
 51.449
 62.434
 47.7598
 36.7696
 59.9917
 67.838
 54.2033
 53.8516
 70.7672
 37.3898
 49.4267
 73.8986
 57.55
 54.754
 54.754
 54.754
 58.3181
 63.3877
 74.7997
 61.9516
 61.9516
 63.7181
 47.9792
 71.7914
 63.4665
 63.4665
 63.4665
 63.4665
 66.4756
 49.6185
 66.2495
 64.0547
 55.6147
 55.6147
 56.3294
 56.5066
 55.8749
 59.1101
 52.0769
 52.0769
 45.5522
 49.0306
 51.1566
 64.6684
 43.4971
 45.8912
 63.5925
 68.7459
 68.7459
 68.7459
 62.7933
 46.3573
 70.3918
 57.3411
 57.3411
 68.7168
 43.3013
 56.4004
 50.4975
 50.4975
 56.4712
 47.7808
 55.8211
 61.6928
 61.6928
 61.6928
 61.6928
 61.6928
 50.8232
 74.0878
 64.8537
 60.9672
 50.6063
 62.6259
 69.1448
 77.6015
 69.0797
 47.4447
 0
 0
 49.1528
 71.3092
 72.1457
 77.4016
 77.4016
 77.4016
 77.4016
 71.4283
 70.5549
 77.4597
 52.1344
 52.1344
 52.1344
 52.1344
 59.5063
 72.3395
 54.754
 63.1031
 63.1031
 63.1031
 63.1031
 54.5802
 57.1927
 52.1536
 63.9296
 63.9296
 63.9296
 63.9296
 48.4665
 49.2138
 72.519
 46.0435
 0
 0
 0
 0
 0
 0
 0
 0
 0
 0
 0
 0
 0
 0
 0
 0
 0
 0
 0
 0
 0
 0
 0
 0
 0
 0
 0
 0
 0
 0
 0
 0
 0
 0
 0
 0
 45.7056
 0
 0
 0
 0
 0
 0
 0
 0
 0
 0
 0
 0
 0
 0
 0
 0
 0
 0
 0
 0
 0
 0
 0
 0
 0
 0
 0
 0
 0
 0
 0
 0
 0
 0
 0
 0
 0
 0
 0
 0
 50
 0
 0
 0
 0
 0
 0
 0
 0
 0
 0
 0
 0
 0
 0
 0
 0
 0
 0
 0
 0
 0
 0
 0
 0
 0
 0
 0
 0
 0
 0
 0
 0
 0
 0
 0
 0
 0
 0
 0
 0
 0
 0
 0
 0
 0
 0
 0
 0
 0
 0
 0
 0
 0
 0
 0
 0
 0
 0
 0
 0
 0
 0
 0
 0
 0
 0
 0
 0
 0
 0
 0
 0
 0
 0
 0
 0
 0
 0
 0
 0
 0
 0
 0
 0
 0
 0
 0
 0
 0
 0
 0
 0
 0
 0
 0
 0
 0
 0
 0
 0
 0
 0
 0
 0
 0
 0
 0
 0
 0
 0
 0
 0
 0
 0
 0
 0
 0
 0
 0
 0
 0
 0
 0
 0
 0
 0
 0
 0
 0
 0
 0
 0
 0
 0
 0
 0
 0
 0
 0
 0
 0
 0
 0
 0
 0
 0
 0
 0
 0
 0
 0
 0
 0
 0
 0
 0
 0
 0
 0
 0
 0
 0
 0
 0
 0
 0
 0
 0
 0
 0
 0
 0
 0
 0
 0
 0
 0
 0
 0
 0
 0
 0
 0
 0
 0
 0
 0
 0
 0
 0
 0
 0
 0
 0
 0
 0
 0
 0
 0
 0
 0
 0
 0
 0
 0
 0
 0
 0
 0
 0
 0
 0
 0
 0
 0
 0
 0
 0
 0
 0
 0
 0
 0
 0
 0
 0
 0
 0
 0
 0
 0
 0
 0
 0
 0
 0
 0
 0
 0
 0
 0
 0
 0
 0
 0
 0
 0
 0
 0
 0
 0
 0
 0
 0
 0
 0
 0
 0
 0
 0
 0
 0
 0
 0
 0
 0
 0
 0
 0
 0
 0
 0
 0
 0
 0
 0
 0
 0
 0
 0
 0
 0
 0
 0
 0
 0
 0
 0
 0
 0
 0
 0
 0
 0
 0
 0
 0
 0
 0
 0
 0
 0
 0
 0
 0
 0
 0
 0
 0
 0
 0
 0
 0
 0
 0
 0
 0
 0
 0
 0
 0
 0
 0
 0
 0
 0
 0
 0
 0
 0
 0
 0
 0
 0
 0
 0
 0
 0
 0
 0
 0
 0
 0
 0
 0
 0
 0
 0
 0
 0
 0
 0
 0
 0
 0
 0
 0
 0
 0
 0
 0
 0
 0
 0
 0
 0
 0
 0
 0
 0
 0
 0
 0
 0
 0
 0
 0
 0
 0
 0
 0
 0
 0
 0
 0
 0
 0
 0
 0
 0
 0
 0
 0
 0
 0
 0
 0
 0
 0
 0
 0
 0
 0
 0
 0
 0
 0
 0
 0
 0
 0
 0
 0
 0
 0
 0
 0
 0
 0
 0
 0
 0
 0
 0
 0
 0
 0
 0
 0
 0
 0
 0
 0
 0
 0
 0
 0
 0
 0
 0
 0
 0
 0
 0
 0
 0
 0
 0
 0
 0
 0
 0
 0
 0
 0
 0
 0
 0
 0
 0
 0
 0
 0
 0
 0
 0
 0
 0
 0
 0
 0
 0
 0
 0
 0
 0
 0
 0
 0
 0
 0
 0
 0
 0
 0
 0
 0
 0
 0
 0
 0
 0
 0
 0
 0
 0
 0
 0
 0
 0
 0
 0
 0
 0
 0
 0
 0
 0
 0
 0
 0
 0
 0
 0
 0
 0
 0
 0
 0
 0
 0
 0
 0
 0
 0
 0
 0
 0
 0
 0
 0
 0
 0
 0
 0
 0
 0
 0
 0
 0
 0
 0
 0
 0
 0
 0
 0
 0
 0
 0
 0
 0
 0
 0
 0
 0
 0
 0
 0
 0
 0
 0
 0
 0
 0
 0
 0
 0
 0
 0
 0
 0
 0
 0
 0
 0
 0
 0
 0
 0
 0
 0
 0
 0
 0
 0
 0
 0
 0
 0
 0
 0
 0
 0
 0
 0
 0
 0
 0
 0
 0
 0
 0
 0
 0
 0
 0
 0
 0
 0
 0
 0
 0
 0
 0
 0
 0
 0
 0
 0
