 0
 0
 21
 22.561
 23.7276
 27.9643
 20.0749
 21.8174
 26.5141
 28.6705
 32.9545
 32.3419
 31.3209
 21.7945
 26.9072
 23.4307
 20.8327
 27.2213
 21.7025
 29.5804
 24.9199
 32.218
 25.2785
 25.807
 32.3883
 27.6043
 27.5862
 25.2785
 23.3666
 24.3105
 25.04
 23.4521
 29.8329
 27.037
 26.7955
 36.2767
 34.5832
 35.4683
 34.8568
 34.9142
 31.8591
 18.1384
 33.8526
 37.4166
 34.7994
 23.8328
 26.2679
 32.6803
 24.3105
 26.0576
 32.6956
 26.9444
 28.5832
 0
 19.5448
 36.1248
 28.7576
 28.2489
 26.4575
 25.5539
 0
 21.4243
 35.819
 33.9264
 25.219
 26.0576
 21.1187
 15.6525
 31.1448
 32.6803
 41.1704
 21.9545
 24.8596
 17.5214
 20.9045
 40.9145
 19.0526
 39.1024
 25.3969
 25.2389
 28.4605
 19.5192
 0
 29.1376
 28.8791
 24.8998
 36.0832
 35.7631
 21.4476
 0
 28.2489
 31.5436
 30.5778
 36.0971
 40.5832
 21.1424
 0
 26.4953
 16.5227
 39.064
 38.2099
 28.1957
 20.6398
 28.6705
 34.8138
 24.4745
 32.5269
 17.5784
 24.2487
 30.4959
 22.8473
 35.4683
 16.4924
 0
 25.2982
 24.5153
 38.3406
 27.6225
 16.8819
 40.3361
 26.0384
 22.1133
 25.7876
 35.6791
 34.4384
 31.9061
 28.5657
 16.8819
 30.1662
 22.8692
 20.0998
 43.2666
 27.7669
 26.9444
 43.7836
 20.8567
 0
 13.3041
 42.6497
 34.1028
 28.8791
 37.8946
 9.05539
 37.1349
 40.5463
 37.7757
 42.4028
 0
 7.34847
 40.8534
 40.8167
 16.8819
 33.8969
 37.3363
 18.412
 34.7563
 30.3809
 27.2397
 25.2587
 30.4467
 28.8964
 25.2785
 36.6333
 28.8791
 46.6047
 0
 26.8328
 42.8019
 23.3666
 22.8473
 26.2869
 0
 39.975
 23.1733
 29.7489
 33.0757
 27.258
 36.3043
 22.5167
 18.7083
 31.496
 33.8821
 25.8263
 28.6705
 43.2088
 20.7846
 28.8964
 45.5961
 35.805
 33.121
 0
 0
 35.0286
 40.0375
 46.9574
 43.6921
 0
 41.7133
 20.9284
 43.4166
 44.6094
 0
 0
 32.9848
 37.1349
 23.622
 37.4166
 41.1947
 33.8378
 0
 30.545
 22.8035
 30.9677
 31.3209
 32.1559
 0
 21.9317
 27.9285
 25.2587
 36.8917
 27.8209
 23.3666
 40.7308
 45.3211
 0
 28.6531
 37.1214
 23.4521
 42.0357
 31.5278
 36.4966
 39.4335
 18.5472
 30.348
 23.6432
 30.5614
 28.8964
 21.7256
 26.9815
 31.257
 0
 33.0303
 0
 26.1725
 26.0384
 43.4741
 36.0278
 33.3916
 29.189
 39.0896
 43.715
 45.7602
 41.7493
 29.3939
 0
 35.242
 21.2838
 41.845
 44.7549
 47.8539
 31.607
 0
 31.7333
 39.8623
 41.1825
 43.4281
 22.7596
 34.8999
 0
 30.0333
 26.096
 40.0749
 24.454
 36.2905
 33.9264
 0
 28.2843
 28.2843
 30.8058
 27.2947
 34.8999
 0
 0
 26.5518
 22.9347
 25.5539
 45.3321
 29.189
 0
 37.8021
 22.2036
 42.8252
 45.7165
 22.5832
 38.3275
 38.3275
 0
 0
 34.7994
 21.2838
 21.9773
 40.4351
 19.9499
 35.1426
 0
 0
 30.4302
 31.6228
 22.6274
 24.1039
 22.1585
 0
 0
 29
 30.0666
 25.0799
 29.5804
 32.0624
 0
 0
 22.4499
 40.7308
 45.31
 38.8201
 26.2488
 0
 47.3181
 43.0116
 39.4081
 50.7937
 20
 49.9199
 41.3884
 42.9884
 35.8469
 36.5513
 47.5395
 22.561
 35.9444
 32.665
 45.8912
 32.8786
 0
 29.8664
 25.3772
 30.4138
 43.6807
 35.6791
 24.8596
 0
 29.8161
 40.4104
 40.3237
 47.4552
 27.8209
 25.3969
 25.3969
 43.4856
 16.8226
 45.2659
 45.2659
 22.5832
 37.6032
 23.388
 24.4745
 22.8035
 0
 31.8904
 31.0805
 22.7816
 33.1059
 25.6515
 0
 28.931
 45.3431
 28.9655
 40.4599
 30.4138
 29.2062
 0
 0
 0
 27.2213
 28.8097
 49.99
 43.8634
 40.05
 40.3485
 28.3019
 0
 23.2809
 44.3734
 26.0576
 42.45
 52.5071
 27.2764
 0
 21.8632
 37.7889
 37.4433
 21.7025
 53.0377
 35.623
 36.8917
 49.2341
 33.7194
 26.5895
 28.9137
 49.8698
 42.9069
 0
 32.7414
 13.6015
 41.328
 42.7083
 48.5489
 41.0244
 46.8828
 34.3802
 36.4555
 18.2483
 23.4734
 39.2683
 22.8035
 30.0167
 35.4119
 32.7109
 34.6987
 33.3017
 12.9615
 41
 22.561
 44.5084
 30.7734
 0
 23.0651
 43.8634
 50.3786
 32.1248
 42
 23.6008
 31.0322
 47.7703
 41.9166
 41.1096
 0
 0
 17.0294
 23.8747
 25.807
 36.1939
 49.8096
 40.4599
 13.5277
 22.3159
 37.0945
 35.7071
 52.0192
 32.7109
 14.7309
 21.5407
 29.5127
 32.2955
 51.3615
 43.4281
 13.9284
 0
 46.0435
 49.1325
 42.6146
 44.4297
 42.5088
 21.166
 47.9375
 19.975
 9.38083
 23.4947
 36.8917
 28.688
 14.8661
 0
 32.0624
 39.0384
 34.7994
 33.3317
 44.2154
 33.2265
 42.1307
 25.219
 49.558
 46.2169
 44.317
 44.317
 43.1393
 22.7156
 49.6689
 31.289
 39.8497
 24.1868
 40.0625
 43.6921
 41.2795
 33.1059
 34.4384
 51.1566
 34.6266
 53.7587
 45.1553
 24.8395
 44.2945
 49.7896
 52.1536
 43.6005
 45.288
 37.3363
 49.7996
 22.561
 43.9545
 29.7658
 26.9444
 24.98
 36.4417
 41
 31.8748
 37.1214
 34.7419
 45.6508
 27.6043
 40.7063
 46.4112
 50.4183
 41.7253
 50.892
 42.6497
 25.2785
 20.8327
 53.0283
 22.3607
 35.3695
 44.9555
 29
 36.3593
 37.3095
 33.3467
 42.6849
 24.8193
 44.7661
 38.5357
 50.8724
 43.6807
 56.5951
 49.2341
 44.5197
 27.9821
 49.5883
 35.5246
 53.2916
 42.6497
 15.1658
 23.5797
 51.4004
 40.2616
 46.9894
 34.4238
 32.1403
 36.7151
 33.541
 42.3084
 46.4435
 29.5973
 29.5973
 48.4871
 50.6656
 34.7994
 30.4467
 44.0341
 54.4426
 20.445
 46.2169
 28.7924
 42.8836
 40.5339
 40.5339
 60.7207
 28.688
 39.128
 27.2764
 39.1152
 42.8019
 33.8821
 49.4975
 51.3615
 47.0425
 56.9561
 41.2553
 49.163
 34.4819
 44.699
 55.7853
 31.9061
 26.2679
 42.2374
 52.3163
 31.3688
 38.1838
 35.7911
 53.8331
 43.1277
 46.6583
 48.9081
 52.5833
 25.2587
 43.0233
 46.0543
 35.5246
 54.2033
 41.7253
 40.4351
 40.4351
 20.8806
 53.1601
 40.5956
 25.3969
 32.4037
 42.3792
 29.5635
 43.1045
 38.9487
 20.2731
 32.249
 34.7851
 51.342
 42.9535
 52.6783
 46.0217
 20.2485
 45.4313
 17.088
 58.0517
 25.2982
 45.7602
 41.6413
 35.3977
 57.0175
 26.096
 38.1314
 35.7351
 45.8803
 39.2556
 53.2541
 31.9374
 50
 49.4267
 48.0729
 45.1996
 35.6651
 54.6077
 47.9062
 27.5862
 42.0595
 23.4734
 24.5967
 48.3011
 29.6648
 26.1343
 28.8964
 37.4566
 41.1825
 42.1426
 34.0294
 50.5866
 49.8698
 51.449
 34.0147
 45.5302
 15.9687
 23.7065
 23.1948
 39.6989
 34.3657
 36.9053
 46.6047
 37.3765
 24.5967
 51.1664
 48.621
 42.6263
 57.7495
 44.5533
 0
 0
 34.2637
 43.5431
 33.2415
 22.9347
 23.4734
 33.4216
 46.1628
 35.8608
 22.6716
 48.6004
 42.3438
 24.0416
 49
 52.7541
 46.2601
 21.7256
 30.6431
 42.1189
 20.6398
 34.7563
 43.1625
 33.541
 46.9894
 33.541
 52.4786
 48.9285
 0
 25.0599
 48.1975
 54.4334
 39.1152
 54.5619
 39.3192
 49.99
 48.6621
 23.4521
 44.5197
 38.2753
 32.4346
 41.1947
 22.2486
 46.2385
 21.9317
 46.9468
 53.2916
 45.3321
 51.6624
 20.9523
 46.1519
 28.1603
 21.1896
 28.688
 44.0227
 42.8369
 33.2716
 44.6878
 49.4166
 25.9615
 45.9239
 56.0268
 53.9444
 43.4626
 48.0833
 46.9681
 49.8197
 49.8197
 45.8148
 23.4947
 39.5095
 44.0114
 40.0625
 22.6716
 22.6716
 24.6577
 52.9339
 46.551
 49.7695
 52.2303
 16.5227
 45.3872
 21.9545
 29.9833
 35.819
 20.347
 42.3674
 22.2935
 32.1559
 33.9117
 51.1371
 29.0172
 51.3712
 52.7541
 52.7541
 44.5533
 55.254
 55.254
 40.5709
 46.7868
 51.4976
 51.4976
 45.9891
 20
 42.4264
 48.5489
 30.1164
 36.9188
 46.2493
 49.0204
 44.2832
 33.2716
 33.2716
 54.7905
 21
 48.7134
 51.225
 47.9062
 16.4924
 40.5339
 51.6236
 51.6236
 27.2213
 27.2213
 47.0638
 47.5395
 25.3574
 43.715
 57.3934
 22.891
 57.1839
 49.0714
 45.5961
 41.8091
 25.1794
 48.4974
 22.6716
 34.1614
 34.1614
 34.1614
 38.4708
 43.4511
 37.4032
 52.3163
 52.3163
 49.2747
 22.7816
 53.6563
 53.6563
 53.6563
 21.095
 43.6463
 32.7567
 20.8806
 20.8806
 47.9792
 47.9792
 51.1175
 39.3192
 39.3192
 46.8508
 56.3649
 22.9129
 22.9129
 53.3385
 41.7971
 40.05
 50.03
 31.3528
 23.388
 36.2629
 27.7669
 27.7669
 27.7669
 57.9741
 49.1019
 45.8694
 0
 43
 15.4272
 53.535
 53.535
 48.0937
 27.7669
 51.9134
 35.7771
 35.7771
 37.0405
 28.0357
 28.0535
 52.5071
 45.9565
 45.9565
 45.0444
 45.0444
 34.2783
 58.3009
 52.259
 52.259
 28.4429
 43.4396
 35.4824
 49.5681
 27.1109
 58.5406
 73.797
 57.6108
 57.6108
 29.6985
 46.2709
 46.2709
 42.7551
 24.1661
 23.1301
 37.51
 30.8221
 18.2209
 47.4658
 47.4658
 33.6006
 51.2835
 51.2835
 28.7402
 19.8242
 56.8946
 39.7618
 50.03
 24.0416
 43.9431
 43.9431
 23.4734
 31.6228
 0
 0
 38.0657
 38.0657
 53.963
 32.3419
 32.3419
 35.7071
 26.7582
 26.7582
 40.8534
 42.3202
 42.3202
 52.6403
 23.8537
 23.8537
 25.1794
 25.1794
 34.3657
 55.8032
 34.3948
 37.6298
 21.4709
 37.0945
 53.7308
 28.6531
 0
 35.9305
 35.9305
 42.7668
 43.0465
 43.0465
 47.4552
 35.6371
 0
 42.6263
 45.3542
 50.6853
 50.6853
 50.6853
 50.6853
 42.7785
 22.4054
 22.4054
 22.4054
 34.9714
 40.9634
 40.9634
 40.9634
 32.8786
 28.8444
 33.0151
 19.8494
 49.8197
 24.1039
 24.1039
 55.6327
 55.5338
 19.975
 51.2933
 51.2933
 51.7107
 30.2324
 46.9042
 46.9042
