 307.005
 0
 29.95
 35.3129
 40.2741
 43.9886
 33.5708
 43.4856
 42.9302
 40.5709
 45.5631
 50.6853
 47.2652
 37.9737
 43.4281
 44.3734
 41.7013
 41.2553
 43.6119
 43.8292
 36.606
 45.0666
 43
 43.7264
 49.4571
 35.9305
 42.3792
 41.7133
 35.1568
 37.8418
 45.1221
 45.0666
 46.0326
 47.2229
 38.833
 38.833
 44.3058
 43.8634
 48.5901
 55.7225
 47.5815
 36.8511
 49.99
 49.99
 49.99
 46
 42.332
 42.332
 37.3497
 46.669
 43.1509
 49.5278
 49.5278
 0
 0
 0
 48.3115
 42.2256
 37.3631
 37.3631
 0
 0
 0
 0
 43.4051
 32.7261
 32.7261
 26.1916
 48.5901
 49.8598
 57.1577
 57.1577
 46.6905
 36.9324
 37.1887
 61.0246
 61.0246
 59.8331
 45.1221
 47.7389
 39.1791
 31.5595
 0
 0
 48.4871
 49.8197
 48.8467
 53.301
 53.301
 53.301
 49.548
 47.2969
 53.7587
 49.8799
 54.7631
 54.7631
 54.7631
 43.1393
 35.0571
 55.5878
 54.3139
 46.9574
 46.9574
 50.309
 56.5774
 40.7185
 50.1199
 50.1199
 50.1199
 50.2792
 44.8107
 57.1489
 57.1489
 57.1489
 44.2719
 42.4264
 54.2218
 36.4143
 36.4143
 57.2713
 53.4322
 35.0571
 35.0571
 56.6392
 54.8452
 48.6826
 36.318
 36.318
 53.6283
 39.0256
 34.5543
 61.9435
 48.6826
 46.0869
 64.6916
 37
 0
 0
 0
 47.8226
 45.0555
 49.5177
 49.5177
 56.1249
 54.3415
 62.2013
 53.8888
 53.8888
 53.8888
 58.1378
 54.754
 37.6165
 58.5662
 55.0636
 42.4735
 58.5064
 58.7792
 45.1664
 48.1248
 51.9904
 47.085
 47.085
 58.1979
 48.4458
 69.728
 69.728
 34.7563
 61.9193
 45.7275
 40.2492
 40.2492
 40.2492
 62.0081
 37.47
 51.6817
 51.6817
 48.8774
 62.0967
 42.5558
 31.3688
 54.8726
 54.8726
 50.5964
 48.3011
 64.3428
 34.2637
 47.8748
 71.2741
 50.4282
 48.8365
 0
 0
 0
 0
 0
 0
 0
 0
 42.6732
 70.8167
 60.2578
 60.2578
 60.2578
 60.2578
 63.773
 45.8912
 65.307
 59.9083
 59.9083
 59.9083
 55.4346
 52.2877
 56.3738
 54.8726
 54.8726
 54.8726
 42.6028
 47.5395
 49.0306
 62.7057
 40.2244
 44.2945
 60.4814
 63.4429
 63.4429
 63.4429
 59.8415
 41.7133
 67.335
 56.4978
 56.4978
 66.6258
 40.8289
 53.1601
 48.4458
 48.4458
 55.857
 43.8634
 51.3128
 55.7853
 55.7853
 55.7853
 55.7853
 55.7853
 50.2991
 67.7717
 59.9667
 59.1016
 59.1016
 61.7333
 64.3661
 71.3162
 66.0303
 66.0303
 66.0303
 66.0303
 46.0869
 69.9142
 67.9264
 74.2361
 74.2361
 74.2361
 74.2361
 71.4913
 70.1997
 76.9545
 49.3255
 49.3255
 0
 0
 0
 0
 0
 0
 0
 0
 0
 0
 0
 0
 0
 0
 0
 0
 48.4871
 48.6107
 66.0984
 48.2908
 0
 0
 0
 0
 0
 0
 0
 0
 0
 0
 0
 0
 0
 0
 48.8876
 61.1637
 61.1637
 61.1637
 61.1637
 62.6817
 55.6507
 56.6569
 56.6922
 56.6922
 56.6922
 56.6922
 62.5859
 49.7494
 63.6239
 65.2227
 65.2227
 65.2227
 65.2227
 74.2226
 73.9256
 69.8427
 45.9565
 0
 0
 0
 0
 0
 49.5782
 83.4266
 76.8115
 76.3348
 68.5347
 71.2811
 82.813
 49.8498
 64.2806
 63.7809
 79.0822
 60.05
 60.05
 60.05
 53.7308
 54.4518
 69.814
 66.2344
 66.2344
 66.2344
 66.2344
 74.0338
 73.13
 74.7262
 52.0192
 57.3672
 57.3672
 72.6842
 50.4579
 76.5572
 76.5572
 54.909
 68.775
 56.1249
 56.7098
 50
 0
 0
 0
 0
 0
 46.7868
 0
 0
 0
 0
 0
 0
 0
 0
 0
 0
 0
 0
 0
 0
 0
 0
 0
 0
 0
 0
 0
 0
 0
 0
 0
 0
 0
 0
 0
 0
 0
 0
 0
 0
 0
 0
 0
 0
 0
 0
 0
 0
 0
 0
 0
 0
 0
 0
 0
 0
 0
 0
 0
 0
 0
 0
 0
 0
 0
 0
 0
 0
 0
 0
 0
 0
 0
 0
 0
 0
 0
 0
 0
 0
 0
 0
 0
 0
 0
 0
 0
 0
 0
 0
 0
 0
 0
 0
 0
 0
 0
 0
 0
 0
 0
 0
 0
 0
 0
 0
 0
 0
 0
 0
 0
 0
 0
 48.8672
 0
 0
 0
 0
 0
 0
 0
 0
 0
 0
 0
 0
 0
 0
 0
 0
 0
 0
 0
 0
 0
 0
 0
 0
 0
 0
 0
 0
 0
 0
 0
 0
 0
 0
 0
 0
 0
 0
 0
 0
 0
 0
 0
 0
 0
 0
 0
 0
 0
 0
 0
 0
 0
 0
 0
 0
 0
 0
 0
 0
 0
 0
 0
 0
 0
 0
 0
 0
 0
 0
 0
 0
 0
 0
 0
 0
 0
 0
 48.6621
 59.279
 91.5806
 74.263
 84.3623
 71.8888
 66.888
 68.1836
 62.5859
 78.0192
 81.5782
 66.9328
 66.9328
 86.151
 83.4626
 71.2601
 67.8602
 84.1784
 88.6284
 59.9833
 84.6227
 67.3127
 80.4736
 76.9545
 76.9545
 91.4221
 66.1211
 69.1954
 60.0333
 76.6942
 79.0633
 66.9403
 84.4808
 87.4128
 81.8291
 92.844
 76.6942
 86.0639
 70.6399
 83.0241
 93.8829
 67.2681
 62.6179
 77.7882
 92.6067
 66.0454
 71.617
 66.8581
 89.1235
 76.4264
 78.943
 84.5695
 84.5813
 60.1914
 72.45
 83.6959
 66.1211
 87.9659
 77.3886
 80.2558
 80.2558
 57.3324
 88.5325
 74.3169
 64.1249
 66.2571
 78.6702
 60.2495
 75.8749
 69.1954
 58.258
 55.9643
 75.8749
 84.7467
 79.599
 88.7806
 86.0174
 57.7927
 83.4566
 52.3832
 94.4299
 61.7009
 86.2844
 81.6088
 70.4344
 93.3542
 60.1498
 70.9436
 69.6132
 78.0833
 73.3008
 87.704
 59.9083
 83.8093
 82.6015
 81.3818
 83.5763
 73.0069
 85.2291
 84.3208
 65.3376
 82.6922
 56.9473
 61.2944
 84.7349
 67.0448
 67.0448
 60.0916
 74.4177
 70.7743
 77.479
 61.0737
 85.0882
 83.5524
 88.8988
 71.3863
 86.0174
 52.2015
 60.2661
 58.0172
 77.8075
 69.9428
 71.239
 78.905
 72.5259
 59.0339
 84.1368
 80.666
 80.1311
 85.6855
 83.5823
 83.5823
 86.908
 71.3863
 81.9329
 70.8025
 57.7927
 59.975
 62.7375
 78.613
 71.8958
 57.1402
 84.5518
 64.8614
 61.0082
 83.5284
 89.2076
 85.188
 60.9836
 64.7611
 81.1911
 56.7274
 70.8167
 79.4229
 67.8307
 78.6321
 63.7338
 85.3112
 80.3181
 80.3181
 58.6515
 84.3386
 86.2844
 80.1623
 89.5489
 75.6439
 84.0536
 85.7555
 59.1354
 81.2588
 66.9104
 68.2569
 70.9013
 60.8194
 80.9382
 58.0259
 86.9598
 89.1403
 84.303
 89.6103
 60.8194
 87.4586
 67.897
 57.3149
 65.2993
 82.3529
 78.4411
 67.2384
 76.909
 84.9235
 60.5062
 85.1704
 86.4118
 85.5219
 85.5804
 85.3698
 83.1445
 85.1469
 85.1469
 82.2071
 62.6179
 69.9929
 74.9733
 77.7753
 60.0666
 60.0666
 58.5747
 87.9147
 82.6801
 85.2643
 90.0833
 56.4801
 88.3516
 58.3695
 69.6922
 69.6922
 62.4099
 78.1601
 60.8358
 64.2962
 67.3869
 86.3308
 60.8605
 88.1192
 83.4686
 83.4686
 86.7871
 85.6738
 85.6738
 81.9817
 86.9022
 86.9195
 86.9195
 86.862
 61.6928
 72.4017
 81.3818
 67.72
 69.5989
 73.3417
 84.4275
 81.1788
 59.4475
 59.4475
 90.233
 57.3585
 88.9269
 89.1011
 91.0385
 55.7494
 72.1873
 81.9268
 81.9268
 65.169
 65.169
 79.0633
 79.6053
 64.0078
 85.481
 86.4812
 65.0154
 89.7274
 85.6096
 87.9659
 76.6029
 66.0454
 87.4643
 62.57
 73.7021
 73.7021
 73.7021
 77.4016
 68.8912
 77.6466
 90.1499
 90.1499
 80.8393
 62.4099
 92.0598
 92.0598
 92.0598
 57.7235
 86.954
 69.1954
 57.8014
 57.8014
 80.3243
 80.3243
 85.5979
 71.0352
 71.0352
 86.093
 86.2206
 65.1076
 65.1076
 84.309
 80.4612
 82.6015
 84.5458
 69.9142
 65.1613
 76.4788
 68.884
 68.884
 68.884
 83.5464
 85.188
 82.7103
 82.7103
 68.2935
 54.7723
 88.8538
 88.8538
 85.4576
 66.9253
 90.835
 68.1616
 68.1616
 72.4845
 63.773
 64.5058
 81.8474
 83.5524
 83.5524
 76.0723
 76.0723
 77.8974
 85.047
 90.3438
 90.3438
 66
 83.4446
 71.6938
 90.0389
 57.9569
 96.1509
 103.421
 91.0494
 91.0494
 66.4229
 75.6571
 75.6571
 74.7663
 63
 63.293
 66.0152
 66.053
 55.8749
 77.711
 77.711
 68.913
 81.0309
 81.0309
 71.0774
 63.7652
 84.4571
 74.7128
 82.6378
 61.0655
 83.5584
 83.5584
 63.8592
 73.4983
 73.4983
 84.8116
 79.3914
 79.3914
 82.994
 74.108
 74.108
 53.8795
 63.2376
 63.2376
 68.7168
 78.2496
 78.2496
 71.5332
 58.9491
 58.9491
 62.6418
 62.6418
 66.2269
 76.6094
 66.5132
 76.3806
 60.5392
 68.4836
 73.4779
 62.8888
 62.8888
 50.6063
 50.6063
 64.8922
 78.9493
 78.9493
 66.7233
 73.7021
 73.7021
 72.3187
 88.5155
 88.2156
 88.2156
 88.2156
 88.2156
 75.6241
 63.293
 63.293
 63.293
 61.0328
 71.7914
 71.7914
 71.7914
 68.2569
 63.2614
 57.7581
 54.69
 60.1498
 61.5873
 61.5873
 83.0241
 67.4833
 55.6327
 76.2102
 76.2102
 76.6355
 60.2495
 77.3369
 77.3369
