 306.163
 0
 1.41421
 4.12311
 7.81025
 7.74597
 26.9629
 28.7576
 1.41421
 27
 15.9687
 1.73205
 13.2288
 13.8924
 25.219
 0
 6.08276
 31.257
 0
 23.9374
 8.60233
 19.799
 0
 5.65685
 14.2127
 5.09902
 6.245
 13.9284
 16.2173
 22.5832
 0
 25.4362
 28.7054
 16.5529
 30.4138
 20
 28.2843
 30
 20.9045
 27
 5.38516
 18.4932
 18.3848
 6.08276
 20.2237
 0
 3.4641
 6.9282
 27.3861
 9.69536
 30.1828
 25.9037
 0
 0
 0
 26.6458
 31.7175
 18.4662
 16.9115
 19.6214
 19.6214
 19.6214
 31.0161
 24.1247
 17.5214
 26.0768
 19.1311
 24.5561
 6.9282
 14.7986
 27.8568
 16.5227
 3.31662
 19.1572
 21.8632
 24.5967
 18.2757
 21.1187
 8.60233
 29.5466
 30.0333
 18.2483
 54.0648
 55.6776
 55.6776
 55.6776
 31.9218
 33.8674
 17.3494
 48.7545
 49.548
 6.9282
 6.9282
 25.1794
 25.1794
 25.1794
 43.6692
 43.1393
 25.807
 27.5681
 24.5357
 21.4942
 16.5831
 1.41421
 6
 22.0907
 5.65685
 15.6525
 0
 30.2159
 5.19615
 7.87401
 7.87401
 0
 20.3715
 20.8806
 32.7719
 23.9374
 23.9374
 23.9374
 29.6816
 25.2982
 31.0805
 6.08276
 34.1467
 9.84886
 14.3178
 14.3178
 11.225
 22.9129
 22.7376
 34.0734
 1.41421
 28.4605
 32.1403
 30.315
 30.315
 30.315
 0
 31.607
 28.2135
 35.1426
 35.1426
 4.3589
 31.4643
 15.6205
 34.4819
 34.4819
 34.4819
 29.3598
 27.9464
 25.3574
 11.6189
 3.4641
 27.0924
 0
 24.5764
 0
 4.58258
 33.3017
 29.4109
 22.7376
 38.5616
 23.8747
 3.4641
 0
 33.541
 30.1164
 22.9347
 27.2213
 22.6274
 0
 14.3178
 20.0499
 8.66025
 8.60233
 26.2679
 17.3781
 20.3224
 31.9061
 34.9571
 7.34847
 1.73205
 27.0924
 41.7612
 29.5296
 24.6982
 36.8782
 35.805
 32.0936
 0
 0
 6
 36.4966
 29.6648
 39.9249
 0
 19.4165
 23.3666
 27.7849
 30.6268
 0
 0
 0
 0
 18.3576
 11.6189
 2.44949
 7.93725
 0
 0
 2.44949
 21.4709
 31.3688
 7.81025
 7.81025
 21.4709
 23.4094
 23.1517
 42.3556
 33.9559
 28.178
 5.19615
 42.3556
 42.3556
 42.3556
 5.19615
 22.7816
 22.7816
 16.5227
 6.9282
 21.7715
 27.9821
 12.2474
 26.7208
 4.24264
 0
 29.5466
 29.1033
 34.5832
 0
 6.9282
 6.9282
 6.9282
 22.8035
 41.9881
 36.8782
 33.6006
 25.2389
 5.19615
 42.5911
 39.3319
 40.2244
 26.1725
 26.1725
 26.1725
 23.3024
 23.3024
 29.4449
 24.4745
 27.9285
 27.9285
 27.9285
 0
 1.73205
 0
 19.2614
 26.096
 26.096
 26.096
 1.73205
 16.6733
 28.8617
 6.85565
 26.9072
 26.9072
 26.9072
 19.6469
 23.6854
 24.5764
 44.2041
 44.2041
 44.2041
 44.2041
 27.1477
 34.4093
 46.8295
 37.5233
 37.5233
 37.5233
 37.5233
 6.08276
 6.08276
 23.622
 3.4641
 0
 0
 0
 0
 0
 23.6643
 19.105
 25.3574
 14.8997
 14.8997
 14.8997
 14.8997
 2.44949
 26.0576
 21.4942
 29.1719
 29.1719
 29.1719
 29.1719
 34.4238
 22.2711
 35.3977
 35
 35
 35
 35
 43.4396
 44.6766
 41.3038
 35.8748
 35.8748
 36.1663
 36.1663
 6.9282
 52.9434
 26.0576
 28.7924
 0
 0
 7.34847
 8.60233
 1.41421
 16.3095
 24.5153
 22.3159
 4.58258
 37.7094
 37.7094
 37.7094
 30.7571
 38.7169
 48.9387
 20.8087
 12.1655
 12.1655
 12.1655
 6.9282
 3.31662
 32.8634
 36.6606
 14
 14
 4.24264
 31.5911
 5.09902
 5.09902
 30.249
 3.4641
 12.2882
 25.7876
 7.81025
 7.81025
 17.1172
 38.5616
 31.8119
 39.975
 5.65685
 5.65685
 5.65685
 47.7179
 35.1283
 43.9773
 32.7567
 5.09902
 0
 0
 0
 0
 0
 35.4401
 32.8177
 46.1628
 7.07107
 4.89898
 4.89898
 4.89898
 2.44949
 22.9565
 0
 0
 3.4641
 3.4641
 3.4641
 14.7986
 9.74679
 26.7582
 29.6142
 25.8844
 24.7588
 0
 37.4566
 36.3456
 40.4969
 27.1846
 48.5695
 48.5695
 48.5695
 48.5695
 7
 2.44949
 34.0588
 21.7256
 13
 11.3578
 40.2244
 30.3315
 26.6271
 6.63325
 10.583
 22.2486
 17.4069
 37.4566
 20.6398
 39.37
 8.60233
 49.3862
 30.5123
 50.547
 33.3916
 33.3916
 33.3916
 28.9828
 34.5109
 35.3977
 6.16441
 6.16441
 17.4642
 1.73205
 0
 45.1442
 0
 0
 0
 0
 26.7582
 9.79796
 56.6569
 56.6569
 7.87401
 7.87401
 20.8567
 27.0555
 27.0555
 44.3621
 16.4924
 16.4924
 41.3884
 42.6028
 0
 0
 18.3303
 18.3303
 4.12311
 43.715
 1.73205
 1.73205
 21.5174
 25.2785
 30.2159
 27.8927
 13
 27.4408
 37.7889
 0
 39.4842
 39.4842
 35.805
 27.037
 7.93725
 42.8135
 48.9285
 36.5103
 50.5173
 28.775
 39.3446
 25.8457
 3.31662
 3.31662
 0
 27.1846
 27.1846
 31.5753
 43.1625
 28.4253
 17.1756
 3
 24.6577
 42.6497
 28.9137
 59.4643
 37.9342
 39.3319
 56.3383
 38.092
 4.24264
 34.5398
 13.8924
 1.73205
 3.60555
 8.18535
 0
 31.8277
 15.8745
 0
 29.5296
 7.34847
 37.855
 26.9444
 39.37
 48.0104
 40.8779
 52.9528
 48.8569
 49.98
 38.1182
 2.44949
 5.38516
 54.3047
 54.3047
 24
 38.2099
 36.0971
 30.0832
 9.79796
 0
 32.619
 35.623
 48.6826
 44.3734
 21.1424
 41.3521
 60.7536
 40.8167
 62.5779
 62.5779
 45.4533
 49.558
 3.4641
 21.7256
 21.7256
 12.2066
 3.31662
 8.544
 39.7869
 28.3901
 0
 25.2389
 20.8327
 45.4753
 35.4683
 40.1123
 42.5088
 53.3292
 54.0925
 21.3073
 21.3073
 30.9193
 55.5968
 14.1067
 25.1992
 1.41421
 34.2345
 29.95
 0
 40.05
 19.0263
 17.8885
 17.8885
 55.0818
 34.2345
 42.391
 40.6325
 42.5911
 57.8446
 17.8885
 43.1856
 62.466
 62.466
 43.909
 13
 27.5862
 14.2478
 19.2094
 19.2094
 20.0749
 28.2312
 28.6356
 28.6356
 34.3802
 50.1597
 42.1189
 27.6767
 51.449
 53.7029
 47.8957
 62.6897
 30.9193
 37.0945
 0
 0
 0
 11.3578
 17.8045
 17.8045
 33.0757
 3.31662
 39.1535
 33.5857
 43.8634
 16.6733
 47.5395
 60.3241
 41.2189
 37.6962
 51.6236
 41.5812
 60.2578
 60.2578
 50.5173
 64.3273
 28.3373
 4.24264
 38.7943
 70.6329
 28.3373
 23.4734
 23.3024
 47.927
 28.5307
 36.1939
 41.509
 37.6696
 57.8014
 51.049
 21.9089
 52.6403
 50.6261
 65.2993
 65.2993
 65.2993
 65.2993
 37.081
 1.41421
 3
 23.4734
 32.4346
 22.2711
 22.9129
 48.7134
 36.4829
 48.4562
 56.2939
 37.4967
 7.34847
 48.7134
 63.4271
 63.4271
 40.5586
 13
 1.41421
 37.4032
 30.8058
 35.1141
 35.1141
 79.3599
 36.3043
 62.2254
 51.4296
 34.5254
 55.7853
 68.4763
 68.4763
 62.1852
 62.1852
 62.1852
 62.1852
 14.9332
 2.44949
 2
 17.4069
 35.2704
 49.6387
 32.1714
 51.3225
 37.229
 65.8635
 59.1523
 24.4131
 2.44949
 2.44949
 2.44949
 26.3059
 18.6815
 13.6748
 33.9853
 44.3959
 33
 47.1169
 44.8553
 47.4447
 54.461
 67.4389
 67.4389
 38.7427
 0
 0
 13.5647
 49.8899
 11.2694
 33
 9.79796
 30.9193
 29.8496
 47.0532
 45.7165
 55.7046
 35.1568
 47.9687
 43.6234
 0
 0
 6.48074
 46.744
 31.9374
 3.31662
 43
 7.2111
 37.8946
 28.6705
 66.6483
 46.2385
 63.6082
 57.55
 50.2195
 23.4521
 23.4521
 57.3062
 57.3062
 57.3062
 57.3062
 34.1321
 34.1321
 27.55
 40.3856
 48.6415
 47.2969
 46.2925
 39.4208
 0
 46.3681
 68.4763
 68.4763
 68.4763
 56.3383
 29.6985
 4.89898
 31.607
 41.833
 17.4356
 8.06226
 8.06226
 35.0856
 35.1426
 55.6507
 52.2111
 50.3984
 31.3209
 79.3851
 79.3851
 79.3851
 70.9648
 70.9648
 70.9648
 27.313
 47.6445
 0
 19.1311
 35.8329
 35.8329
 35.8329
 54.5619
 54.5436
 68.4982
 54.4977
 54.4977
 67.6314
 67.6314
 57.3062
 21.4942
 3.87298
 31.1127
 3.4641
 38.8844
 63.498
 63.498
 63.498
 50.6162
 50.6162
 30.315
 75.0333
 49.366
 0
 0
 1.73205
 1.73205
 0
 3.74166
 43.5546
 25.8263
 30.348
 30.348
 47.0213
 47.0213
 47.0213
 49.3356
 75.9276
 75.9276
 66
 66
 66
 66
 47.0532
 0
 0
 31.9218
 4.89898
 4.89898
 46.9574
 46.9574
 46.9574
 46.9574
 46.9574
 71.2531
 71.2531
 71.2531
 89.0618
 44.911
 44.911
 76.2889
 35.7211
 2.82843
 1.41421
 44.2832
 8.48528
 7.93725
 43.2782
 43.2782
 43.2782
 79.1707
 79.1707
 79.1707
 79.1707
 77.9551
 77.9551
 50.951
 50.951
 2.44949
 37.7094
 32.6956
 40.0375
 40.0375
 57.7148
 57.7148
 49.1935
 55.5608
 24.0416
 24.0416
 24.0416
 24.0416
 3.4641
 3.4641
 36.9188
 36.9188
 1.73205
 0
 44.0681
 0
 0
 39.3319
 78.3135
 64.3195
 64.3195
 64.3195
 74.8799
 74.8799
 74.8799
 49.1223
 24.8193
 37.8946
 35.8469
 37.51
 54.9363
 54.9363
 53.7215
 45.5522
 0
 11.7898
 0
 0
 35.5949
 0
 41.6293
 1.73205
 0
 46.1519
 43.6807
 0
 0
 4.79583
 0
 0
 19.9249
 0
 28.1069
 12.1244
 0
 38.3797
 1.41421
 0
 0
 36.4829
 0
 26.0192
 0
 0
 0
 0
 0
 0
 0
 0
 0
 0
 21.166
 0
 0
 20.8567
 0
 0
 27.8209
 0
 6
 6
 6
 0
 0
 0
 3
 44.2719
 0
 0
 14.7648
 1.73205
 0
 0
 8.544
 4.24264
 53.7215
 53.7215
 75.0733
 75.0733
 75.0733
 75.0733
 87.7496
 87.7496
 87.7496
 87.7496
 42.4735
 42.4735
 1.41421
 0
