 305.781
 0
 31.0483
 37.3631
 41.497
 44.6766
 34.3074
 46.076
 46.076
 43.9659
 48.0416
 48.0416
 48.7032
 39.0768
 45.0888
 44.8888
 42.5441
 42.0951
 44.2606
 43.8634
 36.606
 45.7056
 43.6348
 45.0333
 50.2792
 37.7492
 45.5192
 42.4617
 35.8748
 40.2865
 44.5197
 45.8912
 47.7598
 47.7598
 39.724
 39.724
 46.0543
 44.643
 50.4381
 56.6039
 47.6235
 38.4448
 50.6261
 50.6261
 50.6261
 48.1144
 43.1741
 43.1741
 39.1918
 48.6415
 45.7165
 50.4183
 50.4183
 50.4183
 50.4183
 51.0098
 50.7445
 43.2319
 43.2319
 43.2319
 0
 0
 0
 0
 43.6234
 43.6234
 43.6234
 27
 47.8539
 53.066
 59.7327
 59.7327
 47.5289
 37.7359
 38.7556
 62.7136
 62.7136
 62.3217
 46.6154
 48.6004
 41.7732
 41.7732
 0
 0
 49.3255
 51.4684
 49.7293
 54.1756
 54.1756
 54.1756
 49.548
 49.5681
 54.7996
 50.7346
 54.7996
 54.7996
 54.7996
 43.1393
 37.4299
 56.4447
 55.0182
 46.6369
 46.6369
 50.8822
 56.4978
 43.715
 50.7642
 50.7642
 50.7642
 51.1566
 47.0319
 57.7408
 57.7408
 57.7408
 45.9674
 43.5316
 55.9196
 36.6879
 36.6879
 58.1636
 54.231
 35.3977
 35.3977
 58.3009
 55.7136
 51.1077
 37.1618
 37.1618
 54.1572
 42.3084
 35.1426
 62.0242
 49.2443
 49.5379
 66.4304
 46.4435
 0
 0
 0
 48.7134
 45.2106
 52.0961
 52.0961
 56.9825
 56.9122
 65.307
 54.754
 54.754
 54.754
 61.498
 55.4256
 39.2683
 59.9583
 58.155
 43.1972
 59.3549
 58.112
 46.7547
 49.5278
 54.5619
 47.833
 47.833
 59.925
 48.7545
 71.1758
 71.1758
 36.6333
 62.8013
 46.594
 40.5463
 40.5463
 40.5463
 62.7535
 40.8044
 52.3068
 52.3068
 49.548
 62.6897
 44.1135
 33.121
 58.2151
 58.2151
 51.264
 51.7107
 66.9328
 34.9428
 47.8748
 72.1873
 53.8516
 49.6488
 0
 0
 0
 0
 0
 0
 0
 0
 45.2327
 72.0694
 61.131
 61.131
 61.131
 61.131
 65.1767
 49.2849
 49.2849
 62.2415
 62.2415
 62.2415
 56.2939
 56.2139
 56.8067
 57.3672
 57.3672
 57.3672
 44.8442
 48.2908
 50.5964
 63.6396
 42
 44.7214
 61.9355
 66.9104
 66.9104
 66.9104
 60.407
 45.1664
 69.0652
 57.1664
 57.1664
 68.1396
 41.7732
 56.2939
 49.3153
 49.3153
 56.7274
 46.4435
 54.754
 57.4543
 57.4543
 57.4543
 57.4543
 57.4543
 50.8232
 70.3918
 62.7216
 60.803
 60.803
 62.5859
 67.0149
 74.7663
 67.7643
 67.7643
 67.7643
 67.7643
 47.9583
 71.5961
 71.3162
 76.7984
 76.7984
 76.7984
 76.7984
 72.5052
 70.852
 77.2593
 50.6656
 50.6656
 50.6656
 50.6656
 61.0082
 71.8749
 53.8702
 64.9538
 64.9538
 64.9538
 64.9538
 54.3599
 58.8643
 52.3259
 61.887
 61.887
 61.887
 61.887
 48.9285
 51.0294
 68.7095
 48.2286
 0
 0
 0
 0
 0
 0
 0
 0
 0
 0
 0
 0
 0
 0
 0
 0
 0
 0
 0
 0
 0
 0
 0
 0
 0
 0
 0
 0
 0
 0
 0
 0
 0
 0
 0
 0
 47.8017
 0
 0
 0
 0
 0
 0
 0
 0
 0
 0
 0
 0
 0
 0
 0
 0
 0
 0
 0
 0
 0
 0
 0
 0
 0
 0
 0
 0
 0
 0
 0
 0
 0
 0
 0
 0
 0
 0
 0
 0
 50
 0
 0
 0
 0
 0
 0
 0
 0
 0
 0
 0
 0
 0
 0
 0
 0
 0
 0
 0
 0
 0
 0
 0
 0
 0
 0
 0
 0
 0
 0
 0
 0
 0
 0
 0
 0
 0
 0
 0
 0
 0
 0
 0
 0
 0
 0
 0
 0
 0
 0
 0
 0
 0
 0
 0
 0
 0
 0
 0
 0
 0
 0
 0
 0
 0
 0
 0
 0
 0
 0
 0
 0
 0
 0
 0
 0
 0
 0
 0
 0
 0
 0
 0
 0
 0
 0
 0
 0
 0
 0
 0
 0
 0
 0
 0
 0
 0
 0
 0
 0
 0
 0
 0
 0
 0
 0
 0
 0
 0
 0
 0
 0
 0
 0
 0
 0
 0
 0
 0
 0
 0
 0
 0
 0
 0
 0
 0
 0
 0
 0
 0
 0
 0
 0
 0
 0
 0
 0
 0
 0
 0
 0
 0
 0
 0
 0
 0
 0
 0
 0
 0
 0
 0
 0
 0
 0
 0
 0
 0
 0
 0
 0
 0
 0
 0
 0
 0
 0
 0
 0
 0
 0
 0
 0
 0
 0
 0
 0
 0
 0
 0
 0
 0
 0
 0
 0
 0
 0
 0
 0
 0
 0
 0
 0
 0
 0
 0
 0
 0
 0
 0
 0
 0
 0
 0
 0
 0
 0
 0
 0
 0
 0
 0
 0
 0
 0
 0
 0
 0
 0
 0
 0
 0
 0
 0
 0
 0
 0
 0
 0
 0
 0
 0
 0
 0
 0
 0
 0
 0
 0
 0
 0
 0
 0
 0
 0
 0
 0
 0
 0
 0
 0
 0
 0
 0
 0
 0
 0
 0
 0
 0
 0
 0
 0
 0
 0
 0
 0
 0
 0
 0
 0
 0
 0
 0
 0
 0
 0
 0
 0
 0
 0
 0
 0
 0
 0
 0
 0
 0
 0
 0
 0
 0
 0
 0
 0
 0
 0
 0
 0
 0
 0
 0
 0
 0
 0
 0
 0
 0
 0
 0
 0
 0
 0
 0
 0
 0
 0
 0
 0
 0
 0
 0
 0
 0
 0
 0
 0
 0
 0
 0
 0
 0
 0
 0
 0
 0
 0
 0
 0
 0
 0
 0
 0
 0
 0
 0
 0
 0
 0
 0
 0
 0
 0
 0
 0
 0
 0
 0
 0
 0
 0
 0
 0
 0
 0
 0
 0
 0
 0
 0
 0
 0
 0
 0
 0
 0
 0
 0
 0
 0
 0
 0
 0
 0
 0
 0
 0
 0
 0
 0
 0
 0
 0
 0
 0
 0
 0
 0
 0
 0
 0
 0
 0
 0
 0
 0
 0
 0
 0
 0
 0
 0
 0
 0
 0
 0
 0
 0
 0
 0
 0
 0
 0
 0
 0
 0
 0
 0
 0
 0
 0
 0
 0
 0
 0
 0
 0
 0
 0
 0
 0
 0
 0
 0
 0
 0
 0
 0
 0
 0
 0
 0
 0
 0
 0
 0
 0
 0
 0
 0
 0
 0
 0
 0
 0
 0
 0
 0
 0
 0
 0
 0
 0
 0
 0
 0
 0
 0
 0
 0
 0
 0
 0
 0
 0
 0
 0
 0
 0
 0
 0
 0
 0
 0
 0
 0
 0
 0
 0
 0
 0
 0
 0
 0
 0
 0
 0
 0
 0
 0
 0
 0
 0
 0
 0
 0
 0
 0
 0
 0
 0
 0
 0
 0
 0
 0
 0
 0
 0
 0
 0
 0
 0
 0
 0
 0
 0
 0
 0
 0
 0
 0
 0
 0
 0
 0
 0
 0
 0
 0
 0
 0
 0
 0
 0
 0
 0
 0
 0
 0
 0
 0
 0
 0
 0
 0
 0
 0
 0
 0
 0
 0
 0
 0
 0
 0
 0
 0
 0
 0
 0
 0
 0
 0
 0
 0
 0
 0
 0
 0
 0
 0
 0
 0
 0
 0
 0
 0
 0
 0
 0
 0
 0
 0
 0
 0
 0
 0
 0
 0
 0
 0
 0
 0
 0
 0
 0
 0
 0
