 306.018
 0
 32.2955
 34.2199
 37.4967
 41.5933
 35.6651
 39.1024
 38.8716
 42.7902
 44.8442
 46.2493
 47.5395
 34.9857
 40.8534
 43.1625
 39.1791
 39.1152
 39
 41.7971
 37.1618
 44.6206
 38.5746
 42.3674
 46.7119
 39.0384
 44.4747
 36.5513
 34.8138
 41.6653
 41.1582
 37.55
 47.7703
 41.7493
 40.8289
 51.0098
 50.6458
 46.0977
 50.3984
 52.2207
 46.1628
 34.2929
 49.163
 50.1697
 47.8226
 43.4626
 41.9285
 49.558
 39.95
 43.2088
 46.9042
 46.1086
 42.2847
 0
 0
 48.6724
 46.076
 40.9145
 37.6298
 42.1426
 0
 0
 0
 49.051
 39.2428
 34.0441
 38.7427
 31.3369
 45.6727
 48.2597
 56.4889
 37.9473
 40.2865
 33.7046
 36.6606
 56.701
 32.7261
 55.4076
 41.845
 40.9023
 43.0465
 31.5595
 0
 0
 46.0109
 45.9674
 49.7192
 48.8979
 31.1288
 0
 49.548
 48.4871
 49.548
 50.4282
 54.9727
 31.0966
 0
 43.1393
 33.9117
 55.1634
 53.8424
 42
 29.189
 49.3153
 54.3323
 42.4382
 48.2908
 25.7876
 41.4608
 49.6286
 43.1741
 53.3385
 24.1868
 0
 44.699
 40.8534
 54.7175
 39.6611
 22.9783
 54.7814
 46.9148
 35.0143
 34.0734
 52.0673
 54.9545
 47.8957
 41.4246
 18.2757
 50.1597
 39.1152
 33.9264
 61.7738
 47.2652
 47.7598
 64.3351
 39.9625
 0
 0
 0
 0
 42.4028
 51.7301
 51.7301
 55.7584
 55.6237
 59.2621
 55.8032
 55.8032
 55.8032
 57.7408
 56.5155
 37.4299
 54.754
 54.037
 37.855
 57.2713
 48.2079
 45.0333
 47.3709
 48.7134
 44.6654
 41.6293
 55.0999
 47.5184
 66.4379
 66.4379
 38.7814
 60.0333
 44.3283
 38.1445
 45.2327
 45.2327
 57.5934
 41.6893
 50.03
 56.0714
 47.7912
 56.2672
 41.7013
 36.6333
 53.963
 58.3009
 46.4004
 48.6621
 64.2028
 36.5377
 44.7214
 68.0661
 53.4603
 51.2933
 51.2933
 51.2933
 54.7723
 58.5833
 68.7386
 57.8187
 57.8187
 58.2409
 41.821
 64.9692
 60.8687
 60.8687
 60.8687
 60.8687
 60.349
 43.7721
 61.2536
 58.9067
 55.2992
 55.2992
 52.2972
 47.8539
 52.9434
 53.0566
 51.7687
 51.7687
 43.2088
 46.551
 46.3357
 56.9561
 42.7668
 41.2795
 63.5846
 63.0397
 63.0397
 63.0397
 57.6455
 42.6263
 62.5859
 54.7357
 44.7661
 61.5549
 39.5727
 50.1298
 46.0977
 42.4028
 49.4975
 41.7373
 49.5379
 55.6237
 55.6237
 40.4475
 0
 0
 45.31
 67.5204
 57.0351
 55.6417
 50.4876
 59.1016
 63.3561
 70.7955
 62.1772
 47.0213
 0
 0
 42.1545
 63.4902
 66.1287
 71.3092
 45.2106
 0
 0
 0
 0
 0
 44.3621
 44.9444
 0
 0
 0
 0
 47.7703
 56.7627
 43.1277
 0
 0
 0
 0
 46
 56.3294
 56.3294
 56.3294
 56.3294
 44.2041
 42.4028
 65.9697
 42.391
 0
 0
 0
 0
 0
 45.3431
 62.5859
 62.5859
 62.5859
 62.5859
 62.5859
 62.5859
 44.0114
 65.5057
 42.6615
 58.3524
 58.3524
 58.3524
 58.3524
 55.9196
 48.6929
 47.697
 46.9255
 0
 0
 0
 0
 45.4092
 56.9122
 58.7367
 58.7367
 58.7367
 58.7367
 67.1863
 68.469
 63.9609
 40.8412
 0
 0
 0
 0
 0
 43.9318
 77.5629
 68.1029
 67.9926
 61.5224
 63.0555
 75.04
 43.5086
 56.3471
 55.4977
 71.861
 55.5788
 55.5788
 55.5788
 45.3431
 47.0106
 65.6277
 59.4811
 46.9361
 0
 0
 0
 0
 0
 47
 47.8539
 47.8539
 66.0984
 43.4626
 73.2188
 73.2188
 49.295
 60.3738
 47.833
 49.5782
 45.3431
 0
 0
 0
 47.8017
 58.4979
 47.7179
 0
 0
 0
 47.8435
 64.304
 55.9017
 43.7379
 0
 0
 0
 0
 0
 0
 0
 0
 0
 42.8369
 0
 0
 0
 0
 0
 0
 38.7943
 0
 0
 0
 0
 44.3396
 80.8393
 57.3324
 58.643
 76.8245
 58.8812
 47.0744
 47.0425
 76.3086
 67.6905
 67.6905
 67.6905
 67.6905
 68.6367
 66.9552
 71.7844
 66.0454
 70.3704
 60.1581
 58.2495
 45.5961
 50.4381
 63.616
 48.0625
 57.3672
 62.538
 59.7244
 58.8218
 60.1914
 32.9393
 67.8749
 48.7032
 71.0704
 49.8598
 0
 0
 0
 0
 0
 0
 0
 0
 0
 0
 0
 0
 0
 0
 0
 48.8569
 64.2962
 80.5233
 65.7571
 28.8271
 28.8271
 60.0333
 59.3633
 83.2226
 58.6345
 28.0357
 28.0357
 46.3357
 50.1896
 81.7374
 69.1303
 23.9792
 0
 0
 0
 0
 0
 0
 49.1325
 73.0616
 48.1871
 16.3095
 50.5767
 59.1185
 56.0803
 41.6053
 0
 0
 0
 0
 0
 0
 0
 0
 0
 0
 0
 0
 0
 0
 48.734
 77.4726
 57.8014
 70.1783
 49.4975
 67.082
 72.1249
 67.0671
 59.0508
 55.7136
 81.1727
 53.7587
 85.5745
 70.6753
 46.9894
 72.5121
 76.4657
 81.823
 71.5472
 73.0205
 64.3351
 78.1409
 50.8626
 71.4353
 57.0701
 54.2494
 48.7955
 58.9152
 65.4294
 59.9667
 66.8132
 55.9464
 73.1574
 47.592
 68.9348
 73.1779
 83.6122
 67.3053
 76.9545
 71.3092
 53.2447
 48.4871
 80.0562
 48.6826
 63.2614
 71.9514
 55.7584
 58.3009
 66
 61.3514
 67.6314
 46.0326
 71.5262
 57.931
 83.4326
 71.645
 88.1192
 76.3741
 75.2463
 56.4978
 76.5833
 62.6817
 82.807
 69.606
 40.6079
 51.2933
 77.6402
 64.9076
 73.4166
 64.4748
 58.4551
 59.5987
 53.647
 70.0785
 72.5121
 57.5587
 57.5587
 75.8815
 78.5812
 63.6239
 60.7207
 72.4155
 81.1973
 47.7912
 73.641
 58.9067
 68.7386
 68.9783
 68.9783
 81.2835
 58.66
 59.8498
 50
 68.3593
 71.1829
 61.8628
 76.1512
 80.9444
 74.3034
 86.6833
 68.644
 76.046
 61.7738
 70.0357
 85.5219
 55.0818
 53.9259
 67.6092
 82.7043
 59.2199
 65.5286
 57.28
 79.975
 70.4273
 72.8286
 77.0065
 79.0633
 52.144
 65.0385
 74.7462
 54.4518
 80.9135
 69.7925
 70.1855
 70.1855
 48.0729
 78.3454
 66.0606
 55.2178
 60.2412
 68.3081
 51.3225
 69.5054
 60.63
 48.775
 50.1298
 63.8592
 77.8332
 72.0139
 80.8579
 75.8749
 49.5278
 75.6703
 45.1331
 86.9022
 53.0566
 74.2226
 67.9779
 63.4586
 87.47
 52.2015
 66.9179
 56.8507
 72.0486
 68.3081
 77.3822
 48.621
 77.013
 77.5887
 70.1285
 75.5778
 63.6553
 79.7747
 74.8732
 53.9166
 72.3257
 51.0196
 51.2348
 73.7157
 57.6108
 52.8772
 50.2195
 65.4446
 61.9112
 70.1855
 54.0833
 77.0584
 78.6829
 77.9423
 62.562
 73.1915
 45.5522
 51.2933
 49.6085
 66.873
 62.4179
 60.05
 72.8011
 65.9621
 49.3052
 76.7594
 76.1971
 70.859
 80.1561
 75.7826
 75.7826
 78.5493
 61.6766
 71.6868
 60.025
 49.93
 50.7937
 50.6952
 68.2642
 64.5058
 47.4763
 77.55
 56.8858
 51.923
 77.3434
 80.3306
 73.3008
 53.066
 55.1996
 69.3902
 47.8226
 63.293
 68.1249
 61.2291
 73.9527
 54.037
 78.4092
 75.3326
 75.3326
 50.06
 76.7984
 80.963
 70.9154
 83
 67.9853
 74.4648
 75.8288
 51.4684
 71.638
 56.356
 61.4085
 60.4979
 50.6557
 74.081
 49.5782
 75.6637
 81.3572
 76.831
 78.4411
 50.1398
 74.411
 56.4978
 47.833
 57.376
 68.8404
 70.9225
 55.2449
 70.9366
 76.9545
 50.07
 74.8532
 81.8902
 79.2023
 73.1505
 76.5702
 74.7596
 75.8156
 75.8156
 73.1095
 51.9038
 59.4643
 65.9242
 71.4353
 49.3052
 49.3052
 49.5379
 81.6884
 74.4648
 79.1265
 79.9312
 47.0956
 74.7395
 49.2747
 61.1555
 61.6117
 48.7032
 72.111
 52.2111
 53.1883
 62.6099
 80.5543
 51.3907
 77.3951
 79.2401
 79.2401
 74.7797
 81.7068
 81.7068
 70.0643
 74.4715
 78.8099
 78.8099
 73.5799
 49.1223
 62.2495
 71.8958
 60.5062
 58.7452
 62.9921
 77.8653
 71.9375
 50.3587
 50.3587
 81.7068
 49.2747
 80.0937
 82.456
 76.987
 43.4971
 67.1565
 76.6355
 76.6355
 57.7927
 57.7927
 72.5948
 74.2563
 51.2152
 73.9865
 83.1384
 52.2877
 84.1724
 77.5758
 74.3169
 64.9461
 54.3231
 73.7496
 50.774
 59.8749
 59.8749
 59.8749
 68.4324
 57.2626
 65.437
 79.712
 79.712
 75.7232
 50.3786
 81.9573
 81.9573
 81.9573
 48.7134
 75.7826
 64.5601
 49.5782
 49.5782
 75.0666
 75.0666
 75.0467
 65.1767
 65.1767
 75.1266
 82.7768
 54.3415
 54.3415
 81.3388
 66.4831
 69.9857
 76.6551
 52.9811
 55.1634
 62.6817
 57.3062
 57.3062
 57.3062
 71.2461
 75.1465
 75.8024
 75.8024
 57.81
 42.8836
 82.4924
 82.4924
 77.5758
 56.7715
 82.1827
 62.434
 62.434
 66.2722
 55.7136
 56.6304
 76.1906
 73.5051
 73.5051
 73.6478
 73.6478
 64.4903
 83.1204
 75.8419
 75.8419
 52.8015
 73.2393
 57.6802
 80.8579
 49
 81.6333
 95.9896
 79.2338
 79.2338
 58.4123
 64.1249
 64.1249
 69.9857
 48.4045
 49.8999
 61.7981
 59.6741
 46.1952
 71.4983
 71.4983
 62.1048
 73.7631
 73.7631
 58.2409
 49.96
 82.2192
 61.4492
 76.2627
 48.2494
 72.7599
 72.7599
 54.7449
 60.5475
 60.5475
 71.3442
 66.3023
 66.3023
 76.4003
 59.279
 59.279
 52.8678
 53.6097
 53.6097
 63.4744
 69.8785
 69.8785
 71.1548
 50.3289
 50.3289
 51.6624
 51.6624
 60.6218
 74.5185
 56.648
 66.2344
 49.1223
 62.7853
 74.1822
 54.7723
 54.7723
 50.309
 50.309
 63.0555
 71.5192
 71.5192
 65.7571
 62.6498
 62.6498
 65.0538
 77.4209
 74.7395
 74.7395
 74.7395
 74.7395
 62.6738
 51.8363
 51.8363
 51.8363
 59.4727
 67.1342
 67.1342
 67.1342
 59.7076
 52.6403
 54.7449
 44.5982
 65.7799
 53.0283
 53.0283
 72.581
 73.13
 46.2493
 64.5833
 64.5833
 75.8551
 49.2138
 75.8551
 75.8551
