 6.16441
 0
 4.69042
 0
 0
 0
 0
 3.74166
 3.74166
 3.60555
 3.60555
 0
 0
 0
 0
 0
 3.4641
 0
 1.73205
 1.73205
 1.73205
 0
 2.64575
 1.41421
 1.41421
 1.41421
 1.41421
 0
 0
 2.44949
 0
 0
 0
 1.41421
 1.41421
 1.41421
 1.41421
 0
 0
 0
 0
 0
 0
 0
 0
 0
 0
 0
 0
 0
 0
 3.4641
 0
 0
 0
 0
 0
 2.44949
 2.44949
 0
 0
 0
 0
 0
 0
 0
 0
 5.65685
 5.65685
 5.65685
 0
 0
 0
 0
 0
 0
 0
 0
 0
 0
 0
 0
 0
 0
 0
 1.41421
 1.41421
 1.41421
 0
 0
 0
 2.44949
 3.31662
 3.31662
 0
 0
 0
 0
 0
 0
 0
 4.24264
 0
 0
 0
 0
 0
 0
 0
 0
 0
 0
 0
 5.09902
 0
 4.58258
 4.58258
 3
 0
 0
 3.31662
 4.47214
 4.47214
 4.47214
 0
 0
 4.89898
 0
 1.73205
 1.73205
 1.73205
 0
 1.73205
 0
 0
 0
 0
 0
 0
 0
 0
 0
 0
 2.44949
 2.44949
 2
 2
 0
 0
 0
 0
 4.24264
 2.44949
 2.44949
 4.24264
 0
 0
 2.44949
 1.41421
 1.41421
 1.41421
 1.41421
 1.41421
 2.23607
 2.23607
 0
 2.23607
 2.23607
 0
 0
 0
 3.4641
 3.4641
 1.73205
 0
 0
 0
 0
 0
 0
 0
 0
 1.41421
 1.41421
 0
 2.44949
 2.44949
 2.44949
 2.44949
 2.44949
 2.44949
 7.14143
 7.14143
 7.14143
 0
 0
 0
 0
 0
 0
 0
 0
 0
 0
 0
 4.12311
 2.44949
 2.23607
 2.23607
 2.23607
 0
 1.41421
 0
 4.24264
 4.24264
 0
 3.60555
 2.44949
 0
 0
 4.47214
 1.73205
 2.44949
 2.44949
 0
 0
 1.41421
 2.44949
 2.44949
 2.44949
 0
 1.41421
 1.41421
 1.73205
 1.73205
 0
 0
 0
 1.73205
 1.73205
 1.73205
 0
 0
 0
 0
 0
 0
 0
 0
 0
 0
 0
 0
 0
 0
 0
 1.41421
 1.41421
 1.41421
 1.41421
 0
 0
 0
 0
 0
 0
 0
 0
 0
 0
 3.31662
 0
 0
 0
 0
 0
 0
 2.44949
 0
 0
 0
 0
 0
 0
 3.31662
 3.31662
 3.31662
 5.38516
 0
 0
 0
 0
 0
 0
 1.73205
 1.73205
 0
 0
 0
 0
 1.73205
 1.73205
 1.73205
 1.41421
 0
 0
 0
 0
 0
 0
 0
 0
 0
 0
 0
 0
 1.41421
 0
 0
 0
 0
 0
 0
 0
 0
 0
 0
 0
 0
 0
 0
 0
 0
 0
 3.31662
 1.41421
 1.41421
 0
 0
 0
 3.60555
 3.60555
 0
 0
 0
 0
 0
 0
 0
 0
 0
 0
 0
 0
 0
 0
 0
 1.41421
 1.41421
 0
 0
 0
 0
 0
 0
 0
 0
 0
 0
 1.41421
 1.41421
 1.41421
 0
 0
 0
 0
 0
 0
 0
 0
 0
 0
 0
 0
 0
 0
 1.73205
 1.73205
 0
 0
 0
 0
 0
 0
 0
 0
 0
 0
 0
 1.41421
 1.41421
 1.41421
 1.41421
 0
 0
 0
 1.73205
 1.73205
 1.73205
 1.73205
 0
 0
 0
 0
 1.41421
 1.41421
 1.41421
 1.41421
 1.73205
 0
 0
 0
 0
 0
 0
 0
 0
 0
 0
 0
 0
 0
 0
 2.44949
 0
 0
 0
 0
 0
 1.41421
 0
 0
 0
 0
 0
 0
 0
 0
 0
 2.44949
 1.73205
 1.73205
 1.73205
 0
 0
 0
 1.73205
 1.73205
 1.73205
 0
 0
 0
 0
 0
 0
 0
 0
 0
 0
 0
 0
 0
 0
 0
 0
 0
 0
 0
 0
 0
 0
 0
 0
 0
 0
 0
 0
 0
 1.41421
 1.41421
 1.41421
 1.41421
 1.41421
 1.41421
 1.41421
 1.41421
 0
 3.31662
 3.31662
 3.31662
 3.31662
 3.31662
 3.31662
 2.44949
 2.44949
 2.44949
 2.44949
 0
 0
 0
 0
 0
 2.44949
 2.44949
 2.44949
 2.44949
 2.44949
 0
 0
 0
 0
 0
 0
 0
 0
 0
 0
 0
 0
 0
 0
 0
 0
 5.38516
 5.38516
 5.38516
 5.38516
 5.38516
 5.38516
 5.38516
 5.38516
 5.38516
 5.38516
 2.44949
 2.44949
 2.82843
 2.82843
 2.82843
 2.82843
 3.31662
 3.31662
 3.31662
 3.31662
 3.31662
 3.31662
 3.31662
 3.31662
 3.31662
 3.31662
 3.31662
 3.31662
 3.31662
 3.31662
 3.31662
 3.31662
 0
 0
 0
 0
 0
 0
 0
 0
 0
 0
 0
 0
 0
 0
 0
 0
 0
 0
 2.44949
 2.44949
 2.44949
 2.44949
 2.44949
 2.44949
 2.44949
 2.44949
 2.44949
 2.44949
 2.44949
 2.44949
 2.44949
 2.82843
 2.82843
 2.82843
 2.82843
 2.82843
 2.82843
 2.82843
 2.82843
 2.82843
 2.82843
 2.82843
 2.82843
 2.82843
 2.82843
 2.82843
 2.82843
 2.44949
 2.44949
 2.44949
 2.44949
 2.44949
 2.44949
 0
 0
 0
 0
 1.41421
 1.41421
 1.41421
 1.41421
 1.41421
 1.41421
 1.41421
 0
 3.4641
 3.4641
 3.4641
 3.4641
 3.4641
 3.4641
 3.4641
 3.4641
 3.4641
 3.4641
 3.4641
 3.4641
 3.4641
 3.4641
 3.4641
 3.4641
 3.4641
 3.4641
 3.4641
 3.4641
 3.4641
 3.4641
 3.4641
 3.4641
 3.4641
 3.4641
 3.4641
 3.4641
 3.4641
 3.4641
 3.4641
 3.4641
 3.4641
 3.4641
 0
 0
 1.73205
 1.73205
 1.73205
 1.73205
 1.73205
 1.73205
 1.73205
 1.73205
 1.73205
 1.73205
 1.73205
 1.73205
 1.73205
 1.73205
 1.73205
 1.73205
 1.73205
 1.73205
 1.73205
 1.73205
 1.73205
 1.73205
 1.73205
 0
 0
 0
 0
 0
 0
 0
 0
 0
 0
 0
 0
 0
 0
 0
 0
 0
 0
 0
 0
 0
 0
 0
 0
 0
 0
 0
 0
 0
 0
 0
 0
 0
 0
 0
 0
 0
 0
 0
 0
 0
 0
 0
 0
 0
 0
 0
 0
 0
 0
 0
 0
 0
 0
 0
 0
 0
 0
 0
 0
 0
 0
 0
 0
 0
 0
 0
 0
 0
 0
 0
 0
 0
 0
 0
 0
 0
 0
 0
 0
 0
 0
 0
 0
 0
 0
 0
 0
 0
 0
 0
 0
 0
 0
 0
 0
 0
 0
 0
 0
 0
 0
 0
 0
 0
 0
 0
 0
 0
 0
 0
 0
 0
 0
 0
 0
 0
 0
 0
 0
 0
 0
 0
 0
 0
 0
 0
 0
 0
 0
 0
 0
 0
 0
 0
 0
 0
 0
 0
 0
 0
 0
 0
 0
 0
 0
 0
 0
 0
 0
 0
 0
 0
 0
 0
 0
 0
 0
 0
 0
 0
 0
 0
 0
 0
 0
 0
 0
 0
 0
 0
 0
 0
 0
 0
 0
 0
 0
 0
 0
 0
 0
 0
 0
 0
 0
 0
 0
 0
 0
 0
 0
 0
 0
 0
 0
 0
 0
 0
 0
 0
 0
 0
 0
 0
 0
 0
 0
 0
 0
 0
 0
 0
 0
 0
 0
 0
 0
 0
 0
 0
 0
 0
 0
 0
 0
 0
 0
 0
 0
 0
 0
 0
 0
 0
 0
 0
 0
 0
 0
 0
 0
 0
 0
 0
 0
 0
 0
 0
 0
 0
 0
 0
 0
 0
 0
 0
 0
 0
 0
 0
 0
 0
 0
 0
 0
 0
 0
 0
 0
 0
 0
 0
 0
 0
 0
 0
 0
 0
 0
 0
 0
 0
 0
 0
 0
 0
 0
 0
 0
 0
 0
 0
 0
 0
 0
 0
