 15.3948
 10.6771
 13.0384
 13.0384
 13.0384
 13.0384
 13.0384
 13
 13
 14.7986
 14.7986
 14.7986
 13.0384
 13.0384
 13.0384
 13.0384
 12.1655
 12.1655
 8.66025
 8.66025
 12.2474
 12.2474
 7.93725
 9.69536
 9.69536
 9.69536
 9.69536
 9.69536
 9.69536
 15.6525
 12.1244
 12.1244
 13.8924
 9.53939
 9.53939
 10.1489
 10.1489
 10.1489
 10.1489
 8.18535
 12.2066
 12.2066
 12.2066
 10.4403
 10.4403
 10.4403
 10.4403
 13.4907
 13.4907
 13.4907
 13.4907
 14.9666
 14.9666
 0
 0
 0
 0
 12.1244
 11.4018
 11.4018
 0
 0
 0
 0
 0
 9
 0
 15.6205
 15.6205
 15.6205
 15.6205
 10.3923
 11.3137
 11.3137
 11.3137
 11.3137
 5.19615
 13.9284
 13.9284
 13.9284
 13.9284
 13.9284
 0
 0
 13.0384
 13.8564
 13.8564
 13.8564
 0
 0
 0
 14.7309
 12.1244
 12.1244
 12.1244
 12.1244
 0
 0
 14.0357
 14.0357
 13
 12.2474
 12.2474
 13.8924
 14.7309
 14.7309
 13.0767
 13.0767
 12.1655
 12.1655
 12.1655
 13.8924
 13.8924
 12.1655
 12.1655
 13.1149
 13.1149
 12.1655
 0
 0
 18.1108
 12.1244
 12.1244
 12.1244
 12.1244
 12.1244
 15.6205
 0
 11.3137
 11.3137
 11.3137
 11.3137
 11.3137
 16.2481
 16.2481
 16.2481
 0
 0
 0
 0
 14.7309
 14.7309
 0
 14.7309
 14.7309
 13.8203
 13.8203
 0
 0
 0
 0
 18.1659
 13.8924
 13.8924
 15.1327
 13.8924
 13.8924
 13
 13.0767
 13.0767
 11.3137
 9.59166
 9.59166
 12.2474
 14.3178
 9.59166
 12.1655
 12.1655
 14.9332
 14.9332
 9.53939
 9.53939
 9.53939
 13
 13
 15.1987
 15.1987
 13.9284
 13.9284
 13.9284
 13.9284
 12.9228
 14.7309
 14.7309
 14.7309
 15.6205
 15.6205
 15.6205
 15.6205
 15.6205
 24.2074
 24.2074
 24.2074
 24.2074
 14
 14
 14
 14
 14
 14.1067
 14.1067
 17.1464
 0
 0
 0
 17.4069
 9.8995
 12.1244
 12.1655
 21.4476
 11.3578
 14.7648
 12.1244
 14.5258
 10.3923
 0
 13.8564
 13.8564
 13
 13.0767
 14.7309
 14.2829
 11.3137
 11.3137
 0
 0
 14.8324
 16.7929
 16.7929
 16.7929
 16.7929
 17.3494
 17.3494
 16.2173
 16.2173
 16.2173
 16.2173
 16.2173
 18.1384
 18.1384
 18.1384
 0
 0
 0
 13.8564
 13.8564
 13.8564
 13.8564
 13.8564
 13.8564
 13.8564
 13.8564
 13.8564
 7.81025
 0
 0
 14.8324
 14.8324
 14.8324
 14.8324
 14.8324
 0
 0
 0
 0
 15.9374
 15.9374
 15.9374
 0
 0
 16.7033
 13.2665
 14.5258
 14.5258
 0
 0
 0
 14
 16
 14.3178
 14.3178
 0
 0
 0
 9.38083
 18.2209
 18.2209
 15.3623
 0
 0
 0
 14.9666
 14.9666
 14.9666
 16.8226
 10.9545
 0
 0
 0
 0
 22.3383
 22.3383
 22.3383
 16.3095
 0
 0
 0
 0
 16.7332
 16.7332
 16.7332
 0
 0
 0
 14.0712
 14.0712
 16.3095
 16.2788
 0
 0
 0
 0
 0
 0
 0
 0
 0
 0
 0
 0
 0
 0
 0
 17.1172
 17.4356
 17.088
 17.088
 15.2315
 15.4919
 15.4919
 17.0587
 17.0587
 0
 0
 16.3401
 16.3401
 16.3401
 14.3875
 14.3875
 0
 0
 0
 17.3494
 17.3494
 14.0712
 15.9374
 17.3494
 18.0831
 18.0831
 14.7648
 13.4536
 17.088
 17.088
 17.088
 17.088
 11.5326
 0
 0
 0
 16
 16
 16
 0
 0
 0
 0
 0
 17.8045
 17.8045
 17.8045
 0
 0
 0
 0
 0
 0
 16.8819
 16.8819
 16.8819
 0
 0
 0
 17.8885
 17.8885
 17.8885
 17.8885
 0
 0
 0
 15.9374
 16.8523
 16.8523
 16.8523
 15.5885
 15.5885
 15.5885
 19.9499
 19.9499
 15.906
 15.906
 0
 0
 0
 0
 19.2354
 19.2354
 15.4919
 15.4919
 18.7883
 16.5529
 16.5529
 16.5529
 16.5529
 16.5529
 16.5529
 16.5529
 16.5529
 16.5529
 16.5529
 9
 9
 9
 9
 17.8606
 0
 0
 0
 0
 17.8326
 20.9523
 0
 0
 0
 0
 17.2916
 17.2916
 0
 0
 0
 20.445
 17.1172
 17.1172
 17.1172
 17.1172
 0
 0
 17.088
 17.088
 17.088
 17.088
 0
 17.8885
 17.8885
 17.8885
 17.8885
 0
 0
 0
 0
 18.4662
 18.4662
 18.4662
 18.4662
 18.4662
 18.4662
 0
 0
 16.8523
 16.8523
 16.8523
 0
 0
 0
 15.6205
 15.6205
 15.6205
 15.6205
 15.6205
 18.0278
 18.0278
 18.0278
 18.0278
 18.0278
 18.0278
 18.0278
 18.0278
 18.3848
 16.8819
 16.8819
 16.8819
 16.8819
 16.8819
 16.8819
 17.5784
 17.5784
 17.5784
 17.5784
 18.0555
 18.4662
 18.4662
 18.4662
 18.4662
 21.6795
 21.6795
 21.6795
 21.6795
 21.6795
 15.9687
 15.9687
 15.9687
 15.9687
 16.6433
 16.6433
 16.6433
 16.6433
 16.6433
 16.6433
 16.6433
 16.6433
 16.6433
 16.6433
 16.6433
 16.6433
 21.7256
 21.7256
 21.7256
 21.7256
 21.7256
 21.7256
 21.7256
 21.7256
 21.7256
 21.7256
 15.4919
 15.4919
 20.9523
 20.9523
 20.9523
 20.9523
 21.6333
 21.6333
 21.6333
 21.6333
 21.6333
 21.6333
 21.6333
 21.6333
 21.6333
 21.6333
 21.6333
 21.6333
 21.6333
 21.6333
 21.6333
 21.6333
 16.3707
 16.3707
 16.3707
 16.3707
 16.3707
 16.3707
 16.3707
 16.3707
 16.3707
 16.3707
 16.3707
 16.3707
 16.3707
 16.3707
 19.0526
 18.0831
 18.0831
 18.3303
 19.3649
 19.3649
 19.3649
 19.3649
 19.3649
 19.3649
 19.3649
 19.3649
 19.3649
 19.3649
 19.3649
 19.3649
 19.3649
 23.6008
 23.6008
 23.6008
 23.6008
 23.6008
 23.6008
 23.6008
 23.6008
 23.6008
 23.6008
 23.6008
 23.6008
 23.6008
 23.6008
 23.6008
 23.6008
 17.1464
 17.1464
 17.1464
 17.1464
 17.1464
 17.1464
 17.1464
 17.1464
 17.1464
 17.1464
 18.4932
 18.4932
 18.4932
 18.4932
 18.4932
 18.4932
 18.4932
 16.7033
 14.7309
 14.7309
 14.7309
 14.7309
 14.7309
 14.7309
 14.7309
 14.7309
 14.7309
 14.7309
 14.7309
 14.7309
 14.7309
 14.7309
 14.7309
 14.7309
 14.7309
 14.7309
 14.7309
 14.7309
 14.7309
 14.7309
 14.7309
 14.7309
 14.7309
 14.7309
 14.7309
 14.7309
 14.7309
 14.7309
 14.7309
 14.7309
 14.7309
 14.7309
 14.7309
 14.7309
 16.5529
 16.5529
 16.5529
 16.5529
 16.5529
 16.5529
 16.5529
 16.5529
 16.5529
 16.5529
 16.5529
 16.5529
 16.5529
 16.5529
 16.5529
 16.5529
 16.5529
 16.5529
 16.5529
 16.5529
 16.5529
 16.5529
 16.5529
 0
 0
 0
 0
 0
 0
 0
 0
 0
 0
 0
 0
 0
 0
 0
 0
 0
 0
 0
 0
 0
 0
 0
 0
 0
 0
 0
 0
 0
 0
 0
 0
 0
 0
 0
 0
 0
 0
 0
 0
 0
 0
 0
 0
 0
 0
 0
 0
 0
 0
 0
 0
 0
 0
 0
 0
 0
 0
 0
 0
 0
 0
 0
 0
 0
 0
 0
 0
 0
 0
 0
 0
 0
 0
 0
 0
 0
 0
 0
 0
 0
 0
 0
 0
 0
 0
 0
 0
 0
 0
 0
 0
 0
 0
 0
 0
 0
 0
 0
 0
 0
 0
 0
 0
 0
 0
 0
 0
 0
 0
 0
 0
 0
 0
 0
 0
 0
 0
 0
 0
 0
 0
 0
 0
 0
 0
 0
 0
 0
 0
 0
 0
 0
 0
 0
 0
 0
 0
 0
 0
 0
 0
 0
 0
 0
 0
 0
 0
 0
 0
 0
 0
 0
 0
 0
 0
 0
 0
 0
 0
 0
 0
 0
 0
 0
 0
 0
 0
 0
 0
 0
 0
 0
 0
 0
 0
 0
 0
 0
 0
 0
 0
 0
 0
 0
 0
 0
 0
 0
 0
 0
 0
 0
 0
 0
 0
 0
 0
 0
 0
 0
 0
 0
 0
 0
 0
 0
 0
 0
 0
 0
 0
 0
 0
 0
 0
 0
 0
 0
 0
 0
 0
 0
 0
 0
 0
 0
 0
 0
 0
 0
 0
 0
 0
 0
 0
 0
 0
 0
 0
 0
 0
 0
 0
 0
 0
 0
 0
 0
 0
 0
 0
 0
 0
 0
 0
 0
 0
 0
 0
 0
 0
 0
 0
 10.583
 10.583
 10.583
 10.583
 10.583
 10.583
 10.583
 10.583
 0
 10.3923
 10.3923
 10.3923
 10.3923
 10.3923
 10.3923
 10.3923
 10.3923
 10.3923
 10.3923
 10.3923
 10.3923
 10.3923
 10.3923
 10.3923
 10.3923
 10.3923
 10.3923
 10.3923
 10.3923
 10.3923
 10.3923
 10.3923
 10.3923
