 311.822
 0
 36.6197
 36.6197
 36.6197
 36.6197
 36.6197
 42.3084
 42.3084
 41.2311
 41.2311
 41.2311
 50.03
 50.03
 50.03
 46.3141
 43.1509
 43.1509
 43.9545
 43.9545
 39.6485
 39.6485
 44.8219
 43.4626
 43.4626
 43.4626
 43.4626
 43.4626
 43.4626
 43.4741
 45.8039
 45.8039
 48.0521
 46.2817
 46.2817
 56.6833
 56.6833
 56.6833
 56.6833
 55.6058
 49.2443
 49.2443
 49.2443
 52.7731
 52.7731
 52.7731
 52.7731
 53.0471
 53.0471
 53.0471
 53.0471
 49.9099
 49.9099
 0
 0
 0
 0
 47.0106
 41.2432
 41.2432
 0
 0
 0
 0
 0
 35.9583
 35.9583
 32.573
 32.573
 32.573
 32.573
 36.2491
 47.0425
 47.0425
 47.0425
 47.0425
 32.0624
 61.9274
 61.9274
 61.9274
 61.9274
 61.9274
 61.9274
 55.6776
 49.99
 53.066
 53.066
 53.066
 53.066
 53.066
 49.548
 52.2972
 54.4059
 54.4059
 54.4059
 54.4059
 54.4059
 43.1393
 38.1838
 38.1838
 55.1815
 49.1325
 49.1325
 53.1319
 57.3672
 57.3672
 50.4083
 24.8998
 44.2945
 44.2945
 44.2945
 57.4369
 57.4369
 57.4369
 57.4369
 49.1019
 49.1019
 42.7083
 42.7083
 42.7083
 54.1849
 41.2916
 38.1838
 38.1838
 38.1838
 38.1838
 42.8952
 42.8952
 54.1202
 54.1202
 54.1202
 54.1202
 50.3587
 55.1634
 55.1634
 55.1634
 55.1634
 55.1634
 55.1634
 55.1634
 47.4025
 47.4025
 47.4025
 58.8388
 58.8388
 66.2193
 66.2193
 66.2193
 66.2193
 66.2193
 66.2193
 38.8458
 62.7375
 62.7375
 45.3431
 60.1997
 60.1997
 48.9898
 51.3809
 51.3809
 47.4447
 44.7549
 44.7549
 52.0384
 72.8903
 72.8903
 41
 41
 47.592
 47.592
 49.3862
 49.3862
 49.3862
 42.0595
 42.0595
 68.942
 68.942
 62.4019
 62.4019
 62.4019
 62.4019
 67.8233
 51.9423
 51.9423
 51.9423
 38.5487
 38.5487
 38.5487
 38.5487
 38.5487
 38.5487
 38.5487
 38.5487
 38.5487
 74.505
 74.505
 74.505
 74.505
 74.505
 73.1505
 73.1505
 73.1505
 73.1505
 73.1505
 73.1505
 47.0425
 67.6166
 63.0952
 55.1725
 55.1725
 56.5155
 53.0283
 57.5674
 59.4811
 51.7784
 51.7784
 47.5815
 49.5278
 50.5767
 62.5859
 47.4025
 47.0425
 65.6506
 65.6506
 65.6506
 65.6506
 61.3677
 46.1519
 46.1519
 46.1519
 46.1519
 68.2935
 68.2935
 56.3826
 56.3826
 56.3826
 56.3826
 56.3826
 54.2494
 54.2494
 54.2494
 54.2494
 54.2494
 54.2494
 51.7011
 51.7011
 51.7011
 51.7011
 51.7011
 61.9435
 61.9435
 61.9435
 61.9435
 46.2817
 0
 0
 47.8539
 47.8539
 47.8539
 47.8539
 47.8539
 0
 0
 0
 0
 0
 0
 0
 0
 0
 0
 0
 0
 0
 0
 0
 0
 0
 0
 0
 0
 0
 0
 0
 48.6518
 53.3854
 53.3854
 52.8678
 52.8678
 52.8678
 52.8678
 70.6045
 70.6045
 70.6045
 72.3533
 72.3533
 72.3533
 72.3533
 72.3533
 72.3533
 55.5518
 55.5518
 55.5518
 64.1171
 64.1171
 64.1171
 64.1171
 64.1171
 55.7943
 55.7943
 55.7943
 55.7943
 55.7943
 55.7943
 62.6738
 62.6738
 64.2729
 65.1537
 65.1537
 65.1537
 65.1537
 65.1537
 65.1537
 65.1537
 65.1537
 65.1537
 65.1537
 65.1537
 65.1537
 65.1537
 65.1537
 65.1537
 65.1537
 77.4274
 70.1712
 72.2842
 72.2842
 50.0899
 65.3835
 65.3835
 80.3181
 80.3181
 80.3181
 80.3181
 55.6597
 55.6597
 55.6597
 67.3944
 67.3944
 67.3944
 67.3944
 67.3944
 74.92
 74.92
 53.8052
 57.4195
 57.4195
 74.7529
 74.7529
 79.1518
 79.1518
 56.5155
 56.5155
 56.5155
 56.5155
 50.2593
 50.2593
 50.2593
 50.2593
 55.1181
 55.1181
 47.2864
 0
 0
 0
 0
 0
 0
 0
 0
 0
 0
 0
 0
 0
 0
 0
 0
 0
 0
 0
 0
 0
 0
 0
 0
 0
 0
 0
 0
 0
 0
 0
 0
 0
 0
 0
 0
 0
 0
 0
 0
 0
 0
 0
 0
 0
 0
 0
 0
 0
 0
 0
 0
 0
 0
 0
 0
 0
 41.7612
 41.7612
 41.7612
 41.7612
 59.8247
 59.8247
 59.8247
 59.8247
 59.8247
 69.5126
 75.8288
 75.8288
 75.8288
 75.8288
 75.8288
 77.8588
 77.8588
 77.8588
 77.8588
 77.8588
 60.6795
 74.5252
 74.5252
 74.5252
 74.5252
 74.5252
 74.5252
 69.7065
 69.7065
 69.7065
 69.7065
 69.7065
 59.1101
 59.1101
 59.1101
 59.1101
 59.1101
 59.1101
 59.1101
 59.1101
 80.8517
 80.8517
 80.8517
 80.8517
 80.8517
 80.8517
 80.8517
 80.8517
 69.419
 69.419
 69.419
 69.419
 69.419
 69.419
 70.3989
 70.3989
 70.3989
 70.3989
 70.3989
 65.3299
 65.3299
 65.3299
 65.3299
 65.3299
 65.3299
 65.3299
 65.3299
 69.5485
 77.7432
 77.7432
 77.7432
 77.7432
 77.7432
 77.7432
 67.7052
 67.7052
 67.7052
 67.7052
 80.1124
 58.3095
 58.3095
 58.3095
 58.3095
 83.4026
 83.4026
 83.4026
 83.4026
 83.4026
 81.1788
 81.1788
 81.1788
 81.1788
 68.4909
 68.4909
 68.4909
 68.4909
 68.4909
 68.4909
 68.4909
 68.4909
 68.4909
 68.4909
 68.4909
 68.4909
 81.1911
 81.1911
 81.1911
 81.1911
 81.1911
 81.1911
 81.1911
 81.1911
 81.1911
 81.1911
 67.4389
 67.4389
 58.6856
 58.6856
 58.6856
 58.6856
 83.4086
 83.4086
 83.4086
 83.4086
 83.4086
 83.4086
 83.4086
 83.4086
 83.4086
 83.4086
 83.4086
 83.4086
 83.4086
 83.4086
 83.4086
 83.4086
 69.5989
 69.5989
 69.5989
 69.5989
 69.5989
 69.5989
 69.5989
 69.5989
 69.5989
 69.5989
 69.5989
 69.5989
 69.5989
 69.5989
 67.9264
 80.7527
 80.7527
 80.7527
 93.3274
 93.3274
 93.3274
 93.3274
 93.3274
 93.3274
 93.3274
 93.3274
 93.3274
 93.3274
 93.3274
 93.3274
 93.3274
 71.9583
 71.9583
 71.9583
 71.9583
 71.9583
 71.9583
 71.9583
 71.9583
 71.9583
 71.9583
 71.9583
 71.9583
 71.9583
 71.9583
 71.9583
 71.9583
 77.2593
 77.2593
 77.2593
 77.2593
 77.2593
 77.2593
 77.2593
 77.2593
 77.2593
 77.2593
 65.6201
 65.6201
 65.6201
 65.6201
 65.6201
 65.6201
 65.6201
 59.1101
 73.2325
 73.2325
 73.2325
 73.2325
 73.2325
 73.2325
 73.2325
 73.2325
 73.2325
 73.2325
 73.2325
 73.2325
 73.2325
 73.2325
 73.2325
 73.2325
 73.2325
 73.2325
 73.2325
 73.2325
 73.2325
 73.2325
 73.2325
 73.2325
 73.2325
 73.2325
 73.2325
 73.2325
 73.2325
 73.2325
 73.2325
 73.2325
 73.2325
 73.2325
 73.2325
 73.2325
 76.3413
 76.3413
 76.3413
 76.3413
 76.3413
 76.3413
 76.3413
 76.3413
 76.3413
 76.3413
 76.3413
 76.3413
 76.3413
 76.3413
 76.3413
 76.3413
 76.3413
 76.3413
 76.3413
 76.3413
 76.3413
 76.3413
 76.3413
 76.3413
 76.3413
 76.3413
 76.3413
 76.3413
 76.3413
 76.3413
 76.3413
 76.3413
 76.3413
 76.3413
 76.3413
 76.3413
 76.3413
 76.3413
 76.3413
 76.3413
 76.3413
 76.3413
 76.3413
 76.3413
 76.3413
 76.3413
 76.3413
 76.3413
 76.3413
 76.3413
 76.3413
 76.3413
 76.3413
 76.3413
 76.3413
 76.3413
 76.3413
 76.3413
 76.3413
 76.3413
 76.3413
 76.3413
 76.3413
 76.3413
 76.3413
 76.3413
 76.3413
 76.3413
 76.3413
 76.3413
 76.3413
 76.3413
 76.3413
 76.3413
 76.3413
 76.3413
 76.3413
 76.3413
 76.3413
 76.3413
 76.3413
 76.3413
 76.3413
 76.3413
 76.3413
 76.3413
 76.3413
 76.3413
 76.3413
 76.3413
 76.3413
 76.3413
 76.3413
 76.3413
 76.3413
 76.3413
 76.3413
 76.3413
 76.3413
 76.3413
 76.3413
 76.3413
 76.3413
 76.3413
 76.3413
 76.3413
 76.3413
 76.3413
 76.3413
 76.3413
 76.3413
 76.3413
 76.3413
 76.3413
 76.3413
 76.3413
 76.3413
 76.3413
 76.3413
 76.3413
 76.3413
 76.3413
 76.3413
 76.3413
 76.3413
 76.3413
 76.3413
 76.3413
 76.3413
 76.3413
 76.3413
 76.3413
 76.3413
 76.3413
 76.3413
 76.3413
 76.3413
 76.3413
 76.3413
 76.3413
 76.3413
 76.3413
 76.3413
 76.3413
 76.3413
 76.3413
 76.3413
 76.3413
 76.3413
 76.3413
 76.3413
 76.3413
 76.3413
 76.3413
 76.3413
 76.3413
 76.3413
 76.3413
 76.3413
 76.3413
 76.3413
 76.3413
 76.3413
 76.3413
 76.3413
 76.3413
 76.3413
 76.3413
 76.3413
 76.3413
 76.3413
 76.3413
 76.3413
 76.3413
 76.3413
 76.3413
 76.3413
 76.3413
 76.3413
 76.3413
 76.3413
 76.3413
 76.3413
 76.3413
 76.3413
 76.3413
 76.3413
 76.3413
 76.3413
 76.3413
 76.3413
 76.3413
 76.3413
 76.3413
 76.3413
 76.3413
 76.3413
 76.3413
 76.3413
 76.3413
 76.3413
 76.3413
 76.3413
 76.3413
 76.3413
 76.3413
 76.3413
 76.3413
 76.3413
 76.3413
 76.3413
 76.3413
 76.3413
 76.3413
 76.3413
 76.3413
 76.3413
 76.3413
 76.3413
 76.3413
 76.3413
 76.3413
 76.3413
 76.3413
 76.3413
 76.3413
 76.3413
 76.3413
 76.3413
 76.3413
 76.3413
 76.3413
 76.3413
 76.3413
 76.3413
 76.3413
 76.3413
 76.3413
 76.3413
 76.3413
 76.3413
 76.3413
 76.3413
 76.3413
 76.3413
 76.3413
 76.3413
 76.3413
 76.3413
 76.3413
 76.3413
 76.3413
 76.3413
 76.3413
 76.3413
 76.3413
 76.3413
 76.3413
 76.3413
 76.3413
 76.3413
 76.3413
 76.3413
 76.3413
 76.3413
 76.3413
 76.3413
 76.3413
 76.3413
 76.3413
 76.3413
 76.3413
 76.3413
 76.3413
 76.3413
 76.3413
 76.3413
 76.3413
 76.3413
 76.3413
 76.3413
 76.3413
 76.3413
 76.3413
 76.3413
 76.3413
 76.3413
 74.2832
 74.2832
 74.2832
 74.2832
 74.2832
 74.2832
 74.2832
 74.2832
 74.2832
 64.6761
 64.6761
 64.6761
 64.6761
 64.6761
 64.6761
 64.6761
 64.6761
 64.6761
 64.6761
 64.6761
 64.6761
 64.6761
 64.6761
 64.6761
 64.6761
 64.6761
 64.6761
 64.6761
 64.6761
 64.6761
 64.6761
 64.6761
 64.6761
