 17.5784
 10.3923
 18.4391
 18.4391
 18.4391
 18.4391
 18.4391
 25.8263
 25.8263
 25.807
 25.807
 25.807
 24.3721
 24.3721
 24.3721
 25.593
 26.5141
 26.5141
 24.1247
 24.1247
 15.6205
 15.6205
 21.9089
 20.2978
 20.2978
 20.2978
 20.2978
 20.2978
 20.2978
 25.2785
 24.3105
 24.3105
 25.8844
 21.5407
 21.5407
 22.9347
 22.9347
 22.9347
 22.9347
 22.2036
 20.5183
 20.5183
 20.5183
 18.5742
 18.5742
 18.5742
 18.5742
 24.0624
 24.0624
 24.0624
 24.0624
 29
 29
 29
 0
 0
 0
 23.3238
 18.5742
 18.5742
 18.5742
 0
 0
 0
 0
 16.6733
 16.6733
 22.7596
 22.7596
 22.7596
 22.7596
 16.3707
 27.074
 27.074
 27.074
 27.074
 14.7309
 28.9655
 28.9655
 28.9655
 28.9655
 28.9655
 38.8587
 0
 22.7376
 31.3369
 31.3369
 31.3369
 31.3369
 31.9061
 0
 24.1247
 26.4386
 26.4386
 26.4386
 26.4386
 23.2379
 0
 27.037
 27.037
 23.4521
 26.4575
 26.4575
 28.2489
 25.5343
 25.5343
 23.8747
 11.9583
 22.1359
 22.1359
 22.1359
 24.8998
 24.8998
 24.8998
 24.8998
 27.6767
 27.6767
 19.7231
 19.7231
 19.7231
 32.3265
 23.1084
 18.4391
 18.4391
 18.4391
 18.4391
 19.6469
 0
 27.6406
 27.6406
 27.6406
 27.6406
 24.6171
 34.2345
 34.2345
 34.2345
 34.2345
 0
 0
 0
 25.1595
 25.1595
 0
 25.7876
 25.7876
 30.0998
 30.0998
 30.0998
 0
 0
 0
 27.6225
 30.8545
 30.8545
 29.8496
 29.4958
 29.4958
 24.6779
 29.7153
 29.7153
 23.7276
 22.9129
 22.9129
 27.2947
 28.0357
 28.0357
 21.7486
 21.7486
 28.7576
 28.7576
 24.2899
 24.2899
 24.2899
 21.7715
 21.7715
 36.1248
 36.1248
 30.133
 30.133
 30.133
 30.133
 34.4529
 29.4788
 29.4788
 29.4788
 27.0924
 27.0924
 27.0924
 27.0924
 27.0924
 27.0924
 27.0924
 27.0924
 27.0924
 32.7261
 32.7261
 0
 0
 0
 32.8481
 32.8481
 32.8481
 32.8481
 0
 0
 29.0172
 32.2645
 26.4197
 23.7065
 23.7065
 26.2869
 33.0757
 29.5296
 32.0156
 22.1359
 22.1359
 26.4764
 26.0384
 28.4605
 32.187
 24.5357
 27.7489
 26.8328
 26.8328
 26.8328
 0
 27.6948
 26.3818
 26.3818
 26.3818
 26.3818
 34.4964
 34.4964
 30.1496
 30.1496
 30.1496
 30.1496
 30.1496
 33.541
 33.541
 33.541
 33.541
 33.541
 0
 27.7669
 27.7669
 27.7669
 27.7669
 27.7669
 26.5141
 26.5141
 26.5141
 26.5141
 19.1833
 19.1833
 0
 29.5804
 29.5804
 29.5804
 29.5804
 29.5804
 29.5804
 0
 0
 0
 38.1182
 38.1182
 38.1182
 38.1182
 0
 35.2278
 33.8821
 30.3315
 30.3315
 30.3315
 30.3315
 0
 31.496
 33.1059
 31.5911
 31.5911
 31.5911
 31.5911
 0
 28.1069
 33.8083
 33.8083
 33.7046
 33.7046
 0
 0
 30.7083
 30.7083
 30.7083
 36.2077
 34.3366
 34.3366
 34.3366
 0
 0
 37.3631
 37.3631
 37.3631
 32.4654
 32.4654
 32.4654
 0
 0
 35.805
 35.805
 35.805
 35.805
 35.805
 0
 35.8608
 35.8608
 37.108
 37.2693
 37.2693
 37.2693
 0
 0
 0
 0
 0
 0
 0
 0
 0
 0
 0
 0
 0
 38.0263
 36.4966
 39.2301
 39.2301
 31.0966
 33.7639
 33.7639
 37.3497
 37.3497
 37.3497
 0
 37.1214
 37.1214
 37.1214
 36.0555
 36.0555
 36.0555
 0
 0
 36.8239
 36.8239
 32.28
 32.2335
 38.4318
 36.6879
 36.6879
 35.4683
 30.4302
 36.0278
 36.0278
 36.0278
 36.0278
 28.0535
 28.0535
 28.0535
 28.0535
 36.565
 36.565
 22.9565
 22.9565
 0
 0
 0
 0
 40.025
 40.025
 0
 0
 0
 0
 0
 0
 0
 40.6817
 40.6817
 40.6817
 40.6817
 0
 0
 38.4318
 38.4318
 38.4318
 38.4318
 38.4318
 0
 0
 36.6606
 33.8083
 33.8083
 33.8083
 36.0139
 36.0139
 36.0139
 40.939
 40.939
 38.5357
 38.5357
 38.5357
 0
 0
 0
 38.2492
 38.2492
 37.6563
 37.6563
 39.8999
 39.8246
 39.8246
 39.8246
 39.8246
 39.8246
 39.8246
 39.8246
 39.8246
 39.8246
 39.8246
 29.7658
 29.7658
 29.7658
 29.7658
 35.7771
 35.7771
 0
 0
 0
 40.694
 37.3765
 0
 0
 0
 0
 41.2189
 0
 0
 0
 0
 37.6431
 39.4335
 39.4335
 39.4335
 39.4335
 0
 0
 38.7685
 38.7685
 38.7685
 38.7685
 0
 40.6817
 40.6817
 40.6817
 40.6817
 40.6817
 40.6817
 40.6817
 40.6817
 39.2173
 39.2173
 39.2173
 39.2173
 39.2173
 39.2173
 39.2173
 39.2173
 39.6358
 39.6358
 39.6358
 39.6358
 39.6358
 39.6358
 36.318
 36.318
 36.318
 36.318
 36.318
 40.8656
 40.8656
 40.8656
 40.8656
 40.8656
 40.8656
 40.8656
 40.8656
 41.3884
 41.2553
 41.2553
 41.2553
 41.2553
 41.2553
 41.2553
 40.0749
 40.0749
 40.0749
 40.0749
 40.5093
 40.9145
 40.9145
 40.9145
 40.9145
 41.9762
 41.9762
 41.9762
 41.9762
 41.9762
 40.4846
 40.4846
 40.4846
 40.4846
 39.3954
 39.3954
 39.3954
 39.3954
 39.3954
 39.3954
 39.3954
 39.3954
 39.3954
 39.3954
 39.3954
 39.3954
 42.4146
 42.4146
 42.4146
 42.4146
 42.4146
 42.4146
 42.4146
 42.4146
 42.4146
 42.4146
 36.565
 36.565
 40.6817
 40.6817
 40.6817
 40.6817
 41.7493
 41.7493
 41.7493
 41.7493
 41.7493
 41.7493
 41.7493
 41.7493
 41.7493
 41.7493
 41.7493
 41.7493
 41.7493
 41.7493
 41.7493
 41.7493
 41.0488
 41.0488
 41.0488
 41.0488
 41.0488
 41.0488
 41.0488
 41.0488
 41.0488
 41.0488
 41.0488
 41.0488
 41.0488
 41.0488
 42.4146
 41.7253
 41.7253
 40.1871
 40.7185
 40.7185
 40.7185
 40.7185
 40.7185
 40.7185
 40.7185
 40.7185
 40.7185
 40.7185
 40.7185
 40.7185
 40.7185
 41.509
 41.509
 41.509
 41.509
 41.509
 41.509
 41.509
 41.509
 41.509
 41.509
 41.509
 41.509
 41.509
 41.509
 41.509
 41.509
 42.2019
 42.2019
 42.2019
 42.2019
 42.2019
 42.2019
 40.5709
 40.5709
 40.5709
 40.5709
 41.5933
 41.5933
 41.5933
 41.5933
 41.5933
 41.5933
 41.5933
 37.4032
 40.0625
 40.0625
 40.0625
 40.0625
 40.0625
 40.0625
 40.0625
 40.0625
 40.0625
 40.0625
 40.0625
 40.0625
 40.0625
 40.0625
 40.0625
 40.0625
 40.0625
 40.0625
 40.0625
 40.0625
 40.0625
 40.0625
 40.0625
 40.0625
 40.0625
 40.0625
 40.0625
 40.0625
 40.0625
 40.0625
 40.0625
 40.0625
 40.0625
 40.0625
 40.0625
 40.0625
 41.0488
 41.0488
 41.0488
 41.0488
 41.0488
 41.0488
 41.0488
 41.0488
 41.0488
 41.0488
 41.0488
 41.0488
 41.0488
 41.0488
 41.0488
 41.0488
 41.0488
 41.0488
 41.0488
 41.0488
 41.0488
 41.0488
 41.0488
 41.0488
 41.0488
 41.0488
 41.0488
 41.0488
 41.0488
 41.0488
 41.0488
 41.0488
 41.0488
 41.0488
 41.0488
 41.0488
 41.0488
 41.0488
 41.0488
 41.0488
 41.0488
 41.0488
 41.0488
 41.0488
 41.0488
 41.0488
 41.0488
 41.0488
 41.0488
 41.0488
 41.0488
 0
 0
 0
 0
 0
 0
 0
 0
 0
 0
 0
 0
 0
 0
 0
 0
 0
 0
 0
 0
 0
 0
 0
 0
 0
 0
 0
 0
 0
 0
 0
 0
 0
 0
 0
 0
 0
 0
 0
 0
 0
 0
 0
 0
 0
 0
 0
 0
 0
 0
 0
 0
 0
 0
 0
 0
 0
 0
 0
 0
 0
 0
 0
 0
 0
 0
 0
 0
 0
 0
 0
 0
 0
 0
 0
 0
 0
 0
 0
 0
 0
 0
 0
 0
 0
 0
 0
 0
 0
 0
 0
 0
 0
 0
 0
 0
 0
 0
 0
 0
 0
 0
 0
 0
 0
 0
 0
 0
 0
 0
 0
 0
 0
 0
 0
 0
 0
 0
 0
 0
 0
 0
 0
 0
 0
 0
 0
 0
 0
 0
 0
 0
 0
 0
 0
 0
 0
 0
 0
 0
 0
 0
 0
 0
 0
 0
 0
 0
 0
 0
 0
 0
 0
 0
 0
 0
 0
 0
 0
 0
 0
 0
 0
 0
 0
 0
 0
 0
 0
 0
 0
 0
 0
 0
 0
 0
 0
 0
 0
 0
 0
 0
 0
 0
 0
 0
 0
 0
 0
 0
 0
 0
 0
 0
 0
 0
 0
 0
 0
 0
 0
 0
 0
 0
 0
 0
 0
 0
 0
 0
 0
 0
 0
 0
 0
 0
 0
 0
 0
 0
 0
 0
 0
 0
 0
 0
 0
 0
 0
 0
 0
 0
 0
 0
 0
 0
 32.2645
 32.2645
 0
 0
 0
 0
 0
 0
 0
 32.1714
 32.1714
 32.1714
 32.1714
 32.1714
 32.1714
 32.1714
 32.1714
 32.1714
 32.1714
 32.1714
 32.1714
 32.1714
 32.1714
 32.1714
 32.1714
 32.1714
 32.1714
 32.1714
 32.1714
 32.1714
 32.1714
 32.1714
 32.1714
