 33.2114
 0
 29.5466
 29.5466
 29.5466
 29.5466
 0
 17.8326
 17.8326
 27.4226
 27.4226
 27.4226
 32.3728
 32.3728
 32.3728
 10.4403
 34.2199
 34.2199
 30.6757
 30.6757
 19.1572
 19.1572
 26.1725
 21.5174
 21.5174
 21.5174
 21.5174
 21.5174
 21.5174
 21.0238
 27.074
 27.074
 15.906
 28.1603
 28.1603
 34.5254
 34.5254
 34.5254
 34.5254
 22.8473
 24.5967
 24.5967
 24.5967
 27.2764
 0
 0
 0
 26.1343
 26.1343
 26.1343
 26.1343
 17.8885
 17.8885
 0
 0
 0
 0
 32.311
 23.3666
 23.3666
 0
 0
 0
 0
 0
 30.2324
 0
 27.258
 27.258
 27.258
 27.258
 10.0499
 32.2025
 32.2025
 32.2025
 32.2025
 8.3666
 28.8964
 28.8964
 28.8964
 28.8964
 28.8964
 0
 0
 33.0303
 41.7732
 41.7732
 41.7732
 0
 0
 0
 29.189
 38.5616
 38.5616
 38.5616
 38.5616
 0
 0
 14
 14
 29.6985
 25.5147
 25.5147
 35.7071
 30.6594
 30.6594
 41.0488
 41.0488
 29.9333
 29.9333
 29.9333
 29.7153
 0
 0
 0
 34.0588
 34.0588
 29.9165
 0
 0
 27.0555
 32.8786
 25.5734
 25.5734
 25.5734
 25.5734
 27.8209
 0
 34.4238
 34.4238
 34.4238
 34.4238
 31.6228
 19.0263
 19.0263
 19.0263
 0
 0
 0
 0
 34.7131
 34.7131
 0
 33.3467
 33.3467
 32.4191
 32.4191
 0
 0
 0
 0
 26.9629
 32.8177
 32.8177
 19.7737
 42.8952
 42.8952
 34.7563
 34.7851
 34.7851
 28.3196
 32.2955
 32.2955
 36.6606
 32.665
 32.665
 31.1769
 31.1769
 24.4336
 24.4336
 28.7576
 28.7576
 28.7576
 27.037
 27.037
 11.3137
 11.3137
 38.3927
 38.3927
 38.3927
 38.3927
 10.583
 34.7851
 34.7851
 34.7851
 22.1585
 22.1585
 22.1585
 22.1585
 22.1585
 22.1585
 22.1585
 22.1585
 22.1585
 45.5522
 45.5522
 0
 0
 0
 48.0521
 48.0521
 48.0521
 0
 0
 0
 19.105
 41.3038
 39.0128
 39.0128
 32.8938
 33.9706
 41.1704
 35.2987
 15.2971
 15.2971
 0
 35.9722
 32.6803
 36.5787
 19.1311
 34.8425
 38.8072
 32.3265
 32.3265
 0
 0
 32.2335
 30.9354
 30.9354
 30.9354
 0
 43.715
 43.715
 36.1801
 36.1801
 0
 0
 0
 22.5832
 22.5832
 22.5832
 0
 0
 0
 34.9714
 34.9714
 34.9714
 34.9714
 34.9714
 35.1852
 35.1852
 35.1852
 35.1852
 11.3578
 0
 0
 29.4958
 29.4958
 29.4958
 29.4958
 0
 0
 0
 0
 0
 0
 0
 0
 0
 0
 0
 45.3431
 13.5647
 13.5647
 0
 0
 0
 38.5746
 46.594
 38.1182
 38.1182
 0
 0
 0
 30.7734
 43.5316
 43.5316
 36.8917
 0
 0
 0
 32.8177
 32.8177
 32.8177
 32.311
 32.311
 0
 0
 0
 0
 45.4863
 45.4863
 45.4863
 29.5466
 0
 0
 0
 0
 30.8545
 30.8545
 30.8545
 0
 0
 0
 14.0712
 14.0712
 14.7648
 9.79796
 0
 0
 0
 0
 0
 0
 0
 0
 0
 0
 0
 0
 0
 0
 0
 45.618
 43.5775
 35.6371
 35.6371
 12.3288
 40.8534
 40.8534
 45.111
 45.111
 0
 0
 40.0375
 40.0375
 40.0375
 37.4032
 37.4032
 0
 0
 0
 37
 37
 34.9857
 15.4272
 44.5084
 45.3542
 45.3542
 36.4417
 15.6525
 32.6343
 32.6343
 32.6343
 32.6343
 11.4018
 0
 0
 0
 18.3576
 18.3576
 18.3576
 0
 0
 0
 0
 0
 13.8924
 13.8924
 13.8924
 0
 0
 0
 0
 0
 0
 21.7715
 21.7715
 21.7715
 0
 0
 0
 31.8434
 31.8434
 31.8434
 0
 0
 0
 0
 45.3321
 15.1987
 15.1987
 15.1987
 40.7308
 40.7308
 40.7308
 40.8167
 40.8167
 48.2183
 48.2183
 0
 0
 0
 0
 35.9722
 35.9722
 42.8019
 42.8019
 45.3652
 40.0125
 40.0125
 40.0125
 40.0125
 40.0125
 40.0125
 40.0125
 40.0125
 40.0125
 40.0125
 18.4391
 18.4391
 18.4391
 18.4391
 45.5631
 0
 0
 0
 0
 18.9737
 43.0929
 0
 0
 0
 0
 19.7737
 19.7737
 0
 0
 0
 19.0788
 48.621
 48.621
 48.621
 0
 0
 0
 44.0341
 44.0341
 44.0341
 0
 0
 46.3789
 46.3789
 46.3789
 46.3789
 0
 0
 0
 0
 46.0543
 46.0543
 46.0543
 46.0543
 46.0543
 46.0543
 0
 0
 42.2019
 42.2019
 42.2019
 0
 0
 0
 38.7685
 38.7685
 38.7685
 38.7685
 38.7685
 37.2961
 37.2961
 37.2961
 37.2961
 37.2961
 37.2961
 37.2961
 37.2961
 19.9499
 16.7929
 16.7929
 16.7929
 16.7929
 16.7929
 16.7929
 45.9456
 45.9456
 45.9456
 45.9456
 20.3224
 48.6929
 48.6929
 48.6929
 48.6929
 49.7695
 49.7695
 49.7695
 49.7695
 49.7695
 46.3465
 46.3465
 46.3465
 46.3465
 42.1545
 42.1545
 42.1545
 42.1545
 42.1545
 42.1545
 42.1545
 42.1545
 42.1545
 42.1545
 42.1545
 42.1545
 48.8569
 48.8569
 48.8569
 48.8569
 48.8569
 48.8569
 48.8569
 48.8569
 48.8569
 48.8569
 11.0905
 11.0905
 49.4571
 49.4571
 49.4571
 49.4571
 50.4777
 50.4777
 50.4777
 50.4777
 50.4777
 50.4777
 50.4777
 50.4777
 50.4777
 50.4777
 50.4777
 50.4777
 50.4777
 50.4777
 50.4777
 50.4777
 43.0813
 43.0813
 43.0813
 43.0813
 43.0813
 43.0813
 43.0813
 43.0813
 43.0813
 43.0813
 43.0813
 43.0813
 43.0813
 43.0813
 36.7015
 52.0288
 52.0288
 14.2829
 50.5569
 50.5569
 50.5569
 50.5569
 50.5569
 50.5569
 50.5569
 50.5569
 50.5569
 50.5569
 50.5569
 50.5569
 50.5569
 44.5309
 44.5309
 44.5309
 44.5309
 44.5309
 44.5309
 44.5309
 44.5309
 44.5309
 44.5309
 44.5309
 44.5309
 44.5309
 44.5309
 44.5309
 44.5309
 43.9886
 43.9886
 43.9886
 43.9886
 43.9886
 43.9886
 42.3674
 42.3674
 42.3674
 0
 39.0128
 39.0128
 39.0128
 39.0128
 39.0128
 39.0128
 39.0128
 41
 14.8661
 14.8661
 14.8661
 14.8661
 14.8661
 14.8661
 14.8661
 14.8661
 14.8661
 14.8661
 14.8661
 14.8661
 14.8661
 14.8661
 14.8661
 14.8661
 14.8661
 14.8661
 14.8661
 14.8661
 14.8661
 14.8661
 14.8661
 14.8661
 14.8661
 14.8661
 14.8661
 14.8661
 14.8661
 14.8661
 14.8661
 14.8661
 14.8661
 14.8661
 14.8661
 14.8661
 11.3578
 11.3578
 11.3578
 11.3578
 11.3578
 11.3578
 11.3578
 11.3578
 11.3578
 11.3578
 11.3578
 11.3578
 11.3578
 11.3578
 11.3578
 11.3578
 11.3578
 11.3578
 11.3578
 11.3578
 11.3578
 11.3578
 11.3578
 0
 0
 0
 0
 0
 0
 0
 0
 0
 0
 0
 0
 0
 0
 0
 0
 0
 0
 0
 0
 0
 0
 0
 0
 0
 0
 0
 0
 0
 0
 0
 0
 0
 0
 0
 0
 0
 0
 0
 0
 0
 0
 0
 0
 0
 0
 0
 0
 0
 0
 0
 0
 0
 0
 0
 0
 0
 0
 0
 0
 0
 0
 0
 0
 0
 0
 0
 0
 0
 0
 0
 0
 0
 0
 0
 0
 0
 0
 0
 0
 0
 0
 0
 0
 0
 0
 0
 0
 0
 0
 0
 0
 0
 0
 0
 0
 0
 0
 0
 0
 0
 0
 0
 0
 0
 0
 0
 0
 0
 0
 0
 0
 0
 0
 0
 0
 0
 0
 0
 0
 0
 0
 0
 0
 0
 0
 0
 0
 0
 0
 0
 0
 0
 0
 0
 0
 0
 0
 0
 0
 0
 0
 0
 0
 0
 0
 0
 0
 0
 0
 0
 0
 0
 0
 0
 0
 0
 0
 0
 0
 0
 0
 0
 0
 0
 0
 0
 0
 0
 0
 0
 0
 0
 0
 0
 0
 0
 0
 0
 0
 0
 0
 0
 0
 0
 0
 0
 0
 0
 0
 0
 0
 0
 0
 0
 0
 0
 0
 0
 0
 0
 0
 0
 0
 0
 0
 0
 0
 0
 0
 0
 0
 0
 0
 0
 0
 0
 0
 0
 0
 0
 0
 0
 0
 0
 0
 0
 0
 0
 0
 0
 0
 0
 0
 0
 0
 0
 0
 0
 0
 0
 0
 0
 0
 0
 0
 0
 0
 0
 0
 0
 0
 0
 0
 0
 0
 0
 0
 0
 0
 0
 0
 0
 0
 29.2062
 0
 0
 0
 0
 0
 0
 0
 0
 23.388
 0
 0
 0
 0
 0
 0
 0
 0
 0
 0
 0
 0
 0
 0
 0
 0
 0
 0
 0
 0
 0
 0
 0
