 12.49
 13
 10.4403
 10.4403
 10.4403
 10.4403
 10.4403
 6.9282
 6.9282
 11.0905
 11.0905
 11.0905
 13.0384
 13.0384
 13.0384
 15.6205
 14.1421
 14.1421
 13.5647
 13.5647
 11.2694
 11.2694
 14.7648
 8.06226
 8.06226
 8.06226
 8.06226
 8.06226
 8.06226
 9.53939
 15.9374
 15.9374
 9.53939
 16.6733
 16.6733
 17.7764
 17.7764
 17.7764
 17.7764
 14.2478
 12.2474
 12.2474
 12.2474
 12.9228
 12.9228
 12.9228
 12.9228
 13.2288
 13.2288
 13.2288
 13.2288
 13.0767
 13.0767
 0
 0
 0
 0
 12.0416
 11.2694
 11.2694
 0
 0
 0
 0
 0
 12.6095
 12.6095
 8
 8
 8
 8
 8.66025
 21.4476
 21.4476
 21.4476
 21.4476
 9.05539
 20.4206
 20.4206
 20.4206
 20.4206
 20.4206
 0
 0
 14.7309
 20.2731
 20.2731
 20.2731
 20.2731
 0
 0
 12.53
 15.4596
 15.4596
 15.4596
 15.4596
 0
 0
 12.4097
 12.4097
 8.88819
 11.6189
 0
 14.8661
 12.6491
 12.6491
 14.7648
 7.61577
 14.9332
 14.9332
 14.9332
 12.4499
 0
 0
 0
 17.1464
 17.1464
 11.6619
 0
 0
 20.025
 12.8062
 13.4536
 13.4536
 13.4536
 13.4536
 7.48331
 0
 18.3848
 18.3848
 18.3848
 18.3848
 18.0278
 8.66025
 8.66025
 8.66025
 0
 0
 0
 0
 12.3288
 12.3288
 0
 13.7477
 13.7477
 20.0749
 20.0749
 0
 0
 0
 0
 9.11043
 17.088
 17.088
 14.7986
 17.3781
 17.3781
 15.5242
 16.3095
 16.3095
 14.9332
 16
 16
 14.3527
 16.4012
 16.4012
 12.3693
 12.3693
 15.9687
 15.9687
 17.2627
 17.2627
 17.2627
 11.2694
 11.2694
 26.9629
 26.9629
 20.5913
 20.5913
 20.5913
 20.5913
 24.5153
 17.4642
 17.4642
 17.4642
 5.19615
 5.19615
 5.19615
 5.19615
 5.19615
 11.7047
 11.7047
 11.7047
 11.7047
 17.4069
 17.4069
 0
 0
 0
 21.8174
 21.8174
 22.0681
 0
 0
 0
 12.6095
 19.0526
 16.7033
 14.3527
 14.3527
 17.4642
 16
 10.4881
 12.7671
 11.3578
 0
 18.0555
 12.8841
 16.7033
 19.105
 11.7047
 15.6205
 14.7648
 14.7648
 0
 0
 14.9666
 13.6748
 13.6748
 13.6748
 0
 20.1494
 20.1494
 9.84886
 9.84886
 0
 0
 0
 7.07107
 7.07107
 15.9374
 0
 0
 0
 20.3715
 20.3715
 20.3715
 20.3715
 0
 15.1987
 15.1987
 15.1987
 15.1987
 8.48528
 0
 0
 17.8885
 17.8885
 17.8885
 17.8885
 0
 0
 0
 0
 0
 23.7487
 23.7487
 23.7487
 0
 0
 20.2731
 22.6274
 14.1067
 14.1067
 0
 0
 0
 19.8242
 18.303
 21.587
 21.587
 0
 0
 0
 14.6969
 20.2978
 20.2978
 24.6577
 0
 0
 0
 16.3401
 16.3401
 16.3401
 21.1187
 23.1948
 0
 0
 0
 0
 26.0192
 26.0192
 26.0192
 14.9666
 0
 0
 0
 0
 20.8567
 20.8567
 20.8567
 0
 0
 0
 17.4929
 17.4929
 12.2882
 9.16515
 0
 0
 0
 0
 0
 0
 0
 0
 0
 0
 0
 0
 0
 0
 0
 26.5895
 24.1868
 22.5389
 22.5389
 12.8841
 25.807
 25.807
 23.9792
 23.9792
 0
 0
 22.9783
 22.9783
 22.9783
 27.1477
 27.1477
 0
 0
 0
 23.6008
 23.6008
 22.1811
 21.9545
 23.9792
 20.8327
 20.8327
 21.7715
 17.5214
 19.8242
 19.8242
 19.8242
 19.8242
 16.7929
 0
 0
 0
 11.0454
 11.0454
 12.0416
 0
 0
 0
 0
 0
 14.1067
 14.1067
 0
 0
 0
 0
 0
 0
 0
 12.9615
 12.9615
 12.9615
 0
 0
 0
 21.7256
 21.7256
 21.7256
 21.7256
 0
 0
 0
 24.5357
 19.8746
 19.8746
 19.8746
 28.1603
 28.1603
 28.1603
 25.2587
 25.2587
 24.4949
 24.4949
 0
 0
 0
 0
 24.8998
 24.8998
 26.0768
 26.0768
 24.8395
 26.9444
 26.9444
 26.9444
 26.9444
 26.9444
 26.9444
 26.9444
 26.9444
 26.9444
 26.9444
 21.1424
 21.1424
 21.1424
 21.1424
 22.4499
 0
 0
 0
 0
 16.1555
 21.7945
 0
 0
 0
 0
 15.5242
 0
 0
 0
 0
 24.1868
 25.0599
 25.0599
 25.0599
 25.0599
 0
 0
 24.4745
 24.4745
 24.4745
 0
 0
 25.632
 25.632
 25.632
 25.632
 0
 0
 0
 0
 25.318
 25.318
 25.318
 25.318
 25.318
 25.318
 0
 0
 26.2298
 26.2298
 26.2298
 0
 0
 0
 23.6008
 23.6008
 23.6008
 23.6008
 23.6008
 25.2389
 25.2389
 25.2389
 25.2389
 25.2389
 25.2389
 25.2389
 25.2389
 19.3907
 14.3875
 14.3875
 14.3875
 14.3875
 14.3875
 14.3875
 23.8328
 23.8328
 23.8328
 23.8328
 20.3961
 24.8998
 24.8998
 24.8998
 24.8998
 26.3439
 26.3439
 26.3439
 26.3439
 26.3439
 27.2764
 27.2764
 27.2764
 27.2764
 19.1572
 19.1572
 19.1572
 19.1572
 19.1572
 19.1572
 19.1572
 19.1572
 19.1572
 19.1572
 19.1572
 19.1572
 26.0768
 26.0768
 26.0768
 26.0768
 26.0768
 26.0768
 26.0768
 26.0768
 26.0768
 26.0768
 17.9165
 17.9165
 22.8473
 22.8473
 22.8473
 22.8473
 26.3249
 26.3249
 26.3249
 26.3249
 26.3249
 26.3249
 26.3249
 26.3249
 26.3249
 26.3249
 26.3249
 26.3249
 26.3249
 26.3249
 26.3249
 26.3249
 27.1109
 27.1109
 27.1109
 27.1109
 27.1109
 27.1109
 27.1109
 27.1109
 27.1109
 27.1109
 27.1109
 27.1109
 27.1109
 27.1109
 24.8395
 22.5167
 22.5167
 21.7715
 22.9565
 22.9565
 22.9565
 22.9565
 22.9565
 22.9565
 22.9565
 22.9565
 22.9565
 22.9565
 22.9565
 22.9565
 22.9565
 23.4521
 23.4521
 23.4521
 23.4521
 23.4521
 23.4521
 23.4521
 23.4521
 23.4521
 23.4521
 23.4521
 23.4521
 23.4521
 23.4521
 23.4521
 23.4521
 24.0624
 24.0624
 24.0624
 24.0624
 24.0624
 24.0624
 24.3311
 24.3311
 24.3311
 24.3311
 27.1846
 27.1846
 27.1846
 27.1846
 27.1846
 27.1846
 27.1846
 22.9565
 19.4422
 19.4422
 19.4422
 19.4422
 19.4422
 19.4422
 19.4422
 19.4422
 19.4422
 19.4422
 19.4422
 19.4422
 19.4422
 0
 0
 0
 0
 0
 0
 0
 0
 0
 0
 0
 0
 0
 0
 0
 0
 0
 0
 0
 0
 0
 0
 0
 22.561
 22.561
 22.561
 22.561
 22.561
 22.561
 22.561
 22.561
 22.561
 22.561
 22.561
 22.561
 22.561
 22.561
 22.561
 22.561
 22.561
 22.561
 22.561
 22.561
 22.561
 22.561
 22.561
 0
 0
 0
 0
 0
 0
 0
 0
 0
 0
 0
 0
 0
 0
 0
 0
 0
 0
 0
 0
 0
 0
 0
 0
 0
 0
 0
 0
 0
 0
 0
 0
 0
 0
 0
 0
 0
 0
 0
 0
 0
 0
 0
 0
 0
 0
 0
 0
 0
 0
 0
 0
 0
 0
 0
 0
 0
 0
 0
 0
 0
 0
 0
 0
 0
 0
 0
 0
 0
 0
 0
 0
 0
 0
 0
 0
 0
 0
 0
 0
 0
 0
 0
 0
 0
 0
 0
 0
 0
 0
 0
 0
 0
 0
 0
 0
 0
 0
 0
 0
 0
 0
 0
 0
 0
 0
 0
 0
 0
 0
 0
 0
 0
 0
 0
 0
 0
 0
 0
 0
 0
 0
 0
 0
 0
 0
 0
 0
 0
 0
 0
 0
 0
 0
 0
 0
 0
 0
 0
 0
 0
 0
 0
 0
 0
 0
 0
 0
 0
 23.388
 23.388
 23.388
 23.388
 23.388
 23.388
 23.388
 23.388
 23.388
 23.388
 23.388
 23.388
 23.388
 23.388
 23.388
 23.388
 23.388
 23.388
 23.388
 23.388
 23.388
 23.388
 23.388
 23.388
 23.388
 23.388
 23.388
 0
 0
 0
 0
 0
 0
 0
 0
 0
 0
 0
 0
 0
 0
 0
 0
 0
 0
 0
 0
 0
 0
 0
 0
 0
 0
 0
 0
 0
 0
 0
 0
 0
 0
 0
 0
 0
 0
 0
 0
 0
 0
 0
 0
 0
 0
 0
 0
 0
 0
 0
 0
 0
 0
 0
 0
 0
 0
 0
 0
 0
 0
 0
 0
 0
 0
 0
 0
 0
 0
 0
 0
 0
 0
 0
 0
 0
 0
 0
 0
 0
 0
 0
 0
 0
 0
 0
 0
 32.0312
 32.0312
 32.0312
 0
 0
 0
 0
 0
 0
 18.0831
 18.0831
 0
 0
 0
 0
 0
 0
 0
 0
 0
 0
 0
 0
 0
 0
 0
 0
 0
 0
 0
 0
 0
 0
