 7.93725
 3.4641
 6.16441
 6.16441
 6.16441
 6.16441
 6.16441
 7.34847
 0
 7.34847
 7.34847
 0
 1.73205
 1.73205
 1.73205
 3.4641
 5.19615
 5.19615
 5.38516
 5.38516
 3.87298
 3.87298
 6.9282
 1.41421
 1.41421
 1.41421
 1.41421
 1.41421
 1.41421
 4.24264
 3.31662
 3.31662
 4.24264
 4.24264
 4.24264
 4.24264
 4.24264
 4.24264
 4.24264
 3.31662
 1.41421
 1.41421
 1.41421
 1.41421
 0
 0
 0
 0
 0
 0
 0
 5.19615
 0
 0
 0
 0
 0
 4.58258
 4.58258
 0
 0
 0
 0
 0
 0
 0
 0
 6.16441
 6.16441
 6.16441
 6.16441
 6.16441
 0
 0
 0
 0
 0
 1.73205
 1.73205
 1.73205
 1.73205
 0
 0
 0
 2.44949
 5.09902
 5.09902
 5.09902
 0
 0
 0
 6
 4.69042
 4.69042
 4.69042
 0
 0
 0
 5.09902
 5.09902
 0
 5.19615
 0
 4.24264
 4.24264
 4.24264
 1.73205
 1.73205
 1.73205
 1.73205
 1.73205
 1.73205
 0
 6
 6
 6.08276
 6.08276
 6.16441
 0
 0
 5.09902
 6
 6
 6
 6
 6
 5.65685
 0
 0
 0
 0
 0
 3.31662
 7.93725
 7.93725
 7.93725
 0
 0
 0
 0
 3.31662
 3.31662
 0
 4.24264
 4.24264
 6
 6
 0
 0
 0
 0
 7
 5.91608
 5.91608
 6
 2.44949
 2.44949
 6
 3.4641
 3.4641
 0
 0
 0
 3.60555
 1.73205
 1.73205
 5.47723
 5.47723
 0
 0
 0
 6
 6
 6
 6
 6
 6
 1.41421
 1.41421
 1.41421
 1.41421
 1.41421
 5.09902
 5.09902
 5.09902
 6.48074
 6.48074
 6.48074
 6.48074
 6.48074
 6.48074
 15.6844
 15.6844
 15.6844
 4.3589
 4.3589
 4.3589
 4.3589
 4.3589
 4.24264
 4.24264
 0
 0
 0
 0
 6.245
 6.245
 0
 0
 14.9666
 0
 5.47723
 1.41421
 5.2915
 5.2915
 0
 6
 6
 1.73205
 4.24264
 6.48074
 2.23607
 4.24264
 4.24264
 0
 0
 6
 4.3589
 4.3589
 4.3589
 0
 4.24264
 4.24264
 6.245
 6.245
 0
 0
 0
 6.08276
 6.08276
 6.08276
 0
 0
 0
 4.24264
 4.24264
 4.24264
 4.24264
 0
 3.31662
 3.31662
 3.31662
 3.31662
 3.31662
 0
 0
 2.44949
 2.44949
 2.44949
 2.44949
 0
 0
 0
 0
 0
 3.31662
 3.31662
 0
 0
 0
 6.7082
 3.4641
 5.38516
 5.38516
 0
 0
 0
 4.24264
 3.74166
 2.82843
 2.82843
 0
 0
 0
 1.41421
 6.85565
 6.85565
 5.09902
 0
 0
 0
 5.19615
 5.19615
 5.19615
 5.19615
 5.19615
 0
 0
 0
 0
 6.08276
 6.08276
 6.08276
 4.47214
 0
 0
 0
 0
 5.19615
 5.19615
 5.19615
 0
 0
 0
 4.24264
 4.24264
 5.19615
 4.24264
 0
 0
 0
 0
 0
 0
 0
 0
 0
 0
 0
 0
 0
 0
 0
 5.09902
 5.19615
 5.19615
 5.19615
 3.4641
 4.3589
 4.3589
 6
 6
 0
 0
 5.09902
 5.09902
 5.09902
 4.3589
 0
 0
 0
 0
 5.19615
 5.19615
 5.19615
 5.09902
 4.24264
 3.74166
 3.74166
 5.38516
 6
 5.09902
 5.09902
 5.09902
 5.09902
 5.19615
 0
 0
 0
 5.19615
 5.19615
 5.19615
 0
 0
 0
 0
 0
 5
 0
 0
 0
 0
 0
 0
 0
 0
 6
 6
 0
 0
 0
 0
 4.3589
 4.3589
 4.3589
 0
 0
 0
 0
 4.24264
 4.47214
 4.47214
 4.47214
 2.82843
 2.82843
 2.82843
 6.08276
 6.08276
 4.47214
 4.47214
 0
 0
 0
 0
 6.85565
 6.85565
 5.38516
 5.38516
 3.4641
 1.73205
 1.73205
 1.73205
 1.73205
 1.73205
 1.73205
 1.73205
 1.73205
 1.73205
 1.73205
 1.73205
 1.73205
 1.73205
 1.73205
 6.48074
 0
 0
 0
 0
 5.09902
 6
 0
 0
 0
 0
 2.44949
 0
 0
 0
 0
 5.19615
 3.74166
 3.74166
 3.74166
 0
 0
 0
 4.58258
 4.58258
 4.58258
 0
 0
 4.3589
 4.3589
 4.3589
 4.3589
 0
 0
 0
 0
 4.24264
 4.24264
 4.24264
 4.24264
 4.24264
 4.24264
 0
 0
 6
 6
 6
 0
 0
 0
 3.4641
 3.4641
 3.4641
 3.4641
 3.4641
 3.4641
 3.4641
 3.4641
 3.4641
 3.4641
 3.4641
 3.4641
 3.4641
 3.31662
 6
 6
 6
 6
 6
 6
 5
 5
 5
 5
 4.3589
 2.44949
 2.44949
 2.44949
 2.44949
 6
 6
 6
 6
 6
 3.4641
 3.4641
 3.4641
 3.4641
 5.09902
 5.09902
 5.09902
 5.09902
 5.09902
 5.09902
 5.09902
 5.09902
 5.09902
 5.09902
 5.09902
 5.09902
 6.9282
 6.9282
 6.9282
 6.9282
 6.9282
 6.9282
 6.9282
 6.9282
 6.9282
 6.9282
 3.4641
 3.4641
 7.28011
 7.28011
 7.28011
 7.28011
 5.19615
 5.19615
 5.19615
 5.19615
 5.19615
 5.19615
 5.19615
 5.19615
 5.19615
 5.19615
 5.19615
 5.19615
 5.19615
 5.19615
 5.19615
 5.19615
 5.19615
 5.19615
 5.19615
 5.19615
 5.19615
 5.19615
 5.19615
 5.19615
 5.19615
 5.19615
 5.19615
 5.19615
 5.19615
 5.19615
 1.73205
 4.24264
 4.24264
 6
 4.3589
 4.3589
 4.3589
 4.3589
 4.3589
 4.3589
 4.3589
 4.3589
 4.3589
 4.3589
 4.3589
 4.3589
 4.3589
 6.85565
 6.85565
 6.85565
 6.85565
 6.85565
 6.85565
 6.85565
 6.85565
 6.85565
 6.85565
 6.85565
 6.85565
 6.85565
 6.85565
 6.85565
 6.85565
 3
 3
 3
 3
 3
 3
 2.44949
 2.44949
 2.44949
 2.44949
 5.38516
 5.38516
 5.38516
 5.38516
 5.38516
 5.38516
 5.38516
 4.24264
 4.12311
 4.12311
 4.12311
 4.12311
 4.12311
 4.12311
 4.12311
 4.12311
 4.12311
 4.12311
 4.12311
 4.12311
 4.12311
 4.12311
 4.12311
 4.12311
 4.12311
 4.12311
 4.12311
 4.12311
 4.12311
 4.12311
 4.12311
 4.12311
 4.12311
 4.12311
 4.12311
 4.12311
 4.12311
 4.12311
 4.12311
 4.12311
 4.12311
 4.12311
 0
 0
 5.19615
 5.19615
 5.19615
 5.19615
 5.19615
 5.19615
 5.19615
 5.19615
 5.19615
 5.19615
 5.19615
 5.19615
 5.19615
 5.19615
 5.19615
 5.19615
 5.19615
 5.19615
 5.19615
 5.19615
 5.19615
 5.19615
 5.19615
 0
 0
 0
 0
 0
 0
 0
 0
 0
 0
 0
 0
 0
 0
 0
 0
 0
 0
 0
 0
 0
 0
 0
 0
 0
 0
 0
 0
 0
 0
 0
 0
 0
 0
 0
 0
 0
 0
 0
 0
 0
 0
 0
 0
 0
 0
 0
 0
 0
 0
 0
 0
 0
 0
 0
 0
 0
 0
 0
 0
 0
 0
 0
 0
 0
 0
 0
 0
 0
 0
 0
 0
 0
 0
 0
 0
 0
 0
 0
 0
 0
 0
 0
 0
 0
 0
 0
 0
 0
 0
 0
 0
 0
 0
 0
 0
 0
 0
 0
 0
 0
 0
 0
 0
 0
 0
 0
 0
 0
 0
 0
 0
 0
 0
 0
 0
 0
 0
 0
 0
 0
 0
 0
 0
 0
 0
 0
 0
 0
 0
 0
 0
 0
 0
 0
 0
 0
 0
 0
 0
 0
 0
 0
 0
 5.47723
 5.47723
 5.47723
 5.47723
 0
 0
 0
 0
 0
 0
 0
 0
 0
 0
 0
 0
 0
 0
 0
 0
 0
 0
 0
 0
 0
 0
 0
 0
 0
 0
 0
 0
 0
 0
 0
 0
 0
 0
 0
 0
 0
 0
 0
 0
 0
 0
 0
 0
 0
 0
 0
 0
 0
 0
 0
 0
 0
 0
 0
 0
 0
 0
 0
 0
 0
 0
 0
 0
 0
 0
 0
 0
 0
 0
 0
 0
 0
 0
 0
 0
 0
 0
 0
 0
 0
 0
 0
 0
 0
 0
 0
 0
 0
 0
 0
 0
 0
 0
 0
 0
 0
 0
 0
 0
 0
 0
 0
 0
 0
 0
 0
 0
 0
 0
 0
 0
 0
 0
 0
 0
 0
 0
 0
 0
 0
 0
 0
 0
 0
 12.6095
 12.6095
 0
 0
 0
 0
 0
 0
 0
 0
 0
 0
 0
 0
 0
 0
 0
 0
 0
 0
 0
 0
 0
 0
