 7.81025
 4.24264
 6
 6
 6
 6
 6
 7.14143
 7.14143
 8.66025
 8.66025
 8.66025
 4.3589
 4.3589
 4.3589
 6.08276
 6
 6
 1.73205
 1.73205
 4.24264
 4.24264
 4.24264
 3
 3
 3
 3
 3
 3
 8.66025
 5.19615
 5.19615
 7.34847
 5
 5
 1.41421
 1.41421
 1.41421
 1.41421
 3.31662
 3.4641
 3.4641
 3.4641
 3.4641
 0
 0
 0
 3.4641
 3.4641
 3.4641
 3.4641
 6.32456
 6.32456
 0
 0
 0
 0
 6
 7.28011
 7.28011
 0
 0
 0
 0
 0
 4.12311
 0
 4.24264
 4.24264
 4.24264
 4.24264
 6
 3
 3
 3
 3
 2.44949
 6.9282
 6.9282
 6.9282
 6.9282
 6.9282
 0
 0
 7.14143
 6.85565
 6.85565
 6.85565
 0
 0
 0
 6.9282
 5.19615
 5.19615
 5.19615
 0
 0
 0
 6.9282
 6.9282
 4.24264
 6
 0
 6.48074
 6.85565
 6.85565
 5.19615
 5.19615
 6
 6
 6
 5.19615
 5.19615
 6
 6
 6.08276
 6.08276
 5.19615
 0
 0
 7.87401
 5.38516
 6.7082
 6.7082
 6.7082
 6.7082
 4.3589
 0
 4.89898
 4.89898
 4.89898
 4.89898
 4.69042
 8.12404
 8.12404
 8.12404
 0
 0
 0
 0
 6.48074
 6.48074
 0
 6.55744
 6.55744
 7.14143
 7.14143
 0
 0
 0
 0
 11.5326
 6.85565
 6.85565
 6.9282
 8.60233
 8.60233
 6.08276
 5.47723
 5.47723
 1.73205
 2.64575
 2.64575
 5.47723
 3.31662
 2.64575
 4.3589
 4.3589
 6.48074
 6.48074
 1.41421
 1.41421
 1.41421
 6
 6
 6.9282
 6.9282
 6.32456
 6.32456
 6.32456
 6.32456
 6.08276
 8.18535
 8.18535
 8.18535
 7.81025
 7.81025
 7.81025
 7.81025
 7.81025
 21.7715
 21.7715
 21.7715
 21.7715
 6.08276
 6.08276
 6.08276
 6.08276
 6.08276
 6.08276
 6.08276
 0
 0
 0
 0
 11.225
 1.73205
 4.47214
 7.81025
 13.0384
 5.19615
 7.93725
 4.24264
 6.9282
 8.66025
 0
 6.9282
 6.85565
 7.74597
 6.16441
 7.74597
 7.14143
 3.87298
 3.87298
 0
 0
 8.12404
 8.66025
 8.66025
 8.66025
 0
 6.32456
 6.32456
 9.84886
 9.84886
 0
 0
 0
 10.583
 10.583
 10.583
 0
 0
 0
 7
 7
 7
 7
 7
 6
 6
 6
 6
 5.19615
 0
 0
 5.19615
 5.19615
 5.19615
 5.19615
 0
 0
 0
 0
 0
 6.85565
 6.85565
 0
 0
 0
 10.0995
 5.19615
 7.34847
 7.34847
 0
 0
 0
 7.74597
 8.83176
 6.9282
 6.9282
 0
 0
 0
 0
 12.083
 12.083
 7.2111
 0
 0
 0
 7.81025
 7.81025
 7.81025
 10.3923
 10.3923
 0
 0
 0
 0
 10.3923
 10.3923
 10.3923
 7.81025
 0
 0
 0
 0
 8.7178
 8.7178
 8.7178
 0
 0
 0
 6.9282
 6.9282
 7.74597
 8.66025
 0
 0
 0
 0
 0
 0
 0
 0
 0
 0
 0
 0
 0
 0
 0
 8.66025
 10.3441
 9.53939
 9.53939
 7.93725
 7
 7
 10.3441
 10.3441
 0
 0
 7.81025
 7.81025
 7.81025
 7
 7
 0
 0
 0
 7.93725
 7.93725
 8.66025
 6.9282
 7.07107
 9.79796
 9.79796
 8
 6.9282
 10.3441
 10.3441
 10.3441
 10.3441
 6
 0
 0
 0
 9.59166
 9.59166
 9.59166
 0
 0
 0
 0
 0
 8.88819
 0
 0
 0
 0
 0
 0
 0
 0
 10.3923
 10.3923
 0
 0
 0
 0
 7.93725
 7.93725
 7.93725
 0
 0
 0
 0
 7.81025
 7.81025
 7.81025
 7.81025
 6.245
 6.245
 6.245
 12.083
 12.083
 7.74597
 7.74597
 0
 0
 0
 0
 9.48683
 9.48683
 7.81025
 7.81025
 8.66025
 7.34847
 7.34847
 7.34847
 7.34847
 7.34847
 7.34847
 7.34847
 7.34847
 7.34847
 7.34847
 7.34847
 7.34847
 7.34847
 7.34847
 10.5357
 0
 0
 0
 0
 8.18535
 12.083
 0
 0
 0
 0
 7.74597
 0
 0
 0
 0
 11.225
 7.81025
 7.81025
 7.81025
 0
 0
 0
 7.81025
 7.81025
 7.81025
 0
 0
 7.81025
 7.81025
 7.81025
 7.81025
 0
 0
 0
 0
 8
 8
 8
 8
 8
 8
 0
 0
 10.5357
 10.5357
 10.5357
 0
 0
 0
 7.14143
 7.14143
 7.14143
 7.14143
 7.14143
 8.66025
 8.66025
 8.66025
 8.66025
 8.66025
 8.66025
 8.66025
 8.66025
 6.9282
 10.3923
 10.3923
 10.3923
 10.3923
 10.3923
 10.3923
 8.83176
 8.83176
 8.83176
 8.83176
 7.87401
 7.81025
 7.81025
 7.81025
 7.81025
 12.1655
 12.1655
 12.1655
 12.1655
 12.1655
 7.81025
 7.81025
 7.81025
 7.81025
 9.48683
 9.48683
 9.48683
 9.48683
 9.48683
 9.48683
 9.48683
 9.48683
 9.48683
 9.48683
 9.48683
 9.48683
 12.6095
 12.6095
 12.6095
 12.6095
 12.6095
 12.6095
 12.6095
 12.6095
 12.6095
 12.6095
 8.77496
 8.77496
 12.9228
 12.9228
 12.9228
 12.9228
 11.2694
 11.2694
 11.2694
 11.2694
 11.2694
 11.2694
 11.2694
 11.2694
 11.2694
 11.2694
 11.2694
 11.2694
 11.2694
 11.2694
 11.2694
 11.2694
 8.66025
 8.66025
 8.66025
 8.66025
 8.66025
 8.66025
 8.66025
 8.66025
 8.66025
 8.66025
 8.66025
 8.66025
 8.66025
 8.66025
 7
 8.60233
 8.60233
 8.60233
 10.4403
 10.4403
 10.4403
 10.4403
 10.4403
 10.4403
 10.4403
 10.4403
 10.4403
 10.4403
 10.4403
 10.4403
 10.4403
 12.9615
 12.9615
 12.9615
 12.9615
 12.9615
 12.9615
 12.9615
 12.9615
 12.9615
 12.9615
 12.9615
 12.9615
 12.9615
 12.9615
 12.9615
 12.9615
 8.12404
 8.12404
 8.12404
 8.12404
 8.12404
 8.12404
 7.34847
 7.34847
 7.34847
 7.34847
 8.06226
 8.06226
 8.06226
 8.06226
 8.06226
 8.06226
 8.06226
 10.3923
 7.93725
 7.93725
 7.93725
 7.93725
 7.93725
 7.93725
 7.93725
 7.93725
 7.93725
 7.93725
 7.93725
 7.93725
 7.93725
 7.93725
 7.93725
 7.93725
 7.93725
 7.93725
 7.93725
 7.93725
 7.93725
 7.93725
 7.93725
 7.93725
 7.93725
 7.93725
 7.93725
 7.93725
 7.93725
 7.93725
 7.93725
 7.93725
 7.93725
 7.93725
 7.93725
 7.93725
 9.59166
 9.59166
 9.59166
 9.59166
 9.59166
 9.59166
 9.59166
 9.59166
 9.59166
 9.59166
 9.59166
 9.59166
 9.59166
 9.59166
 9.59166
 9.59166
 9.59166
 9.59166
 9.59166
 9.59166
 9.59166
 9.59166
 9.59166
 0
 0
 0
 0
 0
 0
 0
 0
 0
 0
 0
 0
 0
 0
 0
 0
 0
 0
 0
 0
 0
 0
 0
 0
 0
 0
 0
 0
 0
 0
 0
 0
 0
 0
 0
 0
 0
 0
 0
 0
 0
 0
 0
 0
 0
 0
 0
 0
 0
 0
 0
 0
 0
 0
 0
 0
 0
 0
 0
 0
 0
 0
 0
 0
 0
 0
 0
 0
 0
 0
 0
 0
 0
 0
 0
 0
 0
 0
 0
 0
 0
 0
 0
 0
 0
 0
 0
 0
 0
 0
 0
 0
 0
 0
 0
 0
 0
 0
 0
 0
 0
 0
 0
 0
 0
 0
 0
 0
 0
 0
 0
 0
 0
 0
 0
 0
 0
 0
 0
 0
 0
 0
 0
 0
 0
 0
 0
 0
 0
 0
 0
 0
 0
 0
 0
 0
 0
 0
 0
 0
 0
 0
 0
 0
 9.69536
 9.69536
 9.69536
 9.69536
 0
 0
 0
 0
 0
 0
 0
 0
 0
 0
 0
 0
 0
 0
 0
 0
 0
 0
 0
 0
 0
 0
 0
 0
 0
 0
 0
 0
 0
 0
 0
 0
 0
 0
 0
 0
 0
 0
 0
 0
 0
 0
 0
 0
 0
 0
 0
 0
 0
 0
 0
 0
 0
 0
 0
 0
 0
 0
 0
 0
 0
 0
 0
 0
 0
 0
 0
 0
 0
 0
 0
 0
 0
 0
 0
 0
 0
 0
 0
 0
 0
 0
 0
 0
 0
 0
 0
 0
 0
 0
 0
 0
 0
 0
 0
 0
 0
 0
 0
 0
 0
 0
 0
 0
 0
 0
 0
 0
 0
 0
 0
 0
 0
 0
 0
 0
 6.9282
 6.9282
 6.9282
 6.9282
 6.9282
 6.9282
 6.9282
 6.9282
 6.9282
 8.12404
 8.12404
 8.12404
 8.12404
 8.12404
 8.12404
 8.12404
 8.12404
 8.12404
 8.12404
 8.12404
 8.12404
 8.12404
 8.12404
 8.12404
 8.12404
 8.12404
 8.12404
 8.12404
 8.12404
 8.12404
 8.12404
 8.12404
 8.12404
