 26.2488
 23.2809
 22
 13.5647
 13.6748
 20.2978
 19.8242
 19.975
 28.3019
 15.4919
 12.9228
 22.5167
 18.4662
 20.445
 17.3205
 24
 24.5153
 16.3095
 21.7025
 19.1311
 23.0651
 14.7648
 17.8045
 17.5499
 18.6279
 15.1987
 24.5561
 13.7113
 14.7986
 25.219
 24.3311
 14.2478
 16.6733
 24.3311
 14
 23.6854
 18.3848
 12.6491
 16.6433
 18.6548
 21.9545
 19.4165
 20.2731
 21.0238
 18.1384
 22.1133
 25.3772
 24.5764
 19.1572
 22.1811
 14.9332
 17.4069
 24.4745
 0
 0
 17.8885
 19.975
 20.4695
 21.8861
 16.8523
 0
 0
 26.5141
 19.4165
 15.6205
 20.8087
 20.8087
 21.7025
 19.799
 16.8226
 20.9045
 15.6844
 28.2489
 15.906
 18.0555
 20.2237
 13.0384
 25.7682
 22.2036
 15.3297
 19.105
 13.7477
 0
 0
 24.8596
 28.2312
 13.7113
 11.0905
 11.0905
 0
 0
 24.0416
 24.8797
 19.0263
 16.7332
 17.1464
 0
 0
 21.3776
 20.347
 19.0263
 21.7486
 21.7486
 22.7156
 21.4243
 21.8403
 24.7588
 24.7588
 24.1661
 24.5153
 22.9565
 21.7715
 21.7715
 21.7715
 19.4936
 26.7955
 17.8045
 23.2164
 0
 16.8523
 24.1661
 19.9249
 20.2731
 20.2731
 18.4391
 18.5472
 21.1187
 0
 24.6171
 17.1172
 17.088
 16.3707
 26.2679
 19.9499
 22.2036
 20.025
 0
 0
 19.6723
 16.8226
 24.5357
 14
 0
 22.6936
 15.4919
 25.8457
 16.7033
 0
 0
 18.4662
 19.1311
 22.5832
 25.0998
 23.3452
 17.8885
 22.2486
 21.7715
 24.3516
 23.8537
 15.1987
 24.6982
 23.7908
 21.7025
 21.4942
 23.0434
 23.0434
 24.0208
 18.3848
 24.1039
 19.8242
 25.0599
 0
 19.8242
 23.3666
 21.6564
 24.4949
 21.4243
 27.6225
 19.105
 16.8523
 22.561
 22.4054
 27.4955
 19.6469
 23.3238
 20.8327
 26.8328
 19.0526
 16.5529
 20.9284
 30.4138
 0
 25.593
 16.1555
 21.5174
 16.1555
 16.1555
 20.2485
 23.8956
 25.2587
 17.8606
 31.225
 0
 0
 22.8254
 23.3024
 23.6643
 21.5174
 22.891
 22.891
 24.6982
 23.4734
 20.8806
 21.1424
 20.2237
 0
 28.0179
 24.6982
 25.04
 22.9347
 24.2281
 22.1811
 23.3452
 21.7256
 0
 0
 21.6564
 25.4951
 22.4499
 24.454
 24.454
 27.5862
 21.9545
 21.9317
 21
 21
 30.3809
 17.8045
 24.5153
 21.1424
 21.1424
 0
 0
 0
 31.1127
 22.6716
 16.7929
 16.0312
 16.0312
 24.8998
 18.3848
 19.0526
 21.5407
 14.2127
 0
 0
 24.8596
 21.4942
 19.6723
 19.6977
 19.6977
 0
 0
 21
 22.8035
 25.1992
 23.388
 17.3781
 0
 0
 26.4197
 28.3725
 27.8747
 27.6767
 0
 0
 0
 29.5635
 27.9643
 28.8791
 18.412
 0
 0
 0
 22.0227
 23.388
 19.0526
 28.3196
 0
 0
 0
 25.9808
 19.6723
 27.9643
 20.7364
 12.8841
 0
 0
 0
 0
 23.1301
 23.4521
 25.671
 24.0624
 0
 0
 0
 28.4956
 19.7231
 19.0263
 22.1811
 0
 0
 0
 17.3494
 26.6458
 23.4521
 20.8567
 0
 0
 0
 22.561
 17.8606
 20.9284
 26.3439
 0
 19.0526
 19.6977
 25.2982
 19.6214
 25.3772
 19.6469
 20.9762
 26.4764
 28.4605
 26.2488
 25.1992
 23.622
 31.4643
 29.8998
 28.2135
 28.3019
 0
 0
 26.4386
 27.4773
 24.1039
 33.8083
 20.7123
 0
 0
 28.3373
 24.0832
 22.9347
 30.0333
 21.6795
 23.0868
 22.6936
 25.671
 28.1069
 20.2237
 24.5357
 28.8964
 21.0238
 18.2209
 19.8746
 0
 31.0644
 20.8327
 21.7715
 19.2354
 19.2354
 0
 0
 20.3224
 30.7896
 20.3224
 23.6008
 20.3961
 20.3961
 0
 0
 0
 0
 19.799
 21.4942
 21.7256
 26.8514
 19.105
 0
 0
 27.0924
 24.2281
 24.6171
 20.2485
 15.6205
 0
 0
 26.0576
 28.7924
 23.3666
 22.383
 29.9165
 32.2335
 28.2312
 22.1133
 26.8514
 29.8831
 26.096
 25.6125
 0
 0
 0
 27.6767
 24.5561
 23.9583
 31.1609
 24
 25
 29.2233
 24.8797
 22.2486
 26.9629
 23.6008
 26.8328
 27.1846
 19.0788
 30.8383
 18.5742
 13.6015
 18.6279
 23.3452
 20.2485
 31.6228
 0
 0
 21.5639
 22.2036
 22.6274
 28.6007
 0
 28.7402
 26.4953
 24.1454
 21.0713
 21.0713
 0
 0
 0
 27.258
 26.0768
 20.9284
 29.8998
 9.32738
 0
 31.9061
 29.1548
 23.4094
 24.2074
 24.2074
 0
 28.4077
 32.9848
 26.0768
 25.2389
 0
 0
 28.7576
 23.3238
 24.1661
 28.4956
 33.4216
 24.5561
 24
 26.8142
 0
 21.5639
 31.1288
 27.313
 24.1661
 0
 19.8494
 31.1288
 28.8097
 18.3848
 20.3715
 32.665
 18.3303
 28.7402
 20.3961
 20.9284
 29.5804
 25.2982
 25.9422
 28.3725
 23.2594
 22.1359
 20.2978
 25.0599
 27.2397
 29.1376
 31.496
 24.7386
 29.7321
 21.7715
 33.4066
 20.9284
 21.3073
 27.7849
 27.7669
 22.7156
 25.7682
 25.2982
 24.0208
 21.7256
 29.1548
 27.2029
 31.8904
 27.4591
 21.8861
 23.3238
 27.8209
 31.5911
 22.4054
 20.1246
 35.4965
 19.1572
 27.4226
 20.2978
 22.1133
 27.6225
 29.6648
 20.199
 26.4386
 28.4077
 26.6083
 21.4709
 24.6374
 26.533
 27.6948
 20.6398
 28.4429
 20
 24.1661
 31.9061
 27.6406
 21.9545
 35.7071
 20.1742
 25.2982
 22.2261
 20.9045
 27.4773
 29.8831
 24
 25.2785
 20.3961
 26.7582
 25.2785
 22.2711
 26.3059
 29.95
 31.4643
 20.8567
 21.7256
 33.5857
 33.8821
 17.9444
 18.9737
 29.3769
 26.7582
 19.6469
 19.6214
 27.2397
 28.8964
 25.3574
 18.6279
 25.318
 26.5141
 26.3629
 27
 30.7246
 23.8956
 30.7896
 22.6053
 33
 26.4386
 20.2731
 20.4939
 29.189
 22.5832
 22.1359
 23.388
 22.1133
 28.7576
 23.4947
 22.1133
 25.5343
 20.4939
 23.1084
 19.7737
 30.3974
 27
 21.7256
 25.2982
 34.6843
 27.9643
 18.0555
 20.2731
 21.7256
 19.5959
 30.8383
 27.7669
 20.8806
 27.1662
 17.3494
 29.5296
 26.7955
 27.2029
 24.2281
 26.4764
 29.5296
 28.7576
 24.8395
 29.9333
 28.7402
 21.0713
 32.619
 24.8998
 28.7576
 20.3715
 22.0454
 25.318
 23.6432
 19.4679
 22.4054
 28.3196
 25.04
 16.4012
 23.4307
 22.1585
 31.0805
 18.303
 18.303
 20.9762
 21.4709
 33.5857
 17.6068
 18.303
 23.6432
 31.8748
 20.4695
 17.8045
 26.8328
 20.8567
 29.5466
 17.2627
 23.4734
 24.6171
 25.219
 34.5688
 28
 29.95
 25.7099
 28.0357
 27.5862
 22.9347
 33.0606
 22.6495
 30.7734
 19.975
 28.0357
 21.5639
 20.199
 21.5639
 25
 20.9284
 22.4054
 29.9333
 20.7123
 33.8231
 17.1756
 18.3303
 31.3688
 19.5192
 17.1464
 29.6816
 16.6132
 20.2237
 0
 19.6469
 24.1039
 25.5147
 27.258
 29.189
 24.454
 28.8097
 32.665
 19.8494
 22.9129
 17.3781
 30.5614
 19.4936
 26.4386
 19.4936
 20.2731
 26.7955
 22.5832
 25.0998
 22.1359
 18.6011
 34.0881
 22.5167
 17.8326
 34.1467
 18.412
 19.5192
 19.5192
 27.8388
 19.0788
 16.3095
 23.4521
 19
 28.3549
 27.6225
 19.1311
 25.865
 31.0483
 27
 20.6398
 33.3916
 25
 20.1742
 25.8457
 22.383
 18.6279
 24.5764
 20.2978
 19.4936
 22.8254
 20.2731
 20.2731
 21
 28.4253
 13.6015
 32.187
 18.412
 13.6015
 29.6985
 18.735
 16.1555
 16.4012
 23.3452
 27.4226
 21.7256
 28.3549
 24.0624
 29.4958
 22.8254
 28.8791
 32.619
 15.4596
 25.2587
 15.843
 31.0322
 17.8045
 21.7025
 24.8998
 16.6733
 26.7395
 20.2731
 19.0526
 16.7332
 16.7332
 26.5141
 21.095
 23.622
 30.7409
 20.9045
 15.6844
 31.3528
 28.688
 20.2731
 20.2731
 24
 15.4919
 26.1343
 21.8174
 25.632
 16.7033
 16.7033
 23.1517
 22.5389
 27.8029
 30
 22.5389
 26.6271
 30.7734
 17.088
 19.799
 24.1661
 20.0998
 17.1464
 21.9089
 17.5784
 14.7648
 21.587
 20.2731
 17.2047
 22.561
 28.8791
 22.1133
 31.4166
 22.9783
 15.906
 29.7321
 15.9374
 14.8661
 21
 15.6525
 28.3373
 19.1572
 23.9165
 21.8632
 27.5862
 23.0217
 21.7486
 28.3196
 20.3224
 18.412
 28
 22.8692
 13.4536
 0
 20.2237
 25.5539
 16.7631
 0
 0
 16.0312
 20.2237
 19.1311
 24.6374
 23.1301
 21.4942
 29.4449
 22.0907
 13.9642
 31.1929
 14.3178
 17.4069
 32.2645
 16.6132
 14.7309
 31.273
 18.6815
 14
 25.6905
 19.5448
 22.1133
 22.3607
 27.4773
 28.6531
 26.1343
 22.891
 22.891
 22.891
 24.454
 17.2627
 17.2337
 17.2337
 16.1555
 18.3303
 18.3303
 20.8567
 26.6646
 17.2337
 25.6125
 19.0263
 19.7737
 16.7631
 30.1993
 9.16515
 28.0535
 16.4317
 18.3303
 19.4422
 18.0278
 18.0278
 30.282
 23.0217
 14.7648
 18.0831
 20.8806
 7.74597
 21.7945
 14.8324
 14.8324
 27.6043
 15.843
 15.843
 22.1585
 18.0555
 14.8661
 16.6733
 21.0476
 16.3707
 16.3707
 24.4745
 24.4745
 20.2731
 20.2731
 14.6969
 19.8746
 18.2757
 17.0587
 20.2978
 15.6205
 15.6205
 15.6205
 15.6205
 0
 20.567
 14.2127
 19.0263
 20.7364
 13.6015
 13.6015
 17.8606
 17.8606
 20.6398
 25.02
 13.0384
 13.0384
 20.3224
 15.5885
 15.5885
 15.5885
 23.3238
 23.3238
 23.3238
 23.3238
 9
 17.3494
 24.5153
 24.5153
 22.8254
 20.9523
 20.9523
 21.4942
 3.74166
 3.74166
 3.74166
 22.5832
 16.4621
 14.9666
 14.9666
 18.0555
 20.664
 6
 17.8885
 0
 21.8403
 33.6601
 33.6601
 18.3848
 13.0384
 17.3494
 17.3494
 10.6771
 10.6771
 18.0555
 18.0555
 9.69536
 14.4914
 12.1244
 12.1244
 22.6053
 22.6053
 14.3527
 22.383
 15.6205
 15.6205
 17.3205
 17.3205
 20.3224
