 28.6531
 27.7669
 27.2947
 10.8628
 13
 25.7682
 26.4953
 23.1301
 39.6737
 16.3095
 20.567
 33.0151
 26.1151
 26.1343
 23.3666
 33.2415
 36.2215
 22.1811
 34.3511
 27.4773
 29.9666
 25.04
 26.5141
 27.7849
 27.9821
 16.5529
 31.305
 14.7648
 15.6525
 31.8591
 37.1349
 13.9642
 19.2873
 36.1939
 17.4356
 34.0441
 26.0384
 15.748
 24.8797
 25.1794
 26.9258
 25.2587
 30.8545
 27.9643
 19.9499
 32.3419
 37.2156
 28.9137
 24.454
 32.249
 17.2627
 18.2757
 41.6053
 0
 0
 21.9545
 27.6043
 32.619
 30.1828
 27.0185
 0
 0
 32.573
 26.8328
 25.9037
 25.5343
 25.5343
 24.2487
 20.2731
 28.6531
 29.4109
 13.7113
 41.1339
 17.3781
 13.9284
 29.95
 11.3137
 30.4138
 35.7491
 17.3494
 20.0499
 11.3137
 0
 0
 37.2961
 42.7083
 18.7617
 19.9499
 19.9499
 0
 0
 29.5127
 40.025
 26.9258
 22.6053
 14.8324
 0
 0
 25.2587
 28.775
 25.1794
 32.1403
 32.1403
 32.7261
 31.3688
 23.7697
 36.1248
 36.1248
 34.7275
 28.775
 37.6696
 29.5296
 29.5296
 0
 20.1246
 37.921
 22.8254
 35.7211
 0
 21.9545
 25.2785
 29.6816
 28.7576
 31.4166
 19.2094
 23.4307
 23.622
 0
 39.7744
 13
 20.0998
 22.5167
 39.6737
 27.1846
 29.2062
 22.4944
 0
 0
 27.4408
 20.1246
 34.9857
 15.6844
 0
 29.3428
 21.4476
 32.6803
 20.2485
 0
 0
 27.7669
 26.1725
 26.1151
 37.8682
 30
 21.7256
 35.2136
 36.524
 34.6121
 37.855
 16.1864
 36.8782
 35.8748
 23.2164
 33.8083
 29.4958
 0
 34.2491
 27.2213
 26.0576
 31.3847
 36.9594
 0
 27.7849
 29.5804
 26.3439
 22.6936
 20.8806
 39.7618
 14.7309
 16
 31.0644
 21.3073
 41.3038
 15.8114
 27.2764
 28.0713
 39.8748
 27.8388
 19.105
 29.3428
 29.3428
 0
 34.8425
 22.561
 31.0966
 19.5704
 0
 28.8791
 29.5466
 36.1663
 22.2486
 22.2486
 0
 0
 35.0286
 22.7596
 38.1051
 30.3809
 22.3159
 22.3159
 35
 36.8782
 33.3017
 26.4008
 22.6495
 0
 39.6989
 37.3363
 35.3695
 25.9615
 35.6371
 35.6651
 34.1174
 27.5862
 0
 0
 27.6225
 32.3574
 29.1033
 29.9666
 29.9666
 39.6232
 24.2899
 28.8271
 21.2838
 21.2838
 44.3847
 14.0357
 28.4605
 24.1868
 24.1868
 0
 0
 0
 43.2204
 26.4953
 19.799
 13.8924
 13.8924
 35.4824
 19.9499
 28.9137
 26.3629
 15.6525
 0
 0
 33
 27.8209
 25.318
 29.8998
 0
 0
 0
 31.6386
 29.7321
 40.1995
 24.7184
 24.7184
 0
 0
 38.8587
 41.6413
 32.7109
 39.8246
 0
 0
 0
 40.5586
 40.6694
 41.1218
 20.8567
 0
 0
 0
 35.4542
 36.6606
 26.4008
 39.5474
 0
 0
 0
 36.2629
 25.2587
 33.8378
 29.5635
 4.3589
 0
 0
 0
 0
 20.2731
 36.5377
 28.8444
 29.1719
 0
 0
 0
 45.8476
 13.9284
 17.2916
 26.4386
 0
 0
 0
 16.1864
 41.3038
 28.6705
 24.3311
 0
 0
 0
 32.6037
 20.0998
 21.8403
 38.6911
 0
 21.7025
 24.4131
 31.4166
 22.6053
 27.8388
 23.0217
 29.2062
 32.8938
 39.3827
 40.6571
 35.4542
 26.9629
 42.9069
 43.6578
 43.4971
 36.5377
 0
 0
 37.4967
 38.5746
 30.3974
 47.0106
 21.7715
 0
 0
 34.2637
 33.0757
 27.6406
 42.7902
 20.9045
 24.5561
 31.3528
 27.7669
 39.1408
 22.3607
 29.1204
 43.8976
 16.4924
 16.6733
 21.8632
 0
 45.0444
 21.4476
 26.096
 15.843
 15.843
 0
 0
 20.8806
 43.9431
 19.105
 26.4575
 21.8174
 21.8174
 0
 0
 0
 0
 23.4521
 27.4408
 31.0805
 35.1852
 20.8327
 0
 0
 34.2199
 28.8964
 30.8058
 22.6274
 22.6274
 0
 0
 36.8103
 41.1218
 22.1811
 25.7294
 40.1497
 43.7035
 37.3631
 26.1343
 37.3765
 37.1887
 43.9545
 30.3974
 0
 0
 0
 33.0606
 33.9559
 28.2666
 46.2385
 30.1828
 26.2488
 42.391
 28.2666
 15.1658
 41.497
 19.975
 37.5233
 33.0454
 14.8324
 46.0217
 20.199
 14
 17.7482
 20.3224
 18.303
 42.0595
 0
 0
 26.1343
 23.4521
 27.2397
 36.5103
 0
 32.1248
 31.0161
 31.3688
 25.671
 25.671
 0
 0
 0
 26.3629
 36.7015
 24.4336
 41.7852
 7.14143
 0
 44.5758
 41.7732
 26.4197
 25.2785
 0
 0
 40.4104
 43.6692
 29.7993
 29.5296
 0
 0
 36.0139
 25.4165
 33.1059
 37.4967
 49.7494
 23.2164
 29.1376
 30.5778
 0
 14.2829
 45.3431
 41.328
 20.8567
 0
 14.8997
 47.655
 41.1339
 14.4222
 17.3781
 44.3396
 19.5448
 34.7419
 24.4949
 26.096
 39.1535
 31.1127
 29.7658
 33
 29.5804
 23.7276
 26.0768
 24.3311
 40.3237
 39.5854
 43.715
 25.3377
 43.4626
 33.8231
 43.4281
 25.3574
 25.593
 40.0749
 37.51
 25.7099
 27.8029
 32.187
 30.5123
 21.8861
 41.3159
 30.5287
 45.913
 39.9249
 27.1293
 24.1868
 42.3202
 45.5412
 13.4536
 18.7617
 47.7493
 15.843
 41.7013
 20.2485
 25.5539
 38.223
 39.95
 18.9737
 32.4191
 33.9706
 28.5132
 26.0768
 22.0907
 41.2795
 35.2846
 17.8885
 42.4617
 24.8193
 22.8473
 47.613
 41.0974
 22.6053
 47.8226
 26.096
 31.289
 22.6053
 23.4521
 36.0555
 34.7131
 27.9464
 20.3961
 26.9072
 39
 25.318
 13.6748
 42.1782
 44.8888
 49.97
 19.7737
 17.8885
 48.4768
 49.4065
 17.8885
 22.1585
 40.8534
 42.5441
 24.3516
 19.2354
 34.7994
 39.95
 29.8161
 23.1948
 23.6854
 36.1248
 27.8209
 43.4626
 43.6348
 22.6716
 43.0349
 17.5499
 46.1844
 38.4318
 17.2916
 19.105
 38.6005
 27.1662
 22.8035
 33.1964
 25.2587
 34.7994
 27
 21.9545
 36.0971
 24.3926
 24.3926
 13.6748
 47.4763
 37.1887
 15.3948
 24.6779
 48.3218
 44.6542
 15.3623
 17.4069
 24.4949
 19.6214
 41.7133
 43.1393
 27.7849
 40.2741
 22
 37.6032
 39.9875
 41.6653
 24.2693
 34.8568
 42.1663
 33.7194
 21.1187
 45.9565
 40.9268
 15.7797
 46.5618
 22.6274
 38.0263
 20.6882
 21
 32.1714
 26.5141
 23.8956
 21.2368
 35.609
 25.2389
 23.9165
 12.6095
 32.3728
 44.3283
 20.9045
 20.9045
 20.347
 31.289
 48.775
 18.2483
 10.4881
 40.7554
 44.4297
 20.1246
 15.6205
 45.7056
 26.8887
 39.0768
 19.2354
 28.9137
 26.3439
 34.176
 51.5267
 42.2966
 43.4281
 26.0768
 46.1086
 41.1825
 19.1311
 47.2969
 32.187
 44.2832
 21.4243
 38.3667
 24.3311
 23.3452
 28.6531
 27.8209
 13.4536
 19.0788
 46.1736
 11
 51.1566
 10.583
 17.8326
 47.4447
 15.7162
 19.5192
 39.1408
 15.1987
 22.9783
 0
 22.6495
 28.9655
 35.623
 37.2022
 43.6348
 24.2074
 46.8508
 46.7974
 14.7648
 33.8378
 15.3948
 43.5201
 28.0179
 36.606
 25.0599
 22.6936
 32.1092
 21.3307
 36.2767
 20.0499
 9.32738
 51.3225
 20.4939
 9.64365
 49.8096
 17.3494
 19.4165
 19.4165
 41.0366
 21.3307
 14.7648
 32.1559
 21.9773
 32.8786
 44.5982
 28.7576
 23.8537
 48.5695
 44.3847
 13.2288
 49.7494
 35.8469
 13.2288
 40.4228
 26.9629
 20.6398
 34
 19.9249
 20.4695
 30.4302
 7.81025
 17.9444
 15.5242
 43.1972
 3.74166
 49.8397
 14.7986
 16.3707
 43.4511
 18.2209
 15.5242
 15.6525
 29.5466
 38.704
 26.9444
 41.7253
 28.3196
 46.5725
 17.9444
 44.3396
 50.3289
 6.245
 37.3631
 10.4403
 46.7119
 12.6095
 26.1725
 37.8021
 15.1658
 27.2029
 23.4307
 25.2785
 12.8841
 0
 39.37
 12.8841
 16.6733
 48.734
 21.4942
 8.94427
 47.0744
 34.7851
 13.2665
 13.2665
 26.8701
 21.3776
 38.4448
 27.4591
 37.3765
 20.9762
 20.9762
 37.5899
 21.587
 43.6692
 46.2061
 20
 40.0625
 48.2804
 8.48528
 28.0891
 39.1791
 24.5561
 13
 14.9666
 27.7849
 17.088
 29.5466
 13.0384
 6.16441
 14.5258
 46.1628
 10.583
 48.9183
 24.5967
 10.4403
 45.2327
 15.8114
 24
 34
 14.7986
 35.623
 28.688
 39.9625
 25.8457
 42.8135
 19.1833
 37.3898
 45.607
 27.7849
 7.74597
 41.1582
 21.4709
 10.3923
 0
 28.7576
 21.4476
 9.79796
 0
 0
 15.5563
 18.3303
 15.6525
 17.3494
 33.9117
 8.66025
 41.3159
 27.2397
 14.2829
 42.6028
 11.4018
 27.7669
 41.1947
 22.6274
 11.0905
 48.5489
 24.8797
 12.4097
 43.3128
 32.1714
 19.799
 13.3791
 47.2969
 43.566
 43.1509
 31.1127
 0
 0
 37.1753
 12.9615
 13
 13
 27.258
 5.74456
 5.74456
 19.975
 36.4143
 5
 28.6356
 9.21954
 6
 11.3137
 33.9264
 10.9087
 33.9117
 10.4881
 24.5357
 31.305
 20.0499
 20.0499
 38.2361
 41.7013
 7.74597
 16.1864
 38.3667
 10.1489
 40.5586
 6.9282
 6.9282
 47.8748
 11.9583
 11.9583
 39.9875
 4.24264
 25.2785
 30.133
 15.0333
 1.41421
 1.41421
 31.496
 31.496
 34.4964
 34.4964
 23.4734
 32.6803
 31.289
 25.5343
 35.1283
 23.1084
 0
 0
 0
 0
 38.5616
 7.87401
 7.87401
 32.249
 6.08276
 0
 22.2711
 22.2711
 12.3288
 34.9285
 17.0587
 17.0587
 21.4709
 16
 16
 16
 31.4006
 31.4006
 31.4006
 31.4006
 10.0995
 29.7321
 44.0454
 44.0454
 38.2623
 33.9559
 33.9559
 31.4802
 20.6155
 20.6155
 20.6155
 22
 22
 22
 22
 28.2489
 23.388
 8.88819
 8.88819
 0
 25.2389
 25.2389
 25.2389
 21
 12.3288
 6.48074
 6.48074
 10.9545
 10.9545
 11.3578
 11.3578
 5.19615
 6.08276
 16.5227
 16.5227
 32.28
 32.28
 7.14143
 33.5857
 15.1658
 15.1658
 29.7321
 29.7321
 9.38083
