 17.1172
 15.5242
 13.4907
 11.3137
 11
 9.79796
 14.7309
 14
 14
 12.9615
 13.1529
 13.1529
 12.1655
 13.6748
 4.24264
 17.1172
 18.5742
 16.2481
 19
 11.4455
 13.6748
 9.64365
 19.105
 9.11043
 14.9332
 4.58258
 11.5758
 10.583
 6.32456
 13.2665
 17.9165
 17.4642
 10.1489
 10.1489
 9.8995
 9.8995
 5.19615
 8.12404
 9
 17.1756
 11.0905
 7.4162
 10.3923
 10.3923
 10.3923
 15.6525
 17.2337
 17.2337
 5.47723
 12.9615
 10.8167
 14.5602
 14.5602
 0
 0
 13.9642
 7.28011
 12.8452
 12.8452
 12.8452
 0
 0
 17.5784
 16.6733
 7.81025
 7.81025
 7.81025
 8.66025
 9.69536
 12.6095
 14.9666
 14.9666
 22.561
 11.5326
 14.7309
 14.7309
 14.7309
 21.6795
 12.49
 16.7033
 13.1149
 13.1149
 0
 0
 16.6132
 22.6274
 10.583
 14.0712
 14.0712
 0
 0
 16.0624
 19.6977
 10.3441
 8.24621
 8.24621
 0
 0
 15.2971
 12.1655
 9.32738
 15.9374
 0
 15.1658
 14.4568
 9.69536
 16.3095
 16.3095
 16.3095
 14.7986
 12.2474
 13.9642
 0
 0
 10.7238
 19
 12.9615
 14.7986
 0
 14.2829
 21.9773
 11.6189
 11.6189
 15.6844
 11.2694
 10.5357
 6.9282
 0
 18.412
 16.4621
 8.66025
 12.4499
 20.2485
 11.4018
 14.7309
 13.5647
 0
 0
 16.4924
 4.58258
 14.7648
 11.225
 0
 14.9666
 12.53
 22.5167
 9.69536
 0
 0
 13
 7.93725
 14.0712
 19.6977
 17.0587
 15.906
 17.5784
 11.225
 18.412
 17.3494
 17.5499
 14.2127
 14.2127
 17.3494
 14.7986
 14.8997
 14.8997
 16.8226
 16.0312
 15.5563
 10.583
 10.583
 10.583
 15.6844
 16.4012
 13.4536
 13.4536
 9
 21.9089
 15.8114
 6.9282
 11.225
 11.225
 21.0476
 14.7309
 16.4924
 11.4891
 18.4391
 14.7986
 10.3923
 9.48683
 9.48683
 9.48683
 15.4596
 12.4499
 18.1384
 11.8322
 11.8322
 10.5357
 14.7309
 22.7596
 10.6771
 22.7596
 0
 0
 19.1311
 17.8885
 17.8885
 15.843
 15.843
 15.843
 17.9165
 21.1187
 11.8322
 14.7309
 14.7309
 0
 21.5639
 17.8326
 18.3303
 20.6155
 15.1987
 14.7309
 14.4568
 17.3781
 0
 0
 17.1172
 15.9687
 20.0499
 13.5647
 0
 21.9317
 13
 15.4272
 14
 0
 21.4709
 16.5227
 13.1909
 9.69536
 9.69536
 0
 0
 0
 23.8956
 17.3205
 12.1244
 18.1934
 0
 17.8885
 17.5214
 15.6205
 18.2483
 18.2483
 0
 0
 19.2094
 20.8327
 18.1934
 17.3494
 0
 0
 0
 20.2731
 22.5832
 24.5153
 17.8326
 17.8326
 0
 0
 25.807
 24.1247
 19.5959
 24.4745
 0
 0
 0
 22.1585
 21.7025
 22.1811
 18.1934
 0
 0
 0
 13.2288
 23.2809
 16.5227
 20.9045
 0
 0
 0
 18.9473
 19.9499
 20.2485
 22.5832
 22.5832
 0
 0
 0
 0
 26.9629
 20.3961
 19.0788
 16.6733
 0
 0
 0
 22.561
 22.3607
 20.2978
 19.5192
 0
 0
 0
 18.412
 17.7764
 16.7033
 13.0384
 0
 0
 0
 13.5277
 19.1572
 22.6274
 17.7482
 0
 19.1572
 21.7486
 17.8885
 19.105
 22.5832
 20.8567
 22.891
 28.8271
 26.533
 25.2785
 25.9037
 16.1555
 28.3901
 25.5343
 27.2947
 14.7986
 0
 0
 25.5539
 22.7376
 17.9165
 30.0998
 30.0998
 0
 0
 25
 26.3818
 21.7486
 25.9422
 23.7276
 25.2982
 22.6936
 24.0832
 24.0208
 20.6882
 21.7256
 26.3439
 22.561
 18.9473
 20
 0
 26.5707
 12.3288
 15.6844
 20.1246
 20.1246
 0
 0
 21.9773
 25.7876
 24.4336
 16.3095
 16.3095
 0
 0
 0
 0
 0
 20.4695
 23.4734
 17.3494
 23.1517
 23.1517
 0
 0
 27.7489
 23.8328
 28.0179
 21.7025
 21.7025
 0
 0
 26.6271
 27.4955
 23.388
 26.2869
 26.5518
 28.3549
 33.2716
 18.412
 28.3373
 24.3721
 27.6043
 22.891
 0
 0
 0
 25.0599
 27.9285
 27.1662
 30.3974
 27.9464
 26.6458
 27.2764
 24.5357
 24.7184
 26.6458
 24.6779
 25.7876
 26.8328
 20.6398
 27.7849
 14.7309
 14.7309
 21.7025
 25.2785
 22.6274
 28.2666
 0
 0
 23.6008
 22.0454
 19.6723
 24.8797
 0
 28.7228
 28.0357
 24.8797
 16.8523
 0
 0
 0
 0
 26.5141
 27.7308
 24.5764
 26.8514
 26.8514
 0
 28.4077
 28.1957
 27.9106
 22.6716
 0
 0
 28.688
 28.3901
 30.8707
 23.3024
 0
 0
 23.8537
 26.1534
 26.8142
 31.9531
 29.4788
 28.2135
 26.4197
 24.8596
 0
 27.3679
 29.3939
 28.4253
 25.3377
 0
 21.5407
 27.074
 25.1794
 18.9473
 21.1187
 27.2764
 22.3383
 26.2869
 22.383
 25.2587
 24.5967
 20.8806
 29.2916
 27.9643
 21.166
 21.166
 17.8326
 28.0891
 27.9643
 26.8887
 27.5136
 23.388
 28.5307
 16.1245
 28.9828
 26.9444
 22.5167
 26.2869
 22.8254
 27.037
 29.95
 27.2397
 28.2843
 27.2029
 29.5466
 24.1868
 28.5307
 28.5482
 16.0312
 23.7276
 22.8254
 28.1425
 22.561
 15.9687
 29
 21.7715
 23.3452
 20.2731
 26.9629
 26.6271
 25.02
 22.8254
 30.1496
 24.6171
 25.7682
 22.3607
 25.3377
 26.9444
 28.8964
 22.891
 25.807
 17.1464
 21.4476
 32.28
 27.9821
 25.5343
 32.1403
 20.6882
 27.7128
 28.6531
 26.9444
 21.7486
 26.4197
 29.0172
 30.2985
 27.8029
 28.3019
 27.2029
 27.6225
 30.282
 23.388
 29.8998
 16.1864
 21.9545
 30.7571
 28.9137
 22.3159
 18.1108
 25.807
 20.9523
 26.0192
 22.5832
 27.6043
 26.0384
 28.6705
 21.7715
 28.8617
 28.8617
 25.7294
 25.5343
 28.6531
 24.8596
 26.0768
 24.8797
 30.1496
 26.533
 23.3666
 23.8537
 23.4521
 21.6795
 21.1424
 23.4734
 24.3516
 26.3818
 27.8927
 24.7184
 28.0357
 27.7849
 26.7021
 24.8998
 25.1197
 33.0303
 20.5913
 14.7648
 28.3019
 27.5681
 20.2731
 23.1301
 27.8029
 21.7025
 25.4165
 23.3238
 23.5584
 27.2397
 21.7025
 26.2869
 26.4197
 26.5707
 24.1039
 27.2764
 25.593
 31.305
 21.4942
 30.1993
 26.5141
 22.8254
 29.5296
 28.0891
 24.6982
 23.7276
 25.5734
 26.0384
 27.8209
 23.7276
 28.6705
 27.9285
 27.4591
 20.8327
 27.8209
 26.4008
 27.258
 11.7047
 11.7047
 21.166
 24.3721
 29.0345
 16.4621
 21
 25.0599
 27.313
 25.2587
 22.6053
 27.7308
 23.4734
 29.1376
 23.4947
 27.2397
 28.5482
 27.1846
 28.4781
 25.1197
 29.1204
 23.4307
 23.4307
 25.3574
 25.04
 29.8831
 23.7487
 24.1454
 22.561
 21.2132
 27.7669
 24.4336
 26.4197
 24.2693
 26.7582
 24.8596
 29.1376
 22.5832
 28.9655
 21.8632
 16.3095
 27.1477
 26.9629
 20.4206
 27.7128
 22.6053
 23.4947
 0
 25.219
 25.3377
 28.0179
 28.7228
 24.3311
 24.2899
 25.5343
 30.1164
 22.2261
 25.1992
 19.7737
 25.219
 21.4243
 19.8242
 21.3073
 26.9444
 24.4949
 23.388
 28.0179
 22.1359
 23.5584
 30.9193
 18.7617
 19.1572
 28.2843
 26.0768
 17.5499
 0
 23.4947
 23.4734
 22.1133
 25.0599
 21.7486
 25.632
 25.5343
 21.8632
 20.5183
 27.9285
 26.7395
 20.6398
 29.6479
 28.3725
 21.6333
 20.7605
 27.5681
 21.4476
 21.7715
 26.9815
 21.4942
 27.4955
 27.6406
 25.1992
 22.3159
 26.8328
 22.6053
 27.6406
 19.2354
 18.2757
 24.8596
 28
 20.8806
 25.8844
 27.9821
 24.1661
 23.2164
 24.3311
 21.7715
 26.4197
 23.8118
 25.5147
 28.2666
 21.2368
 26.4386
 26.4386
 22.1811
 23.6008
 27.6043
 21.9545
 27
 25.04
 27.0924
 21.7486
 20.2978
 0
 28.6182
 16.7332
 25.0799
 27.7489
 17.2337
 21.7486
 26.4386
 25.5539
 23.4734
 23.4734
 30.0998
 19.975
 23.388
 24.7184
 27.258
 23.4521
 0
 26.7955
 22.2935
 22.2711
 25.7682
 22.2486
 24.5764
 23.3452
 22.1133
 24.2074
 18.6279
 23.0434
 26.0384
 26.096
 21.7025
 20.8567
 29
 26.9629
 24.454
 23.622
 26.5141
 26.2679
 25.9808
 25.0599
 21.095
 26.5895
 28.1247
 13.9642
 27.4044
 23.1733
 27.55
 26.2869
 22.1811
 20.664
 26.7769
 24.5153
 23.4094
 21.7486
 25.318
 26.1725
 22.2036
 28.9482
 18.4391
 18.4391
 21.7256
 24.8998
 29.7658
 0
 0
 26.7582
 32.1092
 15.906
 28.1603
 26.4008
 27.258
 28.2843
 22.1585
 19.105
 27.5862
 29.9165
 26.9815
 30.3809
 24.3311
 22.8035
 23.0868
 27.1662
 25.0599
 24.2487
 24.5967
 25.318
 28.4429
 24.5153
 17.3205
 22.6274
 22.1811
 22.1811
 0
 19.5192
 27.8388
 26.096
 0
 22.7816
 26.8328
 26.8328
 26.0384
 16.4621
 23.0217
 25.318
 24.3105
 28.9482
 28.688
 27.6043
 16.8226
 24.8596
 30.315
 32.1403
 22.561
 22.5167
 22.5167
 15.6525
 22.9347
 30.282
 23.2164
 19.6214
 18.4662
 21.1424
 26.7395
 26.7395
 13.4164
 28.4077
 28.4077
 22.6053
 27.8209
 13.9284
 27.55
 24.3105
 26.096
 26.096
 12.1655
 12.1655
 23.8537
 23.8537
 24.3311
 29.5635
 20.8806
 22.6274
 16.3707
 15.1327
 15.1327
 15.1327
 15.1327
 15.1327
 20.025
 30.8058
 17.088
 21.1187
 24.5357
 24.5357
 22.9783
 22.9783
 32.0624
 32.0624
 19.8242
 19.8242
 32.3265
 17.3205
 17.3205
 17.3205
 29.1204
 29.1204
 29.1204
 29.1204
 20.0499
 12.8452
 11.4018
 11.4018
 12.083
 19.2354
 19.2354
 28.1069
 11.4455
 11.4455
 11.4455
 11.4455
 24.8596
 25.04
 25.04
 23.8328
 26.7769
 22.3159
 21.9773
 21.9773
 30.315
 14.7309
 0
 25.5147
 23.9374
 25.593
 25.593
 16
 16
 28.7924
 28.7924
 20.2731
 20.8806
 19.799
 19.799
 27.7489
 27.7489
 27.6043
 27.1293
 27.7308
 27.7308
 19.4165
 19.4165
 35.0571
