 32.6037
 0
 31.1288
 13.1529
 11.0905
 26.5518
 26.5518
 22.6716
 43.7035
 19.0526
 14.0712
 37.6696
 32.7261
 19.7737
 16.6733
 21.4709
 47.5605
 14.0357
 44.2832
 26.2679
 29.6816
 24.454
 34.9714
 27.7849
 31.9687
 19.6723
 33.8231
 17.5499
 6
 27.037
 38.5227
 12.8452
 13.1149
 39.2301
 6.9282
 37.1618
 21.2838
 16.6433
 21.7715
 26.3249
 28.0357
 13.6748
 32.311
 28
 28
 44.3283
 45.3431
 27.1662
 12.7671
 41.6173
 8.66025
 10.3923
 33.4216
 0
 0
 18.2757
 15.6525
 39.3573
 34.6121
 31.8904
 0
 0
 26.1151
 26.5707
 21.7025
 35
 35
 25.8457
 25.807
 31.8904
 23.5584
 6.9282
 45.4643
 10.7703
 6.16441
 36.5103
 6.9282
 36.9188
 40.1995
 9.64365
 21.095
 7.81025
 0
 0
 39.2556
 53.2823
 11.2694
 12.8452
 12.8452
 0
 0
 32.3883
 50.8724
 26.2107
 28.0357
 10.6771
 0
 0
 12.1244
 28.1603
 33.0151
 36.4966
 36.4966
 44.1701
 31.241
 9.94987
 48.4974
 48.4974
 42.8019
 16.6733
 45.0555
 26.4197
 0
 0
 14
 48.0833
 18.303
 41.5933
 0
 24.4336
 20.8806
 36.8239
 29.95
 34.8425
 11.4455
 25.7876
 26.7769
 0
 41.5572
 10.0995
 15.1658
 27.2764
 43
 17.5784
 38.5746
 17.2047
 0
 0
 31.9531
 10.4881
 40.1373
 13.8203
 0
 31.3847
 16.5831
 42.4146
 15.1658
 0
 0
 35.2846
 27.2213
 25.9037
 45.1885
 44.643
 11.5758
 48.1871
 42.1307
 44.2832
 46.6905
 11.225
 39.1024
 45.0444
 14.3178
 45.6727
 27.4773
 0
 40.5709
 25.4362
 18.7083
 40.8656
 42.9418
 0
 33.9411
 31.9531
 26.9444
 22.6274
 13
 44.0227
 12.8841
 13.5647
 19.3907
 20.9284
 44.833
 9.53939
 20.8087
 25.923
 42.6263
 28.688
 7.93725
 19.0263
 19.0263
 0
 37.7359
 16.7033
 41.845
 15.1327
 0
 31.4325
 30.9677
 50.8134
 25.3969
 25.3969
 0
 0
 48.0937
 15.8114
 51.4684
 40.3361
 40.3361
 40.3361
 43.9886
 48.9796
 42.6497
 17.3494
 17.3494
 0
 47.0319
 38.8716
 47.6235
 17.1464
 40.939
 42.7668
 32.2645
 25.4362
 0
 0
 31.3209
 33.0757
 33.5261
 26.6083
 0
 44.833
 22.2711
 32.6956
 12.6095
 0
 47.5815
 11.0905
 24.6374
 9.59166
 9.59166
 0
 0
 0
 47.4236
 19.9499
 6.9282
 6.245
 6.245
 37.8946
 13.9642
 25.8263
 13.4536
 12.1244
 0
 0
 29.9833
 28.6531
 27.2213
 40.939
 0
 0
 0
 41.7971
 39.9375
 51.7494
 14.8324
 14.8324
 0
 0
 0
 0
 25.0998
 46.4758
 0
 0
 0
 49.96
 56.285
 48.6826
 11.7898
 0
 0
 0
 41.328
 43.5201
 18.303
 43.0349
 0
 0
 0
 35.1852
 27.7308
 32.2335
 29.5973
 29.5973
 0
 0
 0
 0
 21.4476
 43.4511
 24.779
 25.593
 0
 0
 0
 49.0102
 10.8628
 7.74597
 22.5167
 0
 0
 0
 8.12404
 46.9894
 15.9374
 9.05539
 0
 0
 0
 15.906
 13.7477
 12.4499
 42.4264
 0
 25.7876
 25.318
 31.8904
 20.8567
 22.8254
 27.8927
 36.5924
 40.1123
 46.9787
 43.1277
 46.3681
 18.2483
 49.5782
 59.1185
 48.8365
 23.6643
 0
 0
 46.2925
 44.7214
 22.6274
 51.5752
 19.8746
 0
 0
 34.7851
 34.7851
 25.0998
 43.6119
 22.1359
 26.4386
 37.5633
 22
 35.5106
 22.561
 24.454
 46.9681
 10.3923
 19.2354
 21.4009
 0
 49.558
 7.07107
 14.1421
 8.94427
 8.94427
 0
 0
 13.2665
 48.5386
 11
 11.225
 21.6795
 21.6795
 0
 0
 0
 0
 27.4408
 23.5797
 19.0526
 37.027
 19.105
 0
 0
 41.5572
 24.2074
 37.4299
 15.5885
 15.5885
 0
 0
 44.8219
 49.5984
 16.4621
 27
 53.6097
 49.5883
 48.0937
 17.6918
 43.8862
 42.8252
 49.5984
 23.4307
 0
 0
 0
 33.9706
 33.9853
 24.2281
 52.4404
 36.4829
 27.7128
 45.3431
 21.7486
 14
 46.1628
 13.2288
 36.0555
 25
 8.48528
 51.517
 7.81025
 17.088
 9.8995
 12.49
 13.9284
 49.0612
 0
 0
 22.5167
 32
 15.6525
 38.7169
 0
 27.8388
 39.8748
 37.108
 13.1529
 13.1529
 0
 0
 0
 22.2486
 48.6621
 16.4924
 51.3615
 51.3615
 51.3615
 53.8702
 52.3737
 26.5141
 18.2757
 0
 0
 0
 48.6004
 42.4382
 22.3383
 0
 0
 37.9868
 22.2711
 40.0749
 48.4458
 55.6597
 27.074
 35.2136
 25.2587
 0
 13.8924
 50.3984
 46.465
 13.1529
 0
 9.21954
 52.5452
 41.0731
 6.245
 8.83176
 49.2646
 9.79796
 29.2062
 23.7487
 18.5742
 40.694
 23.3452
 36.3593
 28.7402
 37.7492
 9.05539
 12.3693
 21.7715
 52.2111
 48.8672
 50.4183
 19.2094
 54.7996
 22.8035
 49.5177
 19.799
 17.8885
 52.4786
 39.6989
 18.2483
 33.0151
 39.6106
 36.2767
 21.5407
 49.558
 26.7955
 53.8702
 44.7325
 26.6271
 15.906
 48.4562
 49.689
 9.16515
 6.08276
 49.1732
 10.0995
 42.6263
 8.66025
 18.2209
 31.8904
 39.0384
 11.7473
 38.4578
 30
 23.2594
 26.9258
 11.6189
 52.1249
 45.31
 6.9282
 54.7996
 11.4891
 17.0587
 54.7357
 49.6991
 16.7033
 54.7449
 11.3578
 39.2938
 22.1585
 20.1742
 42.2966
 29.9165
 31.9687
 22.4054
 31.9061
 44.8107
 19.0263
 13.8203
 50.5569
 51.1371
 52.1824
 6.9282
 9.48683
 53.1037
 51.0784
 7.34847
 9.53939
 42.5793
 43.9431
 14.3875
 10.198
 28.3019
 30.7246
 36.2905
 33.1964
 7.4162
 45.607
 25.0599
 54.5985
 52.1824
 16.2788
 57.3585
 57.3585
 55.5428
 50.9411
 10.583
 12.8841
 41.7732
 20.8806
 10.4403
 35.6511
 20.347
 30.8221
 24.1039
 23.622
 41.7373
 25.3377
 19.2614
 12.1655
 49.96
 45.913
 6
 12.8841
 52.3546
 52.2685
 6.85565
 9.69536
 10.3923
 11.0454
 44.7772
 50.1697
 33.541
 41.4488
 34.2783
 34.1028
 51.1273
 38.1051
 21.7486
 44.6878
 44.6878
 24.3105
 11.5758
 54.0093
 51.7687
 15.9374
 54.7723
 7.74597
 44.5309
 10.7238
 15.9374
 40.9268
 19.1311
 10.4403
 22.2711
 31.5911
 21.9773
 16.3095
 13.8564
 37.47
 48.9592
 6.78233
 6.78233
 14.7648
 42.3438
 52.5071
 8.83176
 7.93725
 48.1871
 47
 8.83176
 9.27362
 50.5767
 28.5832
 34.8855
 28.9828
 39.0384
 20.9762
 47.1275
 54.7357
 51.2738
 53.8702
 18.2209
 42.332
 54.8726
 14.1421
 56.6745
 38.7298
 52.3163
 14
 40.05
 17.3781
 28.2135
 37.081
 23.2164
 15.6525
 10.8167
 50.0899
 11.0905
 54.1941
 10.6771
 3.4641
 50.5569
 6.245
 8.12404
 35.7631
 11.7473
 26.0384
 0
 29.2062
 24.1039
 48.4252
 49.6387
 55.8211
 20.3224
 20.3224
 56.4801
 7.93725
 41.9404
 8.48528
 54.9727
 33.2265
 40.3361
 19.1833
 22.8692
 26.4953
 21.9545
 41.7373
 12.0416
 6.245
 52.7447
 6.08276
 9.84886
 50.1498
 5.38516
 4.3589
 0
 40.0749
 26.4197
 8.18535
 41.0853
 30.7571
 25.02
 58.532
 30.4631
 15.3297
 58.3524
 58.3524
 58.3524
 58.1893
 47.5184
 10.0499
 44.0227
 28.9655
 13.0384
 30.7571
 12.0416
 26.0768
 25.2982
 8
 12.8062
 4.47214
 48.2597
 10.4403
 50.9706
 3.31662
 3
 43.4626
 15.6525
 8
 11.0905
 38.2099
 33.2114
 21.7256
 54.5802
 22.7376
 54.3323
 54.3323
 56.1961
 60.7865
 12.1655
 50.1697
 50.1697
 54.231
 8.66025
 26.5141
 38.7556
 7.93725
 26.0768
 28.4781
 18.0555
 10.1489
 0
 41.2553
 2.44949
 4.24264
 52.4786
 52.4786
 7.81025
 49.3457
 26.9815
 3.4641
 3.4641
 31.0483
 13.2665
 37.8814
 25.5147
 52.5357
 28.9482
 28.9482
 47.0319
 47.0319
 63.7652
 57.4804
 57.4804
 60.9098
 59.4811
 10.3923
 35.8748
 43.795
 30.315
 2.44949
 11.1355
 24.3105
 14.2127
 34.9571
 4.89898
 7.93725
 13.5277
 50.8331
 50.8331
 52.3068
 12.1655
 12.1655
 47.1381
 22.2036
 22.2036
 26.4197
 14.1067
 31.1127
 42.1307
 51.9808
 22.6274
 54.8544
 54.8544
 53.8424
 55.3444
 38.0657
 6.245
 49.2646
 24.3721
 6.7082
 0
 31.225
 13.1909
 4.58258
 0
 0
 14.8997
 16.6433
 7.93725
 4.3589
 26.9629
 14.2478
 34.6121
 21.3073
 6.9282
 6.9282
 12.9228
 31.607
 31.607
 22.5832
 18.2483
 62.6418
 19.975
 27.8209
 61.3351
 45.5192
 45.5192
 45.5192
 55.7315
 64.846
 54.3323
 42.2493
 0
 0
 41.7852
 17.5214
 6.55744
 6.55744
 21.0238
 13.0384
 13.0384
 9.27362
 28
 6.245
 22.4944
 3.31662
 8.83176
 9.53939
 9.53939
 13.0384
 13.0384
 19.8242
 29.6311
 45.5412
 45.5412
 45.5412
 45.5412
 45.5412
 23.1301
 23.1301
 48.4768
 26.5518
 49.295
 6.16441
 6.16441
 6.16441
 14.5258
 14.5258
 33.8969
 13.9284
 31.9687
 34.7851
 9.84886
 13.6748
 0
 22
 22
 49.96
 49.96
 35
 35.0714
 46.2169
 41.0488
 46
 35.819
 0
 0
 0
 0
 48.5283
 14.1067
 14.1067
 38.6005
 16.2481
 0
 26.9444
 26.9444
 26.9444
 36.2905
 21.1424
 0
 22.9783
 12.8841
 12.8841
 12.8841
 12.8841
 12.8841
 12.8841
 12.8841
 19.9499
 28.6705
 50.8822
 50.8822
 44.5309
 30.5778
 30.5778
 26.6083
 28.5832
 28.5832
 28.5832
 28.2666
 28.2666
 28.2666
 28.2666
 42.5323
 41.509
 13.4164
 13.4164
 0
 31.1929
 31.1929
 31.1929
 25.7876
 6.245
 17.4929
 17.4929
 2.82843
 2.82843
 11.8322
 11.8322
 9.84886
 11.2694
 9.79796
 9.79796
 29.8998
 29.8998
 7.34847
 32.2645
 1.73205
 1.73205
 29.5296
 29.5296
 9
