 15.6205
 0
 11.7898
 11.7898
 11.6619
 9.16515
 12.3288
 9.69536
 15.5563
 10.9545
 11.0454
 11.0454
 12.1244
 11.0905
 11.0905
 15.5885
 16.7033
 16.7033
 15.5563
 11.2694
 11.2694
 11.2694
 16.6733
 8.48528
 15.2971
 3.4641
 10.6771
 10.6771
 10.6771
 11.4018
 15.9374
 17.9165
 8.66025
 18.0555
 10.9545
 10.9545
 3.31662
 3.31662
 7.14143
 7.14143
 7.14143
 8.06226
 9.53939
 9.53939
 9.53939
 9.53939
 15.6205
 15.6205
 15.6205
 15.6205
 9.32738
 14.1067
 14.1067
 0
 0
 14.0357
 14.0357
 10.0995
 10.0995
 10.0995
 0
 0
 17.5499
 15.9687
 15.9687
 15.9687
 15.9687
 7.74597
 9.59166
 10.4403
 10.4403
 10.4403
 21.4709
 21.4709
 14.2829
 14.7309
 14.7309
 19.7737
 12.49
 17.5784
 14.2829
 14.2829
 0
 0
 15.3297
 20.1742
 11
 15.5563
 15.5563
 0
 0
 13.4536
 18.412
 9.64365
 9.64365
 9.64365
 0
 0
 12.0416
 11.3137
 8.83176
 15.1327
 0
 14.0712
 13.4536
 7.87401
 15.4919
 15.4919
 15.4919
 13.4536
 13.4536
 12.4499
 0
 0
 0
 15.6525
 12.9615
 13.4536
 0
 14.4914
 21.4476
 9.84886
 9.84886
 15.1658
 15.1658
 8.66025
 7.14143
 0
 17.8606
 16.2788
 6.9282
 6.9282
 19.105
 8.544
 8.544
 7.34847
 0
 0
 16.4621
 4.47214
 12.8841
 9.79796
 0
 14.0357
 11.0454
 18.7083
 10.0995
 0
 0
 11.5758
 7.81025
 11.7898
 17.5784
 15.6205
 15.0997
 17.3205
 17.3205
 16.1555
 14.7648
 16.7332
 16.7332
 16.7332
 16.4621
 13.7113
 13.7113
 13.7113
 13.4164
 16.2481
 15.4919
 8.94427
 8.94427
 8.94427
 15.7162
 11.2694
 11.2694
 11.2694
 8.66025
 20.5913
 20.5913
 9.48683
 6.48074
 6.48074
 18.303
 13.2665
 13.2665
 6.55744
 14.8324
 14.8661
 8.18535
 6.85565
 6.85565
 6.85565
 13.5647
 11.7047
 17.3494
 12
 0
 0
 11.1355
 21.1187
 9.84886
 21.5639
 0
 0
 18.2483
 16.2788
 20.4939
 14.7648
 14.7648
 0
 17.4642
 17.5499
 10.4881
 9.79796
 9.79796
 0
 19.0263
 14.8661
 17.1172
 19.105
 14
 14
 12.2882
 14.8661
 0
 0
 15.3297
 14.6969
 20.0499
 12.0416
 0
 20.4206
 12.0416
 11.6189
 12.8452
 0
 20.9523
 15.6525
 8.60233
 8
 8
 0
 0
 0
 20.9045
 14.7309
 10.3923
 17.72
 0
 16.3095
 18.6815
 13.8924
 18.3303
 18.3303
 0
 0
 16.3095
 20.9045
 18.2483
 17.3494
 0
 0
 0
 20
 21.9089
 23.7487
 15.6525
 15.6525
 0
 0
 23.8118
 22.1585
 15.0333
 23.7276
 0
 0
 0
 20.8567
 19.4936
 20.9045
 15.9374
 0
 0
 0
 11.7898
 21.166
 14.8661
 19.6214
 0
 0
 0
 16.1245
 18.3303
 19.799
 21.4942
 21.4942
 0
 0
 0
 0
 26.1725
 19.1572
 17.088
 15.3297
 0
 0
 0
 20.6882
 21.7486
 20.0749
 17.9444
 0
 0
 0
 18.2209
 14.8997
 13.7113
 10.4403
 0
 0
 0
 12.8841
 19.9499
 22.6495
 14.8997
 0
 19.105
 21.7945
 16.7033
 19.9249
 21.9545
 20.9045
 22.6274
 27.4044
 25.671
 24.454
 25.4362
 14.1067
 25.8457
 25.2982
 26.8328
 13.0384
 0
 0
 24.1039
 20.4939
 16.0312
 27.1846
 27.1846
 0
 0
 22.9347
 24.4745
 21.3073
 23.388
 21.8403
 24.6779
 21.7025
 22.8473
 22.2261
 17.8885
 19.4422
 25.865
 22.7596
 18.3303
 17.2627
 0
 22.6716
 11.2694
 12.4097
 20.0499
 20.0499
 0
 0
 22.6053
 22.4054
 24.3516
 14.2127
 14.2127
 0
 0
 0
 0
 0
 20.8567
 23.4734
 14.1067
 21.0238
 21.0238
 0
 0
 27.8029
 21.4709
 27.8029
 21.7025
 21.7025
 0
 0
 26.1151
 26.4386
 21.4476
 26.0768
 25.6515
 26.9629
 32.6803
 15.9374
 26.6083
 24.5561
 26.4008
 22.2036
 0
 0
 0
 22.6495
 26.1151
 26.9444
 28
 27.7489
 26.7395
 26.9444
 23.8956
 25.1794
 26.1343
 24
 24.8395
 25.8263
 20
 24.5967
 13.4907
 13.4907
 22.5389
 25.5147
 23.4094
 25.04
 0
 0
 24.3311
 22.6053
 16.8523
 22.5832
 0
 27.5681
 27.313
 25.2785
 15.906
 0
 0
 0
 0
 25.2389
 26.7582
 24.3926
 26.0768
 26.0768
 0
 25.8263
 26.0576
 27.8388
 21
 0
 0
 26.4575
 26.533
 31.289
 22.2711
 0
 0
 22.561
 26.0768
 25.5539
 30.5941
 26.2679
 27.5681
 26.0576
 23.9374
 0
 26.9258
 26.0192
 26.7769
 25.318
 0
 21.8174
 23.1301
 23.6008
 18.412
 20.8806
 25.7488
 21.7486
 26.0576
 21.7715
 25.1992
 23.7065
 17.9165
 28.6531
 26.6271
 21.4942
 19.3907
 16.8523
 26.9815
 26.1343
 26.8328
 27.2947
 21.7715
 26.096
 15.1327
 27.6948
 27.8029
 21.2603
 25.632
 21.7715
 27.037
 30.6594
 26.9072
 27.7849
 26.2107
 28.6182
 25.04
 27.6948
 27.4044
 13
 22.8473
 20.347
 24.8596
 22.1811
 15.906
 26.8142
 22.6495
 21
 19.7737
 26.9629
 25.671
 24.0624
 23.4307
 29.8161
 25.219
 24.8797
 21.8403
 25.2982
 26.9629
 29.0861
 21.9545
 23.7276
 13.9642
 20.5426
 29.5466
 25.8263
 24.5561
 30.0666
 20.4206
 27.1846
 27.8927
 27.2764
 21
 25.5539
 28.688
 29.7321
 28.6356
 27.2947
 25.7099
 26.9815
 30.3645
 20.7123
 28
 15.4919
 21.4709
 28.3549
 27.4408
 21.7486
 17.3494
 24.4745
 20.3715
 26.1343
 22.7156
 25.8457
 24.6171
 27.9285
 21.7715
 27.8388
 28.0535
 24.8596
 23.7065
 26.8142
 22.1811
 25.0799
 24.2281
 27.4955
 25.3377
 23.6008
 22.8473
 22.4054
 21
 20.025
 23.6854
 25.1794
 24.7386
 27
 25.4165
 27.4591
 28.4253
 26.4008
 26.0768
 24.5764
 32.2955
 20.0499
 13.6382
 27.7669
 26.9444
 19.2614
 22.5832
 27.9643
 22.561
 24.3721
 22.1133
 23.4734
 27.258
 22.5832
 25.6515
 25.318
 25.04
 23.1301
 27.1846
 24.5153
 29.1376
 21.3307
 27.2764
 25.6515
 21.9317
 27.4408
 27.4591
 22.9129
 22.9565
 26.0768
 26.4008
 28.688
 22.3607
 29.7321
 25.7876
 27.3861
 20.8327
 28.8791
 26.0576
 25.3377
 10.4881
 10.4881
 21.4243
 24.3516
 27.4955
 16.5831
 20.9284
 25.5147
 26.2679
 26.3059
 22.8692
 25.671
 24.3311
 28.3019
 24.2074
 26.9072
 27.8029
 27.258
 25.8263
 23.7697
 27.4591
 21.9317
 21.9317
 24.98
 23.3024
 29.6311
 24.0208
 24.5561
 22.6053
 21.7256
 27.8388
 24.3926
 26.0768
 25.2587
 27.7849
 25.2389
 27.5681
 21.9773
 28.3373
 21.7945
 15.0997
 26.0384
 28.178
 20
 25.6515
 24.0208
 24.6171
 0
 25.1794
 25.4951
 27.6043
 27.4591
 23.3238
 22.1133
 25.2587
 29.6311
 21.095
 24.3721
 19.105
 23.6854
 22.1133
 19.105
 20.8567
 26.9072
 23.8537
 23.6008
 27.5862
 22.5832
 23.4521
 28.1957
 17.8885
 19.975
 27.7128
 26.5518
 16.1864
 0
 23.1301
 25.3969
 22.5389
 25.4558
 21.8403
 26.4575
 25.219
 23.4734
 21
 27.2213
 24.8596
 20.025
 27.9643
 27.7308
 21.2132
 19.5704
 26.9815
 21.095
 21.8174
 27.8388
 21.1424
 28
 27
 24.3721
 22.1359
 26.4197
 23.1948
 24.8193
 17.72
 19.0263
 23.6643
 28.6356
 19.975
 26.1151
 27.8209
 23.3452
 23.4947
 23.7065
 20.664
 27.258
 21.4243
 25.2785
 26.5141
 20.9045
 26.4008
 26.4008
 20.7123
 23.4734
 28.7228
 21.9773
 27.4044
 25.2389
 27.7849
 21.9773
 20.9045
 0
 29.1033
 17.5784
 25.1794
 26.2107
 14
 22.6274
 25.5539
 22.9783
 22.6053
 22.6053
 29.5635
 18.9737
 23.3024
 24.2899
 26.4008
 24.0208
 0
 27.1109
 21.4709
 21.2368
 23.7276
 22.2261
 24.4745
 21.2132
 22.1133
 23.4734
 18.6815
 21.8403
 26.0192
 25.2587
 25.2587
 21.7945
 28.8791
 27.4591
 25.1595
 24
 26.0768
 26.0768
 24.3516
 25.02
 19.105
 24.1247
 27.8209
 27.8209
 27.1293
 24.2487
 27.1477
 26.0768
 21.4709
 21.4709
 25.2785
 23.0868
 22.3159
 21.9317
 26.0384
 26.1343
 20.6155
 27.8029
 27.8029
 27.8029
 22.561
 22.561
 22.561
 0
 0
 0
 32.2025
 14.1421
 27.1477
 25.3574
 26.9072
 25.5539
 20.2978
 19.975
 24.7992
 31.9218
 31.9218
 28.7924
 24.5357
 22.8035
 22.8035
 22.8035
 22.8035
 22.8035
 26.2107
 25.2785
 28.3196
 28.3196
 12.1244
 12.1244
 23.0868
 0
 0
 18.9737
 27.9285
 26.0768
 0
 22.7596
 26.8514
 0
 0
 17.3205
 22.7376
 26.3818
 26.3818
 28.4429
 28.4429
 28.4429
 15.5885
 23.1733
 23.1733
 23.1733
 20.8806
 20.8806
 0
 14.7309
 22.2261
 35.0143
 23.4734
 20.1494
 20.8806
 20.8806
 26.7395
 0
 0
 28.0179
 0
 20.1742
 28.8964
 28.8964
 28.8964
 24.2693
 26.3818
 26.3818
 5.19615
 5.19615
 29.7658
 29.7658
 22.8692
 31.3209
 19.2094
 19.2094
 15.6525
 14.7648
 0
 0
 0
 0
 19.2873
 30.3645
 15.6525
 20.9762
 24.454
 0
 0
 0
 35.623
 35.623
 35.623
 0
 0
 0
 0
 0
 30.133
 0
 0
 0
 22.1133
 22.1133
 9.05539
 0
 12.0416
 18.2757
 18.2757
 28.0713
 13.1529
 0
 0
 0
 0
 28.2489
 28.2489
 28.2489
 28.2489
 24
 24
 24
 24
 9.48683
 0
 0
 0
 0
 0
 0
 0
 0
 0
 0
 0
 0
 0
 0
 0
 0
 0
 0
 0
 0
 0
 0
