 17.2337
 16.3095
 14.7986
 10.5357
 11.6189
 15.1658
 16.7332
 14
 21.7256
 12.2066
 9.53939
 15.5242
 13.5647
 14.4914
 12.9615
 17.9165
 16.7631
 13.1529
 14.8324
 14.1421
 14.8661
 10.4881
 10.4403
 11.225
 14
 9.84886
 16.8523
 8.18535
 10.0499
 17.3781
 17.9444
 10.1489
 11.2694
 18.0831
 11.7473
 16.6733
 12.3288
 8.7178
 11.2694
 13.7113
 14.7648
 13.1149
 12.53
 14.4914
 13.5647
 14.7986
 17.8326
 15.3623
 13.0384
 15.5242
 11.5326
 12.3288
 17.5784
 0
 0
 13.5277
 13.9284
 13
 15
 13.2288
 0
 0
 18.4391
 13.7113
 9.79796
 13.1529
 13.0384
 13.2288
 11.7898
 10.4881
 13.9642
 11.1803
 20.2731
 10.8167
 13.4907
 12.3693
 10.1489
 18.5742
 15.1658
 10.4881
 14.7986
 10.1489
 0
 0
 17.8606
 19.5959
 8.7178
 8.94427
 9.64365
 0
 0
 16.3095
 17.1464
 12.0416
 11
 12.1655
 0
 0
 14.4222
 13.9642
 12.49
 14.1421
 14.1421
 15.5885
 14.6969
 14.8324
 17.7764
 9.84886
 17.4069
 18.6011
 15.4919
 14.2127
 14.2127
 0
 13.5277
 18.6815
 13.5647
 15.3948
 15.3948
 12.083
 17.8326
 12.2474
 13.7113
 13.1909
 12.53
 11.6619
 12.0416
 12.0416
 18.6011
 13
 11.3137
 12.0416
 19.6469
 13
 14.3527
 13.5647
 0
 0
 12.5698
 9.79796
 17.088
 8.66025
 0
 15.3948
 9.64365
 17.5784
 11
 0
 0
 12.0416
 12.3288
 13.5277
 16.8819
 15.9687
 12.2066
 17.8326
 14.5602
 17.2047
 17.2047
 11.4455
 16.3095
 16
 14
 14.7309
 14.4568
 0
 14.5602
 14.0357
 17.7764
 12.3693
 18.7883
 18.7883
 12.8452
 14.3178
 15.9687
 18.303
 13.7113
 19.7231
 14.5602
 11.7473
 13.9284
 17.2047
 19.799
 13.1909
 16.1245
 13
 18.3576
 12.53
 11.2694
 13
 14.7986
 0
 17.4929
 10.0995
 14
 11.8322
 11.8322
 12.53
 14.7648
 17.1756
 11.3137
 22.7596
 0
 0
 17.4356
 15.3297
 15.3948
 14.7986
 16.9115
 16.9115
 16.5831
 16
 11.8322
 14
 14.6969
 0
 20.4695
 17.0294
 17.1756
 14.7986
 15.5563
 15.8745
 16.1864
 14.7648
 0
 0
 15.3948
 15.1658
 15.1987
 16.1864
 16.1864
 18.0278
 13.7477
 13.4164
 15.4272
 15.4272
 21.2132
 12.9228
 14.8997
 11.8322
 11.8322
 11.8322
 0
 0
 22.1811
 15.906
 9.38083
 13.2288
 13.2288
 17.3781
 13.6748
 12.8452
 14
 10.7703
 0
 0
 16.1555
 14.3875
 14.6969
 14
 14
 0
 0
 13.7477
 17.088
 19.4679
 15.4596
 10.4403
 0
 0
 17.3494
 19.105
 20.0749
 19.6469
 19.6469
 0
 0
 20
 18.2757
 20.199
 13.1909
 0
 0
 0
 14.1421
 15.3948
 14.7309
 20.199
 0
 0
 0
 18.5203
 15.4919
 18.6011
 14.7648
 12.1655
 12.1655
 0
 0
 0
 15.9687
 17.3494
 15.906
 15.5563
 0
 0
 0
 20.3715
 15.1658
 14.1774
 15.5242
 0
 0
 0
 12.49
 15.9687
 15.6205
 13.0767
 0
 0
 0
 14.7648
 13.6015
 16.3401
 17.1172
 0
 13.9642
 15.1658
 17.5784
 15.4596
 19.0526
 15.4919
 15.9374
 21.166
 19.6977
 18.4932
 20.6882
 16.6433
 23.6432
 23.0434
 20.9045
 21.4709
 0
 0
 19.799
 19.4165
 16.1245
 25.7876
 15.9374
 0
 0
 20.2978
 18.3303
 15.5563
 22.9347
 16.5227
 16.7033
 15.6205
 18.4662
 21.4243
 14.1067
 17.3494
 20.2485
 15.6525
 12.2474
 14.1774
 0
 21.7715
 13.0384
 13.9642
 13.7113
 12.3288
 0
 0
 14.3875
 22.0907
 13.5647
 14.9666
 14.1774
 0
 0
 0
 0
 0
 15.1658
 15.5563
 14.6969
 18.3303
 12.5698
 0
 0
 21.6795
 16.8523
 19.3907
 15.1987
 8.66025
 0
 0
 19.0526
 21.5639
 16.1555
 17.2916
 20.7846
 24.3516
 23.0868
 14.3178
 19.0788
 20.347
 19.6977
 18.0278
 0
 0
 0
 19.6977
 17.8045
 16.3095
 23.4521
 17.088
 18.412
 20.5183
 18.4662
 16.2788
 19.6469
 17.088
 19.1572
 19.0263
 14
 22.1359
 10.9545
 12.1244
 13.2288
 16.6433
 15.5242
 22.5167
 0
 0
 15.9374
 16.3401
 15.6205
 18.8149
 0
 19.0788
 20.2485
 17.3781
 13.6748
 0
 0
 0
 0
 17.9165
 20.3224
 16.3401
 22.2036
 8.24621
 0
 24.3311
 21.7256
 18.3848
 16.4012
 16.4012
 0
 21.4243
 24.3311
 21.4476
 18.0278
 18.0278
 0
 21.1896
 16.6733
 17.2337
 20.9762
 24.5561
 16.7929
 16.3707
 19.6723
 19.6723
 16.3095
 24.4949
 19.105
 17.4356
 0
 15.2315
 21.7715
 20.6882
 11.6619
 14.5602
 24.1454
 11.8322
 19.6977
 15.5563
 15.8745
 21.3542
 15.1658
 18.3576
 19.0263
 17.1172
 14.0357
 13.6748
 19.0263
 19.0263
 20.2731
 22.1585
 15.9374
 21.3776
 13.1149
 22.9129
 16.7631
 14.2127
 19.975
 19.0788
 16.3401
 20.2237
 17.3781
 16.7033
 16.3707
 21.4709
 20.2978
 24.1247
 19.1572
 13.9642
 17.1756
 19.4679
 21.7486
 17.3205
 13.6382
 24.6171
 14.7309
 19.4936
 13.4536
 16.6733
 21
 21.3307
 14.8324
 20.6882
 21.166
 16.8819
 15.1987
 19.0263
 19.6469
 20.8567
 13.5277
 19.3391
 13
 16.3707
 24.8193
 18.6279
 16
 25.5147
 14.7309
 17.3494
 19.1833
 15.3623
 18.1108
 20.2485
 17.5214
 18.1934
 17.5784
 18.6011
 17.8045
 16.3707
 20.347
 19.8242
 24.2899
 14.0712
 15.3623
 25.6515
 24.9199
 13.6382
 9.38083
 20.567
 17.1464
 15.1327
 15.5885
 19.6977
 22.6274
 18.3303
 14.7648
 17.8606
 20.2978
 18.5472
 19.8242
 22.1359
 16.7033
 19.8242
 17.8885
 25.02
 19.7231
 14.1774
 15.3948
 20
 14.1067
 14.7986
 17.2627
 16.8226
 20.8327
 17.1172
 15.906
 19.0526
 17.5499
 17.8606
 16.6733
 21.8174
 22.4722
 14.1774
 14.7986
 26.4197
 20.2237
 13.6748
 14.6969
 18.1108
 15.1658
 22.9565
 18.6815
 15.906
 19.6977
 14.3527
 22.383
 19.0526
 19.799
 17.9165
 20.8567
 19.8242
 21
 17.8606
 23.1084
 19.1572
 15.6844
 23.8747
 19.0263
 19.8242
 13.0384
 16.2788
 17.9165
 19.2094
 14.1067
 18.1934
 20.2237
 18.4662
 11.1355
 18.2209
 15.9687
 20.2978
 9.59166
 9.59166
 15.3297
 17.4929
 24.8797
 11.1355
 15.6205
 18.4662
 23.7276
 17
 14.3178
 20.025
 16.2788
 22.383
 14.1067
 17.1172
 18.4391
 19.9249
 25.2982
 20.4939
 20.9523
 17.5499
 20.9762
 19.6977
 14.9332
 25.7682
 17.2047
 22.1585
 13.7477
 18.5742
 16
 15.8745
 15.6844
 17.8885
 17.8885
 16.3401
 21.6795
 15.3623
 26.1151
 13.1909
 13.4907
 23.7065
 16.6733
 12.49
 19.3391
 13.5277
 15.5242
 0
 15.1658
 17.2337
 19.6723
 20.9045
 20
 17.4356
 20.9523
 25.7488
 14.1421
 16.6433
 11.8322
 22.5832
 12.2474
 16.7631
 13.5277
 15.9374
 18.4391
 16.1245
 19.6214
 15.6205
 14.4568
 23.7065
 15.5242
 13.2665
 25.02
 14.5258
 14.4568
 14.4568
 19.8494
 15.9374
 13.9284
 18.5472
 15.1327
 20.9762
 20.7123
 15.1658
 17.8885
 24.2899
 20.2237
 14.9666
 25
 19.6214
 14.1774
 17.5784
 15.906
 13.4907
 16.7332
 15.9687
 13
 17.3781
 15.9687
 16.3095
 15.9374
 20.2731
 12.3693
 23.3238
 13.2665
 8.12404
 20.2731
 15.9687
 12.9615
 14.1421
 18.2757
 20.2237
 16.7332
 19.2873
 16.7332
 23.3666
 16.7033
 22.1359
 25.02
 13.5277
 19.6977
 14.3178
 21.3542
 15.1658
 18.6011
 17.1756
 14.8324
 20.2485
 16.3707
 14.2478
 12.8452
 12.8452
 20.2485
 15.0997
 17.8885
 22.5389
 15.3623
 14
 23.3238
 20.664
 15.9687
 17.1464
 19.799
 11.8322
 19.4936
 16.1555
 18.4391
 15.1327
 0
 18.4932
 16.2788
 19.8494
 21.2132
 16.1555
 19.975
 21.7486
 12.2882
 15.4272
 16.8523
 13.7477
 14.3527
 16.1245
 14
 12.7279
 17.3781
 16.3095
 15.5885
 17.3781
 21.3542
 19.4679
 22.2935
 18.4662
 14.2127
 21
 14.2829
 12.3693
 17.3494
 14.4914
 21.8632
 16.6733
 17.1172
 15.3623
 21.1896
 17.5499
 14.9666
 21.0238
 16.3401
 15.8745
 20.664
 18.5472
 9.64365
 0
 16.6132
 19.8242
 16.8819
 16.8819
 16.8819
 14.3178
 18.9473
 15.6205
 20.4695
 17.2337
 19.0263
 22.5832
 17.5214
 11.6189
 22
 14.7648
 17.3205
 24.5561
 14.7309
 14.8324
 24.2899
 14.1774
 12.6886
 19.7737
 16.6733
 16.6733
 18.4391
 22.5832
 24.4131
 19.4165
 16.3401
 16.3401
 0
 18.5472
 15.6205
 15.4919
 0
 13.9284
 15.8745
 15.8745
 17.5214
 23.0434
 16.5529
 19.6214
 15.906
 18.5203
 15.748
 24.0208
 10.583
 21.7715
 15.748
 17.4929
 15
 12.9228
 12.9228
 23.2809
 16.6733
 17.4929
 13.5647
 16.7033
 9.84886
 16.6433
 14
 14
 21.2368
 14.7986
 14.7986
 16.7033
 16.3095
 10.1489
 13.0384
 17.2337
 16.2788
 16.2788
 23.0868
 23.0868
 16.6132
 16.6132
 13.2288
 17.8885
 13.0384
 14.6969
 14.3178
 14.2829
 14.2829
 14.2829
 14.2829
 0
 16.0935
 14.8324
 13.5647
 16.1245
 13.2665
 13.2665
 14.3178
 14.3178
 18.735
 20.0499
 11.0905
 11.0905
 17.5214
 14.2127
 14.2127
 14.2127
 20
 20
 20
 20
 9.59166
 11.2694
 17.6352
 17.6352
 16.6433
 15.5242
 15.5242
 18.7617
 7
 7
 7
 21.9773
 15.7162
 12.4499
 12.4499
 17.3205
 18.2483
 8.48528
 15.6525
 0
 18.1108
 29.2746
 29.2746
 14.3178
 13.1529
 17.3781
 17.3781
 10.4403
 10.4403
 16.4621
 16.4621
 12.1655
 16.4924
 12.4097
 12.4097
 20.2978
 20.2978
 14.7648
 20.1742
 15.9374
 15.9374
 13.5277
 13.5277
 22.2486
