 7.74597
 0
 5.47723
 5.47723
 5.09902
 4.24264
 3.31662
 9.48683
 1.73205
 3
 4.89898
 4.89898
 4.24264
 3.4641
 3.4641
 5.09902
 6.78233
 6.78233
 8.24621
 4.24264
 4.24264
 4.24264
 9.64365
 3.60555
 6.63325
 1.73205
 3.31662
 3.31662
 3.31662
 2.44949
 6
 8.88819
 0
 5.47723
 1.41421
 1.41421
 4.24264
 4.24264
 1.73205
 1.73205
 1.73205
 3.31662
 2.44949
 2.44949
 2.44949
 2.44949
 3.87298
 3.87298
 3.87298
 3.87298
 2.44949
 6
 6
 0
 0
 5.65685
 5.65685
 2.44949
 2.44949
 2.44949
 0
 0
 5.38516
 5.38516
 5.38516
 5.38516
 5.38516
 6.08276
 0
 5.65685
 5.65685
 5.65685
 8.66025
 8.66025
 1.41421
 6
 6
 6.08276
 6
 8.12404
 3.31662
 3.31662
 0
 0
 4.24264
 6.32456
 3.60555
 8
 8
 0
 0
 3.87298
 7.93725
 1.41421
 1.41421
 1.41421
 0
 0
 2.82843
 1.73205
 0
 8.48528
 8.48528
 2.44949
 4.24264
 1.41421
 4.24264
 4.24264
 4.24264
 1.73205
 1.73205
 4.58258
 4.58258
 7.28011
 7.28011
 3.60555
 4.58258
 6
 0
 6.48074
 11.3578
 4.24264
 4.24264
 6.245
 6.245
 0
 6.08276
 0
 6.9282
 3
 2.44949
 2.44949
 6.9282
 6
 6
 0
 0
 0
 6.85565
 1.41421
 3.60555
 2.44949
 0
 4.58258
 3.4641
 5.47723
 1.41421
 0
 0
 3.87298
 0
 4.58258
 6.48074
 4.58258
 7.34847
 5.09902
 5.09902
 5.47723
 4.58258
 4.58258
 4.58258
 4.58258
 6
 5.38516
 5.38516
 7
 6.85565
 7
 3.87298
 2.44949
 2.44949
 4.24264
 6.08276
 6.245
 6.245
 6.245
 0
 6.9282
 6.9282
 0
 2.44949
 2.44949
 7.07107
 1.73205
 1.73205
 3.31662
 4.3589
 6.245
 2.44949
 2.44949
 2.44949
 15.5242
 2.44949
 4.3589
 7.07107
 2.82843
 2.82843
 2.82843
 2.44949
 7.34847
 0
 10.6301
 0
 0
 6.85565
 6
 10.4403
 2.44949
 2.44949
 2.44949
 6.9282
 9.53939
 6.245
 1.73205
 1.73205
 0
 6.9282
 5.74456
 7.68115
 7
 6.08276
 4.24264
 3.4641
 4.24264
 0
 0
 5.74456
 5.74456
 6.9282
 3.31662
 3.31662
 7.34847
 4.47214
 5.47723
 2.44949
 2.44949
 6.85565
 4.24264
 3.74166
 0
 0
 0
 0
 0
 6.32456
 0
 5.19615
 4.47214
 0
 6.48074
 5.09902
 3.4641
 6.9282
 6.9282
 0
 0
 6.245
 8.66025
 6
 6
 6
 0
 0
 9.53939
 8
 7.87401
 5.19615
 5.19615
 0
 0
 10.5357
 7.74597
 5.47723
 9.38083
 0
 0
 0
 7.34847
 8.42615
 9.16515
 4.24264
 0
 0
 0
 4.3589
 9.32738
 4.58258
 6.16441
 0
 0
 0
 3.4641
 6.08276
 7.87401
 10.0995
 10.0995
 0
 0
 0
 0
 10.9545
 8.77496
 7.34847
 4.89898
 0
 0
 0
 8.66025
 7.4162
 8.7178
 8.7178
 0
 0
 0
 7.14143
 6.245
 7.74597
 7.81025
 0
 0
 0
 9
 7.74597
 7.87401
 5.38516
 0
 6.9282
 8.7178
 6.245
 6.85565
 7.93725
 7.93725
 9.59166
 10.3923
 11.1355
 9.69536
 7.81025
 6.55744
 9.94987
 10.0995
 10.8628
 6.245
 0
 0
 10.7703
 8.544
 6.9282
 9.21954
 9.21954
 0
 0
 8.544
 11.6189
 8.18535
 7.93725
 8.66025
 11.2694
 9.53939
 8.24621
 8.48528
 8.30662
 7.48331
 11.2694
 9.05539
 9.64365
 8.18535
 0
 10.3923
 9.53939
 6.9282
 9
 9
 0
 0
 9.53939
 10.3923
 12.1244
 11.9583
 11.9583
 0
 0
 0
 0
 0
 7.74597
 9.59166
 9.05539
 10.4881
 10.4881
 0
 0
 9.74679
 10.9545
 11.4018
 8
 8
 0
 0
 12.4097
 11.7898
 11.2694
 11.4018
 12
 10.583
 13.8564
 10.3923
 12.3288
 9.84886
 12.4097
 12.53
 0
 0
 0
 8.544
 12.4097
 13.0384
 11.7473
 13.8564
 12.8062
 11.2694
 10.0995
 10.6771
 12.2066
 10.0995
 10.1489
 11.5326
 7.81025
 12.1655
 9.53939
 9.53939
 11.225
 11.4455
 10.0499
 12.3288
 0
 0
 10.583
 8.66025
 12.3288
 10.7238
 0
 13.1909
 10.1489
 11.5758
 9.84886
 0
 0
 0
 0
 12.3693
 11.7898
 11.5758
 10.9087
 10.9087
 0
 9.69536
 10.7238
 11.2694
 10.583
 0
 0
 12.0416
 9.74679
 13.8924
 11.4891
 11.4891
 0
 9.38083
 12.9615
 12.49
 14
 9.32738
 14.2829
 13.0384
 9.74679
 9.74679
 11.2694
 10.4403
 12.9615
 10.0995
 0
 8.18535
 11.2694
 10.3441
 8.88819
 7.74597
 10.6771
 11.3137
 10.9545
 8.24621
 12.2474
 11.7047
 8.88819
 13
 12.6491
 9.69536
 10.8628
 9.74679
 13.2288
 13
 12.7671
 10.198
 12.3693
 13.2665
 12.083
 10.8628
 13.0384
 11.2694
 11.225
 9.05539
 13
 14.2829
 11.225
 13.8564
 10.7238
 13.4907
 11.2694
 11.7473
 12.1655
 9.69536
 10.5357
 10.5357
 12.9615
 8.94427
 9.59166
 9.38083
 9.64365
 8.66025
 8.88819
 13
 10.6301
 11.1803
 8.77496
 13.2288
 12
 10.4881
 8.24621
 11.6189
 12.2474
 13.7113
 11.225
 10.583
 10.5357
 10.8628
 11.8322
 12.2474
 12.1655
 12
 9.53939
 12
 10.4403
 13
 7.74597
 10.5357
 13.0384
 12.8841
 12.9615
 12.2474
 11.4018
 10.583
 14.7309
 9.53939
 11.6189
 9.64365
 9.64365
 11.0905
 10.6771
 8.88819
 11.2694
 12.6095
 10.0995
 12.2066
 8.83176
 12.083
 9.38083
 13
 8.7178
 13.4907
 12.083
 9.94987
 11.7473
 10.4403
 12.8841
 12.4499
 9.05539
 11.3137
 10.7238
 12.0416
 11.3578
 9.16515
 12.3693
 9.84886
 10.5357
 11.2694
 9
 13
 10.9545
 13.1529
 12.0416
 10.8167
 10.9087
 12.3693
 12.1655
 9.32738
 9.32738
 10.8167
 11.7473
 7.34847
 9.59166
 11.3137
 7.81025
 10.0995
 11.2694
 9.59166
 11.2694
 8.60233
 10.1489
 11.3137
 10.4403
 10.1489
 10.6771
 10.198
 14
 8.88819
 10.4881
 11.7473
 10.4403
 10.4403
 13.2288
 8.48528
 13.5647
 11.3137
 12.083
 13
 11.5758
 12.8841
 9.64365
 12.2066
 12.083
 12.0416
 13
 13.9284
 9.64365
 10.4881
 8.18535
 8.7178
 13.4536
 9.48683
 6.9282
 11.3137
 12.8452
 10.4403
 9.53939
 11.4455
 10.3923
 12.7279
 9.64365
 12.1655
 14
 11.2694
 10.0995
 9.74679
 12.2066
 11.7898
 11.7898
 10.583
 13.5647
 12.3288
 10.4881
 10.8628
 11.225
 9.27362
 13.0384
 9.69536
 13.0384
 10.4403
 10.4881
 11.5326
 13.1909
 10.3923
 13.6748
 9.59166
 9.48683
 11.5326
 12.1655
 10.3923
 11.4891
 8.66025
 10.583
 0
 12.083
 13.4907
 12.1244
 12.1244
 9.84886
 10.6771
 13.1149
 12.7279
 12.083
 11.3578
 9.53939
 8.544
 11.7898
 8.83176
 10.4403
 13
 9.53939
 12.8062
 13
 9.53939
 10.4403
 12.6095
 8.66025
 8.66025
 13.1529
 12.3693
 7.14143
 7.14143
 12
 10.4881
 8.83176
 10.4403
 7.87401
 11.6619
 10.9545
 10.3923
 11.2694
 10.1489
 12.2474
 9.84886
 10.583
 11.3578
 12.083
 8.66025
 12.2882
 11.225
 7.81025
 13
 11.5326
 13.8564
 13
 9.05539
 10.3923
 13.6748
 10.4403
 11.4018
 9.84886
 12.2882
 9.84886
 13.4164
 10.0995
 11.7473
 12.1655
 9.38083
 10.5357
 9.69536
 9.74679
 10.9545
 12.1655
 10.9087
 8.83176
 9
 11.3137
 11.3137
 7.81025
 9.53939
 11.3578
 8.66025
 13.6748
 11.225
 13.8564
 9.48683
 10.4403
 10.4403
 14.2829
 9.69536
 10.3923
 12.8452
 6.9282
 9.59166
 11.225
 12.1655
 9.8995
 9.8995
 15.3297
 10.0995
 10.0995
 12.3288
 13.4536
 10.8628
 0
 12.9615
 13.2288
 9.38083
 9.53939
 11.7473
 10.0995
 8.66025
 11.225
 8.66025
 8
 13
 12.1244
 12.1655
 12.1655
 10.5357
 14.7309
 12.8841
 12.8452
 13.0767
 13.0767
 13.0767
 12.1244
 12.3693
 13
 12.083
 15.4919
 15.4919
 12.1655
 11.2694
 12.083
 12.8841
 11.2694
 11.2694
 12.083
 11.3137
 12.083
 9.64365
 12.6491
 12.1655
 7.74597
 14.0357
 14.0357
 14.0357
 8.83176
 8.83176
 8.83176
 8.83176
 8.83176
 8.83176
 13.9284
 9.27362
 10.583
 13.0767
 10.0995
 12.2066
 12.4499
 14.4222
 11.2694
 15.1327
 15.1327
 12.2066
 11.225
 10.4881
 10.4881
 10.4881
 10.4881
 10.4881
 12.1655
 13.0384
 13.0384
 13.0384
 9.11043
 9.11043
 12.9615
 12.9615
 0
 6.08276
 12.2474
 11.3137
 0
 10.5357
 13.2288
 13.2288
 13.2288
 12.1655
 10.7238
 11.225
 11.225
 10.8628
 10.8628
 10.8628
 11.3137
 8.7178
 8.7178
 8.7178
 13.5647
 13.5647
 13.5647
 10.4403
 13
 16.6733
 13
 13.2288
 7.74597
 7.74597
 13.5647
 13.5647
 13.5647
 14
 14
 12.3288
 15.9687
 15.9687
 15.9687
 13.4907
 13.5277
 7.81025
 13.0767
 17.2916
 21.166
 16.0935
 12.49
 19.5959
 11.4891
 11.4891
 11.3578
 11.0905
 0
 15.3623
 10.3441
 10.3441
 12.083
 14
 6.9282
 13.5647
 15.4272
 0
 0
 0
 17.5499
 17.5499
 17.5499
 0
 0
 0
 0
 0
 13.8924
 13.8924
 0
 0
 14.7309
 14.7309
 8.66025
 0
 12
 6.9282
 6.9282
 12.9615
 7.34847
 7.34847
 7.34847
 7.34847
 7.34847
 18.412
 16.3095
 16.3095
 16.3095
 14.8324
 14.8324
 14.8324
 14.8324
 17.8885
 17.8885
 17.8885
 17.8885
 17.8885
 17.8885
 17.8885
 17.8885
 17.8885
 17.8885
 17.8885
 17.8885
 17.8885
 17.8885
 17.8885
 17.8885
 17.8885
 17.8885
 17.8885
 17.8885
 17.8885
 17.8885
 17.8885
