 21.6102
 0
 24.6982
 24.6982
 29.5973
 33.2866
 34.4529
 40.6817
 26.4197
 35.6511
 34.5977
 34.5977
 37.0945
 35.4119
 35.4119
 29.6816
 27.2764
 27.2764
 27.9464
 38.1051
 38.1051
 38.1051
 32.3883
 35.1283
 37.8682
 26.4764
 35.7911
 35.7911
 35.7911
 39.598
 28.7228
 44.4747
 40.7922
 32.6497
 39.281
 39.281
 35.2987
 35.2987
 32.6803
 32.6803
 32.6803
 38.4448
 31.3528
 31.3528
 31.3528
 31.3528
 26.9444
 26.9444
 26.9444
 26.9444
 39.8999
 45.0777
 45.0777
 45.0777
 0
 43.6578
 43.6578
 29.7321
 29.7321
 29.7321
 29.7321
 0
 43.3244
 42.0357
 42.0357
 42.0357
 42.0357
 29.9833
 38.8973
 35.4119
 35.4119
 35.4119
 28.0891
 28.0891
 39.0512
 43.852
 43.852
 38.3536
 29.6816
 50.7642
 41.2432
 41.2432
 42
 0
 34.3802
 34.2053
 39.064
 45.7275
 45.7275
 34.1906
 0
 36.5787
 34.7275
 38.0395
 38.0395
 0
 27.5862
 0
 38.9358
 36.6879
 38.8072
 34.8281
 34.8281
 33.7194
 42.1426
 40
 32.3883
 32.3883
 32.3883
 43.3128
 43.3128
 42.107
 0
 0
 0
 30.1662
 44.5197
 26.2107
 0
 45.8476
 53.563
 32.9242
 32.9242
 43.6578
 43.6578
 37.3229
 30.545
 0
 35.4824
 42.7785
 38.8716
 38.8716
 31.607
 52.8583
 52.8583
 40.2741
 40.2741
 0
 49.5076
 39.3319
 35.426
 37.9342
 0
 41.2432
 41.0122
 39.6989
 42.391
 42.391
 0
 40.05
 41.9404
 41.6173
 34.7275
 36.9594
 45.9239
 40.05
 40.05
 29.8496
 31.0644
 48.4458
 48.4458
 48.4458
 50.6261
 32.4346
 32.4346
 32.4346
 35.0286
 48.4974
 44.4972
 36.7015
 36.7015
 36.7015
 46.2385
 35.1852
 35.1852
 35.1852
 50.2494
 39.8748
 39.8748
 42.0476
 53.3667
 53.3667
 32.0468
 45.31
 45.31
 42.19
 35.6651
 53.6749
 43.4166
 44.1248
 0
 0
 41.1218
 46.076
 51.6236
 46.5081
 0
 0
 42.9069
 44.5533
 44.3396
 44.3396
 44.3396
 0
 43.6463
 47.2652
 40.8656
 42.3674
 42.3674
 0
 35.426
 37.9605
 40.8412
 46.5188
 46.5188
 46.5188
 33.9853
 42.6849
 36.565
 54.0925
 39.1535
 42.2847
 45.5741
 51.8266
 51.8266
 51.8266
 44.1135
 41.7732
 52.1632
 49.8096
 49.8096
 44.5421
 45.0777
 47.0319
 47.0213
 47.0213
 36.2767
 48.2597
 51.7011
 55.6058
 55.6058
 55.6058
 55.6058
 55.6058
 39.4588
 53.3948
 53.2353
 53.2353
 53.2353
 43.0116
 54.461
 57.1664
 53.6377
 53.6377
 53.6377
 53.6377
 45.1553
 53.9259
 53.7215
 57.1489
 57.1489
 57.1489
 57.1489
 51.8556
 52.2303
 56.3205
 51.1175
 51.1175
 51.1175
 51.1175
 44.5197
 42.6146
 50.5074
 43.8976
 43.8976
 43.8976
 0
 40.8656
 40.9268
 42.5676
 52.6213
 52.6213
 52.6213
 52.6213
 46.1736
 48.7955
 53.7029
 47.1805
 47.1805
 0
 0
 49.8197
 54.8817
 51.1468
 54.5161
 54.5161
 54.5161
 54.5161
 54.5161
 54.5161
 53.3479
 49.679
 54.2033
 54.5344
 54.5344
 54.5344
 54.5344
 43.4741
 56.8771
 57.1489
 60.0999
 60.0999
 60.0999
 60.0999
 56.4535
 41.9643
 59.7076
 58.2924
 58.2924
 58.2924
 58.2924
 61.8385
 60.6795
 59.4054
 48.1768
 48.1768
 60.2163
 58.0861
 48.5695
 61.8466
 56.2494
 60.3241
 56.7803
 57.2713
 48.8774
 47.1169
 57.931
 50.0799
 46.1086
 44.3621
 51.3615
 54.0925
 54.0925
 54.0925
 51.2933
 53.2165
 56.0268
 47.0425
 47.0425
 47.0425
 0
 0
 0
 0
 0
 43.8748
 55.4527
 53.3854
 57.3498
 58.3267
 50.2096
 56.356
 48.6107
 59.3549
 59.8916
 44.4747
 44.4747
 45.3652
 60.5392
 59.8999
 58.643
 58.643
 58.643
 58.643
 63.4823
 50.7642
 64.8306
 62.2093
 62.2093
 62.2093
 62.2093
 62.2093
 62.2093
 62.2093
 61.5711
 61.0328
 64.6452
 54.461
 54.461
 54.461
 54.461
 58.4637
 61.1474
 59.716
 66.4756
 66.4756
 66.4756
 66.4756
 52.1249
 49.5782
 57.5326
 67.1416
 47.7912
 47.7912
 62.9206
 59.9333
 54.8179
 55.6058
 53.0943
 64.5446
 64.5446
 64.5446
 64.5446
 56.8507
 55.8659
 64.8614
 48.7852
 58.9915
 60.7371
 57.3324
 59.3127
 60.7371
 51.0098
 62.2093
 60.8933
 63.8436
 59.4475
 47.927
 61.8223
 61.8223
 65.3682
 65.437
 63.2693
 54.0185
 54.0185
 54.0185
 62.434
 65.9773
 67.0448
 55.8659
 55.8659
 62.2495
 59.8916
 60.5558
 65.681
 65.681
 65.681
 65.681
 65.681
 62.8092
 49.558
 69.5485
 49.8799
 49.8799
 0
 45.2217
 46.0977
 72.111
 64.846
 64.846
 64.846
 54.7631
 56.4535
 66.8655
 65.9394
 65.9394
 65.9394
 58.4808
 64.3894
 59.0931
 72.4707
 50.5371
 62.1772
 58
 59.925
 59.925
 63.0555
 54.8908
 50.7247
 59.6909
 59.6909
 60.208
 46.1302
 61.709
 63.7417
 60.8276
 53.8981
 65.7115
 63.4508
 65.169
 64.7302
 56.8067
 65.2074
 61.9758
 62.6099
 64.2884
 69.1881
 65.7799
 64.7611
 53.0283
 61.1637
 47
 65.4217
 48.8467
 70.3633
 56.5155
 75.9013
 65.9469
 56.5509
 60.9754
 67.3276
 71.1407
 61.709
 63.2139
 62.2977
 64.5446
 63.8984
 55.1725
 52.4786
 62.6339
 57.9828
 55.0908
 50.3885
 61.3188
 64.591
 55.6866
 66.8431
 66.0606
 64.2806
 65.3146
 66.9776
 59.9667
 68.7386
 60.3407
 60.3904
 67.3869
 65.7951
 61.5305
 50.4381
 63.7652
 66.3023
 46.1194
 66.4981
 63.2297
 50.4282
 54.7723
 68.7386
 53.9073
 69.2676
 61.7576
 73.2188
 68.695
 61.7333
 61.887
 67.4611
 63.2851
 69.9857
 56.2939
 61.5873
 64.3584
 66.1513
 46.9681
 55.9285
 65.8939
 64.2962
 57.8965
 52.9906
 65.8331
 65.9697
 60.9016
 63.5767
 66.3626
 66.7083
 65.4523
 64.3817
 61.131
 68.2056
 63.4902
 62.1611
 66.3551
 55.7405
 51.3323
 65.9924
 49.0918
 68.1909
 53.9444
 57.376
 69.5557
 66.2873
 60.8523
 66.2873
 69.814
 60.0083
 71.1969
 63.0397
 64.1639
 63.8357
 56.4712
 71.2601
 63.2535
 65.123
 49.0102
 68.9348
 63.0635
 64.9461
 53.301
 58.9746
 61.041
 67.1193
 65.8331
 67.624
 60.0167
 53.9166
 58.4893
 63.7338
 66.4078
 62.6339
 52.3259
 68.6586
 63.1585
 62.8411
 48.775
 68.8404
 63.4114
 50.5074
 55.1996
 66.2495
 52.2303
 66.0076
 60.8358
 69.7854
 68.9928
 60.959
 67.6831
 71.4633
 63.5216
 62.8331
 64.039
 72.2288
 65.437
 58.0172
 51.2933
 65.6658
 69.1809
 65.9394
 67.0298
 51.5752
 67.5722
 64.0781
 59.1101
 61.79
 65.3376
 66.9328
 61.0082
 61.9112
 62.546
 69.7854
 63.0635
 64.6761
 55
 56.2939
 46.6262
 54.7449
 64.9769
 64.9769
 55
 64.846
 53.301
 59.127
 60.0333
 67.3053
 60
 70.1997
 63.8122
 62.9762
 66.4605
 66
 64.3661
 54.7905
 64.8922
 52.7067
 67.082
 65.1537
 56.5951
 68.7677
 66.9776
 62.546
 71.1477
 65.4752
 65.4752
 68
 63.7887
 59.975
 57.5152
 52.1632
 65.1076
 56
 53.479
 66.7757
 62.57
 67.8896
 57.5847
 63.5138
 63.5925
 69.6419
 64.0781
 64.7611
 65.1306
 56.4801
 62.6578
 64.3273
 53.8795
 66.2269
 66.2646
 56.285
 69.5629
 64.6065
 64.6065
 61.9112
 63.9296
 69.2965
 60.1332
 66.2797
 65.2227
 53.535
 60.1747
 65.8863
 51.7687
 55.2721
 63.8122
 54.4518
 61.7414
 67.8675
 63.4429
 65.3299
 70.7602
 63.7652
 70.2353
 68.8477
 63.435
 65.9773
 63.2851
 66.2571
 52.7257
 68.5857
 53.7122
 66.0757
 71.225
 60.1082
 66.3174
 68.4982
 70.406
 62.546
 62.6498
 61.3433
 55.2811
 68.469
 54.9909
 66.7533
 53.1319
 51.8363
 67.0895
 60.3821
 60.3821
 58.2924
 69.5557
 64.304
 64.5213
 71.6519
 65.5286
 66.1135
 62.3699
 66.6483
 66.6483
 60.9836
 68.6804
 67.3276
 56.6657
 66.9179
 68.5565
 59.8415
 64.7765
 67.3053
 67.3053
 63.4508
 69.7567
 63.9296
 63.5216
 56.7362
 65.3146
 65.3146
 59.0847
 70.1712
 51.4587
 51.3128
 66.0152
 58
 56.0714
 69.1665
 60.0167
 63.435
 61.9355
 71.8401
 63.6396
 63.6396
 65.8863
 62.9603
 67.3721
 67.0522
 71.6868
 58.3695
 58.3695
 56.4447
 68.8331
 69.6778
 61.4329
 64.3817
 64.3817
 58.3438
 70.9084
 65.2993
 63.6082
 50.8822
 50.8822
 56.6657
 56.6657
 56.285
 61.6198
 61.0655
 74.5922
 60.8605
 59.3549
 59.3549
 59.3549
 62.8331
 62.8331
 62.8331
 62.8331
 62.8331
 62.8331
 67.7938
 67.6683
 70.3918
 60.7701
 69.2387
 53.5817
 72.6017
 76.184
 57.55
 67.2384
 67.2384
 64.923
 56.8155
 71.239
 71.239
 71.239
 71.239
 71.239
 64.5678
 63.8201
 71.0915
 71.0915
 55.1181
 55.1181
 66.873
 66.873
 66.873
 59.1523
 63.0555
 69.8355
 69.8355
 63.5925
 67.0746
 67.0746
 67.0746
 70.4202
 66.0606
 60.075
 60.075
 69.0217
 69.0217
 69.0217
 70.9859
 58.258
 58.258
 58.258
 55.2901
 55.2901
 55.2901
 63.4902
 51.7011
 69.9071
 96.8917
 57.6541
 48.9285
 48.9285
 58.2666
 58.2666
 58.2666
 61.4085
 61.4085
 63.2851
 66.5132
 66.5132
 66.5132
 67.3127
 68.5055
 37.8418
 71.2952
 68.8985
 68.8985
 62.7216
 59.4306
 72.7186
 52.8488
 52.8488
 49.5681
 60.8441
 60.8441
 71.5612
 54.7175
 54.7175
 50.4975
 60.8605
 60.8605
 63.7338
 65.7343
 65.7343
 65.7343
 61.3922
 61.3922
 61.3922
 61.3922
 61.3922
 61.3922
 61.3922
 61.3922
 61.3922
 56.0625
 56.0625
 56.0625
 56.0625
 61.1555
 61.1555
 61.1555
 61.1555
 42.4028
 42.4028
 55.7763
 55.7763
 39.6737
 39.6737
 39.6737
 39.6737
 39.6737
 39.6737
 59.7076
 59.7076
 59.7076
 59.7076
 59.7076
 59.7076
 59.7076
 51.7107
 51.7107
 51.7107
 51.7107
 51.7107
 51.7107
 51.7107
 51.7107
 51.7107
 51.7107
 51.7107
 51.7107
 51.7107
 51.7107
 51.7107
 51.7107
 51.7107
 51.7107
 51.7107
 51.7107
 51.7107
 51.7107
 51.7107
