 307.316
 0
 11.5326
 11.5326
 19.7231
 18.7883
 17.3494
 24.4336
 16.7033
 16
 17.3781
 17.3781
 20.2978
 17.2916
 17.2916
 23.5372
 21.8403
 21.8403
 22.561
 17.8045
 17.8045
 17.8045
 20.8327
 19.4679
 20.347
 10.4403
 18.303
 18.303
 18.303
 18.1934
 21.6564
 25.0599
 19.3907
 21.4243
 19.6214
 19.6214
 14.1421
 14.1421
 17.2627
 17.2627
 17.2627
 20.025
 20.2731
 20.2731
 20.2731
 20.2731
 18.7617
 18.7617
 18.7617
 18.7617
 17.2047
 23.6643
 23.6643
 0
 0
 20.8567
 20.8567
 16.8226
 16.8226
 16.8226
 0
 0
 20.9523
 22.7596
 22.7596
 22.7596
 22.7596
 11.5758
 17.8885
 20.2731
 20.2731
 20.2731
 22.561
 22.561
 19.4936
 24.5153
 24.5153
 23.8747
 21.3542
 26.533
 17.8885
 17.8885
 0
 45.7602
 20.8567
 27.1846
 20.2485
 27.6586
 27.6586
 0
 37.9605
 19.3907
 23.622
 19.0263
 19.0263
 19.0263
 0
 31
 20.8806
 20.2978
 17.8606
 21.8174
 21.8174
 23.7065
 23.3238
 18.2209
 19.0263
 19.0263
 19.0263
 23.3666
 23.3666
 22.2036
 22.2036
 22.2036
 22.2036
 21.166
 23.4307
 14.7648
 14.7648
 23.3238
 28.6356
 16.0624
 16.0624
 25.865
 25.865
 17.8885
 9.59166
 9.59166
 25.318
 21.8861
 16.3095
 16.3095
 21.9545
 28.0535
 28.0535
 19.8242
 0
 0
 28.3196
 16.3401
 20.8567
 19.6469
 19.6469
 20.2978
 20.2978
 26.4197
 16.6733
 0
 0
 22.2036
 17.8885
 21.8174
 27.1662
 20.6398
 25.318
 25.632
 25.632
 20.2485
 24.5561
 24.8797
 24.8797
 24.8797
 25.6515
 22.5167
 22.5167
 22.5167
 18.2209
 26.0384
 23.4521
 19.8494
 19.8494
 19.8494
 26.2679
 17.3494
 17.3494
 17.3494
 22.8035
 26.8514
 26.8514
 18.8944
 26.6271
 26.6271
 25.5539
 22.9129
 22.9129
 15.9687
 22.383
 28.3373
 19.5704
 18.6548
 0
 0
 21.1424
 22.4277
 28.2135
 20.8327
 0
 0
 22.9783
 28.8964
 19.3132
 19.3132
 0
 0
 27.7489
 25.2982
 29.8161
 21.3542
 21.3542
 0
 25.923
 32.0936
 28.2312
 24.1868
 24.1868
 0
 24.3516
 22.6274
 27.9821
 28.3019
 19.9499
 23.4094
 22.5832
 25.0599
 0
 0
 23.8956
 21.7025
 29.8664
 26.9815
 26.9815
 28.8617
 23.5797
 26.5707
 25.2785
 25.2785
 27.9821
 24.2074
 26.7582
 26.1151
 0
 0
 0
 0
 26.6083
 26.6458
 28.5657
 28.6182
 28.6182
 23.8328
 28.7228
 28.6705
 30.6757
 30.6757
 0
 0
 26.4197
 31.305
 29.1548
 29.6985
 29.6985
 0
 0
 33.5708
 30.1828
 34.6266
 27.6406
 27.6406
 0
 0
 35
 32.45
 27.9106
 29.6816
 29.6816
 0
 0
 27.8029
 30.7083
 29.5127
 28.4077
 0
 0
 0
 27.074
 31.3847
 26.0768
 27.8568
 0
 0
 0
 26.9258
 27.7669
 29.5635
 33.8969
 33.8969
 0
 0
 0
 0
 33.9264
 31.8277
 31.607
 28.7228
 0
 0
 0
 32.249
 33.9411
 34.1174
 34.7994
 0
 0
 0
 34.2199
 29.0861
 34.7994
 35.1283
 0
 0
 0
 35.6791
 32.0468
 34.7851
 27.1846
 0
 32.0468
 33.9559
 26.9815
 34.2491
 31.289
 35.426
 36.3043
 35.2562
 34.7851
 37.8286
 36.3043
 28.688
 33.0454
 36.565
 36.5513
 29.1548
 0
 0
 36.4966
 34.7707
 30.249
 34.7851
 34.7851
 0
 0
 34.7994
 35.6371
 30.8058
 33.0908
 31.7805
 36.4966
 32.249
 34.8425
 34.0441
 30.8869
 33.0908
 34.7994
 34.7994
 34.8712
 28.3725
 0
 32.7719
 35.7071
 34.7563
 34.0147
 34.0147
 0
 0
 34.6121
 33.4066
 37.3229
 36.5103
 36.5103
 0
 0
 0
 0
 0
 33.5708
 36.318
 38.2753
 32.9697
 32.9697
 0
 0
 36.7831
 34.7707
 39
 36.7015
 36.7015
 0
 0
 39.7492
 36.4966
 33.8821
 37.9078
 39.1152
 34.7419
 41.3642
 35.9026
 40.1373
 34.7707
 38.5876
 35.9722
 0
 0
 0
 35.623
 36.4829
 36.4966
 38.2099
 37.1349
 39.1024
 39.95
 37.3631
 37.4833
 38.0263
 34.8281
 38.1969
 39.1535
 34.9428
 38.5876
 36.7831
 36.7831
 39.6737
 39.1024
 36.8646
 36.4966
 0
 0
 38.3667
 36.2905
 38.2099
 33.9411
 33.9411
 37.4299
 36.1801
 39.8497
 37.4032
 0
 0
 0
 0
 35.6651
 40.5586
 40.8901
 35.9444
 35.9444
 35.9444
 34.8138
 39.2683
 42.1426
 36.5924
 36.5924
 36.5924
 40.0125
 35.6371
 42.1663
 36.7287
 36.7287
 0
 34.8138
 36.6742
 38.2361
 47.244
 40.9634
 40.8044
 38.1314
 37.4299
 37.4299
 39.3319
 38.2753
 40.5093
 36.5787
 0
 35.5949
 37.8946
 35.6931
 38.2884
 34.9285
 38.2361
 39.6106
 40.3856
 36.0278
 39.0128
 35.609
 39.1535
 41.2795
 38.2623
 36.8646
 38.3145
 39.2428
 38.2623
 42.1545
 40.0375
 37.4166
 38.3797
 40.939
 41.7493
 37.4433
 44.6094
 38.4578
 40.8044
 37.3765
 40.025
 42.6263
 39.9249
 41.3401
 39.9875
 41.8569
 38.2492
 39.9625
 40.5463
 39.1152
 34.8138
 39.9625
 40.3856
 35.6791
 39.95
 37.5766
 37.7359
 40.8412
 38.2492
 39.8372
 42.6497
 36.4417
 37.1618
 41.4488
 38.2099
 40.1248
 35.9722
 37.3765
 42.1545
 41.0244
 39.3319
 39.3954
 39.9625
 37.3363
 40.1123
 40.9756
 40.2865
 39.128
 41.6653
 39.9875
 42.2019
 40.6817
 38.2099
 39.1535
 40.7063
 40.8044
 42.107
 40.398
 37.51
 40.0375
 42.7083
 37.7359
 41.7013
 40.7554
 36.5377
 42.5676
 39.1152
 38.5876
 39.5601
 39.9625
 37.6298
 40.694
 38.3667
 39.975
 38.2884
 41.2916
 36.4966
 40.8534
 39.4842
 40.3113
 40.939
 40.0375
 38.2361
 40.9023
 39.1535
 39.1535
 40.8534
 41.0366
 39.1408
 34.7851
 37.6298
 39.1152
 36.5513
 40.9878
 36.5377
 38.8844
 39.0896
 39.4968
 41.7133
 37.3765
 39.0896
 40.8534
 43.852
 35.6511
 36.565
 39.9249
 40.9634
 35.819
 37.855
 39.7492
 37.1349
 36.565
 39.1791
 38.8973
 42.5911
 37.1483
 37.4299
 43.852
 41.2916
 37.3898
 37.1753
 41.7971
 42.0238
 35.623
 38.4968
 42.6615
 36.8103
 39.9375
 41.7493
 37.3497
 42.0357
 39.5727
 39.9875
 39.8372
 41.7493
 41.7373
 40.7922
 40.8044
 42.0119
 39.9875
 41.4126
 42.2611
 38.2753
 39.975
 36.7423
 36.5513
 40.939
 37.8682
 37.7227
 39.2173
 39.95
 38.223
 40.2368
 40.0749
 40.7185
 39.9875
 37.3765
 40.0625
 40.8534
 43.8406
 36.6333
 41.0122
 40.5586
 40.05
 40.05
 43.6234
 40.0999
 39.128
 38.3275
 38.2361
 39.3954
 36.5103
 40.5709
 39.1791
 41.4005
 41.1339
 39.2556
 38.4838
 42
 38.3145
 41.7493
 37.8946
 39.1918
 39.128
 39.0768
 39.6989
 39.95
 36.8103
 42.7902
 0
 39.8623
 40.7922
 42.8952
 40.4351
 40.1248
 39.0768
 42.5793
 39.95
 39.0512
 40.7676
 40.1995
 37.3765
 40.8656
 37.4299
 38.7556
 40.4599
 41.0853
 39.975
 42.2374
 37.9737
 39.1408
 41.9524
 37.8946
 36.7831
 40.8534
 41.2795
 36.3593
 0
 40.0125
 40.0375
 37.7492
 44.1248
 37.3765
 40.1373
 41.7612
 39.0256
 39.1024
 41.3038
 40.8656
 38.3275
 41.1461
 41.8091
 39.95
 39.4588
 41.9524
 40.025
 40.3113
 40.3856
 41.6893
 43.0116
 40.8901
 36.8782
 39.3192
 42.6732
 40.3113
 40.1871
 38.833
 41.7612
 40.9268
 43
 39.4208
 40.1373
 43.2782
 38.2623
 39.064
 41.7971
 41.7013
 41.5692
 39.9625
 41.7013
 38.6911
 40.0125
 41.7852
 41.7852
 36.9053
 40.2119
 40.2244
 38.704
 41.4126
 42.5558
 43.6348
 38.1576
 41.7253
 41.7253
 43.4511
 40
 40.4104
 42.5793
 37.855
 40.9512
 40.8534
 41.1096
 39.0384
 0
 44.9778
 39.281
 43.4626
 42.6028
 45.3542
 39.2683
 0
 42.7551
 41.7013
 40.025
 39.6989
 40.3113
 39.9875
 37.8814
 41.0122
 39.5601
 37.7227
 41.0853
 40.9756
 40.0375
 40.0375
 41.9404
 44.699
 40.5093
 40.3237
 41.4126
 42.6497
 42.6497
 42.1189
 40.8901
 40.4599
 41.9166
 44.8776
 44.8776
 43.1277
 40.3856
 40.0125
 43.4626
 41.1947
 41.1947
 42.5558
 40.0125
 42.2611
 40.9023
 42.2493
 41.7373
 38.704
 41.4729
 41.4729
 41.4729
 36.3043
 36.3043
 36.3043
 0
 0
 0
 46.4866
 40.2741
 40.0749
 43.8976
 40.6694
 41.8688
 42.8952
 42.3792
 43
 45.3321
 45.3321
 45.4753
 43.4511
 41.497
 41.497
 41.497
 41.497
 41.497
 45.9674
 41.7133
 42.6028
 42.6028
 36.5377
 36.5377
 42.9651
 42.9651
 0
 37.7359
 41.4005
 42.6263
 0
 41.1947
 41.7852
 41.7852
 41.7852
 45.7384
 41.1825
 39.1535
 39.1535
 39.3192
 39.3192
 39.3192
 37.6696
 41.4729
 41.4729
 41.4729
 42.3792
 42.3792
 42.3792
 40.8656
 42.4028
 47.8644
 36.756
 42.1663
 35.171
 35.171
 41.509
 41.509
 41.509
 42.2966
 42.2966
 39.7492
 42.5676
 42.5676
 42.5676
 41.4608
 41.2068
 28.6531
 39.7366
 42.332
 22.1811
 45.5192
 44.2945
 40.4846
 40.2119
 40.2119
 40.6817
 40.4104
 40.4104
 45.607
 42.3202
 42.3202
 39.3065
 43.9431
 26.1916
 40.9634
 42.8952
 42.8952
 42.8952
 37.7757
 32.8329
 32.8329
 32.8329
 32.8329
 32.8329
 32.8329
 32.8329
 32.8329
 30
 30
 30
 30
 42.391
 42.391
 37.9737
 37.9737
 37.4566
 37.4566
 37.4166
 35
 31.0966
 31.0966
 31.0966
 31.0966
 31.0966
 31.0966
 39.9124
 39.9124
 39.9124
 32.311
 0
 0
 0
 46.8722
 46.8722
 46.8722
 46.8722
 46.8722
 46.8722
 46.8722
 46.8722
 46.8722
 46.8722
 46.8722
 46.8722
 46.8722
 46.8722
 46.8722
 46.8722
 46.8722
 46.8722
 46.8722
 46.8722
 46.8722
 46.8722
 46.8722
