 2.44949
 0
 3
 3
 10.3923
 7.81025
 7.07107
 7.87401
 6.9282
 5.47723
 6.9282
 6.9282
 6.9282
 5.74456
 5.74456
 6.08276
 3
 3
 5.19615
 8.66025
 8.66025
 8.66025
 6.85565
 4.47214
 9.64365
 7.34847
 6.08276
 6.08276
 6.08276
 6.08276
 6.55744
 12.49
 6.08276
 6
 6.9282
 6.9282
 9.84886
 9.84886
 8.18535
 8.18535
 8.18535
 6.55744
 7.74597
 7.74597
 7.74597
 7.74597
 4.3589
 4.3589
 4.3589
 4.3589
 8.42615
 6.7082
 6.7082
 0
 0
 8.7178
 8.7178
 5.09902
 5.09902
 5.09902
 0
 0
 7.68115
 8.12404
 8.12404
 8.12404
 8.12404
 6.08276
 7.74597
 8.60233
 8.60233
 8.60233
 7.93725
 7.93725
 6.9282
 8.60233
 8.60233
 7.4162
 6.55744
 12.4499
 11.2694
 11.2694
 0
 0
 5.74456
 6.63325
 7.81025
 12.7279
 12.7279
 0
 0
 4.24264
 4.58258
 7.81025
 7.81025
 7.81025
 0
 0
 6.48074
 7.74597
 6.08276
 5.19615
 5.19615
 6.08276
 7.28011
 7
 6.16441
 6.16441
 6.16441
 6.9282
 6.9282
 6.63325
 6.63325
 6.63325
 6.63325
 4.47214
 7
 1.73205
 1.73205
 9
 9.21954
 3.4641
 3.4641
 10.9545
 10.9545
 6.9282
 5.47723
 5.47723
 7.34847
 7.93725
 8.66025
 8.66025
 3
 9.16515
 9.16515
 6.85565
 0
 0
 9.16515
 5.74456
 6
 7.93725
 0
 3.4641
 9.59166
 6.16441
 6.9282
 0
 0
 8.60233
 8.83176
 3.4641
 6.63325
 5.74456
 5.74456
 6.08276
 6.08276
 3.60555
 5.19615
 8.88819
 8.88819
 8.88819
 8.88819
 2.44949
 2.44949
 2.44949
 0
 9.8995
 6.245
 5.19615
 5.19615
 3.4641
 8.88819
 2.82843
 2.82843
 2.82843
 10.3923
 8.18535
 8.18535
 6.85565
 8.18535
 8.18535
 6.9282
 7.81025
 7.81025
 7.07107
 6.32456
 9.64365
 8.77496
 6.32456
 6.32456
 6.32456
 5.19615
 11.225
 7.87401
 7.81025
 7.81025
 7.81025
 6.16441
 7.93725
 6.9282
 11.0905
 0
 0
 8.12404
 6
 6
 6.245
 6.245
 6.245
 4.89898
 9.32738
 4.79583
 6.16441
 6.16441
 0
 2.44949
 3.74166
 4.24264
 8.544
 1.73205
 6.32456
 4.3589
 8.88819
 0
 0
 5.74456
 3.4641
 9.84886
 5.47723
 5.47723
 8
 5.74456
 7.34847
 6.245
 6.245
 9.11043
 6.245
 6.9282
 7.81025
 0
 0
 0
 0
 6.78233
 8.66025
 9.32738
 7.48331
 7.48331
 6.16441
 10.0499
 7.4162
 10.5357
 10.5357
 0
 0
 8
 11
 10.0499
 8.66025
 8.66025
 0
 0
 11.0905
 9.27362
 9.79796
 8.66025
 8.66025
 0
 0
 11.2694
 6.9282
 6.7082
 8.88819
 8.88819
 0
 0
 3.74166
 8.66025
 8.12404
 9.32738
 0
 0
 0
 6
 9.32738
 8.83176
 6.78233
 0
 0
 0
 5.38516
 9.59166
 8.12404
 10.3923
 10.3923
 10.3923
 0
 0
 0
 13.1909
 10.1489
 10.583
 5.47723
 0
 0
 0
 9.84886
 9.38083
 10.583
 11.8322
 0
 0
 0
 9.79796
 8.42615
 8.88819
 9.8995
 0
 0
 0
 11.2694
 10.3923
 11
 8.60233
 0
 9.79796
 11.0454
 8.66025
 9.16515
 10.3923
 9.79796
 11.0905
 11.7047
 7.87401
 10.8167
 11
 9.16515
 9.32738
 10.583
 9.05539
 9.84886
 0
 0
 10.8628
 9.38083
 11.3137
 8.12404
 8.12404
 0
 0
 9.84886
 12.0416
 13.1909
 7.4162
 10.0499
 12.7279
 11.6189
 10.6301
 7.34847
 5.83095
 8.66025
 12.9615
 11.3137
 11.7898
 4.69042
 0
 11.0905
 11.7473
 10.5357
 10.583
 10.583
 0
 0
 11.7898
 11.0905
 14.4222
 11.7473
 11.7473
 0
 0
 0
 0
 0
 10.4403
 12.3288
 10.8628
 11.7047
 11.7047
 0
 0
 11.3137
 12.0416
 12.9615
 10.3923
 10.3923
 0
 0
 12.8062
 10.4403
 11.5758
 11.3137
 12.3693
 10
 14.7309
 12
 13.1529
 8.18535
 11.6619
 12.49
 0
 0
 0
 9.8995
 13.1909
 14.4222
 10.4403
 15.1658
 13.5277
 10.5357
 12.0416
 12.0416
 14.3875
 9.38083
 11.2694
 12.4499
 9.8995
 13.2288
 11.7898
 11.7898
 13.7113
 13.5277
 11.7473
 11.9583
 0
 0
 13.5277
 12.8841
 14.2829
 10.8628
 0
 13.3791
 11.3137
 14.1774
 10.8628
 0
 0
 0
 0
 11.5758
 12.49
 12.53
 11.3137
 11.3137
 0
 9.8995
 12.083
 13.0384
 11.6619
 11.6619
 0
 13.5277
 10.5357
 13.2665
 12.4499
 12.4499
 0
 10.3923
 14.7309
 12.8841
 15.1658
 10.5357
 13.4907
 14.8997
 11.8322
 11.8322
 13.9642
 9.32738
 13.9284
 10.8628
 0
 10.583
 12.49
 8.544
 12.0416
 8.18535
 11.7473
 14
 8.60233
 9.94987
 14.2127
 13.6382
 13.5647
 15.5563
 13.2288
 11.1355
 12.8841
 10.0995
 13.6015
 13.9642
 11
 9.11043
 13.1909
 14.3527
 12.4499
 10.1489
 14
 13.8924
 12.0416
 11.2694
 15.3948
 14.3527
 12.5698
 14.7309
 13.5647
 13.5647
 12.4499
 9.69536
 13.9642
 13.5647
 10.8628
 10.0499
 14.8661
 9.8995
 12.49
 10.1489
 12.8841
 10.8628
 10.4881
 15.4272
 10.4881
 13.1909
 11.3137
 14
 12.083
 13.4164
 10.6301
 12.083
 13.9642
 14.3178
 12.6095
 12.0416
 13.4907
 10.4881
 12.8062
 14.2478
 13.9642
 11.2694
 11.3137
 12.3693
 12.3693
 14.9332
 8.88819
 12.49
 15.5563
 13.7113
 14
 13.9642
 13.9284
 13.5647
 16.2481
 11.7473
 12.083
 13.2288
 12.0416
 10.4403
 12.0416
 10.8628
 13.9642
 13.9642
 9
 14.8997
 11.0454
 12.8452
 10.5357
 14
 11.6619
 13.7477
 12.4097
 10.7238
 12.8062
 9.32738
 13.1529
 11.8322
 10.8628
 10.1489
 11.6619
 12.3693
 12
 7.74597
 12.49
 10.8628
 10.5357
 13.6748
 11.0905
 13.7113
 12.1244
 15.1327
 16.5227
 13.9642
 12.8062
 12.0416
 14
 8.24621
 9.38083
 11.2694
 12.4097
 9.38083
 11.8322
 13.0384
 11.0905
 10.583
 9.84886
 12.2882
 12.8452
 12.2882
 11.2694
 13.2288
 11.8322
 12.0416
 13.1909
 10.5357
 13.4536
 8.88819
 11.6619
 12.083
 10.6301
 10.4403
 14
 8.88819
 13.0384
 13.2288
 11.8322
 13
 13.1909
 13.7113
 12
 14.6629
 14.3875
 12.8841
 13.9642
 15.0997
 11.6189
 13
 12.0416
 11.6619
 14
 11.7898
 10.4403
 13.7477
 13.9284
 12.3693
 11.0905
 13.5277
 12.3693
 13.1909
 12.8841
 14.4222
 15.0997
 12.53
 11.6189
 11.7898
 13.9284
 12.9228
 12.9228
 12.083
 12.2474
 12.7279
 12
 11.2694
 12.7671
 8.88819
 15.1327
 12.083
 15.1658
 14.7309
 12.8062
 13.2288
 13.5647
 12.49
 13.5647
 11.8322
 12.49
 12.8062
 13.3041
 11.7898
 13.1909
 13.4907
 14.7309
 0
 14.3527
 13.9642
 14
 13.9284
 11.2694
 13.5277
 14.3178
 12.8062
 13.1909
 14.2478
 11.3137
 10.5357
 13.6748
 11.7047
 13.5647
 15.1658
 12.3288
 14.3178
 15.0997
 13.4536
 13.2665
 13.2288
 11.7898
 11.6619
 13.1529
 15.4272
 11.0454
 11.0454
 12.4097
 14.1421
 11.0905
 13
 11.0905
 12.8452
 12.7671
 13
 12.8062
 11.3578
 13.9284
 12.0416
 12.49
 13.4907
 13.9284
 11.6619
 14.3875
 12.7671
 12.2474
 15.1327
 14.7648
 15.4596
 14.7648
 12.3288
 12.53
 14
 13
 13.1909
 12.9615
 14.7986
 12
 16
 12.8452
 14.7309
 14.4222
 12.49
 14.1067
 10.4881
 13.2665
 13
 13.9284
 12.083
 11.0454
 9.74679
 14
 14
 11.0454
 11.7898
 14
 11.6619
 16.6132
 13.5647
 15.906
 15.9374
 13.3041
 13.3041
 15.1658
 12.9615
 12.3288
 14.3178
 11
 13.0384
 12
 16.0935
 11.7047
 11.7047
 17.3205
 14.8661
 12.083
 15.5242
 14.4222
 14.7648
 0
 15.5885
 14.7309
 11.3578
 12.3288
 12.4097
 11.6619
 11.6189
 12.6095
 14.2127
 10.4403
 16.3401
 14.6629
 14.4222
 14.4222
 13.0384
 16.2788
 17.1464
 14.9332
 15.5563
 14.3527
 14.3527
 13.9642
 14.4914
 16
 13.9642
 16.6733
 16.6733
 14.7309
 14.1421
 13.5647
 16.6433
 13.2288
 13.2288
 15.9374
 14
 14.6969
 11.7473
 15.4919
 13.6015
 12.2882
 17.2627
 17.2627
 17.2627
 14.7648
 14.7648
 14.7648
 14.7648
 0
 0
 15.5563
 14.8661
 13.5277
 14.3527
 14.6629
 13.4907
 16.1555
 15.4596
 14.3178
 19.0788
 19.0788
 14.0357
 15.3297
 14.4222
 14.4222
 14.4222
 14.4222
 14.4222
 15.1327
 15.0997
 15.4919
 15.4919
 13.1909
 13.1909
 16.2481
 16.2481
 0
 11.7473
 15.1987
 13.9642
 0
 16.7929
 15.1987
 15.1987
 15.1987
 13.9642
 13.5647
 10.7703
 10.7703
 13.4907
 13.4907
 13.4907
 14.0712
 12.49
 12.49
 12.49
 16.5529
 16.5529
 16.5529
 12.8452
 14.7648
 18.6279
 15.1327
 17.2047
 11.2694
 11.2694
 14.4568
 14.4568
 14.4568
 18.3576
 18.3576
 18.303
 17.3781
 17.3781
 17.3781
 15.9374
 15.9374
 9.38083
 18.2757
 18.5203
 20.2237
 18.412
 15.3623
 17.4356
 13.6748
 13.6748
 14.1774
 14.8997
 14.8997
 15.5563
 15.5885
 15.5885
 14.1067
 17.8045
 8
 15.2971
 18.4391
 18.4391
 18.4391
 15.1658
 16.8226
 16.8226
 16.8226
 16.8226
 16.8226
 16.8226
 16.8226
 16.8226
 14
 14
 14
 14
 15.3623
 15.3623
 9.21954
 9.21954
 14.8997
 8.18535
 17.8326
 13.5277
 10.4403
 10.4403
 10.4403
 10.4403
 10.4403
 16.7929
 19.4422
 19.4422
 19.4422
 15.7162
 15.7162
 15.7162
 15.7162
 20.0499
 20.0499
 20.0499
 20.0499
 20.0499
 20.0499
 20.0499
 20.0499
 20.0499
 20.0499
 20.0499
 20.0499
 20.0499
 20.0499
 20.0499
 20.0499
 20.0499
 20.0499
 20.0499
 20.0499
 20.0499
 20.0499
 20.0499
