 28.0179
 0
 24.6982
 24.6982
 22.6716
 17.4642
 17.4642
 19.4679
 28.4429
 24.8596
 23.3238
 23.3238
 32.249
 17.5499
 17.5499
 10.3923
 31.0644
 31.0644
 28.688
 26.3059
 26.3059
 26.3059
 23.4307
 22.7596
 33.9706
 22.1133
 29.2233
 29.2233
 29.2233
 18.6011
 27.074
 28.2489
 14.7309
 28.4253
 14.7309
 14.7309
 17.7482
 17.7482
 25.0599
 25.0599
 25.0599
 10.5357
 29.4788
 29.4788
 0
 0
 31.6544
 31.6544
 31.6544
 31.6544
 16.3095
 16.6733
 16.6733
 0
 0
 24.0832
 24.0832
 31.8434
 31.8434
 31.8434
 0
 0
 24.8395
 31.289
 31.289
 31.289
 0
 21.4942
 33.541
 33.2716
 33.2716
 33.2716
 32.1714
 32.1714
 19.8746
 38.2492
 38.2492
 27.9643
 33.5559
 25.5147
 31.5436
 31.5436
 0
 0
 32.2645
 40.1248
 20.5426
 27.9643
 0
 0
 0
 26.533
 35.0143
 30.315
 30.315
 30.315
 0
 0
 12.8452
 29.5466
 29.6985
 21.4709
 21.4709
 35.2278
 31.0161
 3
 41.0974
 0
 0
 9.79796
 9.79796
 29.7489
 0
 0
 0
 33.0606
 24.1661
 28.4605
 0
 32.665
 25.3772
 30.5123
 30.5123
 40.1373
 40.1373
 29.1719
 22.8254
 0
 36.1525
 26.4008
 19.0788
 19.0788
 29.8831
 17.8326
 17.8326
 18.2483
 0
 0
 45.4753
 11.7473
 33.8821
 21.9545
 0
 30.8383
 26.1725
 31
 23.3452
 0
 0
 37.7094
 32.1714
 24.0208
 30.5287
 38.4708
 17.2916
 42.0833
 42.0833
 32.2025
 35.2278
 11.6189
 11.6189
 11.6189
 19.6469
 35.1568
 35.1568
 35.1568
 28.9137
 35.1994
 23.2594
 36.9865
 36.9865
 36.9865
 38.2492
 25.1794
 25.1794
 25.1794
 19.0788
 38.4057
 38.4057
 21.7025
 15.9374
 15.9374
 33.121
 18.4932
 18.4932
 19.6469
 35.2136
 34.2053
 12.083
 12.9228
 0
 0
 30.348
 26.8328
 45.4643
 24.1039
 0
 0
 27.6948
 47.0319
 30.6757
 30.6757
 0
 0
 45.2438
 19.3907
 38.6911
 40.1995
 0
 0
 33.9411
 41.8091
 35.2846
 12.0416
 0
 0
 32.3265
 30.3974
 35.7631
 19.1311
 30.1993
 38.4057
 30.8058
 29.2062
 0
 0
 30.7571
 28.3549
 37.3898
 24.9199
 0
 42.0714
 26.8142
 36.2905
 15.9374
 0
 34.9571
 24.5357
 21.1424
 11.6189
 0
 0
 0
 0
 34.1321
 25.5539
 11.7047
 13.9642
 13.9642
 34.9571
 27.0185
 33.8526
 20.8806
 20.8806
 0
 0
 30.1662
 37.3497
 40.0125
 47.7179
 0
 0
 0
 44.4185
 43.6807
 50.5767
 21.8174
 0
 0
 0
 0
 44.3058
 12.8452
 39.7618
 0
 0
 0
 35.8329
 45.8803
 37.8021
 15.6205
 0
 0
 0
 33.8821
 40.4104
 25.9037
 35.0286
 0
 0
 0
 31.5753
 35.1426
 33.5112
 30.9193
 0
 0
 0
 0
 0
 45.1553
 45.8694
 31.6228
 28.0357
 0
 0
 0
 42.8019
 31.5753
 20.5913
 29.9165
 0
 0
 0
 15.0997
 40.939
 14.3178
 10.5357
 0
 0
 0
 18.1108
 28.0179
 21.2132
 38.6005
 0
 39.5474
 41.9643
 31.3847
 29.5127
 28.8617
 36.3868
 43.1972
 46.1411
 40.6202
 35.2136
 52.3355
 12.3288
 40.8412
 46.594
 42.8252
 12.3288
 0
 0
 39.6611
 39.2938
 23.6432
 37.3631
 37.3631
 0
 0
 37.6298
 37.55
 39.3446
 34.7563
 14.4914
 45.607
 44.3734
 31.8904
 35.9444
 14.8661
 31.5278
 46.6905
 27.8209
 37.3229
 10.6301
 0
 40.8167
 11.2694
 20.025
 16.7929
 0
 0
 0
 28.775
 43.9545
 19.0263
 13
 13
 13
 0
 0
 0
 0
 42.4617
 35.6791
 21.1896
 37.51
 37.51
 0
 0
 48.5695
 32.249
 47.4658
 33.3916
 0
 0
 0
 41.6413
 45.5741
 16.6433
 39.3573
 43.4281
 41
 56.0446
 14.0712
 39.6611
 38.8458
 48.3529
 25.3377
 0
 0
 0
 37.6165
 35.1852
 32.0312
 42.7434
 49.7695
 46.7119
 40.0375
 34.8855
 38.4578
 48.4871
 27.2213
 37.5366
 36.1525
 14.8324
 46.2385
 12.9228
 12.9228
 18.6279
 32.6497
 27.2764
 46.6369
 0
 0
 37.8682
 51.6914
 19.7484
 42.0476
 0
 31.5911
 49.1325
 47.3181
 19.5959
 19.5959
 0
 0
 0
 17.5784
 49.4469
 32.6956
 48.2183
 0
 0
 45.0888
 44.7102
 46.3033
 13.7113
 0
 0
 46.7761
 41.8927
 56.5066
 20.9045
 0
 0
 38.0657
 29.0172
 45.4863
 45.4973
 46.2709
 47.2546
 49.1528
 36.9865
 0
 40.8289
 41.0366
 51.264
 28.8791
 0
 16.4924
 46.9787
 38.7814
 13.0384
 21
 45.5631
 16.3401
 36.6197
 38.6264
 34.4964
 40.5093
 33.7343
 49.7695
 33.541
 46.3033
 19.975
 16.7033
 21.7025
 53.0189
 47.1275
 42.4971
 16.8226
 47.0532
 29.4279
 41.4367
 43.2319
 20.9762
 49.1325
 38.704
 33.3467
 42.45
 48.0416
 52.4595
 42.9069
 49.2138
 39.3827
 45.618
 51.1664
 35.6511
 28.8964
 41.9166
 47.4236
 14.8661
 13.8564
 43.7493
 20.2485
 41.3038
 19.4165
 32.8329
 41.328
 42.3792
 32.1403
 47.9479
 33.2716
 34.6121
 37.5899
 32.1714
 52.6023
 48.0416
 19.9499
 49.7896
 15.3297
 12.8062
 48.9183
 49.3761
 19.975
 44.4072
 22.7816
 48.3529
 44.3396
 29
 40.1373
 39.0384
 50.9117
 48.7442
 51.8459
 52.3927
 35.1852
 40.8534
 60.1997
 47
 46.7974
 13
 21.2838
 42.9185
 46.2169
 20.0499
 18.6548
 44.9667
 41.1461
 33.8378
 28.7924
 37.7094
 38.2623
 48.0104
 51.7204
 33.1361
 49.8799
 36.6879
 51.8556
 46.0869
 13.9642
 48.5798
 20.8567
 45.4863
 50.951
 13.8924
 15.1327
 34.5254
 26.4197
 19.6214
 41.2553
 40.6571
 40.5463
 43.6807
 45.5302
 50.4083
 49.3761
 32.2645
 38.2623
 47.9896
 57.7841
 19.975
 12.1655
 46.7012
 51.8073
 16
 17.088
 31.5278
 31.6228
 44.4185
 42.4853
 46.0977
 44.2493
 54.8635
 37.5633
 54.5619
 43.1856
 25.7876
 51.0294
 51.0294
 40.5339
 13.8924
 48.6929
 50.9411
 9.43398
 46.0543
 29.5635
 40.9878
 18.2483
 24.8395
 48.7032
 36.1663
 21.5174
 48.0833
 41.2553
 37.2961
 31.8748
 42.7785
 51.0784
 51.0686
 14.7648
 48.4355
 32.4191
 57.2014
 46.4327
 16.2788
 13.0384
 53.5444
 46.1194
 27.2029
 28.7576
 48.2597
 42.4028
 41.6053
 51.7397
 51.0196
 32.619
 52.8772
 44.0114
 46.594
 52.5833
 20.0499
 20.0499
 52.9245
 11.2694
 45.8912
 44.317
 46.5188
 24.1039
 37.1483
 34.4819
 47.927
 51.7301
 40.3856
 43.4511
 31.4166
 50.4678
 13.4536
 45.2106
 12.1244
 13.2288
 46.1086
 23.9165
 25.2785
 44.699
 35.1568
 46.8295
 0
 48.621
 37.4166
 56.5332
 50.3786
 51.7591
 28.5482
 28.5482
 48.5077
 13.0384
 47.2864
 14
 47.4658
 50.01
 39.2556
 27.0185
 40.2989
 39.3446
 43.4511
 45.1774
 30.7896
 17.3494
 48.0833
 16.5227
 10.9545
 44.8553
 26.4197
 15.6525
 0
 44.7437
 49.3356
 30.7896
 50.4083
 49.1121
 39.598
 54.9909
 38.4448
 28.6705
 52.3546
 52.3546
 15.6205
 50.1199
 52.9434
 12.083
 44.3396
 48.2286
 22.9129
 43.4626
 34.6554
 46.9468
 29.4958
 19.1572
 36.3456
 23.4521
 49.1528
 13.1909
 47.3181
 16.4924
 21.4709
 46.2493
 41.6293
 26.1343
 36.2077
 52.3259
 42.8019
 31.3847
 51.8556
 26.2679
 54.0555
 54.0555
 51.8749
 52.0288
 9.32738
 55.3444
 55.3444
 48.6415
 17.6068
 47.4025
 44.5084
 35.4401
 45.2217
 50.1199
 39.0256
 30.4631
 0
 0
 14.7986
 27.8747
 49.2544
 49.2544
 14.8661
 46.6798
 37.9473
 19.105
 0
 0
 31.9844
 46.3033
 41.0122
 58.4209
 50.3885
 50.3885
 56.0714
 56.0714
 60.8358
 54.3875
 54.3875
 60.1498
 52.8488
 11.7473
 51.8073
 45.1331
 49.95
 27.074
 34.322
 34.322
 33.0908
 52.3163
 31.0644
 19.7737
 13.4164
 51.6817
 51.6817
 49.7996
 25.8844
 25.8844
 50.05
 48.9694
 0
 31.9374
 37.3363
 42.6497
 57.2189
 52.0961
 52.0961
 58.3009
 58.3009
 59.808
 49.99
 55.6507
 20
 48.8979
 49.8397
 49.8397
 49.8397
 39.2683
 39.2683
 39.2683
 0
 0
 0
 45.0777
 21.4476
 26.0576
 25.865
 13.6748
 23.5584
 31.1127
 21.7025
 21.7025
 44.833
 44.833
 44.833
 36.2215
 38.2492
 38.2492
 38.2492
 38.2492
 38.2492
 59.0508
 59.0508
 59.0508
 59.0508
 54.9727
 54.9727
 53.6377
 53.6377
 53.6377
 40.0874
 45.1885
 29.2916
 29.2916
 41.9285
 30.7246
 30.7246
 30.7246
 20.6398
 17.0294
 19.8242
 19.8242
 19.5704
 19.5704
 0
 15.9374
 15.9374
 15.9374
 15.9374
 56.542
 56.542
 56.542
 56.542
 56.542
 57.931
 57.931
 56.7362
 47.3181
 47.3181
 29.5296
 29.5296
 29.5296
 42.5911
 42.5911
 41.2189
 32.1092
 32.1092
 32.1092
 33.9117
 13
 13
 21.8403
 44.7549
 29.95
 53.9351
 51.7107
 25.318
 53.6377
 53.6377
 49.2747
 46.076
 0
 0
 0
 0
 0
 44.2493
 44.2493
 38.8844
 31.3847
 0
 0
 20.2978
 20.2978
 20.2978
 20.2978
 0
 0
 0
 0
 0
 0
 0
 0
 0
 40.694
 40.694
 42.2374
 42.2374
 42.9069
 39.4335
 47.8435
 31.3369
 40.7308
 40.7308
 40.7308
 40.7308
 0
 0
 46.8188
 46.8188
 46.8188
 36.524
 0
 0
 0
 0
 0
 0
 0
 0
 0
 0
 0
 0
 0
 0
 0
 0
 0
 0
 0
 0
 0
 0
 0
 0
 0
 0
