 307.316
 0
 17.088
 17.088
 29.1719
 34.0294
 25.2982
 32.45
 28.4077
 25.4558
 30.348
 30.348
 34.5543
 31.4166
 31.4166
 33
 28.8271
 28.8271
 30.4795
 25.4165
 25.4165
 25.4165
 34.0147
 34.1467
 35.4119
 24.3311
 34.7707
 34.7707
 34.7707
 24.5153
 29.6648
 31.8591
 27.0185
 33.8821
 22.1359
 22.1359
 23.5584
 23.5584
 28.3373
 28.3373
 28.3373
 34.0147
 33.0908
 33.0908
 33.0908
 33.0908
 27.4408
 27.4408
 27.4408
 27.4408
 23.4734
 36.4555
 36.4555
 0
 0
 28.775
 28.775
 31.9531
 31.9531
 31.9531
 0
 0
 33
 33.1059
 33.1059
 33.1059
 33.1059
 28.7054
 36.4692
 32.1092
 32.1092
 32.1092
 29.1376
 29.1376
 31.5753
 41.3401
 41.3401
 39.7366
 31.5753
 29.5466
 25.7099
 25.7099
 0
 49.558
 34.6121
 37.6032
 28.7576
 34.3948
 34.3948
 0
 40.6694
 38.5876
 38.3536
 30.9839
 30.9839
 30.9839
 0
 33.1059
 38.4057
 35.6511
 35.0143
 36.9188
 36.9188
 35.4401
 43.2319
 31.305
 34.5398
 34.5398
 34.5398
 29.6311
 29.6311
 42.107
 42.107
 42.107
 42.107
 32.187
 33.8969
 27.4591
 27.4591
 35.2846
 38.223
 34.6266
 34.6266
 40.4599
 40.4599
 36.9865
 30.4467
 30.4467
 36.4417
 36.7423
 31.241
 31.241
 34.5688
 37.3497
 37.3497
 26.096
 0
 0
 49.2341
 26.1343
 34.1321
 27.8209
 27.8209
 40.939
 28.9137
 41.3038
 28.7054
 0
 0
 40.025
 33.5708
 40.0125
 42.3674
 39.6737
 40.8289
 41.4005
 41.4005
 33.1361
 34.2929
 33.1059
 33.1059
 33.1059
 35.609
 35.609
 35.609
 35.609
 34.7851
 39.4968
 41.7732
 36.7423
 36.7423
 36.7423
 41.2916
 39.0768
 39.0768
 39.0768
 34.7707
 41.5933
 41.5933
 35
 35.623
 35.623
 34.3074
 32.28
 32.28
 27.074
 36.9324
 46.1411
 29.6816
 28.6531
 0
 0
 40.9878
 35.9861
 48.0833
 33.0303
 0
 0
 42.6966
 48.1456
 35.2136
 35.2136
 0
 0
 44.317
 42.7668
 43.6005
 40.5832
 40.5832
 0
 35.9026
 38.6652
 44.4972
 34.7707
 34.7707
 0
 36.6879
 42.8952
 38.8844
 35.623
 39.2173
 42.4382
 45.3872
 37.4166
 0
 0
 43.8064
 41.7253
 46.2169
 47.0638
 47.0638
 45.4643
 42.8602
 46.076
 41.2068
 41.2068
 40.3485
 37.5899
 37.3497
 35.6511
 0
 0
 0
 0
 40.4351
 39.128
 39.0768
 38.2884
 38.2884
 43.6234
 41.7013
 46.0652
 42.6263
 42.6263
 0
 0
 43.4741
 49.8899
 47.0638
 51.4393
 51.4393
 51.4393
 51.4393
 51.7977
 49.8197
 56.116
 42.9651
 42.9651
 0
 0
 45.4203
 48.2079
 39.5601
 43.6692
 43.6692
 0
 0
 48.2597
 45.3542
 43.7836
 36.524
 0
 0
 0
 46.2817
 51.2835
 41.7013
 43.0929
 0
 0
 0
 48.8057
 47.8226
 51.264
 53.963
 53.963
 53.963
 53.963
 53.963
 53.963
 53.9444
 48.0937
 51.3225
 49.8899
 0
 0
 0
 45.8585
 47.833
 47.0744
 49.2138
 0
 0
 0
 43.6234
 42.0357
 44.5421
 42.7317
 0
 0
 0
 49.1528
 48.6621
 49.548
 47.1487
 0
 0
 0
 48.6826
 54.037
 49.96
 57.4195
 56.7274
 55.848
 49.548
 50.6754
 59.4979
 44.1475
 49.93
 51.8652
 52.192
 38.6264
 0
 0
 0
 0
 43.5546
 54.3599
 54.3599
 54.3599
 54.3599
 56.5155
 56.6833
 49.5782
 53.3104
 43.9204
 56.5509
 52.2111
 55.2359
 58.258
 50.01
 56.1961
 50.01
 47.4658
 48.0104
 43.9431
 0
 48.6004
 44.6318
 51.2055
 44.8888
 44.8888
 0
 0
 0
 49.0408
 53.0094
 48.1144
 48.1144
 0
 0
 0
 0
 0
 0
 0
 0
 0
 0
 0
 0
 0
 0
 0
 0
 0
 0
 0
 0
 0
 48.9387
 61.7171
 55.7225
 50.7839
 63.6318
 45.8476
 58.438
 53.1789
 60.5062
 49.8999
 0
 0
 0
 0
 0
 0
 0
 0
 0
 0
 0
 0
 0
 0
 0
 0
 44.0568
 54.5802
 46.3789
 46.3789
 54.037
 56.285
 51.6043
 54.074
 54.074
 54.074
 56.4801
 57.3324
 50.636
 56.5155
 56.5155
 57.576
 58.3267
 60.1664
 52.2972
 52.2972
 52.2972
 52.2972
 52.2972
 51.0294
 54.2402
 58.7707
 50.5074
 50.5074
 50.5074
 49.93
 54.0833
 64.3117
 47.0638
 47.0638
 47.0638
 61.2209
 57.1227
 67.0671
 50.1597
 50.1597
 50.1597
 58.2495
 56.6127
 59.9583
 72.2219
 62.8967
 61.9839
 60.0417
 57.931
 57.931
 52.7162
 62.45
 54.1572
 51.3323
 51.3323
 45.0444
 56.1338
 60.8276
 48.775
 50.1498
 59.5987
 55.9911
 63.7417
 56.5243
 57.4456
 58.2065
 58.2151
 62.7455
 58.1722
 60.8441
 53.3573
 54.6809
 52.9339
 56.0803
 62.6099
 57.9569
 48.8672
 56.8067
 61.8789
 57.5847
 68.0294
 50.4381
 61.0901
 60.8194
 60.8276
 67.7864
 62.522
 61.6928
 62.1852
 64.5136
 61.2454
 61.2127
 54.0555
 55.4166
 52.7447
 62.0725
 59.6322
 46.6262
 49.3761
 58.2065
 54.9272
 62.8729
 51.817
 59.1439
 66.2042
 60.7701
 57.4282
 60.8687
 60.8194
 62.9126
 61.7171
 53.9444
 54.7175
 64.3195
 57.6628
 59.5147
 53.3573
 46.422
 63.0952
 63.111
 51.2933
 59.1693
 62.554
 62.5859
 63.7181
 57.6888
 61.7414
 61.709
 63.4192
 62.466
 67.7791
 58.3695
 57.0263
 54.7723
 67.1267
 58.6003
 64.7843
 50.8035
 50.448
 62.9841
 59.6992
 52.8772
 55.9285
 60.9016
 64.0625
 61.7738
 56.701
 61.4003
 63.498
 61.7333
 61.6928
 57.5587
 62.6817
 64.0781
 56.6304
 58.9915
 51.3712
 57.2189
 58.8388
 57.6802
 64.0547
 60.1664
 51.4198
 59.9833
 57.2975
 59.6909
 60.8687
 64.591
 62.6418
 61.8142
 61.5792
 56.5332
 66.9701
 57.4369
 57.2975
 62.7057
 69.0217
 50.2195
 50.4083
 58.6089
 56.542
 50.6754
 54.3323
 59.3296
 56.8858
 59.1354
 61.7576
 60
 68.3301
 61.7009
 62.9682
 58.532
 66.1665
 57.3585
 63.435
 60.1831
 65.7495
 47
 61.041
 63.4192
 49.1325
 59.1439
 62.5859
 57.9741
 60.4649
 58.983
 61.7252
 61.8061
 61.0574
 63.5846
 62.5779
 59.5819
 62.3458
 56.3383
 62.6179
 63.7495
 49.558
 66.9403
 51.4587
 47.392
 60.7536
 51.9134
 49.99
 59.9917
 63
 58.4637
 55.8659
 67.5204
 62.6099
 62.857
 59.9583
 62.0403
 61.5711
 58.66
 60.2412
 58.0259
 61.8628
 52.2398
 52.2398
 61.2127
 52.6118
 59.9667
 59.9833
 61.3188
 57.0614
 60
 62.8092
 63.0397
 62.5939
 60.4401
 57.7841
 54.2125
 61.5549
 51.225
 61.8385
 52.8961
 50.1797
 60.4649
 58.3009
 54.6077
 62.57
 59.1439
 65.3146
 65.3146
 62.554
 62.9921
 60.6218
 58.2323
 54.0555
 50.8429
 63.8436
 61.2291
 50.5371
 61.9516
 56.701
 59.6909
 61.9435
 63.6003
 62.153
 61.7495
 60.8769
 59.8331
 62.0081
 53.591
 53.1037
 62.8252
 49.6185
 51.8652
 61.4654
 60.0333
 51.3128
 51.3128
 61.041
 63.4744
 57.5934
 60.4731
 61.7738
 62.1289
 53.7122
 60.1249
 52.7826
 60.9098
 63.206
 51.7107
 60.1082
 63.4271
 52.7352
 59.8832
 64.3428
 60.3324
 63.5374
 62.7933
 62.3779
 64.2962
 55.0545
 57.8014
 53.7308
 63.7887
 54.6168
 60.7042
 52.8961
 59.4475
 63.4192
 63.4192
 56.921
 60.8194
 63.9453
 62.6179
 61.0737
 65.3758
 57.1139
 66.8057
 54.5252
 63.8984
 60.7207
 54.7905
 67.5574
 67.5574
 59.2453
 58.6174
 64.3195
 64.6142
 62.9444
 61.4003
 65.1383
 57.5413
 55.0273
 55.0273
 62
 54.1387
 54.0093
 65.1613
 48.9796
 57.9914
 62.0484
 62.5939
 54.5252
 54.5252
 66.2269
 57.4282
 65.5057
 63.5846
 67.6979
 62.7375
 62.7375
 65.4141
 60.2329
 62.6578
 63.1902
 59.3885
 63.8984
 60.2246
 59.0593
 61.7171
 60.0916
 61.8708
 62.6019
 56.3471
 56.3471
 65.4676
 66.4379
 56.2939
 52.2111
 56.285
 56.285
 56.285
 56.285
 60.2163
 49.3356
 63.7574
 64.3972
 64.3972
 57.7321
 63.4429
 63.726
 65.169
 63.7495
 63.7495
 68.4032
 58.112
 64.0937
 65.5515
 64.7765
 55.9911
 61.2862
 58.3609
 58.3609
 58.3609
 62.8331
 62.8331
 62.8331
 62.8331
 62.8331
 62.8331
 68.6659
 51.0784
 53.3479
 53.3479
 53.5444
 53.5444
 59.2199
 49.3255
 49.3255
 64.3894
 64.3894
 67.0075
 54.8726
 60.8194
 60.8194
 60.8194
 60.8194
 60.8194
 67.1416
 62.3939
 60.2578
 60.2578
 61.563
 61.563
 67.7643
 67.7643
 67.7643
 60.8933
 56.0803
 61.3433
 61.3433
 63.561
 57.1402
 57.1402
 57.1402
 57.1402
 52.5452
 60.3324
 60.3324
 56.1694
 56.1694
 56.1694
 49.3255
 61.6117
 61.6117
 61.6117
 66.1816
 66.1816
 66.1816
 64.3351
 64.923
 70.3278
 58.1893
 74.108
 56.8595
 56.8595
 62.6019
 62.6019
 62.6019
 58.3524
 58.3524
 63.7652
 56.745
 56.745
 56.745
 49.99
 53.563
 53.563
 48.1871
 56.4978
 56.4978
 63.3956
 57.4369
 56.5243
 59.8331
 59.8331
 61.7657
 63.9062
 63.9062
 57.2975
 62.5859
 62.5859
 64.2573
 59
 59
 57.3847
 55.6237
 55.6237
 55.6237
 49.0612
 49.0612
 49.0612
 49.0612
 0
 0
 0
 0
 0
 0
 0
 0
 0
 0
 0
 0
 0
 47.2969
 47.2969
 38.0263
 38.0263
 40.8901
 40.8901
 0
 0
 0
 0
 0
 0
 0
 0
 0
 0
 0
 0
 0
 0
 0
 0
 0
 0
 0
 0
 0
 0
 0
 0
 0
 0
 0
 0
 0
 0
 0
 0
 0
 0
