 1.73205
 0
 1.73205
 1.73205
 1.73205
 0
 3.31662
 4.24264
 4.24264
 3.4641
 2.44949
 0
 1.41421
 2.44949
 2.44949
 3.31662
 1.73205
 1.73205
 3.31662
 0
 0
 0
 4.24264
 0
 1.41421
 1.41421
 0
 0
 0
 1.73205
 3.31662
 0
 3.4641
 3.4641
 0
 0
 2.23607
 2.23607
 1.41421
 1.41421
 1.41421
 0
 0
 0
 0
 0
 2.44949
 0
 0
 0
 1.73205
 1.41421
 0
 0
 0
 0
 0
 3.4641
 0
 0
 0
 0
 0
 0
 0
 0
 0
 0
 2.44949
 2.44949
 2.44949
 0
 0
 0
 3.31662
 0
 0
 1.41421
 0
 3.4641
 4.24264
 0
 0
 0
 1.73205
 3.4641
 0
 1.73205
 0
 0
 0
 3.31662
 0
 0
 0
 0
 0
 0
 4.24264
 0
 0
 0
 0
 3.4641
 4.24264
 2
 1.41421
 0
 0
 1.73205
 1.73205
 1.73205
 0
 0
 0
 3.31662
 0
 3
 0
 0
 1.41421
 2.44949
 0
 1.41421
 1.41421
 1.41421
 0
 0
 1.73205
 1.73205
 4.24264
 4.24264
 1.41421
 6.63325
 6.63325
 6.9282
 0
 0
 0
 0
 2.44949
 2.44949
 0
 1.73205
 2.44949
 4.89898
 1.41421
 0
 0
 2
 2.44949
 2.44949
 3.31662
 1.73205
 1.73205
 1.73205
 1.73205
 3.31662
 3.4641
 0
 0
 0
 0
 1.41421
 1.41421
 0
 3.4641
 0
 0
 1.73205
 0
 2.44949
 1.41421
 5.09902
 5.09902
 0
 1.41421
 1.73205
 1.73205
 2.44949
 4.47214
 0
 3.4641
 2.23607
 2.23607
 5.09902
 4.24264
 0
 3
 2.44949
 0
 9.21954
 1.73205
 3.4641
 4.24264
 0
 0
 0
 3.60555
 3.4641
 0
 0
 0
 0
 1.73205
 1.73205
 1.73205
 1.41421
 0
 0
 0
 4.89898
 1.41421
 4.89898
 0
 0
 2.44949
 3.31662
 0
 4.24264
 1.73205
 1.73205
 3.31662
 2.44949
 0
 0
 4.24264
 1.73205
 0
 1.41421
 0
 2.44949
 1.73205
 4.24264
 0
 0
 0
 0
 4.47214
 2.44949
 0
 0
 0
 0
 3.31662
 2.44949
 4.24264
 4.24264
 0
 2.44949
 1.73205
 1.41421
 1.41421
 0
 0
 0
 4.24264
 0
 1.41421
 0
 0
 0
 0
 2.44949
 3.4641
 3.31662
 3.31662
 0
 0
 0
 4.24264
 2.44949
 4.47214
 1.73205
 0
 0
 0
 1.73205
 2.64575
 2.44949
 4.89898
 0
 0
 0
 1.73205
 3.31662
 1.73205
 1.73205
 0
 0
 0
 4.24264
 1.41421
 1.73205
 3.4641
 0
 0
 0
 0
 0
 4.24264
 2.44949
 3.4641
 2.44949
 0
 0
 0
 2.44949
 4.3589
 4.24264
 3.31662
 0
 0
 0
 5.09902
 4.24264
 3.4641
 3.4641
 0
 0
 0
 1.73205
 1.73205
 1.73205
 3.4641
 0
 1.73205
 1.73205
 0
 0
 1.73205
 0
 2.64575
 5.09902
 1.73205
 4.24264
 2.44949
 2.44949
 4.24264
 1.73205
 2.44949
 1.73205
 0
 0
 4.24264
 4.24264
 3.4641
 4.24264
 0
 0
 0
 4.24264
 5.09902
 4.24264
 4.24264
 4.24264
 5.09902
 1.73205
 3.4641
 4.47214
 5.09902
 4.24264
 1.73205
 3.4641
 3.31662
 4.24264
 0
 4.47214
 1.73205
 5.09902
 0
 0
 0
 0
 4.24264
 4.24264
 4.24264
 3.74166
 0
 0
 0
 0
 0
 0
 3.4641
 1.73205
 4.24264
 4.24264
 0
 0
 0
 2.44949
 5.09902
 2.44949
 1.41421
 0
 0
 0
 1.73205
 3.4641
 4.24264
 4.24264
 1.73205
 3.4641
 2.64575
 4.24264
 4.24264
 0
 3.4641
 1.73205
 0
 0
 0
 5.09902
 5.09902
 4.24264
 4.24264
 2.44949
 2.44949
 1.73205
 1.73205
 3.4641
 1.73205
 2.44949
 3.4641
 4.24264
 4.24264
 4.24264
 3.4641
 0
 1.73205
 5.2915
 1.73205
 5.09902
 0
 0
 3.31662
 4.24264
 5.09902
 4.24264
 0
 2.44949
 3.31662
 3.31662
 1.73205
 0
 0
 0
 0
 2.44949
 3.31662
 1.73205
 1.73205
 0
 0
 4.24264
 4.24264
 4.24264
 3.4641
 0
 0
 4.24264
 4.24264
 4.24264
 2.44949
 0
 0
 2.44949
 4.24264
 3.4641
 4.3589
 5.09902
 2.44949
 4.24264
 2.44949
 0
 5.09902
 5.09902
 5.09902
 4.24264
 0
 3.4641
 4.47214
 3.31662
 2.44949
 3.31662
 2.44949
 5.09902
 1.73205
 4.24264
 2.44949
 1.73205
 5.09902
 5.09902
 3.4641
 1.73205
 3.4641
 2.44949
 3.4641
 5.09902
 1.73205
 1.73205
 3.4641
 4.24264
 1.73205
 3.31662
 1.73205
 4.24264
 2.44949
 4.47214
 5.09902
 0
 3.31662
 4.24264
 5.09902
 2.44949
 2.23607
 2.64575
 4.24264
 4.3589
 2.44949
 4.24264
 5.09902
 1.73205
 1.73205
 3.4641
 3.31662
 4.24264
 1.73205
 3.4641
 4.47214
 1.73205
 4.24264
 1.73205
 2.23607
 3.4641
 3.4641
 2.44949
 2.44949
 1.73205
 2.44949
 4.3589
 5.09902
 1.73205
 5.09902
 5.09902
 4.24264
 3.4641
 3.4641
 1.73205
 1.73205
 5.09902
 2.64575
 4.24264
 5.09902
 3.4641
 0
 4.24264
 5.09902
 5.19615
 2.44949
 4.3589
 3.4641
 2.44949
 1.73205
 4.24264
 3.4641
 4.24264
 4.3589
 2.44949
 1.73205
 2.44949
 2.44949
 4.24264
 2.44949
 4.3589
 1.73205
 3.31662
 2.44949
 1.73205
 3.4641
 3.31662
 5.09902
 1.73205
 4.24264
 4.24264
 4.24264
 1.73205
 4.24264
 1.73205
 3.4641
 0
 1.73205
 0
 4.24264
 3.31662
 4.47214
 2.44949
 5.09902
 1.73205
 3.74166
 0
 4.24264
 1.73205
 1.73205
 1.73205
 3.31662
 4.24264
 5.09902
 1.73205
 1.73205
 1.73205
 1.73205
 2.44949
 1.73205
 1.73205
 2.44949
 5.09902
 2.44949
 2.44949
 2.44949
 3.4641
 4.3589
 1.73205
 5.09902
 3.4641
 4.24264
 4.24264
 1.73205
 4.24264
 1.73205
 4.24264
 3.74166
 1.73205
 4.24264
 3.74166
 5.09902
 3.4641
 0
 3.74166
 3.4641
 4.24264
 4.47214
 0
 1.73205
 1.41421
 2.44949
 3.31662
 0
 1.73205
 1.73205
 1.73205
 4.24264
 4.24264
 1.73205
 1.73205
 4.24264
 3.31662
 2.44949
 3.4641
 3.4641
 4.24264
 4.24264
 2.44949
 0
 4.47214
 3.4641
 1.73205
 4.47214
 2.23607
 4.24264
 2.23607
 2.44949
 5.09902
 3.31662
 4.47214
 5.2915
 3.4641
 3.4641
 5.09902
 0
 4.3589
 2.44949
 1.73205
 3.4641
 4.24264
 4.24264
 4.3589
 4.3589
 0
 1.73205
 1.73205
 1.73205
 3.31662
 3.4641
 4.24264
 1.73205
 0
 4.24264
 4.24264
 4.24264
 4.47214
 3.74166
 4.47214
 4.24264
 1.73205
 5.09902
 1.73205
 1.73205
 5.09902
 1.73205
 3.4641
 3.4641
 1.73205
 1.73205
 3.4641
 1.73205
 0
 1.73205
 2.82843
 1.73205
 2.44949
 0
 2.44949
 3.74166
 2.23607
 2.23607
 2.44949
 5.09902
 1.73205
 4.24264
 4.3589
 1.41421
 4.24264
 4.3589
 1.73205
 4.24264
 0
 1.73205
 1.73205
 5.09902
 0
 0
 0
 5.09902
 4.24264
 2.44949
 4.24264
 3.4641
 3.31662
 2.44949
 0
 1.73205
 1.73205
 4.24264
 2.44949
 2.44949
 2.44949
 5.09902
 1.73205
 5.2915
 2.44949
 4.47214
 0
 3.4641
 3.4641
 4.47214
 3.31662
 3.31662
 2.82843
 1.73205
 4.24264
 1.73205
 0
 0
 2.23607
 5.09902
 2.44949
 4.24264
 1.73205
 3.60555
 5.09902
 0
 0
 4.24264
 4.47214
 1.73205
 1.73205
 2.44949
 4.24264
 0
 2.44949
 0
 1.73205
 4.24264
 0
 1.41421
 3.4641
 0
 5.09902
 1.41421
 5.19615
 0
 5.09902
 5.09902
 1.41421
 0
 4.24264
 2.44949
 1.41421
 0
 0
 2.44949
 0
 4.58258
 4.24264
 2.44949
 2.44949
 1.73205
 0
 0
 3.4641
 1.73205
 1.73205
 4.24264
 1.73205
 3.31662
 0
 3.4641
 0
 3.4641
 4.3589
 4.3589
 4.58258
 0
 0
 0
 0
 0
 0
 0
 5.09902
 0
 0
 5.09902
 4.24264
 4.24264
 1.41421
 4.24264
 3.4641
 3.4641
 1.73205
 4.24264
 0
 0
 0
 0
 0
 1.41421
 0
 0
 0
 5.09902
 5.09902
 2
 2
 0
 1.73205
 1.73205
 0
 0
 3.31662
 0
 0
 0
 0
 1.73205
 1.41421
 1.41421
 1.73205
 1.73205
 1.73205
 1.73205
 1.41421
 1.41421
 1.41421
 5.09902
 5.09902
 5.09902
 0
 1.73205
 5.19615
 4.24264
 1.73205
 3.4641
 3.4641
 0
 0
 0
 1.73205
 1.73205
 3.4641
 2.44949
 2.44949
 2.44949
 0
 2.44949
 0
 6.9282
 5.09902
 6.08276
 3.31662
 3.60555
 1.73205
 3.4641
 3.4641
 1.73205
 2.44949
 2.44949
 4.24264
 5.09902
 2.44949
 3.31662
 3.74166
 3.31662
 0
 3.31662
 3.31662
 3.31662
 2.64575
 4.3589
 4.3589
 4.3589
 4.3589
 4.3589
 4.3589
 4.3589
 4.3589
 0
 0
 0
 0
 3.31662
 3.31662
 2.44949
 2.44949
 1.41421
 1.73205
 6.78233
 0
 1.73205
 1.73205
 1.73205
 0
 0
 5.09902
 5.19615
 5.19615
 5.19615
 1.73205
 1.73205
 2.44949
 2.44949
 5.19615
 0
 0
 0
 0
 0
 0
 0
 0
 0
 0
 0
 0
 0
 0
 0
 0
 0
 0
 0
 0
 0
 0
