 311.822
 0
 15.906
 15.906
 15.906
 15.906
 15.906
 21.7715
 21.7715
 17.3781
 17.3781
 17.3781
 21.0238
 21.0238
 21.0238
 23.6432
 23.4521
 23.4521
 22.2711
 22.2711
 14.7986
 14.7986
 20.2485
 17.6068
 17.6068
 17.6068
 17.6068
 17.6068
 17.6068
 20.6155
 21.6795
 21.6795
 20.5913
 19.8494
 19.8494
 20.3961
 20.3961
 20.3961
 20.3961
 20.9762
 17.72
 17.72
 17.72
 15.7162
 15.7162
 15.7162
 15.7162
 21.7025
 21.7025
 21.7025
 21.7025
 23.622
 23.622
 0
 0
 0
 0
 19.5448
 15.9687
 15.9687
 0
 0
 0
 0
 0
 15.5885
 15.5885
 17.2627
 17.2627
 17.2627
 17.2627
 14.4568
 22.5832
 22.5832
 22.5832
 22.5832
 13.0767
 25.0599
 25.0599
 25.0599
 25.0599
 25.0599
 0
 45.7602
 21.095
 28.7228
 28.7228
 28.7228
 28.7228
 0
 37.9605
 20.8327
 24.0416
 24.0416
 24.0416
 24.0416
 0
 31
 21.9545
 21.9545
 17.9165
 22.5389
 22.5389
 24.8998
 22.5167
 22.5167
 18.303
 7.4162
 20.025
 20.025
 20.025
 22.1585
 22.1585
 22.1585
 22.1585
 25.7682
 25.7682
 16.9115
 16.9115
 16.9115
 28.8791
 20.6398
 15.1658
 15.1658
 15.1658
 15.1658
 14.3527
 14.3527
 24.454
 24.454
 24.454
 24.454
 22.5389
 29.1376
 29.1376
 29.1376
 0
 0
 0
 0
 21.1424
 21.1424
 21.1424
 21.6795
 21.6795
 28.6705
 28.6705
 0
 0
 0
 0
 21.9773
 28.8271
 28.8271
 26.9444
 26.0768
 26.0768
 21.7256
 26.1534
 26.1534
 21.7945
 21.7945
 21.7945
 24.6982
 26.9072
 26.9072
 19.9499
 19.9499
 24.3926
 24.3926
 23.6008
 23.6008
 23.6008
 19.1311
 19.1311
 35.9583
 35.9583
 26.8514
 26.8514
 26.8514
 26.8514
 33.9559
 26.0768
 26.0768
 26.0768
 18.6815
 18.6815
 18.6815
 18.6815
 18.6815
 18.6815
 18.6815
 18.6815
 18.6815
 28.2843
 28.2843
 0
 0
 0
 30.0167
 30.0167
 30.0167
 0
 0
 0
 23.388
 30.348
 22.2711
 21.3307
 21.3307
 25.9615
 30.1993
 28.2666
 28.5832
 19.8242
 0
 26.533
 22.6053
 28.1069
 28.3019
 22.2486
 25.0799
 25.1992
 25.1992
 0
 0
 24.2487
 22.6936
 22.6936
 22.6936
 22.6936
 29.5466
 29.5466
 26.1534
 26.1534
 26.1534
 26.1534
 26.1534
 28.0535
 28.0535
 28.0535
 28.0535
 0
 0
 26.7769
 26.7769
 26.7769
 26.7769
 26.7769
 23.1948
 23.1948
 23.1948
 23.1948
 17.8885
 0
 0
 27.074
 27.074
 27.074
 27.074
 27.074
 0
 0
 0
 0
 34.6121
 34.6121
 34.6121
 0
 0
 31.9218
 33.4515
 28.0357
 28.0357
 28.0357
 0
 0
 28.9137
 30.0167
 30.3645
 30.3645
 0
 0
 0
 26.9815
 31.8591
 31.8591
 33.0908
 0
 0
 0
 27.7849
 27.7849
 27.7849
 34.0588
 35.0714
 0
 0
 0
 0
 34.0147
 34.0147
 34.0147
 29.5804
 0
 0
 0
 0
 33.1662
 33.1662
 33.1662
 0
 0
 0
 33.3317
 33.3317
 34.6843
 34.3802
 0
 0
 0
 0
 0
 0
 0
 0
 0
 0
 0
 0
 0
 0
 0
 34.4238
 34.9857
 36.2905
 36.2905
 27.8388
 33.0151
 33.0151
 35.1994
 35.1994
 0
 0
 35.6511
 35.6511
 35.6511
 34.7851
 34.7851
 0
 0
 0
 34.7419
 34.7419
 32.2025
 32.1714
 35.623
 31.8904
 31.8904
 34.0294
 30.8707
 33.8821
 33.8821
 33.8821
 33.8821
 28.3196
 0
 0
 0
 33.0454
 33.0454
 23.0868
 0
 0
 0
 0
 0
 37.3631
 37.3631
 0
 0
 0
 0
 0
 0
 0
 38.2623
 38.2623
 38.2623
 0
 0
 0
 34.7419
 34.7419
 34.7419
 34.7419
 0
 0
 0
 34.8281
 32.187
 32.187
 32.187
 35.609
 35.609
 35.609
 39.4968
 39.4968
 37
 37
 0
 0
 0
 0
 35.6651
 35.6651
 36.524
 36.524
 37.3898
 39.9249
 39.9249
 39.9249
 39.9249
 39.9249
 39.9249
 39.9249
 39.9249
 39.9249
 39.9249
 32.9848
 32.9848
 32.9848
 32.9848
 33.9853
 0
 0
 0
 0
 37.3765
 33.8969
 33.8969
 33.8969
 33.8969
 33.8969
 37.3765
 0
 0
 0
 0
 35.609
 38.8716
 38.8716
 38.8716
 38.8716
 38.8716
 38.8716
 37.5366
 37.5366
 37.5366
 37.5366
 37.5366
 39.1152
 39.1152
 39.1152
 39.1152
 39.1152
 0
 0
 0
 38.223
 38.223
 38.223
 38.223
 38.223
 38.223
 38.223
 38.223
 39.1024
 39.1024
 39.1024
 0
 0
 0
 35.6791
 35.6791
 35.6791
 35.6791
 35.6791
 40.1746
 40.1746
 40.1746
 40.1746
 40.1746
 40.1746
 40.1746
 40.1746
 38.2753
 38.2753
 38.2753
 38.2753
 38.2753
 38.2753
 38.2753
 38.3275
 38.3275
 38.3275
 38.3275
 37.6165
 39.9875
 39.9875
 39.9875
 39.9875
 40.0625
 40.0625
 40.0625
 40.0625
 40.0625
 39.9875
 39.9875
 39.9875
 39.9875
 39.1024
 39.1024
 39.1024
 39.1024
 39.1024
 39.1024
 39.1024
 39.1024
 39.1024
 39.1024
 39.1024
 39.1024
 39.064
 39.064
 39.064
 39.064
 39.064
 39.064
 39.064
 39.064
 39.064
 39.064
 34.7707
 34.7707
 38.6005
 38.6005
 38.6005
 38.6005
 40.0625
 40.0625
 40.0625
 40.0625
 40.0625
 40.0625
 40.0625
 40.0625
 40.0625
 40.0625
 40.0625
 40.0625
 40.0625
 40.0625
 40.0625
 40.0625
 41.6293
 41.6293
 41.6293
 41.6293
 41.6293
 41.6293
 41.6293
 41.6293
 41.6293
 41.6293
 41.6293
 41.6293
 41.6293
 41.6293
 40.2865
 40.0999
 40.0999
 38.1838
 40.2119
 40.2119
 40.2119
 40.2119
 40.2119
 40.2119
 40.2119
 40.2119
 40.2119
 40.2119
 40.2119
 40.2119
 40.2119
 37.51
 37.51
 37.51
 37.51
 37.51
 37.51
 37.51
 37.51
 37.51
 37.51
 37.51
 37.51
 37.51
 37.51
 37.51
 37.51
 41.7013
 41.7013
 41.7013
 41.7013
 41.7013
 41.7013
 40.398
 40.398
 40.398
 40.398
 40.1995
 40.1995
 40.1995
 40.1995
 40.1995
 40.1995
 40.1995
 37.3898
 38.4968
 38.4968
 38.4968
 38.4968
 38.4968
 38.4968
 38.4968
 38.4968
 38.4968
 38.4968
 38.4968
 38.4968
 38.4968
 38.4968
 38.4968
 38.4968
 38.4968
 38.4968
 38.4968
 38.4968
 38.4968
 38.4968
 38.4968
 38.4968
 38.4968
 38.4968
 38.4968
 38.4968
 38.4968
 38.4968
 38.4968
 38.4968
 38.4968
 38.4968
 38.4968
 38.4968
 39.95
 39.95
 39.95
 39.95
 39.95
 39.95
 39.95
 39.95
 39.95
 39.95
 39.95
 39.95
 39.95
 39.95
 39.95
 39.95
 39.95
 39.95
 39.95
 39.95
 39.95
 39.95
 39.95
 0
 0
 0
 0
 0
 0
 0
 0
 0
 0
 0
 0
 0
 0
 0
 0
 0
 0
 0
 0
 0
 0
 0
 0
 0
 0
 0
 0
 0
 0
 0
 0
 0
 0
 0
 0
 0
 0
 0
 0
 0
 0
 0
 0
 0
 0
 0
 0
 0
 0
 0
 0
 0
 0
 0
 0
 0
 0
 0
 0
 0
 0
 0
 0
 0
 0
 0
 0
 0
 0
 0
 0
 0
 0
 0
 0
 0
 0
 0
 0
 0
 0
 0
 0
 0
 0
 0
 0
 0
 0
 0
 0
 0
 0
 0
 0
 0
 0
 0
 0
 0
 0
 0
 0
 0
 0
 0
 0
 0
 0
 0
 0
 0
 0
 0
 0
 0
 0
 0
 0
 0
 0
 0
 0
 0
 0
 0
 0
 0
 0
 0
 0
 0
 0
 0
 0
 0
 0
 0
 0
 0
 0
 0
 0
 0
 0
 0
 0
 0
 0
 0
 0
 0
 0
 0
 0
 0
 0
 0
 0
 0
 0
 0
 0
 0
 0
 0
 0
 0
 0
 0
 0
 0
 0
 0
 0
 0
 0
 0
 0
 0
 0
 0
 0
 0
 0
 0
 0
 0
 0
 0
 0
 0
 0
 0
 0
 0
 0
 0
 0
 0
 0
 0
 0
 0
 0
 0
 0
 0
 0
 0
 0
 0
 0
 0
 0
 0
 0
 0
 0
 0
 0
 0
 0
 0
 0
 0
 0
 0
 0
 0
 0
 0
 0
 0
 0
 0
 0
 0
 0
 0
 0
 0
 0
 0
 0
 0
 0
 0
 0
 0
 0
 0
 0
 0
 0
 0
 0
 0
 0
 0
 0
 0
 0
 32.45
 32.45
 0
 0
 0
 0
 0
 0
 0
 31.4484
 31.4484
 31.4484
 31.4484
 31.4484
 31.4484
 31.4484
 31.4484
 31.4484
 31.4484
 31.4484
 31.4484
 31.4484
 31.4484
 31.4484
 31.4484
 31.4484
 31.4484
 31.4484
 31.4484
 31.4484
 31.4484
 31.4484
 31.4484
