 305.197
 0
 15.1658
 7.34847
 6.48074
 9.27362
 9.27362
 7.74597
 25.7876
 12.2066
 6.9282
 20.664
 23.1733
 4.58258
 5.19615
 19.3391
 38.9487
 6.78233
 39.3192
 13.9642
 20.8806
 13.9642
 31.3688
 18.5742
 24.5967
 11.6189
 11.0905
 8.60233
 15.9687
 0
 24.3721
 5.09902
 11.225
 24.3516
 4.69042
 19.2614
 10.4403
 9.38083
 12.8841
 15.9687
 14.7309
 10.3923
 25.04
 15.9374
 15.9374
 37.3898
 33.0606
 9
 10.0995
 36.3868
 2.64575
 9.64365
 26.8701
 0
 0
 6.55744
 10.4881
 33.2415
 28.9137
 23.0868
 0
 0
 12
 16.2173
 19.0526
 18.5472
 18.5472
 11.0905
 15.9374
 27.037
 12.2882
 7.93725
 30.7083
 3.31662
 3
 23.6432
 6.7082
 22.8254
 28.7228
 1.73205
 15.7797
 6.245
 0
 45.7602
 23.1517
 39.3065
 6.7082
 2.44949
 2.44949
 0
 37.9605
 19.799
 38.6911
 14.8997
 17.3205
 5.19615
 0
 31
 8.66025
 16.7332
 23.388
 34.7131
 4.3589
 39.5095
 23.3238
 15.0997
 35.1283
 35.1283
 35.819
 14
 40.7431
 13.9642
 13.9642
 0
 6.78233
 37.51
 5.47723
 37.7094
 37.7094
 13.1529
 11.6619
 29.8998
 24.0624
 21.9773
 8.94427
 16.4621
 15.906
 15.906
 27.4591
 5.19615
 5.09902
 21.9317
 28.0179
 11.3137
 29.9333
 1.73205
 0
 0
 17.1464
 6
 26.1534
 9.79796
 9.79796
 19.975
 10.4403
 36.3731
 7.34847
 0
 0
 26.4197
 15.1327
 16.7332
 40.2368
 33.7935
 9
 40.5956
 35
 35.9583
 40.3361
 17.3781
 28.4077
 35.9444
 11.2694
 39.3573
 14.9666
 0
 28.9137
 13.9642
 9.8995
 33.8674
 33.2566
 0
 22.2261
 19.9249
 19.0263
 26.8887
 5.74456
 28.4429
 5.47723
 3.74166
 14.1067
 26.3818
 33.8526
 7.34847
 13.4536
 6
 29.3939
 24.454
 10.3923
 7.81025
 0
 0
 24.4745
 13.2288
 32.909
 5.19615
 0
 24.2281
 20.5913
 39.6485
 16.6132
 0
 0
 0
 43.1393
 9.84886
 41.1947
 31.0322
 31.0322
 31.0322
 36.3731
 46.1194
 36.7151
 17.8606
 17.8606
 0
 36.8917
 28.6356
 44.2606
 15.9687
 29.7153
 34.2491
 19.0788
 16.1555
 0
 0
 24.2281
 22
 25.2785
 9.64365
 9.64365
 32.6956
 8.66025
 11
 11.3137
 11.3137
 35.7351
 3.4641
 6.08276
 16.5227
 0
 0
 0
 0
 32.7872
 16
 17.5499
 15.0333
 17.2627
 24.6171
 8.60233
 18.9209
 13.1149
 11.2694
 0
 0
 19.2094
 21.4476
 15.1327
 32.2335
 32.2335
 0
 0
 31.8904
 32.0156
 44.3509
 7.4162
 7.4162
 0
 0
 0
 45.5522
 20.3224
 36.6606
 36.6606
 0
 0
 38.8973
 46.6798
 37.7624
 17.4642
 0
 0
 0
 31.8904
 36.5787
 11.0905
 30.545
 0
 0
 0
 26.3249
 21.095
 17.3781
 26.2298
 26.2298
 0
 0
 0
 0
 12.49
 34.0588
 7.14143
 12.4097
 0
 0
 0
 37.6962
 2.82843
 13.8924
 13.7113
 0
 0
 0
 19.9499
 35.8329
 21.4243
 24.5561
 0
 0
 0
 18.5742
 9.79796
 17
 30.3315
 0
 14.8661
 15.6844
 23.4307
 20.347
 15.5242
 23.7276
 30.8707
 29.0172
 36.6742
 39.2938
 36.0555
 20.6155
 37.9473
 50.2096
 38.8973
 21.3307
 0
 0
 39.6863
 35.1994
 17.5784
 38.9358
 22.6936
 0
 0
 25.923
 29.6816
 17.4356
 31.9687
 26.0576
 15.4919
 29.3428
 14.3875
 22.8692
 27.258
 15.3297
 34.9142
 9.38083
 2.82843
 26.4386
 0
 34.9285
 24.3721
 14.9332
 18.5472
 18.5472
 0
 0
 11.0905
 30.1828
 20.0499
 23.4521
 16.1245
 16.1245
 0
 0
 0
 0
 15.9687
 19.7484
 19.4936
 28.0179
 20.8567
 0
 0
 29.5973
 15.9687
 29.6648
 11.225
 11.225
 0
 0
 36.9188
 37.9868
 20.6155
 23.7065
 46.0217
 37.1618
 35
 25.7294
 36.8917
 32.6956
 39.1024
 18.7883
 0
 0
 0
 26.1151
 30.3315
 22.1359
 41.9762
 27.7849
 14.8997
 34.2199
 12.083
 0
 33.3017
 10.583
 27.313
 17.5784
 20.8567
 35.171
 24.3311
 28.4781
 22.6495
 9.27362
 15.6205
 32.4037
 0
 0
 15.5242
 16.5831
 20.025
 26.9072
 26.9072
 21.7715
 28.6531
 27.8029
 18.7617
 18.7617
 0
 0
 0
 23.7065
 38.6005
 16.5831
 36.647
 36.647
 36.647
 41.4849
 42.8019
 20.3224
 25.7294
 25.7294
 25.7294
 42.8836
 36.7967
 34.7563
 22.9129
 22.9129
 0
 28.0179
 22.2486
 32.5576
 42.9418
 41.9881
 14.5602
 26.096
 15.1658
 15.1658
 4.47214
 40.0375
 33.8821
 12.2882
 0
 20.3961
 34.8855
 28.688
 25.1992
 16.4621
 34.1028
 24.3311
 20.8087
 14.9332
 14.7648
 28.6182
 9.8995
 29.1204
 22.9565
 24.3311
 18.3848
 23.3666
 24.5561
 41.4729
 37.4032
 38.8973
 25.1197
 43.5546
 15.9687
 40.1497
 12.0416
 23.4094
 41.7612
 31.607
 17.8326
 28.3901
 30.5778
 26.0768
 13
 38.7814
 15.6844
 43.2088
 32.8938
 3.31662
 10.3923
 39.3065
 35.4542
 20.8327
 26.0768
 30.8221
 20.6398
 30.249
 19.1572
 17.7764
 18.735
 24.3721
 7
 27.8388
 21.7715
 15.4919
 21.0476
 5.47723
 41.7971
 33.541
 19.6214
 44.7772
 25.7294
 26.7208
 39.5727
 39.6106
 24.1868
 41.6293
 21.0713
 29.5973
 14.9332
 26.2107
 33.8821
 20.0499
 22.5832
 11.1355
 23.516
 34.3948
 9.64365
 4.24264
 38.1707
 35.7071
 40.1746
 27.7308
 15.8114
 40.3609
 34.1906
 19.105
 22.6936
 28.4605
 33.9117
 13.5647
 11.7898
 20.347
 15.843
 27.6043
 18.7617
 7.93725
 32.7109
 14.5258
 41.5452
 39.6737
 25.9422
 45.8803
 18.2209
 43.5546
 41.3521
 27.1109
 25.5734
 33.4813
 22.9565
 20.2731
 28.5132
 10.6771
 20.9523
 15.6525
 10.8167
 30.6268
 19.1311
 16.3707
 1.73205
 34.9571
 35.8469
 15.6525
 24.3926
 34.7563
 40.7308
 20
 21.7025
 12
 6.32456
 29.6142
 40.2244
 25.7294
 33.8231
 20.2485
 23.3452
 38.8458
 26.1916
 21.5174
 28.7228
 28.7228
 12.2882
 21.7025
 37.1214
 40.1497
 28.6705
 42.107
 12.1655
 36.2905
 24.2281
 20.9762
 33.0908
 16.1245
 21.7025
 13.2288
 22.2935
 15.4919
 17.4069
 4.24264
 28.0713
 32.2645
 23.4947
 26.0384
 4.24264
 39.5601
 36
 22.6053
 24.8596
 41.5812
 30.0167
 13.7477
 13.2665
 39.598
 22.561
 22
 16.8523
 29
 18.5203
 38.4708
 49.163
 43.1509
 40.3361
 22.5832
 33.8821
 45.1774
 28.8791
 43.1625
 31.6544
 40.3733
 19.5448
 31.0966
 16.5831
 16.4924
 26.9072
 14.8661
 5.38516
 8.48528
 34.0734
 25.1794
 35.7911
 26.1343
 26.7208
 33.8969
 15.6525
 14.7648
 22.5832
 1.73205
 14.8324
 0
 16.0624
 15.1987
 35.7911
 36.2353
 44.2945
 16
 16
 42.2611
 26.096
 33.9411
 26.9258
 42.8019
 16.7332
 33.8083
 23.1301
 16.8226
 17.1464
 3.31662
 31.9061
 9.69536
 21.7715
 33.8083
 21.9545
 26.0768
 29.7658
 15.6205
 21.1424
 0
 23.4947
 14
 6.9282
 29.9333
 17.5784
 14
 46.1844
 27
 10.4403
 40.4104
 40.4104
 25.9037
 42.8252
 37.108
 27.8388
 34.2637
 18.2757
 20.2978
 21.5407
 10.4403
 5.74456
 26.2488
 21.7025
 1.73205
 16.2173
 33.0908
 27.8029
 31.4006
 22.8035
 20.8087
 26.5707
 10.8167
 13.2665
 5.65685
 27.1846
 17.3781
 19.6977
 41.7373
 24.3105
 36.7287
 36.7287
 44.2493
 43.7379
 31.273
 38.4968
 38.4968
 39.5601
 23.516
 16.7332
 30.5123
 6
 2.44949
 17.4356
 6.08276
 11.3578
 11.3578
 28.8097
 26.8142
 12.6491
 37.6829
 37.6829
 26.0768
 33.8821
 5.38516
 20.6398
 0
 18.2209
 7.74597
 22.7596
 15.3623
 39.4715
 15.6844
 15.6844
 33.4216
 33.4216
 47.8853
 42.8369
 42.8369
 47.0532
 42.8602
 29.5635
 23.7065
 31.8434
 10.3923
 13.9642
 6.48074
 18.0831
 14.2127
 21.6564
 9.53939
 23.2809
 28.0179
 33.4365
 33.4365
 31.4166
 14.9666
 14.9666
 27.0555
 9.53939
 9.53939
 25.3772
 4.89898
 14.7986
 26.9444
 40.1248
 3.74166
 38.833
 38.833
 39.281
 43.4626
 27.8568
 21.7025
 36.524
 9.79796
 29.4958
 0
 28.3196
 13.8924
 11.6189
 0
 0
 1.41421
 9.32738
 23.8747
 15.1658
 29.1548
 27.1109
 31.4802
 12.2066
 26.4386
 26.4386
 3.60555
 18.5472
 18.5472
 21.587
 14.7309
 36.0278
 7.28011
 13.2665
 40.8412
 30.4302
 30.4302
 30.4302
 43.0116
 31.3209
 42.638
 16.4621
 16.4621
 16.4621
 33.5857
 8.18535
 14.3178
 14.3178
 11.225
 20.9045
 5.47723
 7.93725
 26.0576
 26.1343
 24.4949
 17.3781
 19.8494
 3.74166
 3.74166
 27.6948
 27.6948
 7.68115
 14.1421
 29.5635
 29.5635
 6.9282
 6.9282
 6.9282
 14.7986
 14.7986
 32.4037
 29.3087
 36.8511
 16.1245
 24.5967
 35.819
 1.41421
 31.6228
 27.1662
 22.1585
 14
 27.2764
 12.4097
 29.1376
 29.1376
 22.8035
 7.93725
 34.4819
 11.225
 23
 16.0312
 31.5911
 5.38516
 26.9815
 13.8924
 13.8924
 34.4238
 11.5326
 0
 34.3657
 0
 0
 30.7571
 25.318
 25.318
 19.0526
 26.7582
 26.7582
 26.4764
 5.38516
 5.38516
 16.3095
 20.6398
 8.83176
 15.4272
 15.4272
 25.3377
 14.7648
 17.0587
 10.3923
 22.561
 26.0768
 12.083
 32.3419
 32.3419
 10.5357
 21.2368
 32.8481
 15.1658
 3.4641
 27.037
 27.037
 0
 27.0555
 28.3549
 32.1403
 20.2237
 0
 0
 23.6008
 23.6008
 24.8193
 13
 20.0749
 12.9228
 9.8995
 16.1864
 1.41421
 16.2173
 21.8632
 25.5734
 21.7025
 14.2829
 13.1909
 21.8632
 14
 9.38083
 20.6882
 12.3288
 14.4914
 23.9374
 11.3137
 12.1655
