 307.005
 0
 9.64365
 14.7648
 17.2047
 17.6068
 15.1658
 21.8861
 16.3707
 13.7477
 17.3494
 18.7083
 18.4391
 16.2481
 19.105
 21.3776
 21.166
 19.6723
 21.9545
 17.2047
 12.2066
 17.8606
 20.1742
 17.8885
 18.6011
 8.544
 14.7648
 18.5472
 19.0263
 14.6969
 20.6882
 24.1454
 17.2916
 21.1187
 17.7764
 17.7764
 12.9615
 15.5885
 17.2047
 20.8327
 15.9687
 18.7083
 20.2485
 20.2485
 20.2485
 23.1301
 16.7033
 16.7033
 14.9332
 20.5913
 16.6433
 22.6495
 22.6495
 0
 0
 19.5959
 20.9762
 15.2315
 12.2066
 12.2066
 0
 0
 18.6279
 20.8806
 18.303
 12.2474
 12.2474
 10.6771
 17.4069
 19.0788
 20.9045
 20.9045
 22.1359
 20.4695
 17.4642
 23.0868
 23.0868
 22.6495
 19.799
 24.1247
 13.7477
 12.0416
 0
 45.7602
 19.6214
 25.02
 19.0788
 25.2389
 25.2389
 0
 37.9605
 16.4621
 23.1733
 18.4391
 16.7033
 16.7033
 0
 31
 18.5742
 19.6723
 17.088
 21.7486
 21.7486
 21.7945
 21.7945
 16.3401
 17.9165
 17.9165
 17.9165
 21.7025
 22.561
 21.9773
 21.9773
 21.9773
 18.9473
 19.5704
 22.1359
 11.2694
 11.2694
 22.1133
 27.5862
 14.8661
 14.8661
 24.0624
 22.891
 16.7929
 7.81025
 7.81025
 24.1454
 19.2614
 14.5602
 23.622
 20.8806
 19.4679
 24.0832
 17.0587
 0
 0
 26.0384
 15.5563
 19.5704
 19
 19
 19.2094
 19.6977
 24.3926
 15.4596
 0
 0
 19.799
 16.1864
 20.8087
 24.8998
 17.9165
 24.3721
 24.0832
 28.4429
 18.2209
 22.8473
 23.3238
 21.0238
 21.0238
 24.4949
 21.4709
 23.4307
 23.4307
 14.9666
 24.7992
 22.6053
 19.5448
 19.5448
 19.5448
 25.02
 15
 21.9317
 21.9317
 21.6795
 26.3818
 21
 14.5258
 24.454
 24.454
 24.8395
 20.6398
 25.2785
 13.7477
 21.8403
 27.2029
 18.3576
 17.088
 0
 0
 20.8806
 20.7605
 25.865
 19.6723
 19.6723
 18.6011
 21.7486
 27.4955
 19.2614
 19.2614
 0
 0
 26.6271
 22.6053
 28.7054
 19.4422
 19.4422
 19.4422
 24.8797
 29.4958
 27.2213
 23.6854
 23.6854
 0
 22.561
 22.1359
 27.037
 27.4044
 16.4924
 22.3159
 19.975
 23.8537
 0
 0
 22.7156
 18.2483
 28.3196
 26.0384
 26.0384
 27.4408
 22.6274
 23.5372
 25.1992
 25.1992
 26.9444
 22.2935
 24.5561
 24.8998
 0
 0
 0
 0
 26.1534
 26.5895
 26.3818
 27
 27
 22.7156
 25.2389
 27
 28.7576
 28.7576
 0
 0
 25.318
 29.4109
 25.632
 27.2029
 27.2029
 0
 0
 31.9374
 29.0172
 33.6006
 26.5895
 26.5895
 0
 0
 32.573
 31.3688
 26.096
 28.7228
 28.7228
 0
 0
 26.0768
 29.6311
 27.8029
 26.1725
 0
 0
 0
 26.1916
 28.6705
 24.9199
 26.9444
 0
 0
 0
 24.4131
 25.04
 27.8209
 31.241
 31.241
 0
 0
 0
 0
 32.1403
 28.0535
 29.0345
 27.0555
 0
 0
 0
 31.209
 33
 33.2265
 34.6843
 0
 0
 0
 33.1361
 26.1916
 34.0588
 34.1321
 0
 0
 0
 33.9264
 30.1828
 33.7194
 25.2389
 0
 30.1662
 32.909
 26.0768
 32.5576
 29.5635
 34.5398
 35.3977
 33.3317
 33.8969
 35.7911
 35.2562
 27.8209
 32.1559
 34.7851
 34.7707
 28.1425
 0
 0
 33.9117
 33.0908
 28.688
 33.8526
 33.8526
 0
 0
 33.8969
 33
 28.8617
 31.5119
 32.45
 33.0606
 29.5296
 33.9117
 31.607
 31.3209
 32.3265
 31.241
 33.0303
 32.2335
 28.9137
 0
 30.7571
 33.1059
 33.0908
 32.2645
 23.622
 0
 0
 32.0624
 30.7083
 33.7787
 33.0757
 33.0757
 0
 0
 0
 0
 0
 31.8748
 33.6006
 37.4566
 29.5127
 29.5127
 0
 0
 35.0143
 31.305
 36.2491
 34.8999
 34.8999
 0
 0
 36.3456
 34.7419
 30.4467
 36.8782
 35.623
 33.0303
 38.8072
 34.9428
 36.4966
 33.0757
 35.8887
 34.1467
 0
 0
 0
 34.7994
 33.0303
 35.4542
 34.7851
 34.4384
 35.623
 37.3631
 36.4417
 33.9411
 36.1386
 33.8969
 34.7994
 35.7491
 33.9706
 36.7287
 34.1174
 34.1174
 35.3129
 34.8425
 35.1426
 33.8969
 0
 0
 34.641
 34.3948
 35.6651
 31.607
 31.607
 35.0286
 35.0571
 36.1801
 36.4966
 0
 0
 0
 0
 33.1813
 37.8286
 39.1408
 35.0286
 35.0286
 35.0286
 33.9117
 36.606
 40.4351
 35.7071
 35.7071
 35.7071
 37.4032
 33.9264
 40.4228
 34.9285
 34.9285
 0
 33.8969
 34.4529
 35.609
 46.3141
 40
 39.0512
 36.1248
 36.524
 36.524
 35.7911
 37.4032
 36.9594
 34.8281
 0
 33.8821
 36.0139
 34.7851
 34.7851
 33.8969
 34.7419
 38.6005
 38.6911
 35
 37.8286
 33.0454
 38.3014
 38.4057
 36.565
 35.8329
 37.4166
 37.7624
 37.3631
 40.2368
 38.3014
 36.4829
 36.524
 40.0125
 39.1535
 35.7771
 41.0853
 36.647
 39.0896
 35.6511
 37.1483
 40.1497
 38.2099
 37.8153
 38.223
 40.8901
 36.4966
 38.2492
 36.973
 37.3765
 33.9117
 39.1024
 37.51
 34.7563
 37.3631
 36.5377
 34.9714
 37.4299
 35.5949
 38.6523
 40.8779
 33.8969
 35.2704
 37.8814
 34.7707
 38.5616
 34.8712
 33.9264
 38.5876
 39.2556
 37.7227
 36.6197
 38.3014
 34.7707
 39.1535
 38.2623
 37.5233
 35.6931
 39.9875
 39.0768
 41.1947
 36.9594
 33.9264
 35.6511
 37.0135
 39.0512
 40.5586
 36.8375
 33.9559
 35.6931
 40.9512
 35.8887
 40.8167
 38.1838
 34.7707
 40.9023
 35.6791
 37.4833
 37.7094
 37.3229
 36.7287
 39.6485
 36.3043
 36.5377
 37.3898
 40.1622
 35.4119
 40.0125
 38.4838
 39.5221
 40.0375
 39.0384
 37.51
 39.975
 37.4299
 38.2623
 39.1024
 37.6032
 38.2099
 33.0454
 36.5787
 37.3631
 34.8138
 37.6298
 35.6371
 37.8418
 36.4966
 38.4708
 38.833
 36.4555
 36.4692
 39.0896
 40.4351
 34.7419
 34.8425
 38.223
 37.5233
 34.8281
 36.0139
 38.0132
 35.3129
 35.6931
 36.5513
 37.8418
 41.7373
 35.3129
 35.7631
 41.1704
 40.3733
 36.4966
 35.4965
 39.975
 38.704
 34.7275
 37.4967
 39.975
 35.7211
 38.2361
 38.3406
 34.8425
 41.1704
 37
 36.6197
 38
 40.9634
 37.5633
 38.2099
 36.4966
 39.4462
 36.5513
 40.5216
 41.2432
 35.6931
 36.5377
 34.1467
 34.8425
 39.975
 36
 35.9861
 36.5787
 37.3765
 36.3318
 37.2961
 38.2361
 38.8458
 37.4166
 33.7935
 36.6742
 38.2884
 42.0951
 34.5977
 40.0375
 37.8286
 39.1918
 39.1918
 41.0731
 37.5899
 34.8281
 35.6931
 33.9411
 37.6165
 33.9559
 39.6737
 37.3765
 40.5093
 37.7359
 36.5787
 34.9142
 39.4462
 36.5103
 39.1663
 36.0416
 36.6197
 36.524
 36.524
 36.1525
 37.51
 33.2265
 40.05
 0
 36.3043
 37.3363
 39.4335
 37.8418
 37.4299
 36.4829
 40
 37.3363
 36.4692
 36.4829
 39.2301
 34.7563
 37.3497
 34.8138
 38.5487
 39.5601
 39.2428
 35.6651
 39.5727
 36.0971
 36.5103
 40.1248
 35.3412
 34.9857
 37.3631
 37.5233
 35.5106
 0
 36.5513
 37.3229
 36.6606
 41.4246
 36.5103
 36.7015
 38.3406
 37.1349
 35.6651
 39.5474
 37.3898
 35.805
 38.5876
 39.1535
 37.3765
 37.6165
 40.025
 38.2623
 39.3954
 39.5221
 39.9375
 41.328
 39.95
 36.1109
 36.7015
 41.845
 39.2173
 39.2301
 36.1525
 40.7185
 39.9249
 42.1426
 36.6742
 36.8375
 42.2611
 37.3497
 36.3593
 40.8289
 40.7922
 38.0263
 39.1024
 39.975
 36.8239
 39.1024
 39.1663
 39.1663
 36.0139
 39.3446
 36.7151
 36.973
 40.6079
 39.9375
 42.9651
 37.3229
 39.9625
 39.9625
 42.6028
 38.2099
 38.5746
 39.1152
 35.9861
 39.1408
 38.2623
 40.05
 37.3095
 0
 42.2729
 37.4032
 41.7013
 41.7013
 43.5316
 38.4057
 0
 41.0974
 41.6773
 39.128
 37
 37.6431
 39.1024
 36.1939
 38.2753
 38.4448
 36.0139
 38.4187
 39.3954
 36.5103
 40.5216
 39.3827
 43.1393
 39.4208
 36.0555
 37.027
 41.8091
 39.6863
 42.0714
 37.9605
 38.5487
 41.0488
 43.1856
 37.4032
 42.107
 37.921
 37.4833
 42.6146
 39.4462
 40.8412
 40.8901
 39.9625
 41.4488
 38.4057
 38.8458
 40.8289
 37.8946
 40.5956
 41.6893
 41.6893
 32.9393
 40.0375
 42.0595
 0
 0
 37.9342
 44.0114
 38.3667
 37.55
 43.1393
 38.6782
 40.939
 42.6028
 37.9868
 42.1307
 41.7971
 39.5601
 42.8836
 42.1663
 40.1622
 43.1161
 42.6497
 37.1214
 42.4146
 41.7612
 40.8901
 41.7133
 40.8412
 35.0286
 39.4335
 38.833
 39.1663
 0
 36.6742
 40.3733
 40.1373
 0
 39.281
 39.2046
 42.6028
 37.9737
 45.5192
 39.4335
 36.5787
 37.47
 38.4968
 41.509
 38.5876
 37.6431
 41.4608
 43.6463
 38.1576
 41.1096
 41.7373
 40.05
 40.025
 41.5572
 41.5211
 35.8608
 40.2492
 32.8634
 40.6694
 39.3827
 38.3927
 36.8511
 39.0512
 37.5366
 39.3827
 40.2244
 38.3667
 37.2961
 38.2623
 39.5348
 27.8029
 37.6032
 40.0375
 17.4642
 44.4297
 44.2606
 38.5227
 40.0375
 38.8844
 39.6232
 39.5854
 37.1483
 40.5832
 42
 42
 38.4578
 43.909
 19.3907
 39.3827
 41.7852
 30.2324
 34.2637
 36.647
 29.9165
 37.7359
 36.318
 31.1609
 39.4208
 35.819
 29.2062
 40.3485
 27.6225
 37.6962
 38.092
 33.5708
 38.9102
 39.2938
 37.9737
 35.9722
 35.5246
 35.5246
 30.8221
 34.4384
 29.5466
 39.9249
 36.4966
 27.5862
 38.1969
 38.1969
 34.5109
 43.1972
 39.281
 30.3974
 30.3974
 30.3974
 37.6563
 41.4005
 37.0675
 35.7491
 34.4674
 36.3731
 37.6829
 30.7896
 39.6989
 36.8917
 45.0444
 36.8646
 37.7359
 38.1969
 30.5287
 34.7707
 36.2767
 35.7071
 36.0555
 39.5221
 40.025
 36.7967
 41.497
 38.6264
