 294.399
 0
 8.18535
 5.74456
 5.19615
 5.47723
 8.18535
 10.6771
 9.32738
 10.4881
 9.69536
 8.24621
 7.34847
 10.3441
 7.81025
 8.12404
 8.12404
 9.53939
 7.14143
 11.225
 9.32738
 12.4097
 8.83176
 7.93725
 11.5326
 10.0499
 11.3578
 7.74597
 6.08276
 9.69536
 7.74597
 10.3923
 10.5357
 7.34847
 9.27362
 9.64365
 10.583
 8.544
 10.0995
 8.7178
 8.7178
 8.66025
 7.81025
 9.53939
 9.53939
 7.68115
 8.18535
 9.53939
 9.64365
 7.34847
 7.81025
 11.2694
 7.81025
 7.81025
 7.81025
 8
 11.2694
 8.66025
 7.81025
 7.4162
 7.4162
 7.4162
 13.0384
 11.5758
 7.81025
 8.66025
 7.74597
 12.2066
 10.4403
 9.27362
 9.53939
 7.74597
 9.69536
 8
 7.81025
 8.77496
 7.07107
 8
 10.0499
 11.2694
 10.3923
 7.2111
 38.8587
 45.7602
 9.27362
 10.3923
 8.66025
 7.81025
 7.74597
 31.9061
 37.9605
 8.66025
 7.14143
 8.66025
 11.2694
 7.81025
 23.2379
 31
 11.2694
 9.84886
 11.4455
 11.4018
 7
 8
 8.66025
 7.81025
 12.6095
 8.7178
 11.225
 7.81025
 8.66025
 7.81025
 9.48683
 0
 9.53939
 10.0995
 10.9087
 9.64365
 9.53939
 10.1489
 8.7178
 7.81025
 8.66025
 10.6771
 8.66025
 8.66025
 10.3923
 10.3923
 9
 7.81025
 11.225
 9.84886
 8.18535
 11.3137
 9.11043
 9.53939
 9.53939
 9.53939
 9.32738
 12.1244
 10.5357
 7.81025
 7.81025
 11.4018
 8.66025
 9.69536
 11.7898
 11.7898
 11.7898
 9.38083
 11.5326
 12.1244
 9
 9.59166
 10.4881
 8
 8.18535
 9.69536
 8.7178
 9.69536
 9.59166
 7.81025
 11.5326
 8.83176
 8.66025
 0
 7.81025
 9.69536
 12.1244
 10.5357
 7.28011
 0
 8.83176
 10.3923
 7.81025
 11.2694
 12.1244
 9
 9.53939
 9.59166
 11.3137
 7.81025
 10.7238
 9.53939
 9.59166
 12.083
 10.3923
 12.9615
 12.083
 11.2694
 0
 0
 10.3923
 11.2694
 12.2066
 7.81025
 0
 12.1244
 11.2694
 8.88819
 9.69536
 0
 0
 0
 11.4018
 12.1244
 7.81025
 10.5357
 9.53939
 0
 9.32738
 9.69536
 8.77496
 10.4403
 7
 7
 9.27362
 12.083
 10.9087
 11.4018
 7.81025
 8.66025
 11.225
 8.88819
 8.88819
 8.88819
 8.66025
 9.53939
 9.84886
 10.3923
 6.9282
 10.4403
 12.1655
 9.53939
 8.83176
 7.74597
 10.5357
 8.7178
 12.1655
 12.4097
 0
 6
 6
 6
 9.05539
 11.4018
 10.4403
 9.53939
 7.93725
 8.7178
 9.53939
 13
 8.7178
 8.77496
 8.77496
 8.77496
 9.53939
 11.225
 9.53939
 12.1655
 9.48683
 9.48683
 9.48683
 8.66025
 12.1244
 12.083
 9.59166
 10.3441
 10.3441
 10.3441
 9.59166
 11.7047
 10.4403
 11.3137
 9.48683
 9.48683
 9.48683
 11.225
 11.2694
 11.2694
 9.69536
 9.69536
 9.69536
 9.69536
 8.66025
 8.60233
 10.3923
 9.48683
 9.48683
 9.48683
 9.48683
 12.1244
 12.1244
 9.53939
 8.66025
 6.85565
 6.85565
 6.85565
 6.85565
 6.85565
 10.4403
 13.1909
 10.4403
 11.3137
 11.3137
 11.3137
 11.3137
 11.4891
 10.3923
 9.53939
 12.083
 12.083
 12.083
 12.083
 9.53939
 9.59166
 13
 9.53939
 9.53939
 9.53939
 9.53939
 12.9615
 12.9615
 11.2694
 9.53939
 9.53939
 12.1244
 11.2694
 12.1655
 9.59166
 12.1655
 8.7178
 10.4403
 11.225
 11.4018
 11.2694
 7.87401
 12.9228
 10.3923
 12.083
 10.3923
 10.4403
 10.4403
 10.4403
 11.2694
 11.2694
 10.4403
 9.53939
 9.53939
 9.53939
 9.53939
 13.0384
 12.1244
 12.9615
 8.66025
 8.60233
 12.9615
 12.1244
 13.0384
 9.53939
 8.77496
 10.4403
 9.59166
 12.1244
 11.4018
 7.81025
 7.81025
 9.48683
 12.1244
 12.2066
 12.083
 7.81025
 7.81025
 7.81025
 12.4097
 8.7178
 12.1655
 9.64365
 9.48683
 0
 0
 0
 0
 0
 12.1655
 12.9615
 12.1655
 12.9615
 7.81025
 7.81025
 7.81025
 9.53939
 13.0767
 8.66025
 11.3137
 6.9282
 6.9282
 6.9282
 7
 12.1244
 10.3923
 12.9615
 11.225
 10.4403
 9.59166
 9.53939
 8.7178
 9.53939
 8.7178
 11.2694
 11.2694
 11.2694
 11.2694
 13
 12.1244
 13
 10.4403
 13
 12.1655
 8.66025
 13.0384
 11.3137
 9.53939
 10.4881
 11.2694
 12.9615
 10.3923
 8.83176
 10.3923
 7.14143
 9.59166
 12.1655
 10.4403
 11.225
 11.225
 11.225
 9.59166
 9.59166
 12.2066
 12.9615
 12.9615
 12.1655
 11.2694
 9.53939
 12.2066
 0
 0
 0
 0
 11.3137
 7.93725
 13
 10.3923
 4.79583
 4.79583
 12.1655
 9.53939
 13
 10.3923
 9.53939
 9.53939
 11.2694
 12.1244
 12.3288
 11.3137
 10.3923
 10.3923
 13
 11.2694
 8.7178
 9.05539
 9.59166
 9.59166
 12.2066
 14.1067
 10.5357
 9.53939
 11.2694
 12.083
 11.2694
 11.2694
 12.1655
 9.69536
 8.7178
 13.0767
 13
 12.3693
 13
 12.9615
 13
 10.4403
 12.1244
 13.1149
 12.9228
 12.1655
 10.4881
 9.84886
 13
 13
 7.81025
 12.2474
 9.53939
 9.53939
 9.48683
 13.0384
 12.1655
 10.3923
 11.2694
 8.66025
 13
 11.3137
 12.1244
 9.53939
 13
 12.1655
 9.59166
 13.8564
 10.3923
 11.3137
 13
 13
 9.59166
 8.66025
 12.1655
 12.1655
 8.7178
 12.1655
 9.53939
 13
 10.4403
 10.4403
 10.3923
 12.1244
 8.7178
 12.1655
 13.0767
 13.8203
 11.3137
 8.66025
 11.3137
 12.2474
 8.66025
 13
 10.3923
 10.6771
 8.66025
 12.9615
 11.4018
 13.0384
 8.7178
 9.59166
 13
 10.4403
 12.1655
 12.9615
 10.3923
 8.7178
 11.3137
 11.3137
 10.4403
 10.3923
 7.81025
 12.1244
 12.9615
 13
 10.4881
 11.2694
 12.1655
 12.1655
 8.7178
 13
 9.59166
 11.2694
 13.0384
 9.53939
 11.2694
 13
 11.3137
 11.3137
 13.0767
 8.66025
 10.6301
 9.59166
 6.9282
 10.4403
 12.3693
 10.3923
 12.9615
 11.3137
 9.59166
 13.0384
 11.2694
 8.7178
 12.1655
 13.8564
 11.2694
 10.583
 9.53939
 11.3137
 13.0384
 12.1655
 11.225
 10.4403
 12.1655
 9.8995
 10.4403
 9.59166
 9.59166
 11.2694
 12.9615
 10.4403
 9.53939
 9.53939
 7.87401
 9.53939
 10.5357
 10.5357
 7.81025
 12.9615
 13.0767
 8.7178
 7.93725
 12.1655
 8.7178
 8.83176
 7.14143
 8.7178
 11.7473
 10.7238
 12.2066
 13
 13
 11.2694
 13
 12.9615
 12.3288
 13.0384
 12.2066
 9.59166
 11.2694
 12.1244
 9.53939
 11.3578
 13.8924
 10.583
 14.7648
 7.81025
 9.53939
 9.59166
 11.2694
 7.87401
 12.1244
 10.3923
 9.53939
 8.66025
 10.3923
 10.5357
 11.2694
 12.1244
 6.9282
 20.6155
 9.53939
 10.3923
 10.3923
 14.3178
 7.87401
 11.3137
 9.53939
 10.3441
 9.53939
 11.3137
 11.3137
 13
 10.6771
 12.9228
 13.0767
 10.3923
 13
 9.48683
 11.225
 6.08276
 9.53939
 11.3137
 11.2694
 12.1244
 12.1244
 12.1655
 9.74679
 9.53939
 9.53939
 9.59166
 10.4403
 7.81025
 9.53939
 7
 13.0384
 6.9282
 8.66025
 12.1244
 10.3923
 9.59166
 12.083
 8.66025
 12.1655
 13
 9.53939
 11.3578
 13
 7
 12.2066
 10.4403
 6.08276
 12.9615
 10.4403
 6.9282
 8.7178
 12.1244
 0
 9.53939
 8.66025
 12.1655
 6.9282
 10.4403
 12.3693
 8.66025
 7.81025
 9.84886
 6.9282
 11.225
 11.2694
 7.93725
 8.66025
 8.7178
 8.7178
 7.81025
 12.9615
 11.2694
 9.53939
 12.9615
 7.81025
 11.2694
 11.3137
 11.2694
 6.9282
 9.48683
 7.81025
 9.53939
 12.083
 7.81025
 7.81025
 11.2694
 9.53939
 6.9282
 9.69536
 11.225
 6.85565
 13
 6.9282
 12.9615
 6.85565
 6.9282
 11.2694
 9.84886
 10.4881
 8.60233
 8.7178
 7.93725
 11.2694
 12.1244
 12.1655
 11.225
 13.2288
 10.4881
 6.85565
 9.53939
 12.53
 13.8203
 6.9282
 13.0384
 12.2066
 6.9282
 11.3137
 10.3923
 10.3923
 7.81025
 10.3923
 8.66025
 7.87401
 6.9282
 8.66025
 0
 8.66025
 8.88819
 7
 6.9282
 12.1244
 7.87401
 7.74597
 12.2066
 7.2111
 9.48683
 8.83176
 9.64365
 10.3923
 11.3137
 10.4881
 7.74597
 10.3923
 7.93725
 7.93725
 6.9282
 12.1244
 5.19615
 11.225
 10.3923
 6.9282
 7.81025
 9.48683
 6
 8.66025
 8.77496
 7.74597
 5.19615
 9.84886
 6.08276
 10.4881
 4.24264
 8.7178
 6.9282
 7.87401
 7.81025
 10.3923
 10.1489
 0
 11.3578
 10.4403
 10.6771
 10.6771
 0
 11.2694
 7.74597
 8.66025
 12.1244
 5.19615
 12.083
 4.24264
 7.93725
 7.81025
 1.73205
 8.12404
 6.08276
 8.12404
 6.245
 8.66025
 3.4641
 11.2694
 6.08276
 5.2915
 6.245
 10.4881
 8.06226
 12.2066
 2.44949
 7.81025
 7.68115
 9.64365
 0
 7.81025
 8.60233
 10.5357
 0
 7.81025
 11.2694
 7.74597
 11.2694
 6
 10.4403
 10.3923
 7.81025
 9.05539
 9.53939
 7
 7.93725
 1.73205
 6.245
 6.16441
 4.24264
 2.44949
 2.44949
 6.9282
 4.3589
 3.60555
 7.74597
 8.18535
 1.73205
 4.24264
 0
 0
 5.19615
 6.9282
 2.44949
 9
 8.66025
 11.3578
 6.08276
 11.2694
 7.81025
 6
 6.9282
 4.89898
 4.89898
 3.31662
 3.31662
 3.4641
 4.24264
 2.44949
 4.3589
 3
 12.9615
 8.66025
 2.23607
 0
 2.44949
 6.85565
 9.8995
 6.16441
 6.9282
 7.74597
 3.74166
 6
 5.09902
 2
 6.9282
 5.09902
 6
 6.9282
 2.44949
 6.48074
 8.7178
 7.93725
 3.4641
 4.24264
 2.44949
 7.81025
 11.3578
 6.16441
 8.83176
 8.83176
 7.34847
 15.5885
 7.81025
 0
 8.7178
 6.55744
 2
 0
 6.55744
 6.48074
 0
 3.4641
 3.4641
 0
 1.73205
 2.44949
 0
 4.24264
 6
 5.19615
 1.73205
 1.73205
 4.24264
 6.08276
 5.47723
 3.4641
 3.4641
 0
 8.66025
 6.9282
 1.73205
 3
 2.44949
 8.12404
 3.74166
 1.73205
 5
 3.87298
