 296.742
 0
 16.2788
 12.1655
 14
 10.7238
 18.1934
 19.5448
 14.9666
 15.6205
 14.1774
 18.3576
 17.3781
 15.1658
 14.1421
 19.975
 20.8806
 13.9284
 20.8087
 13.9642
 17.088
 13.9284
 18.7617
 18.5742
 17.4069
 13.5647
 18.3848
 11.5326
 13.0384
 18.412
 17.3494
 15.7162
 19.5959
 19.1833
 15.9374
 17.2916
 17.9165
 15.3297
 19.0788
 18.9209
 17.8606
 19.2354
 19.975
 17.1172
 15.4272
 22.6495
 18.2757
 21.9089
 17.8606
 21.8403
 15.6525
 21.4476
 16.3707
 0
 0
 14.8324
 20.6398
 19.8242
 15.906
 18.0831
 0
 0
 20.5913
 19.2614
 17.8606
 16.1245
 16.1245
 19.4679
 18.303
 19.105
 19.2614
 19.105
 20.8567
 17.4356
 17.6918
 19.9249
 15.6525
 19.1311
 21.2368
 17.5499
 17.1464
 14.4568
 0
 45.7602
 20.025
 25.1396
 17.4069
 15.1658
 15.1658
 0
 37.9605
 21.7256
 21.7486
 18.3576
 15.6525
 13.9284
 0
 31
 20.2978
 19.1311
 17.5784
 20.9045
 11.7047
 23.4947
 22.5389
 20.025
 18.9473
 18.9473
 20.0749
 19.9249
 24.4949
 22.9129
 13
 13
 21.7486
 22.9565
 18.303
 18.6548
 18.6548
 17.4069
 22.8254
 20.347
 17.088
 19.975
 23.1301
 20.2731
 19.105
 19.105
 21.7256
 18.5472
 16.7033
 21.7256
 21.0238
 21.7025
 25.2785
 20.025
 0
 0
 21.7945
 20.6155
 21.4476
 19.105
 19.105
 21.7945
 19.9499
 26.0384
 18.2483
 0
 0
 19.975
 18.735
 23.6643
 25.4558
 20.4206
 21.166
 22.6495
 23.7276
 21.9545
 22.891
 20.2978
 22.9565
 22.2935
 24.5357
 22.2036
 25.02
 25.02
 22.9565
 20.8806
 25.318
 22.2486
 23.5584
 0
 21.6795
 23.0868
 23
 26.0192
 24.1039
 23.4734
 21.166
 20.199
 23.8956
 26.4386
 24.8797
 23.3666
 25.0599
 17.8885
 23.7276
 26.7582
 20.445
 20.664
 20.664
 0
 22.561
 22.9783
 25.671
 17.4069
 17.4069
 21.4942
 24.454
 25.3574
 20.1246
 20.1246
 0
 0
 25.7488
 23.7276
 27.037
 20.445
 24.1039
 24.1039
 25.6905
 28.2666
 27.7669
 24.4336
 21.166
 0
 26.6458
 25.318
 28.2312
 26.3629
 23.7065
 22.3159
 26.7769
 23.4521
 0
 0
 23.3666
 23.6008
 25.2389
 26.3629
 9.27362
 26.5895
 23.388
 22.561
 25.2785
 14.5258
 27.55
 21.4009
 23.7487
 26.8142
 0
 0
 0
 0
 27.1846
 27.4591
 23.4094
 22.2261
 22.5389
 23.4307
 21.5174
 28.0535
 24.0208
 18.8149
 0
 0
 24.4745
 25.04
 22.3159
 25.9037
 15.5885
 0
 0
 24.5764
 24.1868
 28.8791
 23.3238
 14.4568
 0
 0
 28.6531
 31.3688
 25.671
 25.2389
 25.2389
 0
 0
 28.8617
 28.0713
 27.55
 24.0624
 0
 0
 0
 25.3574
 25.632
 22.8692
 26.5518
 0
 0
 0
 28.7228
 23.1948
 26.2869
 26.0768
 25.02
 0
 0
 0
 0
 25.5539
 26.9258
 24.9399
 27.0185
 0
 0
 0
 28.3373
 27.55
 25.2982
 26.096
 0
 0
 0
 27.1662
 27.6406
 29.4788
 28.2489
 0
 0
 0
 28.7402
 24.4745
 27.2029
 26.0768
 0
 25.5147
 26.4197
 26.3059
 29.1033
 26.8887
 28.6356
 28.0713
 26.6646
 29.2233
 29.95
 28.8964
 25.318
 29.5127
 30.3645
 29.6985
 24.5561
 0
 0
 29.5296
 30.7083
 26.4008
 31.496
 25.2587
 0
 0
 31.5911
 28.0179
 26.9258
 30.315
 25.318
 29.1376
 26.3629
 29.2233
 31.1609
 26.0768
 29.6479
 28.8791
 27.9285
 27.1662
 24.4949
 0
 28.6182
 28.7402
 29.189
 27.5681
 27.5681
 0
 0
 26.1343
 28.0891
 26.9444
 28.775
 19.1311
 19.1311
 0
 0
 0
 0
 25.865
 28.5657
 31.1609
 29.1376
 20.8567
 0
 0
 28.5482
 27.7489
 29.6985
 31.257
 15.2971
 0
 0
 30.3809
 29.5804
 26.5141
 30.545
 32.249
 30.2985
 29.4618
 27.7669
 29.6985
 31.0966
 29.7321
 28.5307
 0
 0
 0
 31.3209
 28
 27.258
 31.9531
 26.4575
 30.282
 31.496
 29.2233
 29.1548
 28.3196
 28
 30.315
 32.0312
 28.8271
 30.5123
 28.8964
 26.0768
 29.1033
 30.3645
 28.5482
 30.315
 0
 0
 28.3196
 27.1846
 28.7402
 29.2233
 29.2233
 29.9165
 27.7849
 30.1993
 29.9165
 29.9165
 0
 0
 0
 28.2312
 30.5941
 32.7414
 28.8271
 21.0476
 21.0476
 30.3645
 30.8707
 33.7491
 28.3901
 18.4662
 18.4662
 31.1288
 31.8904
 32.45
 28.8617
 28.8617
 0
 31.1609
 28.2843
 29.5296
 36.0278
 35.1141
 30.6594
 28.8444
 30.8707
 30.8707
 28.775
 33.0303
 31.5753
 29.5127
 0
 29.1376
 31.8748
 30.7409
 29.1548
 29.5804
 33.4216
 28.6007
 35.1426
 28.5657
 28.3019
 30.7246
 31.3209
 31.4643
 30.8383
 28.0713
 29.6311
 31.8748
 29.5127
 32.1403
 31.4802
 31.5278
 28.4605
 31.1769
 32.7414
 33.2415
 33.5261
 28.8617
 31.1127
 32.3574
 30.1993
 32.4037
 30.282
 30.4467
 30.6757
 31.9061
 31.5911
 34.9857
 30.4959
 29.5466
 27.2764
 34.5977
 31.4802
 29.5296
 30.3315
 31.8904
 29.2575
 33.4216
 28.7924
 29.3939
 34.9714
 30.3809
 28.2489
 30.0167
 31.1448
 31.7962
 27.9821
 29.5804
 31.0966
 29.6648
 30.8545
 31.241
 31.1127
 30.6594
 31.305
 30.7409
 29.4279
 33.4216
 33.4066
 30.315
 32.7261
 30.4467
 32.665
 32.8329
 29.6985
 31.0644
 29.7489
 30.7734
 28.3019
 30.315
 30.0167
 31.1448
 34.6554
 30.6594
 27.5681
 36.1248
 32.619
 28.9137
 29.2233
 31.4802
 32.7719
 29.1204
 29.6816
 32.3728
 31.9061
 30.8221
 26.3818
 31.1127
 27.7489
 31.8277
 31.6386
 33.2114
 29.5804
 33.8674
 31.4802
 34.2053
 32.28
 32.249
 30.8221
 31.4643
 31.1127
 32.2645
 28.0713
 32.45
 32.078
 30.7896
 28.178
 28.8964
 31.0322
 28.0179
 28.7576
 34.6554
 32.4346
 29.5296
 29.189
 34.5398
 31.6228
 28.3196
 29.3598
 29.9666
 28.8444
 31.9218
 33
 29.9666
 33.4066
 25.8457
 31.5911
 33.8083
 33.2415
 28.9482
 25.5734
 34.6699
 33.2566
 29.9165
 29.1376
 33.8821
 29.4279
 34.176
 30.4138
 33.4066
 31.496
 30.1662
 31.8277
 30.5614
 31.5119
 30.1164
 34.2345
 31.0322
 31.0805
 30.3974
 30.7896
 34.0441
 29.95
 31.8748
 26.1151
 31.9061
 33.1059
 28.3373
 27.4955
 30.3974
 31.5119
 28.8964
 29.4788
 30.0666
 31.3688
 31.1769
 25.9037
 28.3196
 30.7246
 34.0881
 37.0135
 33.5708
 30.4631
 31.0966
 30.7246
 34.8281
 31.8277
 31.1609
 29.2062
 32.2335
 29.4109
 31.1288
 29.95
 28.3549
 29.9165
 32.6037
 27.6225
 28.7924
 31.3369
 29.9833
 32.4346
 28.8617
 28.3019
 31.5278
 27.8209
 28.8791
 32.5269
 23.8956
 32.4191
 0
 27.8029
 30.3315
 31.8591
 29.1376
 33.0606
 29.9165
 31.5119
 31.4643
 31.0805
 29.9165
 32.4346
 32.249
 28.775
 31.9374
 29.6985
 28.3373
 33.7787
 29.5466
 29.7489
 29.1204
 29.9833
 31.9531
 28.2843
 29.6816
 31.5436
 28.6356
 27.8747
 27.8747
 31.9531
 28.8617
 29.1376
 33.6898
 28.8617
 33.0151
 32.4654
 27.8209
 30.282
 32.2335
 30.7571
 31.1929
 32.4808
 30.4959
 30.7246
 31.9844
 30.348
 29.6816
 34.1906
 29.0861
 31.0161
 30.5614
 30.3315
 28.0179
 29.3428
 32.4346
 29.1376
 30.348
 27.8029
 29.9165
 33.0606
 30.348
 28.178
 27.2029
 31.3847
 30.3809
 29.1376
 34.322
 31.4802
 30.545
 30.2985
 33.4216
 31.0644
 31.1448
 30.3315
 27.3496
 31.496
 30.7734
 26.8514
 31.1448
 28.3196
 29.5296
 31.0322
 27.9821
 30.2655
 27.4226
 31.9061
 30.2985
 31.0966
 33
 27.1846
 29.2233
 33.7639
 27.5136
 31.0161
 0
 31.6228
 29.1376
 33.4216
 31.0966
 34.0588
 27.1477
 27.1477
 28.4781
 31.4325
 32.6343
 30.8383
 33.2716
 29.8831
 30.8058
 31.1288
 27.2947
 30.4795
 28.0179
 29.1204
 30.282
 31.0966
 30.7896
 30.3315
 28.3196
 27.2213
 28.9137
 32.4191
 30.4795
 31.3209
 27.4044
 28.1425
 31.1769
 30.5778
 27.9464
 29.3087
 27.8568
 30.348
 27.9464
 30.2655
 30.0167
 30.1993
 29.9666
 29.7153
 33.8674
 30.1993
 31.1448
 31.9218
 29.189
 28.8964
 0
 26.0576
 29.9165
 28.688
 0
 0
 26.9444
 31.8591
 29.2233
 29.3598
 32.7109
 29.0861
 31.607
 26.1151
 27.8747
 31.0805
 27.9106
 29.5466
 34.5543
 28.931
 30.4138
 31.1929
 30.3809
 26.9444
 29.1376
 29.9833
 30.2985
 30.692
 32.2955
 28.1425
 30.8707
 23.8537
 29.9666
 29.9666
 30.3315
 26.9444
 30.7896
 30.7896
 27.8388
 29.6648
 28.7924
 28.4605
 31.3528
 29.9666
 30.3645
 28.6007
 27.8568
 28.8271
 29.95
 28.688
 30.3645
 30.6757
 27.9821
 29.1548
 30.5941
 29.3258
 30.3315
 29.2916
 28.688
 25.3377
 27.8209
 28.2312
 29.2916
 27.0924
 27.9285
 27.6043
 26.9444
 29.7153
 27
 28.2135
 27.8029
 26.8887
 27.9285
 26.9444
 21.1187
 25.1992
 24.8998
 5.19615
 28.0713
 30.4302
 28.0357
 28.1247
 26.9815
 28.0357
 28.688
 20.8567
 31.1929
 27.8209
 0
 28.0357
 27.8209
 21.3542
 28.6705
 26.9258
 20
 25.1992
 23.7065
 19.7737
 23.7487
 27.1662
 20.6155
 26.3059
 26.1725
 16.1864
 26.8514
 17.2916
 26.2107
 27.1846
 24.3516
 27.6043
 26.9629
 29.7658
 26.3439
 27.313
 27.313
 19.5448
 23.4094
 26.0576
 27.2213
 22.6274
 22.6936
 27.4955
 27.4955
 26.7395
 30.7246
 27.4773
 19.4936
 19.4936
 0
 25.671
 26.4764
 25.5343
 24.5764
 27.8927
 27.1477
 24.5764
 23.0651
 26.0768
 26.9258
 32.5883
 23.9583
 31.496
 27.2764
 20.8327
 26.4197
 29.189
 26.1151
 26.0768
 27.4226
 24.6374
 26.8887
 30.1496
 24.0624
