 322.904
 0
 15.906
 6.9282
 9.79796
 27.8209
 29.6985
 24.6982
 25.0799
 7.14143
 7.14143
 17.088
 12.6095
 16.8523
 19.6469
 19.5448
 23.7908
 7.81025
 24.8193
 13.1149
 16.6733
 11.5326
 10.583
 17.8045
 8.7178
 8.18535
 22.9347
 9.27362
 16.6733
 26.4008
 21.095
 8.12404
 12.2474
 18.9473
 10.9087
 17.8885
 17.2337
 8.18535
 11.2694
 14.7309
 14.9332
 19.6469
 14.5602
 12.083
 10.4403
 18.6815
 19.2614
 19.1311
 21.4709
 19.4936
 8.544
 11.2694
 18.2483
 0
 0
 12.1244
 24.1039
 13.3041
 17.8885
 15.0997
 0
 0
 15.0333
 11.4018
 12.2882
 16.5529
 6.245
 14.6969
 9.84886
 10.9087
 11.7898
 6
 18.2209
 11.3137
 7.34847
 15.0997
 5.47723
 18.2209
 17.5784
 9.8995
 5.19615
 4.89898
 0
 45.7602
 18.6548
 21.7025
 9.21954
 13.1909
 3.4641
 0
 37.9605
 16.0624
 22.1585
 12.083
 11.8322
 6.245
 0
 31
 15.4272
 13.4536
 14.2127
 20.2731
 20.2731
 15.5563
 13.4536
 22.7376
 15.1327
 5.74456
 16.3095
 24.0624
 21.7025
 14.1067
 14.1067
 0
 12.2882
 22.9565
 14.7986
 17.9722
 17.9722
 11.7898
 14
 12.3288
 7.14143
 14.5602
 13.5277
 11.0454
 11.0454
 11.0454
 17.9165
 6.245
 11.0454
 11.6619
 19.975
 25.0799
 13.7113
 18.3848
 0
 0
 15.6205
 13.5647
 18.0555
 9.74679
 9.74679
 12.9615
 9.21954
 15.906
 7.74597
 0
 0
 12.7671
 12.0416
 15.4272
 20.7364
 13.6748
 14.2478
 13.9642
 22.1585
 14.7986
 19.0788
 8.18535
 18.9737
 17.8885
 11.7898
 17.3494
 15.1327
 0
 19.0788
 12.4097
 12.3288
 14.7309
 20.5913
 0
 14.3527
 16.1864
 12.8452
 16.1555
 15.1658
 18.5472
 7.28011
 10.0995
 27
 13.7477
 19.4422
 10.4403
 14.2127
 21.6102
 18.1108
 14
 11.7047
 23.3666
 23.3666
 0
 18.4391
 10.8167
 13.4907
 10.3923
 0
 10.583
 17.8606
 15.1658
 10.6301
 10.6301
 0
 0
 12.3288
 14.1421
 21.0238
 11.3137
 11.7047
 0
 16.8819
 18.3576
 24.5561
 20.9762
 15.906
 0
 19.2094
 17.4069
 17.8045
 12.3693
 18.3848
 14.7309
 16.8819
 13.5277
 0
 0
 12.3288
 15.3297
 13.1909
 24.1039
 24.1039
 16.2481
 15.6844
 21.6795
 15.906
 15.906
 20.199
 9.32738
 29.1548
 19.3907
 19.3907
 19.3907
 0
 0
 21.7486
 13
 19.0526
 11.3137
 11.3137
 16.1555
 11
 15.1327
 14.7309
 12.0416
 0
 0
 15.906
 12.2474
 12.8841
 13.7477
 13.7477
 0
 0
 17.2047
 11.6189
 14.7309
 16.5529
 10.9545
 0
 0
 16.6733
 18.4662
 30.6594
 14.4222
 14.4222
 0
 0
 20.4206
 20.2485
 19.5959
 13.0384
 0
 0
 0
 23.4094
 14.7986
 12.8841
 19.0788
 0
 0
 0
 16.7929
 11
 18.412
 15.0997
 12.0416
 0
 0
 0
 0
 8.94427
 15.9687
 21
 19.4422
 0
 0
 0
 19.799
 12.5698
 15.5242
 20.1494
 0
 0
 0
 16.7033
 21.5639
 28.5832
 29.5296
 0
 0
 0
 28.0891
 12.8062
 13.1909
 19.1572
 0
 14
 12.8062
 14.9332
 14.8324
 13.5277
 15.4596
 15.1658
 13.7113
 17.7482
 19
 14.6629
 21.7715
 17.8885
 20.8806
 17.8606
 33.2566
 0
 0
 18.5472
 21.4243
 18.3576
 22.2486
 12.8062
 0
 0
 16.4012
 13.9284
 10.4403
 20.9045
 12.8062
 12.9228
 12.8841
 15.1987
 19.4936
 16.3095
 17.088
 16.3707
 12.8452
 17.088
 15.5242
 0
 22.4499
 27.4591
 26.1151
 14.5602
 16.2788
 0
 0
 12.8062
 23.388
 13.5647
 29.3939
 12.2066
 0
 0
 0
 0
 0
 14
 13.5647
 29.3598
 16.8226
 12.8452
 0
 0
 14.7648
 16.7033
 13.5277
 15.1327
 14.3527
 0
 0
 19.6214
 18.3848
 15.9374
 12.4499
 21.5639
 19.1311
 15.5563
 24.8797
 19.6214
 17.9165
 18.3848
 19.6723
 0
 0
 0
 16.6433
 13.1909
 11.0905
 20.2978
 11.7047
 14.7309
 22.2711
 16.6433
 12.8452
 18.4391
 13.2288
 18.7617
 16.3095
 15.3297
 25.1794
 24.7386
 12.49
 17.5784
 14.5602
 14.0357
 22.0681
 0
 0
 15.1327
 15.3948
 25.8263
 16.8523
 16.8523
 14.8997
 13.6015
 16.8226
 24.7184
 0
 0
 0
 0
 16.1245
 19.0263
 16.8523
 19.7737
 11.7898
 11.7898
 19.6723
 21.4709
 14.5258
 20.7123
 20.7123
 20.7123
 20.4939
 19
 12.5698
 19.7484
 19.7484
 0
 18.1108
 11.7898
 15.5242
 21.6795
 26.4008
 15.1658
 13.7113
 16.7033
 16.7033
 12.8841
 22.2711
 19.0263
 12.4097
 0
 14.0357
 26.4008
 20.4695
 20.4206
 14.2478
 22.7376
 18.412
 18.7083
 15.1327
 14.7309
 19.105
 24.7184
 14.0357
 15.6525
 18.7617
 21.7256
 25.9422
 14.0357
 21.0476
 20.3224
 20.2978
 21.9089
 24.0416
 30.2159
 18.4662
 17.0587
 19.4679
 21.9089
 20.6155
 13.5277
 14
 15.906
 15.1327
 14.1067
 19.6214
 16.6433
 21.587
 17.8045
 29.6985
 14.7648
 27.1846
 23.9374
 15.0997
 26.3249
 24.6982
 15.1987
 26.7769
 20.2731
 13.5277
 22.1133
 19.799
 14.3527
 15.9374
 18.7617
 18.7083
 15.1658
 14.7309
 20.347
 18.3848
 18.412
 22.2711
 28.4429
 21.3307
 22.2261
 20.4939
 17.8606
 21.5639
 22.1133
 15.9374
 14.5602
 13.3791
 22.5389
 17.5499
 13.2288
 12
 14
 16.6132
 14.9332
 13.4164
 16.6433
 25.9037
 22.7376
 27.9643
 17.088
 26.5707
 23.9792
 17.5214
 22.8035
 22.3383
 23.3452
 14.8324
 15.9687
 17.4642
 20.6882
 15.6205
 15.4919
 15.1327
 17.8326
 19.4936
 24.3516
 22.7376
 20.1494
 25.3574
 16.1864
 22.6936
 20.2731
 18.4391
 17.3205
 20.4939
 17.8885
 21.166
 15.4919
 16.5227
 15.1658
 12.8062
 14.5258
 16
 13.2288
 12.4097
 13.1149
 24.8395
 14.7986
 17.8606
 31.209
 25.219
 20.2731
 17.5784
 15.9374
 12.0416
 15.1658
 21.0476
 25.6125
 16.3401
 19.3907
 14.8661
 18.1108
 23.0434
 21.4476
 17.0587
 18.0278
 24.3105
 17.4069
 19.0526
 23.4094
 23.1301
 16.3095
 23.3452
 17.1172
 20.2978
 21.2838
 14.3178
 15.906
 12
 20.445
 12.2882
 18.1934
 15.4919
 21.2603
 11.5326
 16.7033
 24.5967
 29.1719
 29.1719
 18.3303
 12.1655
 25.807
 22.2935
 17.9165
 15.5885
 23.9583
 12.083
 17.5214
 21.0476
 17.0587
 18.6011
 13.2288
 15.4596
 15.1987
 19.4679
 17.2916
 23.1301
 20.9045
 23.6854
 16
 23.8956
 20.2978
 22.2486
 16.7033
 22.2486
 17.8606
 21.1424
 13.2288
 15.3297
 16.6733
 17.0294
 12.083
 14.3527
 23.3238
 17.6068
 28.8444
 16.2173
 26.9072
 24.5967
 11
 20.2978
 19.0526
 13.2288
 18.3303
 0
 15.906
 18.2209
 19.2354
 20.2978
 23.622
 20.9762
 25.5147
 22.1359
 18.5203
 19
 21.4709
 22.9565
 20.0499
 22.1585
 18.4391
 14.3875
 19.4165
 18.7083
 19.6469
 15.906
 15.748
 27.074
 24.6171
 16.8523
 28.1957
 14.7986
 23
 0
 23.6643
 14.8324
 15.1658
 21.4009
 15.9374
 17.1172
 23.6432
 16.6733
 23.6854
 26.4197
 21.9545
 19.3907
 25.219
 18.0555
 19.8242
 24.1039
 15.9687
 20.0499
 19.4936
 12.8452
 21.2368
 17.5784
 14.0712
 12.8452
 19.3907
 24.1454
 17.3494
 27.5862
 23.2594
 22.8035
 24.8395
 14.3178
 20.199
 14.0357
 17.5784
 20.2237
 17.1464
 25.0599
 24.1661
 23.9792
 21.4709
 23.8956
 25.318
 19.1311
 19.4679
 13.2288
 25.2785
 16.8523
 12.8062
 19.0788
 14
 23.3666
 16.4621
 16.1864
 20.9284
 20.9284
 18.7883
 24.4745
 16.3401
 25.5539
 28.3549
 18.303
 24.8998
 27.037
 17.4642
 17.4642
 17.5784
 20.2978
 24.5153
 20
 22.9347
 15.5242
 0
 19.6469
 22.7596
 26.1151
 23.9374
 19.2873
 21.9089
 27.074
 19.1572
 17.0587
 23.4094
 20.347
 15
 15.3948
 19.2094
 20.1246
 18.2757
 13.2288
 15.6525
 21.2132
 25.2982
 15.1987
 29.4958
 21.5407
 22.1133
 26.5707
 17
 28.775
 18.7883
 16.2788
 19.799
 19.7737
 24.5357
 25.2982
 23.3666
 19.5192
 23.3666
 26.4953
 16.7332
 15.6205
 23.622
 14.7648
 23.6008
 0
 14.3527
 22.1585
 12.2066
 0
 0
 14.2829
 14.5602
 27.1846
 17.1756
 23.0651
 14.7309
 28.2489
 29.5296
 23.3238
 30.7571
 13.8924
 34.9571
 27.6043
 19.4165
 18.7083
 38.9102
 19.5959
 15.906
 28
 22.1359
 18.412
 15.5885
 24.5967
 41.9166
 25.7682
 27.074
 27.074
 0
 23.4947
 13.6748
 16.6433
 0
 18.412
 15.0333
 15.0333
 16.8523
 46.3573
 19.8242
 18.7883
 16.2788
 11.3137
 13.1909
 27.6406
 22.2935
 29.4958
 14.7309
 30.3974
 23.3666
 22.9565
 22.9565
 42.8952
 26.0192
 13.8924
 13.9642
 24.5764
 20.8567
 24.3105
 15.1987
 15.1987
 39.0384
 14.3527
 14.3527
 21.0476
 13.9642
 26.3439
 34.2199
 20.2978
 15.6525
 15.6525
 42.0357
 42.0357
 16.1245
 16.1245
 21.7715
 39.9249
 23.4094
 35.609
 29.4109
 27.258
 27.258
 27.258
 27.258
 0
 23.4521
 13.9284
 13.6748
 24.5764
 18.6011
 18.6011
 15.2971
 15.2971
 14.3527
 31.4802
 20.2731
 20.2731
 18.9737
 23.388
 23.388
 23.388
 11.2694
 11.2694
 11.2694
 11.2694
 20.2237
 32.0936
 43.5431
 43.5431
 29.7321
 29.7321
 29.7321
 11.0905
 29.5804
 29.5804
 29.5804
 1.73205
 12.9228
 12.9228
 12.9228
 22.1359
 15.1658
 14.1067
 14.1067
 0
 23.6432
 54.4518
 54.4518
 18.9737
 14.8661
 11.5758
 11.5758
 15.3623
 15.3623
 8.83176
 8.83176
 17.1172
 18.8149
 23.3024
 23.3024
 10.4881
 10.4881
 11.7898
 14.4222
 12.083
 12.083
 20.9762
 20.9762
 3.87298
