 333.747
 0
 12.8841
 7.93725
 8.60233
 32.3265
 33.8821
 29.3939
 20.664
 20.664
 9.16515
 14.9332
 17.3205
 19.6977
 22.1359
 18.2209
 26.5141
 9.32738
 28.8444
 14.0357
 8.83176
 11.6619
 6.245
 6.245
 15.3297
 7
 7
 14.1421
 20.1246
 6.85565
 18.4391
 9.84886
 13.7113
 17.5499
 11.5326
 13.7113
 10.3923
 7.68115
 9.53939
 11.4455
 12.2066
 23.6643
 14.7648
 11.6619
 11.6189
 26.4575
 20.9523
 15.3297
 15.3297
 23.3238
 23.3238
 6
 19.5192
 0
 0
 13.8564
 13.8564
 8
 12.3288
 19.0263
 0
 0
 18.6279
 15.7162
 12.3288
 6.9282
 2.44949
 14.2829
 10.1489
 13.0384
 13.9642
 2.82843
 19.799
 12.2066
 9.74679
 14.8324
 4.24264
 22.0907
 19.4165
 8.83176
 10.5357
 3.31662
 0
 45.7602
 13.4907
 28.2666
 6.9282
 10.9545
 1.41421
 0
 37.9605
 12.2474
 25.2982
 12.5698
 9.69536
 1.73205
 0
 31
 18.5742
 14.5258
 10.3923
 18.3303
 18.3303
 23.8747
 11.2694
 23.3238
 14.5602
 14.5602
 20.9045
 20.9045
 25.8263
 13.2665
 13.2665
 0
 9.21954
 27.9643
 12.2474
 18.4391
 18.4391
 16.3401
 11.2694
 7.74597
 13.1149
 14.7986
 12.3693
 12.3693
 12.3693
 12.3693
 23.3666
 9.38083
 5
 11.7898
 21.8861
 24.779
 12.083
 8.544
 0
 0
 13.4536
 9.8995
 17.8885
 7.74597
 7.74597
 9.84886
 6.9282
 24.5561
 10.4403
 0
 0
 13.2665
 11.3578
 8.48528
 22.383
 16.3707
 20.6155
 18.5472
 25.1992
 19.6469
 22.4277
 22.4277
 12.2066
 22.891
 16
 25.8844
 9.53939
 0
 7.68115
 14
 18.6279
 8.66025
 22.9347
 0
 16
 8.60233
 12.4499
 13.4907
 5.19615
 21.9089
 7.87401
 4.89898
 4.89898
 9.84886
 23.3452
 7.28011
 12.7671
 12.7671
 19.6469
 7.87401
 7.87401
 7.87401
 0
 0
 12.1244
 7.4162
 11.4018
 11.7898
 0
 12.7671
 13.0767
 21.5174
 11.7473
 0
 0
 0
 12.4097
 17.4929
 22.1585
 13.2288
 7.81025
 0
 22.383
 26
 23.4521
 22.561
 12
 0
 23.0651
 12.3693
 23.2594
 15.6205
 11.225
 8.66025
 11.4018
 13.4536
 0
 0
 7.81025
 7.81025
 14.5602
 15.3297
 15.3297
 15.3297
 1.41421
 21.7945
 25.671
 25.671
 23.6432
 5.47723
 27.4955
 27.4955
 27.4955
 27.4955
 0
 0
 23.1084
 10.4881
 10.4881
 10.4881
 10.4881
 13.2288
 8.66025
 8.24621
 13.9284
 8.66025
 0
 0
 12.1655
 9.53939
 11.2694
 9.05539
 9.05539
 0
 0
 14.2829
 17.1464
 22.2261
 22.2261
 22.2261
 0
 0
 27.2029
 28.7924
 27.9464
 20.199
 20.199
 0
 0
 22.9565
 24.1868
 20.2485
 20.2485
 0
 0
 0
 19.0526
 17.1172
 9.8995
 11.6619
 0
 0
 0
 9.59166
 10.4403
 11.2694
 7.81025
 27.5136
 0
 0
 0
 0
 12.6491
 19.0263
 14.7648
 11.7898
 0
 0
 0
 24.8596
 4.24264
 27.55
 26.3439
 0
 0
 0
 19.105
 22.1133
 32.0156
 30.8058
 0
 0
 0
 29.1376
 7.74597
 17.8326
 18.4932
 0
 9.64365
 9.53939
 11.225
 8.66025
 18.6279
 14.2478
 13.5647
 17.5784
 23.3666
 25.6515
 24.3311
 23.1084
 20.2237
 27.4591
 27.5862
 26.8328
 0
 0
 22.2486
 16.6433
 12.2474
 27.9643
 21.4709
 0
 0
 7.81025
 7.07107
 11.8322
 26.4764
 22.9783
 6.16441
 13.5277
 3.87298
 12.1655
 23.5372
 12.4097
 22.1585
 3.4641
 3.4641
 22.6053
 0
 25.807
 30.5614
 27.6043
 27.6043
 27.6043
 0
 0
 8.18535
 23.4521
 9.38083
 31
 31
 0
 0
 0
 0
 0
 9.38083
 7.14143
 32.2335
 9.59166
 17.0294
 0
 0
 18.6011
 9.32738
 23.388
 5.74456
 13.6015
 0
 0
 29.1376
 19.6977
 19.6977
 8
 28.0179
 22.8692
 24.2899
 24.2899
 27.2213
 20.4695
 28.0179
 28.0179
 0
 0
 0
 7.74597
 7.14143
 9.69536
 29.3939
 11.4018
 6.48074
 27.2397
 7.07107
 7.4162
 26.096
 6
 15.3623
 8.66025
 8.66025
 31.496
 29.7489
 23.3666
 13.1909
 8.48528
 6.9282
 22.1585
 0
 0
 11.225
 12.083
 12.083
 9.53939
 9.53939
 9.79796
 17.8885
 12.0416
 26.9815
 0
 0
 0
 0
 16.6132
 27.5862
 8.12404
 23.7065
 19.6977
 19.6977
 21.4709
 29.6648
 10.8167
 10.8167
 10.8167
 10.8167
 27.8209
 19.1311
 22.4277
 20.9045
 20.9045
 0
 10.3923
 8
 7.87401
 32.619
 31.1288
 8.544
 10.0995
 7.81025
 7.81025
 5.38516
 14.3875
 25.5147
 5.47723
 0
 2.44949
 34.9857
 16.7033
 16.7033
 6
 27.2029
 27.2029
 13.4907
 9.84886
 10.9545
 13.8924
 26.1534
 22.2935
 10.5357
 15.2971
 24.8998
 24.8998
 19.975
 30.3645
 22.4054
 25.3574
 25.3574
 30.5287
 35.2846
 20.5913
 11.3137
 11.3137
 24.454
 11.1803
 10.5357
 12.8452
 9.84886
 13.4164
 2.64575
 25.02
 6.9282
 29.1204
 21.4942
 21.4942
 6.32456
 23.6008
 32.2335
 32.2335
 32.2025
 28.3549
 7.48331
 19.6469
 19.6469
 10.6771
 17
 14.1067
 9.05539
 20.347
 11.4891
 14.7648
 9.43398
 6.08276
 29.2404
 23.3452
 28.1425
 30.0666
 31.5911
 31.5911
 27.9464
 28.0535
 22.1133
 24.1454
 24.1454
 9
 7.93725
 7.81025
 17.8885
 9.53939
 14.7309
 7.4162
 14.3527
 20.2485
 5.47723
 6.9282
 29.1376
 33.4515
 32.2335
 32.2335
 8.18535
 29.1719
 28.4077
 6.48074
 6.48074
 20.2485
 16.3707
 9.64365
 6.245
 13.1909
 15.8114
 21.3542
 12.4097
 9.74679
 22.7816
 9.21954
 33.3167
 28.0179
 28.0179
 32.9848
 24.4336
 24.1247
 29.1033
 29.1033
 19.5448
 14.9332
 24.2693
 28.4429
 10.3441
 8.544
 8.48528
 13.0384
 5.19615
 16.5831
 11.225
 3.4641
 6.85565
 36.1248
 25.9037
 15.6844
 15.6844
 33.9117
 26.2869
 26.2869
 26.2869
 8.18535
 7.28011
 23.7276
 31.8277
 15.1327
 14.4568
 13.2288
 15.7162
 30.6757
 30.6757
 16
 19.6977
 34.0588
 8.94427
 8.94427
 27.2397
 33.7639
 20.2731
 24.1454
 15.3948
 19.4936
 19.4936
 3.87298
 11.0454
 14.0712
 14.0712
 6.245
 7.81025
 4.24264
 8.60233
 4.24264
 18.412
 32.6343
 32.6343
 32.6343
 9.32738
 10.8628
 34.1906
 34.1906
 34.1906
 19.0788
 27.2397
 6.245
 6
 14.4568
 13.9642
 14.9666
 11.8322
 18.4662
 15.3623
 25.04
 11.6189
 33.8083
 30.0832
 29.1033
 23.8956
 34.8712
 34.8712
 28.178
 11.7898
 23.1733
 7.61577
 13.4164
 10.3923
 4.24264
 17.088
 6
 9.32738
 6
 31.1127
 31.1127
 34.5977
 34.5977
 34.5977
 27.7489
 27.7489
 27.7489
 16.4621
 12.3693
 15.3948
 0
 16.0935
 15.1658
 26.7955
 28
 32.1559
 32.1559
 34.7851
 28.9137
 28.9137
 13.4164
 13.4164
 25.3772
 4.24264
 15.3623
 15.3623
 13.1909
 10.0995
 10.0995
 23.3452
 7.74597
 7.74597
 36.6606
 29.1548
 29.1548
 31.496
 31.496
 27.2029
 0
 19.4165
 14
 7.4162
 28.2312
 14.7309
 10.198
 33.2114
 20.4939
 20.4939
 36.3456
 28.3373
 28.3373
 29.6479
 17.9165
 17.9165
 21.5639
 8.66025
 8.66025
 14.4222
 12.1244
 12.1244
 19.105
 19.105
 4.24264
 20.2237
 34.4238
 34.4238
 37.2693
 29.5296
 29.5296
 27
 10.8628
 10.8628
 11.6189
 22.7816
 17.0294
 19.0263
 35
 27.6767
 32.5883
 32.5883
 33.9411
 34.4238
 34.4238
 27.7489
 27.7489
 26.1343
 26.1343
 20.2485
 19.0526
 6.08276
 6.08276
 15.6205
 4.24264
 4.24264
 4.24264
 29.5127
 29.5127
 29.5127
 35.0428
 24.1454
 14.7986
 30.8383
 34.6266
 34.6266
 34.6266
 20.4939
 9.32738
 21.5639
 23.7908
 35.2136
 15.1658
 0
 27.6586
 27.6586
 34.6699
 32.7872
 18.2483
 31.8591
 30.7246
 30.7246
 18.412
 21.5174
 21.5174
 15.1987
 15.1987
 6.245
 6.245
 23.622
 6
 6
 6
 32.7567
 23.4734
 39.1791
 39.1791
 25.8844
 31.1769
 14.7648
 14.7648
 24.6982
 13
 20.3961
 31.607
 31.607
 31.607
 33.541
 33.541
 33.4515
 41.2189
 18.2757
 18.2757
 27.6767
 27.2213
 27.2213
 0
 9.53939
 22.4722
 22.4722
 0
 0
 7.74597
 14.7309
 14.7309
 10.4403
 33.0303
 33.0303
 34.6554
 34.6554
 34.6554
 37.7624
 9.21954
 21.4709
 33.2415
 25.3969
 25.3969
 40.4228
 15.9374
 17.1464
 39.2556
 30.1828
 11.2694
 11.2694
 55.8749
 55.8749
 36.524
 24.3516
 24.3516
 0
 41.2068
 7
 7
 0
 0
 0
 0
 12.49
 51.8845
 51.8845
 24.3516
 24.3516
 24.3516
 10.7703
 32.2645
 32.2645
 34.6987
 6.55744
 6.55744
 35.426
 25.3377
 25.3377
 25.3377
 36.9594
 36.9594
 36.9594
 29.7153
 29.7153
 26.4575
 15.9687
 15.9687
 15.9687
 15.9687
 15.9687
 25.318
 15.6205
 24.3311
 33.8821
 21.7256
 21.7256
 21.7256
 21.7256
 21.7256
 15.6205
 15.6205
 28.8964
 43.1972
 38.1576
 38.1576
 38.1576
 33.8231
 33.8231
 33.8231
 33.8231
 0
 25.04
 25.04
 25.04
 31.8591
 31.8591
 31.8591
 16.3707
 16.3707
 16.3707
 19.3132
 27.9821
 27.9821
 8.88819
 27.258
 27.258
 27.258
 25.2785
 25.2785
 25.2785
 25.2785
 25.2785
 40.0125
 49.0408
 49.0408
 49.0408
 0
 0
 0
 0
 0
 0
 1.73205
 15.748
 0
 0
 0
 26.0384
 20.1742
 0
 0
 0
 46.8508
 46.8508
 46.8508
 46.8508
 11.7473
 11.7473
 14.0712
 14.0712
 14.0712
 14.0712
 20.0749
 21.7945
 21.7945
 21.7945
 21.7945
 21.7945
 9.69536
 13.8924
 13.8924
 13.8924
 25.3772
 25.3772
 25.3772
