 322.904
 0
 21.8861
 9.69536
 17.5214
 43.2551
 36.9594
 30.7409
 31.607
 14.7986
 20.8567
 30.133
 22.891
 26.8514
 27.7308
 21.6795
 24.0416
 7.81025
 28.1957
 14.5258
 25.1992
 17.5499
 22.1585
 29.7321
 20.0749
 20.8567
 33.7935
 20.4206
 21.9545
 29.9165
 22.9129
 14.7648
 18.3848
 28.7054
 11.3137
 30.249
 24.9199
 17.6635
 21.1424
 25.923
 31.1609
 31.305
 23.622
 29.5804
 24.8395
 18.6548
 19.6469
 37.1618
 29.2062
 26.5518
 16.2173
 22.8035
 25.2587
 0
 0
 14.7986
 32.6343
 27.1662
 30.9516
 21.166
 0
 0
 17.8885
 17.088
 26.4197
 34.2053
 8.66025
 29.1204
 26.9444
 21.7256
 21.7256
 9.79796
 15.6525
 17.5784
 17.3781
 27.1662
 9.79796
 23.3666
 25.3574
 12.2066
 12.1655
 7.34847
 0
 49.558
 28.5307
 23.1084
 20.445
 19.8997
 7.28011
 0
 40.6694
 32.218
 32.6343
 21.2838
 25.318
 4.69042
 0
 33.1059
 29.3939
 24.4336
 28.3196
 35.8329
 35.8329
 22.9565
 31.5911
 32.6956
 24.2899
 2.44949
 22.1359
 23.4094
 25.2982
 32.1559
 32.1559
 0
 25.5734
 32.0312
 20.8567
 29.7825
 29.7825
 20.9762
 18.7083
 29.1548
 22.9347
 25.2982
 22.7376
 28.6531
 29.4958
 29.4958
 21.9317
 21.8632
 24.2899
 23.6008
 26.9815
 32.0468
 28.1247
 21.7025
 0
 0
 33.0454
 21.7486
 29.189
 21.6564
 21.6564
 31.8748
 21.2603
 24.8998
 19.1572
 0
 0
 28.4077
 25.7099
 31.6544
 33.4365
 27.1293
 27.8388
 24.7184
 37.1214
 23.8328
 24.1247
 17.72
 38.5487
 29.8831
 19.105
 28.178
 36.0416
 0
 34.5543
 23.4521
 28.3373
 30.7083
 27.074
 0
 25.5343
 36.0555
 28.0179
 30.7734
 26.1151
 24.5967
 22.7156
 25.593
 33.4365
 29.5466
 23.4734
 19.1311
 22.561
 30.8058
 30.9677
 31.241
 21.7945
 30.348
 30.348
 0
 34.9714
 26.9629
 31.0483
 21.8632
 0
 27.2397
 35.1994
 28.5657
 25.3574
 25.3574
 0
 0
 26.6458
 27.9285
 31.1609
 26.4197
 28.8964
 0
 23.4094
 22.5389
 40.4599
 28.4429
 29.7153
 0
 29.189
 38.092
 28.2135
 16.4924
 35.7351
 31.4802
 38.7298
 22.6053
 0
 0
 30.282
 32.9848
 26.1534
 41.4126
 41.4126
 26.9072
 32.1248
 38.0263
 29.5466
 29.5466
 27.258
 22.2935
 37.2961
 27.8388
 27.8388
 27.8388
 0
 0
 31.4484
 24.4336
 28.6531
 21.4942
 21.4942
 32.311
 24.0624
 32.1403
 24.3516
 26.9444
 0
 0
 29.3258
 29
 28.775
 34.1614
 34.1614
 0
 0
 32.2645
 28.8271
 33.8231
 27.8568
 27.8388
 0
 0
 23.4094
 31.8904
 37.55
 25.3772
 25.3772
 0
 0
 39.5095
 34.2345
 33.7343
 21.3307
 0
 0
 0
 41.5331
 34.5688
 26.9629
 35.0286
 0
 0
 0
 37.921
 29.5296
 37.6165
 34.1028
 34.1028
 0
 0
 0
 0
 27.8029
 29.5466
 36.9459
 38.4968
 0
 0
 0
 30.348
 26.0576
 27
 32.1559
 0
 0
 0
 25.4165
 32.7109
 35.7211
 34.9571
 0
 0
 0
 39.1408
 28.7402
 26.8887
 37.1483
 0
 34.7419
 28.7054
 34.7851
 34.2053
 28.6356
 36.5103
 34.3948
 30.5123
 29.8831
 29.5466
 35.426
 34
 34.2053
 36.1248
 30.7083
 38.1838
 0
 0
 35.4965
 38.4838
 27.8029
 41.0244
 24.4336
 0
 0
 36.6879
 34.8855
 28.6705
 41.2916
 24.454
 32.2335
 30.6431
 33.0151
 42.6028
 35.0143
 38.2361
 27.6406
 24.6982
 29.6479
 30.5614
 0
 35.4542
 34.7563
 40.8534
 24.8797
 29.3769
 0
 0
 27.9821
 35.8887
 28.7576
 37.4833
 25.6125
 0
 0
 0
 0
 0
 33.8821
 33.0151
 39.0896
 36.8511
 28.0535
 0
 0
 32.0156
 33.9264
 33.0606
 34.4384
 28.7054
 0
 0
 31.1288
 30.6268
 27.9285
 35.623
 39.3065
 34.7994
 33.2265
 31.257
 37.855
 36.565
 38.1314
 28.7402
 0
 0
 0
 36.6879
 33.2566
 27.8927
 42.2611
 31.4166
 33.9706
 45.1996
 33.8674
 28.1425
 30.692
 26.5895
 40.1746
 37.7227
 24.2487
 39.5221
 33.0757
 13.2288
 31.7175
 30.7571
 28.4605
 38.1182
 0
 0
 32.1403
 34.7563
 35.6511
 37.9342
 37.9342
 31.305
 32.0624
 35.2987
 37.0135
 0
 0
 0
 0
 26.9258
 30.3645
 34.4384
 29.9333
 17.4356
 17.4356
 34.2199
 36.6742
 36.5924
 26.9444
 26.9444
 26.9444
 41.9404
 40.6694
 36.0139
 28.6531
 28.6531
 0
 39.6358
 30.8869
 36.4555
 45.913
 48.2183
 34.7851
 34.0441
 34.7563
 34.7563
 26.3818
 48.0104
 30.282
 26.1534
 0
 23.388
 43.6463
 44.2267
 30.3645
 29.6985
 43.2435
 34.4384
 41.4367
 34.6987
 32.3728
 39.0128
 41.7373
 34.4093
 32.2025
 40.4351
 34.4384
 38.8587
 25.923
 33.4813
 40.3856
 40.2741
 27.8029
 41.0488
 47.927
 39.3573
 40.5339
 29.189
 42.3438
 42.9767
 34.2345
 37.5766
 37.4967
 33.9411
 35.9583
 39.8748
 37.3898
 43.2319
 28.6007
 44.2719
 29.9833
 50.2096
 42.638
 24.454
 33.9706
 43.6578
 32.7261
 49.8799
 32.0156
 32.45
 44.1475
 41.5211
 34.1028
 31.8904
 37.3229
 39.1535
 39.9625
 28.6356
 29.6648
 38.1838
 35.6651
 42.4971
 39.8873
 26.4008
 44.6654
 41.9762
 26.7582
 42.6028
 42.1545
 37.5233
 36.3318
 32.1559
 45.3762
 37.8286
 34.7275
 32.7567
 39.1408
 32.4191
 31.3847
 28.3196
 39.2683
 46.3033
 47.4447
 35.9026
 28.9828
 48.0208
 43.8748
 31.3847
 38.5876
 41.4729
 52.4976
 36.1525
 34.6266
 36.5377
 44.0681
 34.2345
 39.9124
 29.6816
 37.1618
 40.8779
 38.8844
 41.4367
 29.4449
 42.2137
 34.5977
 43.2666
 43.9545
 36.5377
 28.8617
 43.7035
 36.3043
 39.7366
 38.833
 39.3827
 39.4208
 34.9285
 36.1386
 30.1828
 39.1663
 31.0161
 31.9374
 47.5289
 38
 30.1993
 40.939
 43.909
 32
 31.4484
 32.0624
 32.2025
 34.7707
 41.4849
 50.9902
 36.524
 46.6798
 39.2301
 40.3113
 36.2491
 46.3789
 34.3948
 38.3536
 43.6578
 39.3192
 25.9422
 44.3058
 44.317
 27.4044
 44.1588
 35.2846
 43.9204
 37.6962
 33.4963
 36.973
 33.4664
 38.7556
 33.9411
 39.0512
 32.2645
 42.5676
 28.3373
 36.6742
 44.7437
 39.2173
 39.2173
 30.0333
 27.6586
 45.0888
 35.327
 29.4109
 35.1994
 46.6047
 33.3017
 34.1174
 49.0714
 38.2492
 38.0395
 36.9865
 35.5106
 33.7787
 33.2866
 36.8375
 41.4849
 40.0874
 31.5911
 31.5753
 42.1189
 29.3769
 42.7434
 36.8782
 46.9574
 34.8568
 42.6146
 35.5809
 38.6782
 36.5377
 35.2278
 30.8221
 29.4279
 41.2795
 29.4109
 48.9694
 32.1559
 35.327
 45.5851
 31.3528
 35
 40.0625
 36.4692
 40.7922
 0
 37.3631
 37.6962
 36.1663
 33.5559
 38.3536
 29.1376
 48.3839
 44.5309
 29.9165
 40.3856
 38.223
 47.5184
 40.025
 47.634
 41.4729
 34.8281
 37.47
 36.2767
 38.4838
 31.6386
 30.692
 48.7442
 32.2645
 33.1059
 48.2286
 34.9714
 35.1568
 0
 45.1774
 38.2361
 37.4032
 36.524
 40
 37.55
 36.4143
 36.7287
 32.218
 45.6946
 46.0543
 31.9061
 44.4297
 39.6737
 31.8748
 45.0999
 37.4833
 39.2301
 42
 35.4683
 41.2553
 36.6333
 29.5127
 34.6554
 31.5911
 46.0869
 35.426
 48.4871
 35.1568
 42.3556
 47.085
 36.1386
 37.3363
 36.2905
 36.9459
 42.5558
 37.8418
 50.4083
 36.8239
 47.2229
 33.0757
 48.4768
 48.5077
 35.9583
 45.1331
 29.7321
 47.7389
 36.9053
 35.623
 43.6578
 37.6431
 36.9324
 37.3363
 36.4829
 35.4542
 35.4542
 33.1662
 36.5513
 29.3939
 53.5444
 35.4542
 36.606
 48.239
 42.5911
 33.0151
 33.0151
 37.1349
 39.8623
 47.3181
 39.3954
 46.669
 39.128
 0
 40.4846
 38.7298
 51.1566
 48.3322
 37.3497
 45.8476
 50.2494
 37.8418
 38.223
 46.2817
 40.05
 38.1707
 32.7567
 41.6893
 44.1475
 38.8072
 31.8434
 29.4279
 32.2645
 32.2645
 29.8998
 29.8998
 35.609
 31.5119
 48.3115
 37.6431
 46.4327
 30.7571
 40.4104
 39.5854
 39.6358
 48.8467
 43.2897
 49.4267
 35.0286
 45.0888
 50.6458
 38.8587
 33.2114
 47.4868
 30.6431
 41.6293
 0
 40.2989
 33.8969
 37.2827
 0
 0
 36.7967
 36.5924
 37.0675
 26.8328
 26.8328
 28.3901
 28.3901
 40.1497
 30.7246
 30.7246
 35.819
 58.515
 47.9583
 30.348
 39.8623
 62.9603
 39.9375
 37.6431
 51.1468
 40.9145
 37.108
 33.4963
 33.9853
 66.0227
 53.563
 47.1805
 47.1805
 0
 47.3181
 29.3939
 36.8917
 0
 41.0731
 32.3574
 32.3574
 27.6586
 27.6586
 30.348
 35.6371
 26.8514
 31.1127
 33.0757
 33.0757
 38.8844
 39.7115
 33.7194
 58.7282
 48.1975
 39.1535
 39.1535
 65.1076
 51.6333
 37.5766
 35.4824
 57.3934
 40.0375
 49.8799
 35.8469
 35.8469
 65.3758
 31.4643
 31.4643
 45.3431
 30.692
 29.9165
 54.7083
 26.1534
 29.5296
 0
 47.7703
 47.7703
 47.7703
 47.7703
 35.2704
 65.3988
 45.5522
 61.8223
 52.3927
 49.7594
 0
 0
 0
 0
 0
 30.4631
 30.4631
 36.524
 32.5269
 0
 13.0384
 13.0384
 13.0384
 55.9553
 39.9249
 0
 47.1169
 33.3467
 0
 0
 0
 0
 0
 0
 40.025
 41.7852
 58.2323
 58.2323
 35.6371
 35.6371
 35.6371
 35.6371
 45.1221
 45.1221
 0
 21
 35.4683
 35.4683
 35.4683
 41.8091
 38.1838
 38.1838
 38.1838
 0
 43.5775
 73.1437
 73.1437
 34.7707
 30.9031
 23.4734
 0
 25.02
 25.02
 28.6356
 28.6356
 25.9037
 24.3311
 39.9375
 0
 37.4566
 37.4566
 19.8494
 44.3959
 30.315
 30.315
 47.3709
 47.3709
 47.3709
