 306.163
 0
 16.3707
 18.2209
 21.9773
 16.6733
 30.7896
 31.6702
 17.2627
 35.4542
 19.4165
 21.4476
 17.088
 26.3629
 33.0908
 16.1245
 18.4662
 38.833
 15.4272
 31.8591
 20.1246
 23.1948
 12.3693
 19.5959
 15.843
 23.7697
 25.6515
 27.6586
 19.6723
 33.8674
 16.8523
 36.8646
 35.426
 19.9249
 38.0789
 19.1833
 30.282
 33.2716
 20.0499
 20.8567
 20.8806
 26.4764
 20.0998
 23.8537
 19.4165
 20.2485
 18.4662
 23.4521
 34.7275
 14.8997
 38.223
 33.541
 18.412
 18.412
 18.412
 27.4773
 41.0244
 20
 20.9762
 21.1187
 21.1187
 21.1187
 38.1707
 20.8567
 20.664
 21
 25.807
 24.6171
 20.9762
 14.9666
 27.4226
 24.5967
 20.2485
 30.4138
 29.6816
 17.4069
 23.4947
 14.7648
 18.412
 42.7434
 36.6742
 24.5967
 54.0648
 49.558
 20.2978
 18.4932
 34.0588
 36.2491
 24.5153
 48.7545
 40.6694
 20.4939
 15.6525
 19.1833
 19.1833
 19.1833
 43.6692
 33.1059
 27.4773
 20.567
 15.6205
 21.1187
 22.1359
 19.7484
 20.9284
 37.6962
 13.5647
 22.1585
 16.3095
 40.2119
 19.0526
 24.98
 24.98
 0
 33.7787
 20.8567
 30.4467
 23.4734
 23.4734
 23.4734
 42.7902
 21.0238
 23.7276
 12.8841
 42.7902
 23.8537
 24.3516
 24.3516
 18.3848
 29.0345
 32.8481
 30.9839
 16.5831
 40.0125
 21.7486
 42.19
 42.19
 42.19
 21.1187
 37.4032
 22.6274
 34.3657
 34.3657
 20.8806
 24.3311
 14.5258
 23.4521
 23.4521
 23.4521
 18.6011
 19.2614
 27.0185
 11.225
 15.7162
 34.4384
 19.6469
 21.6795
 16.4012
 21.5174
 42.0951
 24.3926
 22.7156
 34.0734
 20
 28.2843
 0
 25.4165
 21.7945
 31.4484
 21.7025
 20.8806
 0
 12.53
 22.9783
 21.7486
 17.8885
 43.0929
 13.0767
 28.9482
 34.4384
 47.5395
 15.906
 20.3224
 38.6135
 43.715
 38.7943
 21.8403
 26.9258
 37.0945
 39.8873
 0
 0
 21.2838
 27.8388
 14.8661
 27.9643
 0
 11.8322
 25.0599
 15.0997
 27.2029
 0
 0
 0
 21.7715
 32.4654
 14.2829
 19.0526
 15.1987
 0
 20.9284
 19.6977
 20.2237
 42.0119
 16.6733
 16.6733
 24.2899
 27.1662
 20.4206
 38
 24.4745
 21.7715
 23.0217
 29.6648
 29.6648
 29.6648
 22.7596
 26.3249
 26.3249
 31.6544
 17.0587
 12.1655
 30.1662
 28.2312
 41.1582
 15.6525
 18.303
 43.2666
 41
 49.4065
 0
 18.1934
 18.1934
 18.1934
 22.6936
 39.4335
 37.9078
 42.0951
 25.1396
 24.3311
 32.9697
 27.7489
 33.1512
 24.6577
 24.6577
 24.6577
 26.8142
 26.8142
 17.4069
 14.3178
 25.9422
 25.9422
 25.9422
 23.0651
 20.025
 23.3238
 33.8231
 21.587
 21.587
 21.587
 19.6723
 8.88819
 44.2945
 21.4476
 22.1133
 22.1133
 22.1133
 20.347
 20.2978
 26.4953
 43.2551
 43.2551
 43.2551
 43.2551
 26.3818
 22.891
 34.2929
 28.6531
 28.6531
 28.6531
 28.6531
 26.9629
 26.9629
 24.7184
 21.7256
 0
 0
 0
 0
 0
 25.5734
 11.7047
 29.5635
 31.8904
 31.8904
 31.8904
 31.8904
 18.6548
 35.9861
 41.9285
 43.1393
 43.1393
 43.1393
 43.1393
 40.7185
 25.1595
 51.3907
 38.5616
 38.5616
 38.5616
 38.5616
 43.4166
 33.9264
 30.4467
 22.6716
 22.6716
 21.4709
 21.4709
 24.8395
 34.5832
 32.0312
 14.0357
 20.9523
 21.8632
 15.9687
 17.2047
 22.8035
 31.8591
 24.2487
 17.1172
 28.4781
 44.3959
 44.3959
 44.3959
 23.3452
 28.8444
 39.9875
 17.8885
 20.4939
 20.4939
 20.4939
 25.8844
 22.561
 21.7256
 27.8209
 19.975
 28.1957
 19.4936
 31.3528
 26.0384
 14.1421
 32.2645
 22.1359
 29.5804
 40.1995
 14.8324
 14.8324
 19.2873
 43.1972
 45
 48.2701
 15.1327
 15.1327
 15.1327
 36.4829
 26.7582
 35.6651
 53.8609
 17.8045
 0
 0
 0
 0
 0
 20.8087
 20.2731
 46.7654
 25.4165
 14.8324
 14.8324
 14.8324
 21.1424
 32.5269
 20.664
 34.8712
 15.4919
 15.4919
 15.4919
 11.7898
 14.7986
 43.0813
 18.5203
 17.8606
 24.1661
 26.4008
 47.4342
 23.3238
 28.0713
 4.24264
 42.0476
 42.0476
 42.0476
 42.0476
 27.1109
 24.3105
 20.9523
 18.0278
 12.8062
 26.8328
 26.4575
 33
 38.2884
 18.6815
 30.7083
 29.4788
 30.5778
 46.669
 19.7737
 43.9545
 14.0357
 40
 41.4729
 42.7317
 24.2693
 24.2693
 24.2693
 17.4929
 20.8567
 55.3444
 25.2982
 25.2982
 34.2053
 24
 21.8861
 51.9134
 51.9134
 51.9134
 51.9134
 51.9134
 47.3603
 14.9332
 43.4281
 22.5389
 13.2288
 13.2288
 17.5784
 18.0555
 18.0555
 52.8583
 19.4679
 19.4679
 23.1733
 29.6648
 25.593
 46.5725
 20.2731
 20.2731
 26.2679
 33.8674
 22.6936
 19.799
 13.0767
 26.5518
 17.6918
 30.0167
 14.0712
 42.7668
 27.258
 15.5885
 43.6578
 43.6578
 45.5302
 17.7764
 2.23607
 48.6826
 41.3038
 22.4054
 41.7133
 30.4795
 22.6274
 15.3948
 25.1794
 40.2492
 21.4709
 35.623
 35.623
 52.3163
 51.4879
 49.2849
 11
 20
 15.3297
 54.1202
 19.9499
 47.833
 26.8514
 25.9808
 50.7937
 25.3377
 25.2587
 23.4734
 13.2665
 23.2164
 24
 29.1033
 28.3373
 33.8083
 9.59166
 17.5784
 42.9418
 28.7402
 24.8998
 20.4939
 54.9727
 47
 25.0599
 39.1535
 32.6037
 49.0408
 26.1534
 29.6479
 21.8861
 37.1753
 22.2261
 31.607
 40.939
 18.9209
 47.9896
 17.8045
 23.8747
 54.9818
 19.105
 59.5651
 56.8067
 9.21954
 25.7876
 54.8726
 27.7308
 52.1728
 23.388
 26.0768
 38.2492
 25.5539
 28.0713
 28.0713
 32.28
 27.2764
 18.0555
 41.1704
 45.9347
 28.0535
 16.7033
 12.7671
 51.4684
 52.1632
 25.7876
 27.313
 52.4976
 42.5911
 29.3428
 34.4384
 18.2209
 37.9737
 29.95
 30.4631
 23
 19.9249
 45.4973
 24.4336
 39.0512
 10.4403
 7.93725
 7.93725
 20.8327
 52.8488
 31.305
 26.5895
 59.5231
 55.4527
 26.4008
 34.0588
 56.0803
 24.8596
 28.0357
 28.8617
 15.6205
 32.8481
 14.6969
 14.6969
 39.5095
 47.9896
 13.6015
 13.6015
 51.6043
 51.9615
 27.074
 17.8606
 51.2445
 40.9756
 32.8481
 46.4435
 29.1204
 26.3629
 25.2587
 33.3017
 33.3017
 28.2666
 10.3923
 30.8545
 43.1856
 24.8797
 21.9089
 35.2136
 56.9122
 9.27362
 29
 56.745
 29.1719
 48.5386
 38.5746
 60.2661
 47.7808
 27.4226
 33.5559
 63.616
 29.9833
 27
 38.2884
 55.8749
 49.6588
 11.225
 7.87401
 55.3444
 12.4499
 55.1725
 61.0492
 22.7816
 47.3286
 57.7062
 16.7033
 32.7261
 37.6696
 52.9906
 52.9906
 22.8473
 26.9258
 21.7025
 24.4336
 23.3452
 6.08276
 40.8779
 17.3781
 7.14143
 53.507
 52.1536
 29.5127
 60.7536
 23.388
 27.1662
 36.9324
 53.8888
 27.8029
 27.0185
 27.2764
 24.5357
 36.8511
 49.0204
 55.5968
 55.5968
 89.861
 89.861
 50.3984
 59.6741
 30.1828
 37.8418
 58.438
 24.5764
 42.3792
 21.7715
 21.7715
 26.0384
 34.322
 24.5357
 18.5742
 17.1172
 55.5338
 30.7246
 19.6977
 64.2729
 31.9531
 58.3095
 37.4566
 27.3861
 26.0384
 41.5812
 21.8403
 29.6985
 44.1701
 9
 50.5272
 55.0908
 22.1585
 62.2254
 38.2361
 31.3369
 37.4566
 62.0403
 62.0403
 33.7639
 22.6053
 48.4458
 11.0454
 29.5127
 29.4958
 17.2916
 20.2237
 54.0648
 16
 30.1662
 67.2309
 33.8083
 34.5398
 43.7493
 40.5956
 25.4362
 46.1086
 28.1603
 32.0312
 43.1393
 30.2324
 58.8897
 26.7021
 60.2163
 13.0384
 13.0384
 34.4964
 64.4903
 41.7971
 36.8917
 12.9228
 55.7763
 37.2022
 20.567
 26.5518
 21.7715
 13.4907
 44.5309
 6
 6
 30.8545
 29.5296
 48.5283
 31.5119
 31.5119
 40.5956
 56.4712
 22.6053
 31
 42.2847
 39.9249
 20.3715
 36.4966
 63.5138
 20.7123
 26.6083
 64.2962
 57.5934
 31.4325
 66.5357
 37.1618
 40.8534
 14.9666
 14.9666
 0
 23.3666
 50.1298
 35
 25.671
 6.08276
 29.5635
 0
 5.74456
 54.5894
 54.5894
 54.5894
 74.6927
 36.6879
 43.1741
 47.6445
 22.5832
 44.8107
 33.7194
 42.638
 42.1545
 27.8388
 15.6525
 23.0434
 51.7784
 69.7209
 69.7209
 69.7209
 70.7743
 70.7743
 21.4243
 21.4243
 42.5676
 22.9783
 57.6802
 22.8035
 41.497
 25.7294
 21.3073
 29.2404
 39.6232
 11.7473
 11.7473
 37.8418
 43.4396
 31.9844
 70.0857
 47.676
 26.9815
 55.2178
 55.2178
 28.6182
 36.2629
 36.0832
 0
 0
 38.7298
 19.5192
 69.282
 70.0643
 70.0643
 70.0643
 70.0643
 70.0643
 79.7245
 79.7245
 79.7245
 75.7628
 41.9524
 16.3401
 55.6776
 22.2935
 20.9284
 26.5141
 35.4119
 27.8029
 39.2938
 66.5582
 65.9697
 38.833
 49.679
 23.7697
 23.7697
 0
 48.816
 24.5967
 38.3145
 0
 27.2029
 59.1016
 21.1424
 54.1295
 54.1295
 61.3596
 19.4422
 19.4422
 42.9884
 16.3707
 16.3707
 16.3707
 25.3377
 17.6068
 60.8441
 13.4536
 32.3419
 23.4307
 20.025
 36.1525
 26.2488
 26.2488
 13.4164
 41.7852
 38.7556
 33.7787
 33.7787
 53.0471
 36.1525
 36.1525
 47.8435
 52.8488
 52.8772
 49.3761
 59.1185
 56.921
 56.921
 75.0866
 43.1277
 0
 20.1494
 24.5967
 59.5567
 23.3666
 25.2785
 40.8534
 20.8806
 0
 0
 40.2492
 0
 44.2493
 24.3516
 0
 43.7264
 43.8178
 0
 0
 41.1825
 0
 43.1509
 27
 0
 24.2074
 61.1146
 61.1146
 26.9815
 0
 0
 0
 0
 22.7816
 22.7816
 22.7816
 57.5239
 57.5239
 57.5239
 41.7373
 0
 0
 11.4018
 0
 0
 18.6548
 0
 27.1846
 46.2169
 56.205
 56.205
 56.205
 56.205
 27.2029
 40.0625
 0
 0
 22.383
 28.6356
 0
 15.9374
 26.3059
 7.68115
 7.68115
 7.68115
 7.68115
 0
 0
 29.4958
 70.3776
 70.3776
 70.3776
 70.3776
 33.9264
 33.9264
 26.5141
 0
