 306.018
 0
 17.8606
 20
 26.9258
 30.6594
 26.0576
 26.0768
 25.5539
 27
 30.4138
 32.2645
 33.1361
 28.8097
 27.1477
 31.289
 26.096
 20.9523
 25.1992
 24.8797
 22.3383
 27
 27.313
 32.187
 32.1403
 29.1033
 36.1109
 27
 26.0768
 25.2785
 25.5734
 24.7386
 27.9643
 28.3549
 22.7376
 31.5753
 30.1496
 26.4197
 30.5287
 33.4365
 35.623
 31.3528
 33.0454
 34.7851
 31.1769
 27.8029
 26.1151
 39.1791
 27
 27.9285
 27.7849
 32.4037
 25.2389
 0
 0
 27.6225
 29.7993
 29.5296
 27.2764
 29.1033
 0
 0
 30.1828
 29.5635
 30.8707
 33.0151
 21.7256
 33.2114
 35.609
 30.4631
 34.4093
 21.0238
 23.4734
 27.0555
 30.5614
 35.6371
 20
 34.7707
 27.9285
 22.0681
 26.7582
 17.5214
 0
 49.558
 31.3528
 33
 29.189
 28.2489
 16.9411
 0
 40.6694
 37.3497
 33.7343
 31.3369
 33.3916
 15.906
 0
 33.1059
 35.7211
 35.623
 33.9411
 31.6544
 14.5258
 33.8821
 39.9249
 33.3916
 32.1559
 11.4455
 26.9629
 28.9655
 28.688
 39.1152
 12.2882
 0
 35.8608
 29.3769
 33.3916
 28.0357
 11.5326
 32.28
 31.5278
 34.0881
 31.4643
 35.6371
 34.4093
 36.4692
 34.9142
 9.53939
 33.0151
 34.9428
 31.8748
 35.4542
 32.3883
 31.8119
 40.8779
 27.6043
 0
 0
 42.6146
 29.5127
 32.2335
 30.3315
 30.3315
 39.4715
 30.9839
 37.3898
 30.0333
 0
 0
 38.2099
 34.8568
 39.1152
 36.3593
 36.4966
 35.6511
 39.9249
 36.1801
 31.241
 32.9848
 29.189
 40.2865
 32.311
 32.0624
 34.2491
 42.6966
 0
 35.623
 36.7423
 40.7431
 35.8608
 30.545
 30.545
 36.5513
 40.9268
 39.1918
 39.6989
 35.2136
 36.4966
 37.0675
 36.5513
 34.1467
 41.9166
 30.4467
 31.7175
 37.1214
 29.0172
 34.0881
 42.1307
 32.0936
 31.0322
 31.0322
 0
 39.95
 36.9324
 42.6263
 33.5708
 33.5708
 37.4166
 41.0488
 41.7253
 35.7351
 35.7351
 0
 0
 40.8656
 39.1918
 37.6431
 38.2623
 40.5709
 40.5709
 32.1714
 33.0454
 40.4599
 33.7639
 36.1386
 0
 35.6511
 40.8779
 35.7771
 30.3645
 39.128
 39.9625
 46.0435
 36.3318
 0
 0
 40.8412
 39.2173
 40.1622
 46
 28.2666
 39.95
 41.2916
 41.2795
 40.6694
 28.688
 33.9264
 35.1852
 34.5254
 35.8608
 0
 23.1948
 0
 0
 35.609
 39.4462
 34.7707
 34.7707
 36.8511
 39.975
 37.7492
 44.0227
 37.1753
 34.8712
 0
 0
 38.8587
 41.7732
 41.8927
 46.1194
 29.7658
 0
 0
 42.638
 42.5441
 48.6621
 39.3192
 27.8388
 0
 0
 35.7071
 41.8569
 36.4829
 35.6931
 24.6171
 0
 0
 44.6094
 37.6298
 36.565
 34.4093
 0
 0
 0
 41.7612
 42.1545
 40.8534
 37.4566
 0
 0
 0
 46.9681
 44
 44.5197
 44.3396
 44.3396
 44.3396
 0
 0
 0
 42.4853
 42.7317
 43.4741
 46.2061
 0
 0
 0
 39.1152
 40.694
 39.5854
 41.497
 0
 0
 0
 37.1214
 35.7211
 38.2623
 36.0555
 0
 0
 0
 41.2189
 41.6293
 42.4146
 41.821
 0
 47.3181
 43.0581
 44.0114
 49.1019
 43.9545
 50.7839
 47.8017
 46.1086
 41.6653
 40.8779
 51.2738
 39.0512
 41.7253
 42.5911
 43.4166
 34.6843
 0
 0
 42.7083
 42.5793
 39.3065
 47
 35.0143
 0
 0
 49.1528
 46.076
 43.4396
 46.9361
 35.1426
 46.0543
 43.7721
 47.8748
 52.5167
 44.3396
 50.3786
 39.1535
 39.6106
 39.8497
 39.1918
 0
 39.1535
 36.8646
 44.3058
 37.9605
 36.524
 0
 0
 41.9404
 39.9875
 41.6053
 38.923
 29.9833
 0
 0
 0
 0
 0
 47.5605
 47.4658
 42.3202
 45.5961
 32.7872
 0
 0
 48.9898
 45.3982
 49.5076
 49.366
 27.3496
 0
 0
 42.6146
 41.7971
 40.5339
 52.3832
 43.8064
 41.7732
 50.4282
 37.4299
 45.6399
 45.1885
 49.6085
 41.2189
 0
 0
 0
 49.0204
 45.3321
 43.5201
 49.163
 46.465
 48.9796
 51.6527
 47.8644
 44.0568
 40.8901
 43.0929
 49.548
 51.1175
 37.9737
 42.6028
 38.4968
 19.0526
 44.2832
 45.9021
 43.6921
 43.4396
 0
 0
 46.8615
 49.7393
 40.1123
 47.2123
 47.2123
 45.913
 48.8057
 48.9387
 45.0888
 0
 0
 0
 0
 41.0366
 43.4626
 50.01
 41.0731
 19.2614
 19.2614
 41.6653
 42.8369
 54.5711
 38.5876
 13
 13
 48.6929
 47.8435
 55.6687
 41.8091
 6.08276
 0
 0
 47.0532
 48.0104
 57.6628
 53.3573
 49.558
 48.0625
 50.02
 6.08276
 42.6263
 54.0185
 41.7133
 43.4396
 0
 38.3014
 44.6878
 53.0377
 40.5463
 44.2832
 49.548
 45.3872
 55.2359
 49.2341
 47.4342
 47.592
 47.8644
 49.689
 47.55
 52.4309
 43.5431
 46.9894
 43.5201
 43.4741
 52.1344
 48.9387
 38.8973
 42.9651
 52.192
 47.833
 57.0789
 40.8779
 49.548
 51.6527
 50.1298
 55.2087
 50.4183
 49.0612
 51.4004
 52.1824
 52.2781
 52.1824
 41.821
 45.0666
 45.1885
 53.0094
 46.2601
 41.1704
 41.2795
 48.8672
 47.0213
 53.0471
 44.0227
 48.4974
 57.1314
 50.1398
 48.621
 48.949
 52.1536
 51.1859
 53.3385
 46.2277
 43
 51.3809
 47.7703
 48.2079
 44.3396
 39.2046
 50.9019
 49.6185
 41.6413
 48.1975
 54.6626
 50.4579
 55.4346
 47.5605
 53.9351
 51.9904
 51.1566
 50.6162
 56.0714
 46.1302
 46.7226
 44.6206
 52.2303
 48.0833
 53.4603
 42.391
 42.1189
 53.1037
 48.7237
 44.8219
 45.3762
 48.8979
 55.0908
 51.0098
 50.1498
 51.4976
 55.3173
 49.6991
 53.5257
 46.6369
 51.3323
 54.6535
 45.1885
 49.8799
 42.4617
 45.5302
 51.7011
 48.1871
 53.0943
 49.7996
 43.8862
 53.1131
 48.9285
 52.0192
 51.449
 54.827
 54.6992
 51.4976
 51.4296
 44.0454
 56.2672
 47.6025
 48.6004
 51.517
 56.4712
 43.4626
 43.2435
 48.6621
 45.8585
 44.6094
 46.4112
 50.3488
 49.7594
 50.774
 51.8941
 50.8724
 55.7943
 52.8867
 54.5802
 46.9255
 55.1815
 49.4166
 52.469
 49.99
 53.5537
 41.5933
 49.9099
 51.6333
 42.7551
 49.051
 51.788
 49.4571
 48.6313
 49.7293
 50.6261
 52.5262
 51.6914
 51.9134
 52.6308
 48.4149
 53.2916
 46.6047
 50.5964
 49.7795
 41.6293
 57.1927
 43.2782
 44.3734
 47.8748
 44.2832
 44.7437
 49.1833
 50.3786
 50.3389
 48.4665
 54.4977
 53.2165
 51.6624
 51.1273
 49.6185
 50.2593
 47.7912
 54.4151
 47.3392
 48.8979
 42.7902
 50.3686
 49.8999
 42.4853
 48.0104
 49.9199
 50.8429
 48.2701
 52.2303
 51.449
 53.9166
 50.07
 51.643
 48.7545
 45.5412
 48.775
 43.9204
 48.9081
 45.3542
 42.7902
 48.7032
 48.0312
 47.0319
 50.892
 50
 55.0545
 55.0545
 50.9117
 51.9615
 47.8435
 46.4758
 43.6692
 42.0476
 50
 49.0714
 43.4166
 48.7032
 49.7896
 50.04
 49.6588
 54
 53.6377
 49.4874
 52.1249
 49.4267
 48.0208
 46.7868
 45.111
 49.7494
 42.4735
 46.2925
 48.8569
 49.5177
 45.9891
 45.9891
 49.6085
 53.4322
 51.2055
 49.5076
 54.3231
 52.0673
 41.833
 49.6488
 45.3321
 50.2494
 50
 45.9239
 48.4768
 50.6261
 45.0666
 49.8999
 51.5655
 51.2152
 55
 51.2738
 52.1249
 50.9215
 45.4973
 50.9902
 46.2061
 50.0799
 47.3709
 48.3011
 45.8585
 50.2892
 52.3355
 52.1249
 49.4571
 50.4975
 51.3128
 52.8299
 50.6261
 55.0545
 48.5798
 55.1271
 47.244
 52.5547
 50.4083
 49.366
 54.7723
 43.9545
 50.03
 52.0673
 52.8204
 55.6417
 52.5167
 52.1057
 51.9808
 49.7695
 48.1871
 44.911
 50.309
 47.9687
 47.1169
 50.9411
 44.7437
 50.5272
 50.774
 50.6458
 48.9285
 48.9285
 52.3927
 50.9019
 54.7449
 51.9519
 53.6936
 53.4696
 53.4696
 51.4101
 51.5558
 52.0096
 51.8363
 52.6023
 53.0283
 49.7896
 50.0999
 51.303
 50.9902
 51.0196
 52.5452
 48.8876
 54.3139
 56.4447
 51.3323
 48.1768
 45.0666
 47.085
 47.085
 49.4065
 49.4065
 49.7192
 44.6094
 50.705
 51.8941
 51.9615
 47.4342
 54.8452
 52.6878
 51.303
 50.9706
 52.0865
 54.0278
 50.5964
 50.07
 55.6507
 52.144
 48.816
 51.3128
 47.5605
 49.6991
 0
 0
 49.4267
 53.7401
 53.7401
 53.7401
 51.0979
 55.2901
 48.6107
 47.0956
 47.0956
 47.4447
 47.4447
 47.8539
 41.7373
 41.7373
 50.309
 48.1871
 54
 42.5911
 54.5619
 51.1371
 51.1371
 50.2295
 48.1144
 55.5788
 51.672
 51.9423
 50.5371
 52.4976
 51.9615
 53.1507
 51.8459
 51.8459
 51.303
 45.0666
 52.4309
 52.4309
 53.0471
 48.2597
 53.9444
 45.0777
 45.0777
 46.3465
 50.8429
 42.8019
 49.224
 48.7442
 48.7442
 49.4773
 54.8544
 49.4469
 52.2972
 50.8724
 49.163
 58.4808
 53.3573
 50.1896
 54.754
 48.6004
 58.6345
 48.5386
 51.3907
 49.1833
 49.0204
 51.6914
 46.0109
 48.7032
 48.9592
 47.0106
 37.8946
 45.5851
 42.4028
 45.8585
 45.8585
 45.8476
 46.7868
 46.7868
 49.5177
 47.8644
 51.1859
 46.2601
 51.8845
 47.8226
 53.8516
 53.8516
 45.6618
 49.7996
 0
 0
 45.2769
 45.2769
 47.6445
 45.1331
 45.1331
 27.2947
 45.0888
 45.0888
 43.1625
 49.1223
 49.1223
 47
 44.5646
 44.5646
 43.7836
 43.7836
 42.0476
 45.1331
 48.2494
 49.4672
 43.4626
 50.5767
 48.4355
 42.3438
 42.3438
 27.8029
 27.8029
 38.2361
 47.0319
 47.0319
 39.3954
 50.1896
 50.1896
 44.3509
 55.2811
 52.3355
 52.3355
 52.3355
 52.3355
 52.915
 50.2096
 50.2096
 40.2741
 39.0384
 40.8656
 40.8656
 35.242
 36.2905
 44.7214
 36.0139
 35.4824
 38.7427
 47.7284
 47.7284
 47.1381
 47.7074
 34.6121
 50.3984
 46.2493
 48.9081
 49.6286
 49.6286
 49.6286
