 0
 0
 6
 10.8167
 14.2127
 17.2627
 11
 9.11043
 13
 14.7648
 20.2731
 16.6433
 17.5214
 15.0333
 14
 14.3178
 10.583
 11.6619
 9.64365
 14.9666
 9.64365
 17.1464
 13.2288
 15.843
 18.3576
 17.5784
 19.8242
 17.088
 15.0997
 8.88819
 10.7238
 13.0384
 11.2694
 12.4097
 12.3288
 16.6733
 15.1658
 18.5742
 16
 16.5227
 20
 14.9666
 19.4936
 20.9045
 17.5499
 12.8452
 12.3693
 20.025
 11.8322
 10.3923
 17.1464
 13.2288
 11.2694
 0
 7.14143
 18.4391
 13.1909
 15.0997
 14.0712
 14.1421
 0
 7.93725
 16
 16.3707
 15.1327
 19.2873
 6.9282
 17.4642
 19.9499
 16
 20.9762
 7.07107
 10.0499
 13.2665
 15.9374
 20.8806
 8.18535
 20.0499
 10.4403
 9.21954
 12.7671
 7.14143
 0
 11.8743
 13.9284
 15.1987
 17.8885
 17.7764
 8.12404
 0
 6.7082
 19.2094
 14.8661
 17.8606
 19.4936
 6.9282
 0
 6.48074
 18.412
 20.8567
 18.412
 15.9374
 7
 14.5945
 20.0499
 15.906
 16.4621
 5.19615
 9.53939
 13.4907
 9.69536
 19.975
 6.08276
 0
 16
 11
 20.3224
 12.8841
 4.58258
 19.8746
 11.6189
 18.5472
 18.7083
 21.1187
 16.5831
 19.975
 20.8327
 4.24264
 14.8324
 19.8494
 18.1934
 19.2873
 13
 12.4499
 21.1187
 10.3923
 0
 2.64575
 24
 14.2127
 13.2665
 18.9737
 4.24264
 20.664
 18.5472
 17.088
 17.8606
 0
 3.31662
 22.2935
 19.8242
 18.2757
 15.1658
 19.9249
 15.7162
 18.9209
 16.8226
 13
 12.083
 13
 20.8567
 13.4536
 15.4596
 13.1149
 21.8403
 0
 16.6733
 21.0238
 18.4391
 16.8819
 10.4403
 0
 20.9762
 21.7025
 18.3848
 16.5227
 14.3875
 18.1384
 18.7083
 19.0788
 14.1067
 17.3781
 9.84886
 13.2665
 18.4391
 14
 14.5258
 20.025
 15.6525
 14.8997
 0
 0
 19.9499
 19.0263
 21.2132
 21.1424
 0
 21.2132
 20.1246
 21.2132
 20.0749
 0
 0
 17.3781
 17.3781
 18.6548
 13.9284
 21
 19.0788
 0
 10.583
 8.88819
 16.2788
 13.2665
 16.5227
 0
 12.3288
 21.1187
 10.9545
 12.8841
 19.2873
 19.1572
 22.8254
 20.5183
 0
 15.6205
 20
 20
 21
 20.664
 20
 18.9473
 20.6155
 20.8567
 17.088
 16.5529
 13.1149
 17.3494
 13.1909
 13.0384
 0
 15.6844
 0
 16.7631
 13.8924
 16.8523
 15.3948
 15.906
 15.3948
 19.9499
 20.2978
 19.5192
 18.5472
 17.0587
 0
 17.1464
 18.1108
 20.4695
 21.1424
 22.8473
 16.0312
 0
 15.2643
 20.6398
 19.975
 21.7486
 19.2614
 18.2209
 0
 14.4222
 12.083
 15.7162
 14.2127
 13.9284
 15.8745
 0
 10
 20.8327
 14.8324
 14.8997
 16
 0
 0
 11.7047
 19.1572
 20.2978
 21.4243
 16.3401
 0
 19.6214
 7.4162
 22
 23.0651
 21.6795
 20.025
 20.025
 0
 0
 15.2643
 5.65685
 20.4695
 17.9722
 21.095
 21.2603
 0
 0
 13.6015
 13.8924
 14.8324
 15.6525
 16.4012
 0
 0
 9.43398
 13.4907
 13.0767
 11.7047
 11.6619
 0
 0
 7.54983
 15.6205
 19.0788
 17.4642
 19.975
 0
 23.3666
 18.4391
 21.7025
 22.1585
 20.1494
 23.4307
 20.8806
 20.8567
 14.7309
 13.0384
 23.4307
 16.7033
 17.5784
 15.9374
 15.6205
 14.1421
 0
 11
 17.1464
 17.1172
 19.105
 20.3224
 12.1244
 0
 11.7898
 21.7025
 21.3073
 22.561
 21.166
 12.1655
 20.1494
 21.4942
 21.4009
 24.3721
 19.1833
 23.388
 15.5885
 14.9332
 14.7309
 15.6205
 0
 15.7797
 11.6619
 17.5214
 14.1774
 13.2665
 0
 13.4536
 19.0263
 15.6205
 18.2483
 15.4596
 14.2478
 0
 0
 0
 9.11043
 13.8924
 22.8035
 21.7256
 14.2478
 21.7486
 15.6844
 0
 7.4162
 22.0907
 20.3715
 21.7025
 21.4243
 14.8324
 0
 6.9282
 14.7986
 14.7309
 17.4069
 24.8395
 17.8885
 16.7929
 22.6716
 15.4272
 18.735
 19.2094
 21.8861
 17.9165
 0
 16.7929
 0
 20.9045
 20.9045
 21.0238
 22.5389
 23.1733
 21.5174
 23.388
 20.2978
 17.9165
 15.6205
 19.0526
 22.1585
 22.6495
 13.5647
 16
 13.4907
 21.4009
 18.6011
 18.6279
 18.5742
 17.6918
 0
 10.8167
 20.9523
 25.219
 14.8324
 22.561
 6.7082
 20.9523
 22.8473
 21.1896
 19.0263
 0
 0
 23.388
 6.9282
 17.3781
 13.9284
 19.8242
 14.9666
 22.9129
 5.19615
 15.6205
 15.5563
 23.622
 15.4596
 3.4641
 1.41421
 21.9317
 22.5389
 25.2587
 17.8045
 7.81025
 0
 23.4307
 24.1454
 21.7025
 25.0998
 22.6053
 21.7486
 22.9783
 21.4009
 3.87298
 17.8045
 26.0192
 13.8924
 18.4662
 0
 12.2882
 18.3848
 25.2982
 14.7986
 18.5472
 21.7256
 20.4939
 23.4947
 21.9773
 21.7715
 22.5832
 20.199
 21.7025
 21.3542
 24.6982
 17.8326
 18.3848
 18.4391
 13.8924
 22.5832
 21.166
 16.8226
 17.1464
 23.0868
 21.4476
 26
 17.8885
 20.8567
 23.4307
 24.454
 25.4558
 22.561
 21.7715
 23.0868
 22.6274
 23.3666
 22.2486
 14.1421
 17.8326
 20.4695
 23.0868
 19.5192
 16.1245
 13.5647
 20.8806
 19.8242
 23.1301
 18.412
 22.5389
 23.516
 24.3105
 22.9565
 20.6398
 23.7065
 23.388
 26.3629
 20.2237
 13.9642
 23.4947
 20.8567
 20.6155
 17.8885
 15.5242
 23.7487
 22.2711
 18.0831
 21.7486
 22.561
 22.5832
 24.4745
 22.2711
 23.6008
 22.8035
 24.6982
 23.3666
 26.7769
 18.303
 22.1811
 18.5203
 24.3926
 21.095
 24.8797
 15.0333
 17.2627
 21.8174
 21.1424
 19.6214
 20.4695
 20.9045
 29.1548
 24.454
 23.1517
 22.0227
 25.219
 21.1187
 27.1477
 20.2731
 23.6008
 24.1661
 15.6844
 19.4936
 18.7083
 17.1464
 22.7596
 20.7364
 23.8956
 21.587
 18.7617
 25.1794
 23.6008
 23.6643
 24.3105
 25.318
 26.1534
 25.3377
 24.1039
 17.8606
 26.5707
 22.1811
 21.5174
 22.9347
 25.219
 18.4391
 18.412
 19.5192
 16.7631
 19.6977
 21.0476
 23.3452
 24.2899
 22.561
 25.3574
 22.5167
 27.2764
 26.3818
 25.7099
 14.7648
 25.3377
 22.4277
 27.5318
 19.4165
 23.7276
 17.8606
 22.8035
 21.4243
 19.2354
 21.0238
 23.1301
 23.6432
 20.9045
 24.6577
 21.7486
 25.2587
 23.9792
 22.9347
 21.7715
 20.6398
 27
 20.8806
 22.1359
 21.4942
 16.8226
 26.9444
 20.2731
 20.8327
 20.347
 19.6469
 19.975
 20.8806
 23.6008
 24.5357
 22.1359
 28.3901
 23.1733
 22.9783
 26.8142
 22.7376
 23.1517
 14.7986
 24.1039
 18.3303
 21.2838
 16.8819
 25.6125
 18.303
 18.6548
 21.7486
 21.8632
 24.8395
 24.5561
 23.4734
 26.0192
 25.6515
 22.6053
 23.0651
 23.3666
 21.4709
 19.5959
 19.2614
 20.9762
 20.8806
 18.303
 21.9545
 22.891
 21.5174
 22.5832
 28.4605
 24.0208
 0
 24.4336
 24.5561
 17.72
 18.9737
 14.7986
 16.8819
 22.891
 22.9783
 18.7083
 21.4942
 24.1247
 24.5967
 22
 26.1725
 26.8142
 22.8035
 20.8567
 22.9129
 19.799
 21.5174
 19.0788
 22.1811
 19.2873
 21.5639
 21.1896
 24.3105
 22.0907
 0
 21.7486
 25.0799
 25.5147
 16.5227
 26.1343
 22
 12.8452
 22
 21.7256
 20.1742
 24.0832
 20.9762
 19.8997
 22
 21.3073
 21
 22.8692
 24.2074
 23.4947
 25.2982
 24.1661
 22.5389
 20.4695
 26.4575
 21.7025
 22.1585
 22.4054
 21.4009
 23.8118
 23.516
 22.8254
 23.6854
 24.5967
 25.6515
 20.8806
 24.3721
 22.7376
 25.318
 19.6214
 25.2785
 23.2594
 24.5561
 23.622
 23.6854
 26.096
 18.8149
 22.9129
 25.8844
 25.02
 26.096
 25.7876
 24.0208
 22.3159
 23.388
 22.1585
 19.0263
 22.2486
 21.4476
 21.0713
 28.2489
 22.1811
 22.1133
 23.388
 24.8998
 25.4558
 0
 21.8632
 24.8596
 22.8254
 22.891
 23.6854
 26.4008
 0
 22.7156
 24.8193
 25.0599
 24.5764
 25.2389
 24.4131
 23.388
 24.4949
 23.622
 22.9347
 25.3574
 27.0555
 25.2982
 22.7376
 25.671
 21.7715
 25.2389
 23.7065
 24.3721
 24.3721
 25.671
 25.671
 24.8193
 24.2281
 22.2935
 22.6274
 27.0185
 23.6008
 28.3549
 24.1661
 22.6274
 24.2899
 23.4521
 26.4386
 25.04
 21.9773
 24.8596
 22.6053
 24.96
 23.8747
 20.2731
 25.0599
 0
 26.8887
 23.5584
 26.5518
 0
 0
 26.0768
 23.6008
 22.5389
 26.4197
 26.4197
 23.4094
 23.4094
 24.5967
 24.454
 24.454
 22.9347
 26.0384
 21.7256
 12.2066
 26.2298
 24.0208
 21.095
 24.9199
 23.1301
 26.2298
 24.5967
 27.9285
 19.6977
 25.04
 28.3901
 27.1662
 26.0192
 0
 23.8747
 20.3224
 25.2389
 0
 23.516
 23.1084
 24.5153
 23.7065
 23.7065
 22.1585
 22.5167
 21.8174
 27
 21.7945
 21.7945
 27.1477
 32
 19.8242
 28.8444
 24.8395
 21.3542
 28.6705
 23.4521
 25.807
 23.622
 27.037
 32.7872
 21.7715
 25.9808
 21.7025
 27.258
 26.5141
 20.5426
 26.4764
 24.3105
 24.3516
 20.9762
 23.4521
 23.3452
 25.02
 25.02
 24.4131
 25.807
 25.807
 20.2237
 20.9045
 26.4953
 22.9129
 26.7955
 23.3452
 24.2899
 24.2899
 19.2873
 20.2485
 0
 27.0555
 17.088
 17.088
 25.219
 20.9045
 20.9045
 18.2757
 25.02
 25.02
 26.8142
 21.9545
 21.9545
 30.249
 25.3574
 25.3574
 18.9473
 18.9473
 23.3238
 27.7849
 25.2785
 22.4944
 23.4307
 26.4197
 26.2679
 23.3452
 0
 14.2127
 14.2127
 20.347
 20.445
 20.445
 22.1585
 22.8473
 0
 24.1868
 22.5832
 24.3721
 24.3721
 0
 0
 26.9815
 20.9284
 20.9284
 15.8114
 22.891
 17.2047
 17.2047
 12.3288
 24.8797
 21.1424
 31.0483
 10.4403
 31.0483
 19.0526
 19.0526
 26.9815
 29.4618
 8.18535
 29.9333
 18.303
 27.2397
 26.9815
 26.9815
 26.9815
