 298.727
 0
 11.7047
 16.7033
 17.8606
 20.6398
 25.2982
 21.8174
 37.9342
 26.2869
 35.4401
 29.4449
 36.3043
 26.2488
 23.8328
 38.5616
 39.7115
 27.037
 39.2556
 31.3528
 26.9444
 33.4066
 34.9285
 33.5708
 39.2428
 26.7395
 28.9482
 23.3238
 27.2029
 18.4391
 36.3456
 22.1585
 26.5707
 32.7261
 21.0238
 30.7246
 31.3847
 27.0185
 37.7359
 32.2955
 32.249
 26.5141
 43.5201
 33.4813
 27.6948
 39.6358
 39.7492
 30.7083
 23.388
 37.5899
 29.4279
 27.6948
 41.7253
 0
 0
 30.133
 25.318
 36.8103
 32.2025
 33.7787
 0
 0
 33.2866
 35.1994
 32.249
 25.6515
 25.6515
 26.2679
 26.0576
 41.1825
 41.2553
 19.4165
 40.8289
 23.4521
 23.0868
 40.5093
 18.7083
 38.2623
 39.2428
 21.0476
 27.037
 16.5227
 0
 49.558
 35.9026
 49.7695
 33.2265
 28.2135
 28.2135
 0
 40.6694
 32.249
 48.2494
 36.8511
 32.7872
 16.6733
 0
 33.1059
 29.5973
 40.4351
 32.3265
 39.0512
 15.843
 44.587
 41.9166
 24.8797
 39.6863
 39.6863
 37.7624
 24.6374
 44.6654
 35.9305
 16.6433
 0
 27.4955
 36.8511
 32.619
 38.1445
 38.1445
 33.7343
 29.8664
 37.3095
 35.3836
 44.2606
 32.619
 33.0606
 30.8707
 30.8707
 46.2061
 27.4591
 29.4618
 40.7185
 41.2916
 25.8263
 45.1553
 21.4709
 0
 0
 44.6654
 27.6406
 36.1525
 33.3766
 33.3766
 36.3043
 37.6165
 45.8803
 31.3209
 0
 0
 42.3438
 34.7707
 36.5377
 47.4447
 38.9102
 29.189
 49.3559
 48.6929
 40.3856
 45.4643
 28.8964
 45.3542
 41.2916
 33.2415
 40.9634
 39.3319
 0
 41.1582
 40.1746
 34.0734
 39.6485
 40.694
 0
 41.0122
 39.3446
 38.8587
 34.2345
 27.0555
 46.6476
 28
 29.5635
 29.5973
 35.8329
 44.317
 26.7582
 38.7427
 25.865
 40.4722
 46.2925
 28.8791
 28.8444
 0
 0
 40.4969
 40.9878
 46.3681
 33.8821
 0
 41.8808
 40.1248
 48.949
 37.7492
 0
 0
 0
 47.8644
 32.1403
 47.9687
 42.3438
 35.819
 35.819
 40.4846
 47
 49.7896
 30.8383
 31.9531
 0
 43.5316
 45.913
 42.9418
 33.8378
 44.2606
 45.0222
 45.0888
 39.4081
 0
 0
 38.923
 41.6893
 45.5631
 38.7814
 29.1033
 50.9608
 34.4964
 33.5261
 32.1559
 25.632
 49.3255
 27.6225
 24.1247
 28.9482
 0
 0
 0
 0
 45.4643
 40.5586
 30.2159
 27.6586
 31.8748
 42.4853
 34.3948
 46.2925
 38.7169
 31.0966
 0
 0
 40.5709
 42.2137
 38.5616
 45.793
 45.793
 0
 0
 45.913
 41.2795
 54.1479
 33.7935
 33.7935
 0
 0
 47.0638
 52.2015
 30.7409
 43.1393
 43.1393
 0
 0
 0
 45.5412
 42.8252
 33.2866
 0
 0
 0
 0
 43.4971
 41.8569
 39.6485
 0
 0
 0
 48.2079
 43.8976
 41.7133
 40.5832
 40.5832
 0
 0
 0
 0
 31.5119
 48.7237
 35.9861
 37.7492
 0
 0
 0
 0
 29.6311
 28.3549
 32.6497
 0
 0
 0
 28.2843
 47.7493
 28.931
 26.6271
 0
 0
 0
 37.51
 34.6266
 36.5377
 47.9896
 0
 39.7618
 39.0128
 43.4166
 44
 39.95
 46.3141
 45.1774
 41.7373
 44.317
 48.4149
 50.1398
 33.1662
 45.8803
 47.4131
 50.9117
 33.2866
 0
 0
 43.1625
 43.9431
 41.1947
 52.6213
 26.2298
 0
 0
 47.9479
 41.7373
 45.0333
 49.8197
 25.8263
 36.5103
 46.744
 43.1161
 50.4183
 31.5278
 43.1509
 50.3786
 31.3847
 27.8029
 30.282
 0
 48.6004
 29.189
 33.3167
 30.133
 30.133
 0
 0
 35.623
 44.5758
 35.4683
 30.2159
 26.9258
 26.9258
 0
 0
 0
 0
 39.7995
 46.7868
 36.9324
 47.9792
 29.1033
 0
 0
 45.2769
 41.2553
 46.2277
 43.795
 43.795
 0
 0
 46.6798
 46.076
 33.8526
 48
 46.9894
 45.8803
 49.0306
 35.0286
 46.1952
 43.5201
 55.1906
 39.975
 0
 0
 0
 43.8634
 42.9185
 44.3509
 56.3116
 46.0652
 38.9615
 53.6377
 39.3446
 30.9516
 47.4868
 36.2215
 50.9608
 45.1442
 30.0998
 47.9166
 29.6311
 9.53939
 35.8469
 33.1964
 36.2905
 44.4072
 0
 0
 43.3013
 42.2019
 32.619
 44.8665
 44.8665
 44.238
 44.1248
 45.111
 37.5899
 37.5899
 0
 0
 0
 35.1852
 43.4396
 43.6119
 45.2548
 10.9087
 10.9087
 46.6798
 45.5631
 49.8799
 36.2491
 36.2491
 36.2491
 48.1352
 50.6063
 49.4166
 40.5832
 40.5832
 0
 0
 45.5302
 45.0666
 57.8446
 57.7148
 37.1887
 46.4758
 43.5775
 43.5775
 30.7083
 56.8507
 47.2652
 37.51
 0
 29.4958
 49.366
 53.6563
 28.9828
 37.51
 50.9019
 38.8201
 50.1099
 40.8656
 44.9555
 47.9687
 38.1314
 44.1362
 46.6798
 44.8442
 35.1283
 38.7943
 38.923
 44.1928
 51.4101
 51.0196
 36.8917
 45.5302
 45.4753
 50.9215
 49.2747
 39
 46.2709
 52.6023
 49.4773
 50.1597
 44.833
 46.4327
 42.6146
 54.4702
 45.0666
 56.4447
 45.6837
 34.5109
 37.054
 57.3149
 50.547
 28.2666
 29.7153
 49.3964
 36.7423
 52.1249
 35.623
 46.9468
 52.2972
 49.2037
 36.0278
 44.2154
 47.9375
 41.1825
 45.288
 37.0135
 47.9687
 48.6415
 38.6394
 48.6415
 36.9594
 35.1283
 51.5073
 48.5695
 38.1969
 49.9199
 44.2267
 42.9535
 46.9787
 46.1519
 53.6749
 47.7912
 47.1063
 38.1576
 48.6826
 48.949
 39.9625
 31.3847
 52.5452
 51.3517
 57.7754
 30.8545
 30.1164
 57.2713
 51.2933
 36.2629
 38.1838
 48.9592
 52.9528
 47.4974
 41.4126
 48.6313
 50.5569
 45.299
 41.8808
 40.1123
 48.6826
 44.3396
 45.2106
 48.6415
 39.3573
 46.3033
 38.092
 50.06
 47.8226
 40.5339
 39.95
 53.2916
 46.7333
 43.1045
 43.4281
 47.6655
 51.1371
 47.5395
 39.3319
 46.2385
 48.8979
 41.8091
 35.5949
 52.8299
 50.7149
 32.7567
 32.6956
 49.3761
 55.4527
 34.5109
 38.2623
 47.2652
 39.9249
 48.6929
 54.1756
 46.0109
 55.8211
 39.7744
 48.0104
 44.6542
 54.9454
 40.6202
 47.697
 47.4868
 43.1277
 34.641
 49.3964
 46.2601
 36.973
 50.6557
 37.47
 45.3652
 36.8917
 42.4264
 44.8219
 49.366
 45.7275
 40.5216
 48.6826
 41.9166
 49.3052
 33.2566
 49.1732
 52.5262
 31.9687
 49.4065
 33.2415
 55.5068
 52.1153
 35.1568
 30.2655
 55.0091
 48.5798
 45
 40.3113
 57.4369
 45.0777
 48.6415
 42.9302
 44.0341
 44.3621
 42.2374
 73.2666
 45.913
 51.6914
 35.9861
 68.8259
 46.2385
 39.9124
 51.4781
 45.4313
 50.8232
 42.4853
 51.4684
 47.3392
 43.0929
 46.0543
 48.5077
 35.0714
 39.3065
 51.3323
 31.4802
 52.144
 35.4542
 28.4077
 51.672
 39.7492
 38.1051
 48.8569
 39.3065
 42.4617
 0
 41.7253
 47.2758
 40.5216
 47.5184
 42.2019
 34.2637
 45.8258
 50.0799
 38.1314
 43.5316
 42.4028
 50.319
 39.9875
 54.3967
 46.7974
 43.4511
 46.9255
 36.8646
 44.3847
 37
 32.6037
 50.6656
 27.6767
 36.5377
 50.5371
 42.0357
 34.4529
 34.4529
 44.1362
 40.2865
 43.4511
 42.0238
 42.9069
 41.8569
 43.1161
 45.3321
 33.2566
 48.2908
 45.4863
 35.8608
 51.4976
 43.9545
 37.4566
 49.8498
 43.1277
 43.7493
 52.0384
 44
 38.6782
 46.1194
 33.2265
 41.1704
 32.5269
 49.548
 33.5559
 49.7393
 32.0156
 40.8779
 47.7912
 42.4264
 36.6606
 41.497
 41.6053
 46.3249
 42.8369
 45.0888
 42.45
 51.3712
 37.6829
 45.5082
 50.06
 38.6652
 46.1952
 37.3229
 51.8073
 41.1582
 42.0595
 56.0535
 41.9524
 38.3145
 44.0795
 43.0697
 35.2846
 35.2846
 56.648
 32.1403
 36.2629
 45.4313
 28.9655
 36.6742
 47.833
 42.2847
 38.0132
 0
 42.3556
 39.9875
 46.2925
 46.6798
 42.6263
 42.4853
 42.4853
 47.0213
 37.229
 42.4735
 50.2693
 46.2169
 44.2832
 50.06
 39.8748
 43.8178
 46.8508
 39.3827
 44.3959
 40.7922
 49.3457
 43.4051
 42.7902
 38.7169
 30.0998
 34.641
 34.641
 35.8329
 35.8329
 40.2616
 30.1164
 46.6905
 40.1497
 38.9102
 50.3885
 44.317
 47.5815
 41.5572
 42.8369
 41.1704
 47.55
 41.3884
 43.1856
 59.0593
 42.7668
 38.3927
 46.4327
 35.0286
 38.8973
 0
 48.6004
 37.47
 40.5956
 0
 0
 38.1182
 43.566
 30.692
 38.1969
 38.1969
 33.2866
 33.2866
 36.6742
 24.1661
 24.1661
 38.6135
 30.7571
 48.6107
 34.1906
 36.1109
 40.7185
 41.8927
 38.5227
 36.3593
 52.8583
 42.391
 40.4599
 62.9762
 43
 47.4025
 41.1582
 41.1582
 41.1582
 46.0435
 28.2666
 44.2945
 44.2945
 42.9185
 33.2265
 41.2553
 35.9305
 35.9305
 30.133
 46.4435
 26.4953
 34.2345
 37.3765
 37.3765
 28.1957
 55.3263
 35.7491
 34.4529
 39.3065
 41.5572
 40.4475
 41.821
 39.6989
 38.2361
 40.5586
 45.9021
 37.108
 43.8862
 35.6791
 30.7083
 44.3283
 28.7576
 34.2199
 37.9605
 32.2955
 38.9743
 25.7682
 31.3528
 29.5296
 29.5296
 25.3377
 30.9031
 30.9031
 27.6406
 44.9555
 32.6956
 33.0151
 36.2767
 34.7419
 40.694
 0
 0
 34.8712
 0
 41.821
 31.289
 0
 0
 29.3598
 0
 33.4515
 24.8998
 24.8998
 22.9783
 36.5377
 36.5377
 28.0713
 27.9821
 27.9821
 21.7486
 21.7486
 25.923
 31.1127
 36.4829
 37.1349
 44.9555
 57.8273
 34.5543
 52.3641
 52.3641
 17.1464
 17.1464
 51.0392
 34.176
 34.176
 42.4028
 42.4028
 0
 0
 0
 44.0795
 44.0795
 0
 0
 41.3763
 41.3763
 41.3763
 22.561
 43.2782
 22
 22
 26.9815
 29.4788
 29.4788
 26.2488
 22.1133
 27.6767
 30.348
 30.348
 34.7994
 34.1467
 20
 35.4824
 34.7275
 31.8904
 35.2846
 34.5543
 34.5543
