 311.822
 0
 21.7256
 21.7256
 21.7256
 21.7256
 21.7256
 29.3428
 29.3428
 24.4745
 24.4745
 24.4745
 35.426
 35.426
 35.426
 33.0757
 29.3598
 29.3598
 29.7658
 29.7658
 24.4949
 24.4949
 33.5261
 32.3883
 32.3883
 32.3883
 32.3883
 32.3883
 32.3883
 26.5895
 29.6648
 29.6648
 28.0179
 32.3265
 32.3265
 37.1349
 37.1349
 37.1349
 37.1349
 36.606
 37.5633
 37.5633
 37.5633
 36.6742
 36.6742
 36.6742
 36.6742
 41.7852
 41.7852
 41.7852
 41.7852
 35.8748
 35.8748
 0
 0
 0
 0
 34.6843
 29.9833
 29.9833
 0
 0
 0
 0
 0
 34.7707
 34.7707
 34.0441
 34.0441
 34.0441
 34.0441
 18.2757
 29.1548
 29.1548
 29.1548
 29.1548
 18.8944
 40.7185
 40.7185
 40.7185
 40.7185
 40.7185
 0
 49.558
 34.7851
 38.6523
 38.6523
 38.6523
 38.6523
 0
 40.6694
 39.8748
 38.4187
 38.4187
 38.4187
 38.4187
 0
 33.1059
 39.3319
 39.3319
 35.0571
 38.2361
 38.2361
 36.5103
 42.4146
 42.4146
 33.7787
 9.53939
 29.2916
 29.2916
 29.2916
 42.0595
 42.0595
 42.0595
 42.0595
 36.8103
 36.8103
 29.7993
 29.7993
 29.7993
 37.6962
 39.1791
 33.9264
 33.9264
 33.9264
 33.9264
 34.8568
 34.8568
 36.0971
 36.0971
 36.0971
 36.0971
 34.9428
 38.2492
 38.2492
 38.2492
 0
 0
 0
 0
 34.4093
 34.4093
 34.4093
 42.3556
 42.3556
 43.2666
 43.2666
 0
 0
 0
 0
 39.6358
 43.9431
 43.9431
 41.9881
 41.5933
 41.5933
 34.4093
 35.9861
 35.9861
 42.4264
 35.1426
 35.1426
 37.6962
 48.7032
 48.7032
 36.6333
 36.6333
 42.638
 42.638
 33.7787
 33.7787
 33.7787
 40.8534
 40.8534
 52.4881
 52.4881
 41.5933
 41.5933
 41.5933
 41.5933
 51.3615
 34.5688
 34.5688
 34.5688
 29.7489
 29.7489
 29.7489
 29.7489
 29.7489
 29.7489
 29.7489
 29.7489
 29.7489
 48.1456
 48.1456
 0
 0
 0
 49.1019
 49.1019
 49.1019
 0
 0
 0
 39.975
 43.9318
 42.0476
 40.4104
 40.4104
 35.9583
 36.8511
 44.5421
 39.064
 36.1525
 0
 38.8716
 43.3128
 39.0512
 35.623
 41.509
 44.1588
 47.9062
 47.9062
 0
 0
 44.0341
 42.6497
 42.6497
 42.6497
 42.6497
 45.7165
 45.7165
 45.2217
 45.2217
 45.2217
 45.2217
 45.2217
 38.223
 38.223
 38.223
 38.223
 0
 0
 40.5832
 40.5832
 40.5832
 40.5832
 40.5832
 42.9069
 42.9069
 42.9069
 42.9069
 34.3948
 0
 0
 44.4185
 44.4185
 44.4185
 44.4185
 44.4185
 0
 0
 0
 0
 0
 0
 0
 0
 0
 42.0951
 49.2138
 39.4462
 39.4462
 39.4462
 0
 0
 49.5782
 44.7102
 44.643
 44.643
 0
 0
 0
 46.1194
 52.0481
 52.0481
 48
 0
 0
 0
 49.7393
 49.7393
 49.7393
 54.0925
 54.0925
 54.0925
 54.0925
 54.0925
 54.0925
 53.8424
 53.8424
 53.8424
 50.6063
 50.6063
 50.6063
 50.6063
 50.6063
 46.9255
 46.9255
 46.9255
 0
 0
 0
 42.9418
 42.9418
 44.1248
 41.7732
 0
 0
 0
 0
 0
 0
 0
 0
 0
 0
 0
 0
 0
 0
 0
 0
 49.6689
 49.0612
 49.0612
 43.1625
 49.8999
 49.8999
 50.7149
 50.7149
 50.7149
 50.7149
 52.0577
 52.0577
 52.0577
 54.3599
 54.3599
 54.3599
 54.3599
 54.3599
 55.8032
 55.8032
 52.5452
 44.3509
 55.7225
 51.4879
 51.4879
 58.2838
 50.03
 56.9122
 56.9122
 56.9122
 56.9122
 43.8976
 0
 0
 0
 49.5076
 49.5076
 36.0832
 0
 0
 0
 0
 0
 48.7134
 48.7134
 0
 0
 0
 0
 0
 0
 0
 0
 0
 0
 0
 0
 0
 0
 0
 0
 0
 0
 0
 0
 49.5681
 47.2652
 47.2652
 47.2652
 51.5461
 51.5461
 51.5461
 57.9483
 57.9483
 58.8897
 58.8897
 58.8897
 58.8897
 58.8897
 58.8897
 56.5951
 56.5951
 57.7927
 57.7927
 58.3695
 62.1691
 62.1691
 62.1691
 62.1691
 62.1691
 62.1691
 62.1691
 62.1691
 62.1691
 62.1691
 25.318
 25.318
 25.318
 25.318
 51.6236
 51.6236
 51.6236
 51.6236
 51.6236
 49.8096
 56.4978
 56.4978
 56.4978
 56.4978
 56.4978
 52.0769
 52.0769
 52.0769
 52.0769
 52.0769
 50.448
 52.5262
 52.5262
 52.5262
 52.5262
 52.5262
 52.5262
 52.3737
 52.3737
 52.3737
 52.3737
 52.3737
 60.3407
 60.3407
 60.3407
 60.3407
 60.3407
 60.3407
 60.3407
 60.3407
 59.95
 59.95
 59.95
 59.95
 59.95
 59.95
 59.95
 59.95
 63.4192
 63.4192
 63.4192
 63.4192
 63.4192
 63.4192
 60.8112
 60.8112
 60.8112
 60.8112
 60.8112
 63.6003
 63.6003
 63.6003
 63.6003
 63.6003
 63.6003
 63.6003
 63.6003
 53.3385
 52.9245
 52.9245
 52.9245
 52.9245
 52.9245
 52.9245
 54.2494
 54.2494
 54.2494
 54.2494
 49.5883
 60.291
 60.291
 60.291
 60.291
 62.6418
 62.6418
 62.6418
 62.6418
 62.6418
 61.3433
 61.3433
 61.3433
 61.3433
 61.327
 61.327
 61.327
 61.327
 61.327
 61.327
 61.327
 61.327
 61.327
 61.327
 61.327
 61.327
 57.7148
 57.7148
 57.7148
 57.7148
 57.7148
 57.7148
 57.7148
 57.7148
 57.7148
 57.7148
 43.7264
 43.7264
 60.8358
 60.8358
 60.8358
 60.8358
 62.6738
 62.6738
 62.6738
 62.6738
 62.6738
 62.6738
 62.6738
 62.6738
 62.6738
 62.6738
 62.6738
 62.6738
 62.6738
 62.6738
 62.6738
 62.6738
 62.1691
 62.1691
 62.1691
 62.1691
 62.1691
 62.1691
 62.1691
 62.1691
 62.1691
 62.1691
 62.1691
 62.1691
 62.1691
 62.1691
 64.0625
 55.8122
 55.8122
 51.049
 56.7979
 56.7979
 56.7979
 56.7979
 56.7979
 56.7979
 56.7979
 56.7979
 56.7979
 56.7979
 56.7979
 56.7979
 56.7979
 59.4979
 59.4979
 59.4979
 59.4979
 59.4979
 59.4979
 59.4979
 59.4979
 59.4979
 59.4979
 59.4979
 59.4979
 59.4979
 59.4979
 59.4979
 59.4979
 64.2729
 64.2729
 64.2729
 64.2729
 64.2729
 64.2729
 65.2763
 65.2763
 65.2763
 65.2763
 63.9296
 63.9296
 63.9296
 63.9296
 63.9296
 63.9296
 63.9296
 58.0172
 56.9034
 56.9034
 56.9034
 56.9034
 56.9034
 56.9034
 56.9034
 56.9034
 56.9034
 56.9034
 56.9034
 56.9034
 56.9034
 56.9034
 56.9034
 56.9034
 56.9034
 56.9034
 56.9034
 56.9034
 56.9034
 56.9034
 56.9034
 56.9034
 56.9034
 56.9034
 56.9034
 56.9034
 56.9034
 56.9034
 56.9034
 56.9034
 56.9034
 56.9034
 56.9034
 56.9034
 51.9519
 51.9519
 51.9519
 51.9519
 51.9519
 51.9519
 51.9519
 51.9519
 51.9519
 51.9519
 51.9519
 51.9519
 51.9519
 51.9519
 51.9519
 51.9519
 51.9519
 51.9519
 51.9519
 51.9519
 51.9519
 51.9519
 51.9519
 51.9519
 51.9519
 51.9519
 51.9519
 51.9519
 51.9519
 51.9519
 51.9519
 51.9519
 51.9519
 51.9519
 51.9519
 51.9519
 51.9519
 51.9519
 51.9519
 51.9519
 51.9519
 51.9519
 51.9519
 51.9519
 51.9519
 51.9519
 51.9519
 51.9519
 51.9519
 51.9519
 51.9519
 51.9519
 51.9519
 51.9519
 51.9519
 51.9519
 51.9519
 51.9519
 51.9519
 51.9519
 51.9519
 51.9519
 51.9519
 51.9519
 51.9519
 51.9519
 51.9519
 51.9519
 51.9519
 51.9519
 51.9519
 51.9519
 51.9519
 51.9519
 51.9519
 51.9519
 51.9519
 51.9519
 51.9519
 51.9519
 51.9519
 51.9519
 51.9519
 51.9519
 51.9519
 51.9519
 51.9519
 51.9519
 51.9519
 51.9519
 51.9519
 51.9519
 51.9519
 51.9519
 51.9519
 51.9519
 51.9519
 51.9519
 51.9519
 51.9519
 51.9519
 51.9519
 51.9519
 51.9519
 51.9519
 51.9519
 51.9519
 51.9519
 51.9519
 51.9519
 51.9519
 51.9519
 51.9519
 51.9519
 51.9519
 51.9519
 51.9519
 51.9519
 51.9519
 51.9519
 51.9519
 51.9519
 51.9519
 51.9519
 51.9519
 51.9519
 51.9519
 51.9519
 51.9519
 51.9519
 51.9519
 51.9519
 51.9519
 51.9519
 51.9519
 51.9519
 51.9519
 51.9519
 51.9519
 51.9519
 51.9519
 51.9519
 51.9519
 51.9519
 51.9519
 51.9519
 51.9519
 51.9519
 51.9519
 51.9519
 51.9519
 51.9519
 51.9519
 51.9519
 51.9519
 51.9519
 51.9519
 51.9519
 51.9519
 51.9519
 51.9519
 51.9519
 51.9519
 51.9519
 51.9519
 51.9519
 51.9519
 51.9519
 51.9519
 51.9519
 51.9519
 51.9519
 51.9519
 51.9519
 51.9519
 51.9519
 51.9519
 51.9519
 51.9519
 51.9519
 51.9519
 51.9519
 51.9519
 51.9519
 51.9519
 51.9519
 51.9519
 51.9519
 51.9519
 51.9519
 51.9519
 51.9519
 51.9519
 51.9519
 51.9519
 51.9519
 51.9519
 51.9519
 51.9519
 51.9519
 51.9519
 51.9519
 51.9519
 51.9519
 51.9519
 51.9519
 51.9519
 51.9519
 51.9519
 51.9519
 51.9519
 51.9519
 51.9519
 51.9519
 51.9519
 51.9519
 51.9519
 51.9519
 51.9519
 51.9519
 51.9519
 51.9519
 51.9519
 51.9519
 51.9519
 51.9519
 51.9519
 51.9519
 51.9519
 51.9519
 51.9519
 51.9519
 51.9519
 51.9519
 51.9519
 51.9519
 51.9519
 51.9519
 51.9519
 51.9519
 51.9519
 51.9519
 51.9519
 51.9519
 51.9519
 51.9519
 51.9519
 51.9519
 51.9519
 51.9519
 51.9519
 51.9519
 51.9519
 51.9519
 51.9519
 51.9519
 51.9519
 51.9519
 51.9519
 51.9519
 51.9519
 51.9519
 51.9519
 51.9519
 51.9519
 51.9519
 51.9519
 51.9519
 51.9519
 51.9519
 51.9519
 51.9519
 51.9519
 51.9519
 51.9519
 51.9519
 51.9519
 51.9519
 51.9519
 51.9519
 51.9519
 51.9519
 51.9519
 51.9519
 51.9519
 51.9519
 51.9519
 48.156
 48.156
 0
 0
 0
 0
 0
 0
 0
 0
 0
 0
 0
 0
 0
 0
 0
 0
 0
 0
 0
 0
 0
 0
 0
 0
 0
 0
 0
 0
 0
 0
 0
