 294.399
 0
 7.68115
 15.9687
 17.088
 18.2209
 17.2337
 17.2627
 19.4679
 22.8473
 26.5895
 20.0749
 22.1133
 20.3715
 19.0263
 21.7025
 17.8885
 19.8242
 15.3623
 25.2389
 14.2829
 28.2843
 15.9687
 20.2485
 25.02
 26.1916
 27.6043
 22.9783
 19.0526
 16.8226
 16.8523
 21.4476
 19.9499
 14
 21.4476
 19.4936
 23.4521
 26.4197
 24.0416
 22.2261
 22.6274
 18.5742
 24.1454
 23.1084
 21.9317
 20.2978
 19.0263
 21.8174
 18.412
 14.7309
 23.8328
 19
 13.7477
 13.7477
 13.7477
 25.3969
 20.4695
 15
 14.1067
 20.1494
 20.1494
 20.1494
 26.0576
 26.4953
 16.2173
 20.8806
 14.7648
 23.622
 23.6854
 22.6495
 27.6225
 14.7648
 18.0831
 19.6723
 20.9045
 26.2488
 14.7986
 25.0799
 16.3707
 19.2094
 19.975
 13.9284
 38.8587
 49.558
 19
 24.5357
 24.8596
 24.3311
 15.6525
 31.9061
 40.6694
 21.1187
 17.2916
 23.3452
 26.4197
 14.7986
 23.2379
 33.1059
 23.622
 27.4226
 24.3721
 16.0312
 13.9284
 19.8242
 21.9545
 20.2731
 23.8537
 14
 17.3205
 20.2978
 16.1864
 21.166
 15.5885
 0
 20.347
 15.1327
 30.2159
 14.8661
 13.9642
 28.3019
 17.9165
 19.5704
 19.5704
 28.4781
 23.4307
 22.8692
 23.7276
 23.7276
 21.6102
 24.0416
 24.6577
 27.7308
 17.4642
 21
 27.4955
 18.6011
 18.6011
 18.6011
 30.2655
 23.6854
 16.7033
 25.02
 25.02
 22.5389
 24.8395
 24.5764
 27.6225
 27.6225
 27.6225
 28.7576
 27.2947
 23.1517
 18.1659
 24.0208
 21.1896
 23.8537
 19.5704
 17.5499
 17.8606
 21.1896
 21.1187
 14.5602
 25.5343
 16.2788
 22.8473
 0
 17.3205
 28.3019
 22.8473
 19.5192
 14.7309
 0
 27.1477
 24.0624
 21.3776
 20.5183
 21.8861
 24.3721
 24
 24.7386
 23.3238
 19.4165
 17.8326
 20.025
 25.8457
 21.166
 15.9687
 27.0185
 24.5357
 23.3666
 0
 0
 22.5167
 26.4008
 27.4773
 27.037
 0
 27.2029
 24.5967
 26.0576
 26.096
 0
 0
 0
 22.6495
 25.7876
 17.2047
 26.0768
 21.3542
 0
 17.3494
 16.8523
 17.9165
 21.2368
 18.2757
 18.2757
 17.088
 20.664
 15.5563
 23.3024
 20.6155
 21.0713
 24.6982
 27.7849
 27.7849
 27.7849
 21.4942
 21.4009
 28.3725
 25.3574
 21.1424
 24.6982
 27.074
 25.3377
 20.9523
 17.5214
 19.105
 23.622
 22.1359
 21.4709
 0
 17.8885
 17.8885
 17.8885
 18.2483
 26.1151
 23.388
 23.7065
 20.4939
 21.7715
 27.4226
 28.178
 25.3772
 22.383
 22.383
 22.383
 22.7596
 26.0576
 26.5518
 28.178
 20.347
 20.347
 20.347
 25.02
 24.5764
 25.6515
 25.5734
 21.4243
 21.4243
 21.4243
 18.5472
 21.3542
 22.6495
 18.0555
 20.4939
 20.4939
 20.4939
 21.4243
 15.9374
 15.9687
 24.8596
 24.8596
 24.8596
 24.8596
 20.347
 20.025
 28.3901
 15
 15
 15
 15
 23.4307
 30.1828
 22.9347
 21.4942
 21.4942
 21.4942
 21.4942
 21.4942
 21.4942
 24.2281
 26.4764
 25.8457
 25.3969
 25.3969
 25.3969
 25.3969
 19.975
 20.9045
 22.4054
 25
 25
 25
 25
 21.3776
 16.8819
 22.5832
 19.8242
 19.8242
 19.8242
 19.8242
 24.8998
 26.6083
 25.2587
 21.7945
 21.7945
 29.0172
 24
 24.5764
 27.6767
 27.1293
 27.0555
 24.1247
 24.1661
 19.9249
 18.4662
 24.7386
 25.4951
 17.8885
 16.7332
 19.4936
 22.9783
 22.9783
 22.9783
 17.0587
 17.0587
 27.4591
 19.2873
 15.6205
 15.6205
 15.6205
 25.2785
 22.2486
 30.6594
 20.9523
 15.1987
 24.6982
 27.7489
 28.2843
 24.7386
 21.9545
 27.2764
 19.4936
 23.6854
 21.4942
 17.8885
 17.8885
 17.1172
 21.7715
 24.3721
 24.0624
 14.8324
 14.8324
 14.8324
 25.807
 17.5214
 25.9422
 23.0651
 15.906
 0
 0
 0
 0
 0
 28.2666
 28.931
 23.7276
 26.0192
 17.5499
 17.5499
 17.5499
 25.7294
 26.533
 24.4949
 28.3549
 16.4621
 16.4621
 16.4621
 17.1464
 19.7484
 25.0599
 30.3809
 16.6733
 17.1172
 26.0768
 23.7276
 18.3576
 19.4165
 23.4094
 27.0185
 27.0185
 27.0185
 27.0185
 24.1247
 23.2809
 29
 20.8327
 29.6816
 27.1293
 22.6274
 27.0185
 24.8797
 19.4936
 26.5141
 23.622
 26.2488
 22.6053
 18.1384
 21.8174
 14.2829
 25.593
 26.0768
 26.2869
 19.8242
 19.8242
 19.8242
 25.8263
 30.133
 23.7276
 24.8797
 24.8797
 27.6948
 27.0185
 24.6577
 28.3549
 0
 0
 0
 0
 25.8263
 17.8606
 27.9821
 19.7231
 18.3848
 18.3848
 16.3095
 14.9666
 30.133
 24.8998
 11.2694
 11.2694
 21.2838
 21.9545
 31.0483
 27.2947
 12.3288
 12.3288
 26.0768
 31.9374
 23.0651
 27.0555
 22.6053
 25.4165
 29.3428
 27.7849
 11.8322
 24.8998
 24.3105
 19.6977
 27.258
 27.258
 22.5832
 19.4422
 25.8844
 25.5343
 28.4077
 24.2074
 29.6479
 26.8701
 28.2666
 28.3019
 26.0576
 27.258
 25.7876
 28.3725
 28.4956
 24.1247
 28.7402
 29.1376
 15.5885
 27.1662
 21
 25.02
 14.8324
 31.7962
 21.2603
 31.9218
 27.6406
 20.1494
 25.6515
 31.9218
 29.6479
 24.1661
 28.9137
 28.9137
 24.2487
 29.4788
 21.8403
 20.2731
 26.2298
 29.6479
 22.6495
 19.1572
 26.9258
 23.9374
 21.0238
 27.3313
 22.6495
 29.1204
 28.8964
 26.4008
 26.0384
 29.5466
 24.3516
 30.6757
 29.5466
 31.0644
 28.775
 19.6469
 28.3196
 29.4958
 19.1311
 28.8617
 25.2982
 24.3311
 21.9545
 29.6311
 20.8567
 30.8383
 23.8747
 29.5466
 32.5423
 24.7386
 26.7769
 31.3369
 29.4788
 29.95
 23.1084
 29.0517
 26.5895
 25.8457
 19.9499
 22.6053
 26.6833
 27.6043
 21.7715
 21.2603
 29.5296
 28.931
 22.3383
 26.0768
 30.0998
 31.5119
 28.3373
 26.1343
 25.5343
 33.3017
 29.2062
 28.7402
 30.0832
 17.088
 21.1187
 26.9629
 16.5227
 30.0998
 20
 23.5797
 31.5595
 28.5832
 26.6271
 33.0454
 31.6702
 25.02
 31.9687
 30.0832
 30.7571
 28.8964
 22.2261
 31.5436
 30.4138
 30.3645
 20.9284
 27.7669
 28.3901
 25.3377
 20.2485
 22.7376
 27.313
 28.9482
 31.5753
 31.4325
 24.1868
 22.0227
 25.0599
 26.0192
 29.7153
 28.2312
 17.4356
 27.2397
 30.9031
 29.9333
 19.105
 27.4955
 25.8457
 23.516
 21.7025
 26.4764
 21.7025
 28.7054
 20.9284
 30.7083
 34.4384
 24.454
 33.1813
 34.5977
 28.3549
 25.3574
 28.4429
 34.4674
 29.8831
 27.258
 21.3776
 26.3629
 30.7246
 27.9821
 33.8526
 19.975
 26.8328
 28.1069
 23.8537
 22.561
 32.6497
 30.5941
 26.1151
 26.4953
 26.2679
 31.3209
 26.5518
 31.1448
 16
 37.4299
 16.5227
 22.5389
 25.8263
 37.51
 18.2483
 29.1376
 19.975
 24.5764
 21.8632
 33.3916
 26.0384
 33.8674
 29.4618
 28.9137
 31.7805
 30.8545
 31.8277
 20.6155
 29.1548
 20.0749
 28.0179
 28.3196
 21.2603
 30.7734
 31.4802
 25.3574
 33.2265
 27
 27
 28
 31.3847
 17.9165
 23.4734
 13.0384
 28.0357
 20.3961
 20.1742
 29.9666
 21.4476
 32.249
 20.9045
 25.3772
 26.9815
 34.4964
 26.6083
 25.1992
 32.078
 19.1833
 31.1609
 27.6043
 20.5913
 30.4959
 29.95
 20.025
 30.1662
 32.2025
 0
 21.1424
 27.7128
 34.0294
 18.6548
 30.5778
 24.6982
 11.5758
 24.4745
 29.7153
 19.1572
 20.8087
 31.3847
 19.2094
 20.9523
 29.1376
 19.105
 25.2389
 33.2866
 26.7955
 30.1662
 33.6898
 25.7876
 30.315
 34.9142
 31.4484
 20.1494
 30.315
 19.2094
 32.249
 32.0468
 21.7486
 27.1293
 33.2566
 30.7409
 21.9773
 25.2389
 25.807
 22.561
 30.2324
 25.1595
 35.1141
 20.8567
 21.1424
 34.1174
 22.7376
 22.9565
 20.9045
 32.665
 26.4953
 28.4429
 33.3766
 33.4515
 26.5518
 30.5941
 31.4006
 22.1359
 29.1719
 31.3688
 33.4216
 22.9347
 33.9264
 31.0644
 19.799
 30.1496
 34.5109
 34.5109
 23.3024
 32.1559
 21.7715
 27
 20.4206
 30.1164
 0
 23.3452
 31.5436
 20.347
 21.7025
 35.9166
 21.6795
 20.4695
 34.8281
 25.0599
 20.8806
 30.4467
 33.2716
 34.641
 25.807
 30.1164
 22.8254
 33.8231
 30.545
 30.4138
 30.4138
 37.108
 37.108
 32.2645
 34.1321
 20.8567
 25.9422
 34.176
 28.3373
 33.2114
 26.2107
 23.7065
 21.7256
 28.9482
 24.2074
 33.5559
 20.1742
 24.5764
 22.5389
 32.4962
 21.4709
 26.5895
 32.2025
 0
 27.9464
 32.619
 32.5115
 32.5115
 0
 33.5261
 26.2679
 30.5287
 37.6563
 37.6563
 34.0294
 34.0294
 29.4109
 31.8591
 31.8591
 25.1595
 31.4643
 23.4734
 13.0384
 31.9687
 21.9317
 24.7992
 27.2947
 19.0788
 28.8791
 31.5753
 34.6121
 29.95
 23.6854
 22.9565
 26.9444
 32.8786
 0
 21.4709
 26.5518
 32.9697
 0
 24.5357
 32.7261
 28.8444
 33.7787
 33.7787
 31.6544
 28.2843
 29.2062
 32.6343
 27.6406
 27.6406
 33.7935
 33.0757
 21.5407
 32.5115
 21.7486
 22.6716
 25.9422
 23.9165
 22.7596
 22.6053
 32.8177
 26.9815
 21.1187
 22.1811
 20.8806
 28.0535
 22.6495
 23.9165
 28.8617
 18.1108
 31.8434
 32.1714
 29.1719
 33.8083
 31.4643
 31.4643
 30.7571
 27.2947
 0
 20.2978
 22.9347
 28.3196
 19.6214
 24.1454
 19.6214
 21.7945
 21.7945
 26.8328
 17.9444
 0
 24.5764
 20
 20
 30.7083
 26.0384
 26.0384
 21.9317
 29.8831
 29.8831
 27.6043
 24.3311
 24.3311
 25.1794
 30.7409
 30.7409
 15.6205
 15.6205
 29.9666
 28.4781
 25.3377
 23.388
 29.9333
 21.9773
 28.8964
 31.8277
 31.8277
 16.8523
 16.8523
 27.258
 20.3961
 20.3961
 28.2843
 20.5913
 0
 29.189
 23.4734
 24.3311
 24.3311
 24.3311
 0
 27.2947
 20.199
 20.199
 14.7986
 28.8444
 20.347
 20.347
 13.4907
 26.9444
 20.0998
 26.1916
 11.6619
 29.2916
 18.6548
 18.6548
 21.5174
 28.2843
 8.83176
 27.7128
 18.3303
 28.2489
 25.5343
 22.5167
 22.5167
