 304.939
 0
 19.5448
 23.4307
 30.1496
 35.7211
 29.6648
 30.4467
 26.9629
 28.7402
 33.2866
 35.9166
 35.2136
 34
 32.1403
 33.0454
 29.5635
 23.6008
 29.6142
 26.9815
 22.3607
 27.8029
 27.8029
 34.8138
 35.9722
 28.8791
 37.0135
 29.8998
 26.9258
 26.2488
 28.2843
 31.3209
 30.5614
 33.3167
 26.096
 35.9861
 30.4959
 27.8209
 34.0441
 37.0135
 36.5377
 34.7563
 37.6032
 35.6651
 35.6651
 33.8378
 27.8747
 41.8091
 29.7489
 34.3511
 28.775
 37.4032
 26.4197
 0
 0
 30.4138
 34.7994
 33.7491
 23.7487
 29.1376
 0
 0
 35.7771
 35.0286
 35.4401
 32.218
 32.218
 33.8674
 39.9375
 35.0571
 39.1024
 21.8403
 30.4959
 30.4302
 36.4966
 41.8569
 20.5913
 40.8534
 32.0156
 29.5973
 31.3528
 18.7617
 0
 49.558
 35.6511
 39.1024
 34.0881
 33.8378
 33.8378
 0
 40.6694
 39.95
 37.9868
 33.0454
 34.0588
 34.0588
 0
 33.1059
 40.0625
 38.3927
 34.7851
 37.3095
 37.3095
 38.3014
 42.5441
 35.9861
 33.9559
 33.9559
 28.688
 31.3847
 34.7131
 42.6615
 17.72
 17.72
 38.3145
 35.2704
 34.8281
 28.775
 28.775
 35.7491
 39.1408
 36.6742
 28.8097
 41.1947
 38.5616
 40.8412
 34.8138
 34.8138
 38.2623
 40.0625
 37.4833
 37.4833
 35.8748
 36.1248
 46.0217
 32.7109
 0
 0
 49.5076
 31.7175
 35.805
 34.2637
 34.2637
 43.7607
 34.7994
 44.3058
 33.9117
 0
 0
 42.8719
 35.6791
 44.5309
 42.332
 41.6653
 41.7852
 46.0217
 42.9767
 34.7131
 37.3631
 35.609
 42.1545
 34.8568
 37.4967
 38.4578
 48.7237
 48.7237
 36.4692
 40.8534
 45.7493
 40.1373
 32.5883
 0
 42.6028
 41.2916
 44.2945
 53.3292
 37.8682
 42.638
 42.9069
 36.3456
 39.8623
 51.6236
 38.2361
 36.8646
 43.2782
 29.8831
 39.2683
 47.8121
 36.0139
 34.4093
 34.4093
 0
 43.4281
 41.6533
 48.6929
 37.6165
 37.6165
 42.6732
 47.2546
 48.6826
 38.2753
 38.2753
 0
 0
 46.9681
 45.7275
 42.8486
 43.4511
 41
 41
 36.5787
 41.6413
 43.8406
 39.724
 36.5787
 0
 38.3014
 43.4741
 41.7373
 37.9737
 40.8289
 45.1885
 46.0435
 41.845
 0
 0
 46.0977
 43.0349
 47.7703
 48.6004
 48.6004
 46.9255
 45.111
 48.5489
 44.911
 44.911
 40.8656
 41.509
 41.0853
 41.6173
 0
 0
 0
 0
 41.7013
 45.6946
 42.5558
 40.2865
 36.8782
 43.4971
 43.3013
 50.7445
 44.0341
 35.1852
 0
 0
 45.8476
 49.5782
 47.8226
 52.1632
 52.1632
 52.1632
 52.1632
 51.303
 49.5782
 56.5332
 47.0319
 47.0319
 0
 0
 45.4423
 49.5984
 43.4281
 42.8836
 42.8836
 0
 0
 48.7032
 45.2327
 43.4971
 41.7612
 0
 0
 0
 46.0977
 51.2445
 47.2758
 42.6615
 0
 0
 0
 49.6387
 50.5767
 51
 53.2729
 53.2729
 53.2729
 53.2729
 53.2729
 53.2729
 55.0364
 49.679
 51.8363
 51.8556
 51.8556
 51.8556
 51.8556
 46.9361
 48.8774
 48.0521
 50.06
 50.06
 50.06
 50.06
 44.2832
 42.638
 45.3762
 43.2666
 0
 0
 0
 48.9285
 49.4166
 50.2593
 48.0208
 0
 0
 0
 0
 0
 0
 0
 0
 0
 49.8397
 48.8467
 59.0847
 46.6798
 49.5177
 49.548
 51.5267
 41.2432
 0
 0
 0
 49.5984
 48.2701
 53.8609
 45.0666
 0
 0
 0
 0
 0
 0
 44.4747
 54.8999
 54.1479
 56.3915
 57.1927
 50.2792
 58.2495
 50.3885
 47.571
 47.676
 44.4522
 0
 49.5379
 45.3872
 52.0288
 45.6399
 45.6399
 0
 0
 0
 48.7237
 52.1536
 47.4658
 47.4658
 47.4658
 0
 0
 0
 0
 0
 0
 0
 0
 0
 0
 0
 0
 0
 0
 0
 0
 0
 0
 0
 49.8799
 50.3984
 62.1208
 53.066
 49.5782
 60.8769
 46.9894
 55.6327
 52.1824
 59.1185
 51.4296
 51.4296
 51.4296
 51.4296
 56.6304
 55.9196
 55.5968
 57.5152
 58.5406
 58.66
 59.1439
 57.7668
 53.3854
 53.0094
 52.259
 57.6194
 59.8749
 45.4203
 53.8609
 47.2969
 47.2969
 54.5802
 55.5248
 51.4393
 53.1789
 53.1789
 53.1789
 56.4092
 57.5847
 49.5883
 57.463
 57.463
 59.0678
 57.8187
 58.5064
 53.7494
 53.7494
 53.7494
 53.7494
 53.7494
 52.9717
 53.0566
 58.6003
 49.93
 49.93
 49.93
 49.5782
 51.4004
 63.3167
 49.5177
 49.5177
 49.5177
 59.0678
 55.5878
 65.3452
 51.923
 51.923
 51.923
 58.7197
 58.1722
 58.6174
 70.4131
 60.8687
 60.8851
 60.2246
 58.8727
 58.8727
 54.4059
 60.803
 53.8702
 53.4135
 53.4135
 46.2277
 55.7943
 59.397
 50.3786
 52.4881
 59.0847
 56.9386
 63.9218
 57.2713
 58.4551
 58.7112
 59.9583
 62.8172
 60.696
 60.4401
 54.8635
 55.6058
 54.5619
 54.8908
 61.1637
 56.4978
 51.2933
 54.8179
 60.4979
 55.7763
 65.5896
 51.7011
 59.1101
 59.8665
 62.153
 65.7267
 61.2862
 61.3514
 63.7338
 63.6553
 60.3407
 59.9416
 54.1295
 56.5774
 54.2494
 60.8276
 58.2409
 48.621
 49.7293
 56.542
 54.8088
 60.1498
 53.376
 59.6741
 65.1537
 61.384
 57.1664
 61.1474
 60.1997
 63.773
 62.514
 54.8908
 53.5537
 62.849
 59.0169
 57.4108
 55.1815
 48.5489
 60.9426
 60.8687
 53.0754
 58.2237
 62.7136
 62.0564
 64.1171
 59.6657
 61.2536
 61.3677
 63.2851
 62.9682
 67.2681
 55.8659
 58.7878
 57.0263
 65.238
 56.5774
 62.7455
 51.8459
 51.9519
 60.8605
 58.2065
 54.7175
 57.4108
 61.2209
 61.7657
 62.0242
 58.1893
 62.498
 63.2851
 62.0322
 62.2415
 60.6053
 61.9758
 65.0922
 55.6776
 57.3585
 53.619
 55.6417
 60.6383
 55.6597
 61.6685
 59.4559
 53.6377
 60.4318
 58.8473
 62.1369
 60.4483
 64.7688
 63.2218
 62.7615
 61.5549
 56.9825
 65.7343
 58.5064
 57.6281
 61.7819
 65.3682
 51.8556
 51.4004
 57.3498
 55.254
 52.6783
 54.7175
 59.0169
 57.4891
 58.7878
 59.2537
 59.6322
 65.1767
 60.7618
 62.6578
 55.7584
 63.4665
 58.9491
 62.1691
 57.3934
 63.6789
 49.4166
 59.0762
 59.1354
 51.7301
 57.3411
 62.45
 56.5243
 61.4248
 58.5491
 58.4893
 61.887
 64.1093
 61.8466
 62.8729
 60.2163
 63.4823
 55.9911
 61.9112
 61.7495
 50.9313
 67.2384
 52.0192
 51.2933
 59.9333
 52.2781
 52.2877
 59.5399
 61.6685
 58.1722
 58
 65.3911
 61.1474
 62.442
 60.7207
 60.9754
 61.6766
 56.5332
 64.3351
 55.7405
 59.9583
 53.6749
 58.0861
 57.4369
 54.5344
 57.4108
 58.1636
 58.3524
 59.5147
 59.5231
 63.1902
 63.7338
 62.0967
 60.6877
 58.7878
 54.8908
 59.9583
 53.6377
 60.025
 53.376
 50.9411
 59.0762
 56.7627
 56.6569
 63.0555
 60.6877
 63.7338
 63.7338
 61.2291
 63.4586
 58.2495
 57.0175
 51.2835
 53.2353
 59.279
 57.5587
 54.1387
 58.3095
 59.4727
 56.648
 59.279
 62.0886
 64.1171
 62.2896
 60.7042
 58.9237
 60.1166
 55.0636
 54.1202
 60.2578
 50.2494
 53.7959
 58.2666
 58.155
 53.301
 53.301
 58.3609
 62.0645
 58.8303
 58.1979
 62.1208
 61.1392
 49.5782
 57.576
 53.6936
 57.7754
 57.55
 53.3104
 55.8659
 60.8358
 55.1725
 56.5862
 64.2651
 61.5873
 63.0635
 63.0793
 64.039
 63.914
 58.2838
 59.127
 54.5161
 61.8628
 57.5065
 59.1777
 54.4334
 60.9836
 61.6928
 62.434
 58.6089
 60.4814
 63.435
 63.4035
 59.4475
 62.153
 59.1777
 62.8411
 59.0085
 60.1831
 57.2713
 58.2666
 63.4114
 50.8429
 56.6833
 60.7289
 62.1932
 62.8013
 63.8749
 61.8789
 64.9461
 58.8727
 56.8243
 53.7308
 62.1208
 55.1906
 56.8067
 59.716
 54.4059
 58.5918
 58.3609
 62.2334
 58.4893
 58.4893
 64.5833
 59.6825
 63.4744
 64.5446
 62.849
 62.1289
 62.1289
 62.5859
 62.1932
 59.4306
 60.5805
 60.9508
 61.6198
 56.107
 59.1016
 62.1611
 57.7841
 63.6003
 61.0492
 58.8558
 62.9285
 64.1171
 64.3351
 59.338
 52.6403
 56.2139
 56.2139
 57.5152
 57.5152
 57.9396
 54.0093
 61.7576
 63.0635
 60.05
 59.0254
 61.384
 61.4003
 63.4114
 60.9672
 62.482
 65.123
 60.7207
 61.0819
 63.4429
 60.8605
 58.5662
 58.983
 59.8415
 61.7819
 61.7819
 61.6847
 59.8247
 64.0234
 64.0234
 64.0234
 59.6741
 63.9687
 55.9553
 54.4885
 54.4885
 56.7539
 56.7539
 58.7792
 48.9796
 48.9796
 59.5147
 53.8516
 62.6179
 53
 61.2046
 61.9677
 63.2772
 60.1747
 58.3095
 63.206
 63.8514
 61.9597
 57.7927
 60.7042
 59.9416
 61.8223
 58.3009
 58.3009
 58.2237
 56.1249
 60.0417
 60.0417
 62.538
 56.7274
 62.8729
 52.8015
 52.8015
 53.2635
 59.6322
 49.1121
 56.9649
 59.5315
 59.5315
 53.1507
 63.7417
 62.0161
 58.6259
 62.6099
 59.7244
 67.4833
 63.7809
 60.4649
 62.7375
 59.8999
 68.913
 56.2494
 60.2495
 60.4483
 55.2087
 59.3801
 56.7274
 55.1996
 58.0086
 56.9649
 45.0888
 52.9528
 51.7011
 53.6097
 53.6097
 51.449
 57.2276
 57.2276
 60.9836
 57.6108
 57.9224
 55.5338
 60.1498
 58.2323
 62.7933
 62.7933
 53.8795
 58.6941
 58.6941
 60.3241
 57.376
 57.376
 58.1206
 56.2406
 56.2406
 34.9857
 51.672
 51.672
 49.5379
 58.2151
 58.2151
 53.5537
 52.9811
 52.9811
 55.0545
 55.0545
 49.8197
 52.5738
 55.6417
 57.3934
 50.6557
 57.5152
 54.6992
 48.3529
 48.3529
 35.1141
 35.1141
 44.1814
 56.3471
 56.3471
 44.3058
 61.7414
 61.7414
 52.0384
 64.6065
 62.6897
 62.6897
 62.6897
 62.6897
 62.1611
 59.7913
 59.7913
 48.8979
 43.9773
 48.9285
 48.9285
 39.7492
 42.8135
 55.8032
 38.2361
 44.441
 40.025
 56.8946
 56.8946
 54.074
 49.5177
 45.4753
 57.6715
 56.7362
 50.9313
 56.7979
 55.857
 55.857
