 0
 0
 14.9332
 17.8045
 15.1987
 11.0905
 9.69536
 13
 16.1555
 16.7631
 15.5242
 19.8242
 14.5602
 12.4499
 14.7986
 15.4919
 14.3875
 18.5203
 15.9687
 19.0263
 15.2315
 18.6815
 13.5647
 14.1774
 15.5242
 20.6155
 20.3224
 13.7113
 8.66025
 16.8523
 16.3095
 15.1327
 20.025
 15.6205
 18.5472
 19.799
 20.8087
 20.445
 20.2485
 19.1311
 16.3707
 8.18535
 17.088
 18.4391
 17.8885
 19.0526
 17.0587
 17.1172
 13.2665
 17.2916
 20.8567
 14
 17.8606
 0
 16.5227
 22.5167
 16.9115
 14.7648
 13.9642
 18.6548
 0
 18.2209
 22.1585
 20
 13.6748
 20.8327
 19.105
 2.23607
 17.9165
 19.0263
 23.1733
 19.105
 18.7883
 11.2694
 8
 21.3542
 14.7986
 21.4243
 16.6132
 19.7484
 16.5227
 16.4924
 0
 17.4356
 15.4919
 17.2337
 20.9045
 20.9045
 17.3781
 0
 21.7486
 14.7309
 15.9687
 19.1311
 21.7256
 19.0788
 0
 20
 3.74166
 20.2731
 20.0749
 13.5277
 17.4069
 17.8885
 15.1987
 15.6844
 16.7631
 16.4924
 15.1658
 22.2486
 15.9374
 17.8045
 15.6525
 0
 13.5277
 15.4596
 22.1585
 17.088
 14.7986
 22.9565
 16.7631
 12.3693
 17.8885
 17.9165
 22.3159
 14.7309
 12.0416
 16.5227
 19.2873
 6
 10.9087
 27.0924
 16.1555
 17.2916
 23.5584
 14.3178
 0
 12.6886
 20.3715
 22.9347
 21.8174
 21.7256
 7.4162
 16.4621
 25.5343
 24.3311
 26.0384
 0
 6.48074
 20.2978
 22.2935
 4.58258
 19.0526
 18.6815
 8
 20.2978
 16.7033
 15.2315
 17.2337
 20.8567
 14.7986
 14.3527
 23.4307
 20.3224
 25.2982
 0
 21.1424
 23.4307
 9.64365
 13.9642
 18.5742
 0
 21.9545
 5.19615
 14.0712
 16.5227
 17.3494
 21.9545
 8.60233
 2.44949
 21.7025
 16.4924
 18.5742
 18.3576
 27.8388
 9.79796
 17.6068
 26.096
 21.6564
 21.7025
 0
 0
 15.3623
 21.7256
 26.3629
 24.3516
 0
 21.0476
 1.73205
 25.318
 25.1595
 0
 0
 15.5885
 21.4476
 14.7986
 25.4951
 21.4709
 14.7309
 0
 21.3307
 17.8885
 17.088
 21.166
 15.6205
 0
 12
 7.28011
 16.3707
 26.9444
 19.1572
 13.9642
 17.9165
 26.8887
 0
 13
 17.5499
 3.31662
 22.8254
 20.2237
 16.4924
 23.3238
 4.3589
 19.8242
 15.5563
 13.9284
 17.5784
 13.7477
 16.4924
 21.9089
 0
 17.3205
 0
 9.53939
 16.3095
 28.6705
 22.6053
 22.5389
 13.7477
 19.105
 26.096
 26.9629
 25.1396
 12.4097
 0
 18.2209
 3.4641
 21.7715
 24.3516
 25.3574
 15.8745
 0
 16.4621
 23.0651
 21.7256
 23.3452
 15.5242
 18.0278
 0
 15.6205
 17.8885
 25.5539
 17.2047
 23.3238
 18.7617
 0
 18.2483
 8.60233
 17.5784
 13.7113
 22.5832
 0
 0
 14.7648
 8
 14.5602
 25.2389
 18.2209
 0
 19.0788
 14.7648
 20.8327
 23.4734
 0
 18.2483
 0
 0
 0
 20.6398
 15.6205
 1.41421
 24.8193
 6.9282
 18.9737
 0
 0
 17.1172
 19.3132
 10.6301
 20.9762
 15.1987
 0
 0
 19.4936
 20.4939
 15.8745
 21.9545
 23.4734
 0
 0
 14.8997
 26.9444
 26.9258
 21.5407
 21.4709
 0
 24.3516
 25.1595
 18.3576
 29.5466
 7.93725
 26.8887
 21.7486
 22.7596
 22.9347
 25.8844
 24.7184
 15.4919
 19.7737
 18.0555
 32.3419
 22.8473
 0
 19.0788
 13.0384
 19.105
 26.9258
 16.6733
 12.8841
 0
 18.2483
 19.2094
 19.105
 26.1343
 14.9666
 13.2288
 13.2288
 23.622
 5.47723
 20.8567
 20.8567
 5.09902
 23.8118
 18.0555
 14.7986
 8.60233
 0
 17.8326
 21.7945
 15.9374
 21.8174
 12.9615
 0
 16
 27.1846
 21.1187
 22.7156
 24.1039
 15.1987
 0
 0
 0
 18.412
 15.6525
 27.7849
 22.561
 27.8029
 18.9473
 14.7309
 0
 16.3095
 23.622
 9.74679
 21.7945
 32.1403
 13.5647
 0
 14.8661
 25.9422
 24.3721
 17.8885
 28.775
 19.0526
 20.8567
 27.4955
 24.0416
 16.0312
 18.3848
 29.3769
 26.9815
 0
 17.8885
 13.6015
 20.6155
 21.7715
 28.6007
 18.6279
 25.02
 19.105
 19.975
 6.85565
 11.6189
 25.318
 20.2731
 7.81025
 14.8997
 23.8328
 20.2485
 22.5832
 21.8403
 23.7065
 15.6844
 27.8388
 20.0749
 0
 16.7033
 23.5584
 26.1343
 22.891
 19.5704
 17.8885
 20.9523
 25.5343
 21.9545
 27.2764
 0
 0
 14.0357
 23.4947
 21.7715
 24.6982
 30.7246
 27.5681
 20.9523
 22.3383
 22.1133
 21
 28.7228
 21.8403
 17.6068
 21.8632
 20.2731
 17.4069
 26.4386
 27.8927
 21.4243
 0
 22.6053
 26.9444
 20.9045
 19.975
 20.347
 2.44949
 26.3818
 8.66025
 12.8452
 15.3623
 15.7162
 16
 6.85565
 0
 22.6053
 21.4709
 9.53939
 22.6936
 27.1293
 19.0526
 22.8254
 1.41421
 27.6406
 26.0768
 21.7025
 21.7025
 22.3159
 12.5698
 25.219
 21.9317
 26.5518
 21.6795
 28.2489
 23.1084
 20.9045
 23.4521
 18.6279
 29.1548
 19.2094
 28.7402
 30.5614
 14.8324
 20.8567
 26.9815
 27.037
 21.3073
 25.5147
 21.5407
 28.3196
 6.85565
 22.2036
 18.0555
 14.2478
 21.9545
 20.0749
 22.1811
 22.8035
 26.1725
 21.7025
 26.1151
 18.6815
 26.096
 25.1992
 27.0185
 17.4069
 28.3019
 23.9165
 11.7898
 7.74597
 26.9815
 20.3224
 27.6767
 23.8747
 22.4054
 20.4206
 25.923
 25.7682
 19.6214
 16.2788
 30.6268
 21.095
 28.9828
 21.5174
 32.6803
 29.5296
 21.9317
 8.66025
 26.5707
 22.2486
 26.9444
 26.533
 8.88819
 17.5784
 28.4605
 20.2978
 22.2486
 24.4131
 21.7256
 20.9045
 19.975
 26.0576
 27.2397
 8.66025
 8.66025
 25.1992
 28.4077
 16.3401
 5.47723
 24.8998
 27.8568
 18.9473
 24.8797
 5.74456
 29.4788
 21.587
 21.587
 46.3033
 18.6011
 20.8806
 15.1658
 25.593
 28.7402
 8.66025
 27.9106
 29.5973
 22.8692
 31.8748
 17.1172
 25.318
 20.567
 29.9666
 29.5635
 25.593
 19.7737
 20.347
 28.3901
 20.9762
 23.4307
 21.2368
 45.5522
 26.8887
 26.3818
 26.9815
 29.3258
 6.32456
 19.3907
 25.2785
 21.166
 28.0357
 17.8885
 28.2666
 28.2666
 15
 28.0713
 23.3238
 1.41421
 22.1359
 20
 19.2614
 27.2947
 20.8567
 16.5227
 15.3623
 23.1517
 28.3019
 21.5174
 28.6356
 26.096
 6.08276
 23.8118
 3.60555
 34.8281
 21.4009
 26.0576
 21.5174
 24.5357
 30.315
 19.1311
 26.9629
 20.4206
 27.8029
 26.3629
 37.47
 21.9545
 26.9815
 29.1376
 22.5167
 22.8473
 14.3178
 28.7576
 25.8844
 20.6398
 29.4618
 14.5945
 7.34847
 28.8964
 15.6844
 17.8045
 20.0499
 26.1725
 22.5832
 20.2485
 14.7309
 29.6985
 26.7021
 26.9815
 16.7033
 26.0192
 8.06226
 20.0499
 22.2486
 21.5174
 22.561
 18.735
 27.55
 26.3439
 6.08276
 28.7228
 29.2916
 20
 30.133
 20.8806
 0
 27.8029
 22.4277
 26.7582
 20.9762
 8.60233
 20.2978
 20.0499
 24.1039
 27.2029
 7.07107
 28.7924
 25.318
 2.82843
 24.1661
 27.0185
 24.4336
 7.07107
 28.5657
 22.5167
 20.445
 22.8254
 21.5639
 23.7065
 28.2312
 19.9249
 28.8617
 29.8496
 0
 7.74597
 23.4947
 29.7321
 24.3721
 28.7054
 19.0263
 37.51
 30.0832
 23.8328
 25.2587
 20
 27.7128
 26.9258
 0
 31.3847
 3.31662
 24.5561
 30.2985
 21.8174
 27.7489
 13.1149
 28.178
 19.8242
 20.8567
 23.3452
 22.8035
 24.4949
 15.7797
 26.9444
 26.6458
 13.9642
 22.7376
 32.4191
 28.7054
 24.1039
 23.7276
 24.8596
 25.5734
 25.5734
 22.9347
 23.8328
 19.975
 22.2711
 27.4591
 7.93725
 7.93725
 6.32456
 30.1662
 21.7256
 24.8395
 27.9464
 18.2757
 25.3377
 8.77496
 24.7992
 16.7631
 20.9284
 26.096
 23.3666
 4.3589
 22.7816
 30.0167
 10.5357
 26.7208
 30.6105
 0
 23.6432
 30.8383
 30.8383
 20.445
 23.4094
 25.318
 0
 24.8395
 21.4942
 21.1187
 25.2982
 22.7156
 20.8327
 29.5296
 29.7993
 20.6398
 23.7908
 23.7908
 29.4618
 20.6398
 26.2107
 26.1916
 26.6083
 20
 25.219
 29.6648
 0
 22.1133
 0
 22.8473
 32.1559
 7.74597
 22.9783
 31.1769
 24.2281
 29.3087
 24.8596
 23.8747
 18.6548
 17.088
 22.7156
 24.2074
 14.6969
 14.6969
 14.6969
 26.9629
 29.7153
 22.1585
 31.1609
 0
 22.8035
 27.1477
 28.4956
 0
 0
 12.083
 21
 23.4094
 23.4094
 0
 28
 0
 27.2764
 27.1477
 0
 25.1595
 34.9428
 3.4641
 3.4641
 27.1846
 18.0278
 19.1572
 27.1293
 10.4881
 20.8567
 31.607
 23.4521
 23.4521
 23.4521
 32.9848
 22.0227
 28.6356
 0
 30.249
 9.59166
 30.249
 0
 24.5764
 23.4734
 28.2843
 20.2978
 0
 22.6716
 19.5448
 25.2389
 26.9258
 24.7386
 0
 27.9464
 27.9464
 20.347
 30.8221
 27.7128
 27.7128
 21.7025
 19.975
 10.198
 26.3629
 0
 26.6083
 53.7494
 31.8277
 31.8277
 22.7596
 24.3311
 24.3311
 23.4947
 0
 28.8617
 25.04
 24.5967
 23.0868
 25.9037
 0
 26.7769
 26.9629
 0
 8.66025
 24.4745
 31.0966
 16.8226
 24.4131
 0
 22.2486
 0
 19.8494
 11.6189
 0
 27.5681
 21.0238
 0
 29.1033
 30.3315
 0
 25.7876
 29.4958
 0
 22.8473
 25.04
 0
 24.1868
 25.5734
 0
 9.16515
 0
 23.388
 29.5804
 9.32738
 22.9129
 24.1661
 12.2474
 27.4226
 25.1992
 0
 23.0868
 0
 24.8596
 24.8998
 0
 26.3629
 13.5647
 0
 21.7715
 28.4253
 32.9697
 0
 0
 0
 24.8797
 4.24264
 0
 0
 23.6008
 26.7582
 0
 0
 34.9428
 7.87401
 23.7065
 9.27362
 27.2947
 5.47723
 0
 28.7402
 26.5707
 11.7473
 24.8998
 24.8998
 26.9629
 8
 28
 0
