 305.781
 0
 16.4317
 20.664
 28.5657
 33.5261
 24.5967
 33.0454
 33.0454
 27.7849
 32.8329
 32.8329
 34.1174
 32.2025
 30.3315
 32.4037
 29.5296
 23.622
 31.305
 25.3377
 21.6564
 27.258
 33.8969
 34.0588
 34.9571
 25.1992
 34.7707
 30.545
 27.4044
 23.4734
 28.688
 31.225
 27.7669
 27.7669
 21.166
 21.166
 25.219
 24.3311
 30.1496
 37.855
 35.8329
 34.1174
 33.7639
 33.7639
 33.7639
 31.4643
 27.0555
 27.0555
 25.9037
 32.4191
 25.219
 36.5103
 36.5103
 0
 0
 28.7402
 33.8969
 31.6228
 31.6228
 31.6228
 0
 0
 33.0151
 33.7639
 33.5708
 33.5708
 33.5708
 28.6705
 36.0139
 34.3657
 36.6742
 36.6742
 29.8329
 29.1548
 32.1559
 41.3521
 41.3521
 41.2432
 31.5753
 28.931
 25.219
 25.219
 0
 49.558
 34.322
 38.223
 28.775
 33.2716
 33.2716
 0
 40.6694
 38.2753
 39
 31.6544
 33.0454
 33.0454
 0
 33.1059
 39.0768
 36.2905
 34.8999
 36.7151
 36.7151
 34.9571
 41.8569
 33
 34.2491
 34.2491
 34.2491
 29.5466
 31.6702
 42.7083
 42.7083
 42.7083
 35.6791
 32.078
 33.8969
 24.6374
 24.6374
 35.1994
 38.2361
 34.176
 34.176
 40.8779
 33.9264
 38.5616
 29.5804
 29.5804
 36.1386
 37.47
 31.6702
 34.9142
 34.2929
 33.3017
 42.8836
 33.0303
 0
 0
 49.1019
 26.1534
 33.6006
 30.3645
 30.3645
 40.6202
 31.3847
 43.4396
 28.688
 0
 0
 41.3763
 33.2114
 40.8534
 41.6173
 40.2368
 40.8656
 41.1947
 44.5309
 33
 34.7851
 33.9706
 42.5911
 42.5911
 36.4829
 35.3129
 46.9574
 46.9574
 34.7707
 39.3827
 41.7971
 37.1483
 37.1483
 37.1483
 41.1096
 40.3733
 40.2244
 40.2244
 34.7275
 42.1545
 38.2753
 32.6037
 37.6829
 37.6829
 34.8425
 33.8969
 39.0896
 27.074
 36.9053
 46.0977
 32.187
 28.775
 0
 0
 41.7133
 38.2753
 47.833
 33.0454
 33.0454
 37.8418
 44.3509
 48.6621
 36.0278
 36.0278
 0
 0
 44.8553
 43.852
 43.852
 41.1825
 41.1825
 41.1825
 35.8469
 40.8167
 44.1588
 37.6962
 37.6962
 0
 37.3631
 42.6263
 39.598
 36.8375
 38.2361
 42.1782
 44.317
 40.0125
 0
 0
 43.5201
 41.7612
 46.2385
 47.2229
 47.2229
 46.0869
 43.1045
 47.2123
 42.1782
 42.1782
 40.3113
 38.5746
 39.4081
 36.7015
 0
 0
 0
 0
 40.9023
 41.7493
 40.1995
 39.5221
 39.5221
 43.4741
 40.939
 47.7808
 42.6028
 42.6028
 0
 0
 44.587
 49.7795
 46.9361
 51.4101
 51.4101
 51.4101
 51.4101
 51.4879
 49.5681
 55.8032
 44.317
 44.317
 0
 0
 46.0869
 48.7852
 42.107
 43.5546
 43.5546
 0
 0
 48.0521
 45.6946
 42.7317
 39.4842
 0
 0
 0
 46.1302
 51.5946
 43.4511
 42.8369
 0
 0
 0
 48.6313
 49.4975
 50.4183
 53.8516
 53.8516
 53.8516
 53.8516
 53.8516
 53.8516
 54.3415
 48.7442
 51.5946
 49.4672
 0
 0
 0
 46.3573
 48.2804
 46.8722
 49.7896
 0
 0
 0
 43.6463
 41.7373
 45.3982
 43.1625
 0
 0
 0
 48.5901
 47.9166
 49.558
 47.7808
 0
 0
 0
 49.5278
 53.2916
 50.2394
 57.3847
 56.5509
 55.6147
 49.5278
 49.5782
 59.2199
 44.7102
 49.5681
 50.7839
 51.303
 38.923
 0
 0
 0
 49.6286
 44.7437
 53.9259
 53.9259
 53.9259
 53.9259
 56.7098
 56.4889
 50.4183
 52.192
 44.2154
 56.1605
 53.0189
 55.7405
 56.8595
 50.1896
 56.9298
 49.8297
 47.244
 48.4252
 44.3283
 0
 49.7192
 44.8888
 51.4976
 45
 45
 0
 0
 0
 49.558
 53.1977
 47.655
 47.655
 0
 0
 0
 0
 0
 0
 0
 0
 0
 0
 0
 0
 0
 0
 0
 0
 0
 0
 0
 0
 0
 0
 0
 0
 49.6588
 63.4586
 46.7654
 57.7495
 52.259
 60.1415
 50.1498
 50.1498
 50.1498
 50.1498
 56.7274
 57.4282
 55.0636
 58.6345
 59.0847
 59.5483
 61.1719
 57.1314
 52.9056
 53.1977
 51.1957
 59.1185
 61.3351
 44.911
 54.8908
 46.8828
 46.8828
 53.3854
 55.6327
 51
 53.8331
 53.8331
 53.8331
 55.7225
 56.745
 51.1566
 56.6833
 56.6833
 58.1292
 58.258
 59.1608
 52.792
 52.792
 52.792
 52.792
 52.792
 51.6914
 53.9537
 59.0254
 50.4381
 50.4381
 50.4381
 49.5782
 53.4135
 64.5291
 47.8853
 47.8853
 47.8853
 60.8605
 55.7943
 66.0757
 50.6261
 50.6261
 50.6261
 58.2752
 57.0438
 60.0333
 71.631
 62.0806
 62.2575
 59.9416
 58.3009
 58.3009
 53.7122
 61.8142
 53.8516
 51.517
 51.517
 44.9555
 57.0088
 60.025
 49.3356
 50.7839
 59.3212
 56.7979
 63.1031
 56.8155
 57.6368
 58.2323
 59.2368
 62.546
 58.8303
 60
 54.3967
 54.754
 53.8888
 55.6776
 61.7333
 56.8858
 49.7192
 56.107
 62.2174
 56.5155
 67.3498
 51.4393
 60.0666
 59.3043
 61.2781
 66.9477
 61.7009
 61.7981
 63.0159
 64.3428
 59.7997
 60.1498
 53.8888
 56.2583
 53.3667
 60.9262
 59.5651
 47.0425
 48.9285
 57.7235
 54.4518
 61.7414
 52.2303
 59.4054
 64.9307
 60.8441
 56.9473
 60.8605
 59.4727
 62.8331
 61.79
 53.8516
 53.8981
 63.4508
 58.4979
 58.7622
 54.9909
 46.9787
 62.2254
 62.6019
 52.2685
 58.643
 62.434
 62.562
 64.707
 58.4637
 60.8523
 61.131
 63.6475
 63.0714
 66.9627
 58.1979
 57.9396
 55.9017
 66.1362
 57.8446
 64.1716
 50.6754
 50.7937
 61.8142
 58.4551
 53.7308
 56.5597
 60.8605
 63.0159
 61.9677
 56.9473
 62.0886
 63.5689
 61.709
 61.7171
 58.515
 62.5859
 64.436
 56.4358
 58.5064
 53.2823
 56.9473
 59.397
 56.9561
 62.7216
 59.8999
 52.7352
 59.9667
 57.9741
 60.7371
 60.025
 63.7495
 62.9206
 62.8411
 60.7289
 56.5332
 66.9179
 57.7495
 56.6304
 62.546
 68.7023
 50.6261
 50.07
 57.6281
 55.9553
 51.7107
 55.2268
 59.4811
 56.2761
 59.1354
 61.4654
 59.9833
 67.2978
 60.9016
 62.466
 57.3411
 66.325
 58.0086
 62.5939
 58.7792
 66.453
 46.8508
 60.2578
 62.0806
 50.2693
 57.7148
 63.0476
 56.3383
 61.0246
 58.9915
 60.1747
 61.1065
 62.474
 62.6259
 62.8331
 59.3212
 62.554
 55.8301
 62.546
 63.0555
 49.2849
 67.8086
 51.0392
 48.1352
 60.3904
 51.6914
 50.1896
 59.1439
 62.8013
 57.81
 56.4447
 66.7533
 61.709
 63.0397
 60.1082
 61.79
 62.1932
 57.4891
 61.9677
 56.3738
 61.2127
 53.0848
 53.0848
 58.8133
 54.0093
 58.8473
 58.4209
 59.279
 57.4369
 58.2838
 63.1031
 63.0159
 62.6339
 59.4895
 57.463
 54.2125
 61.0901
 51.9711
 61.6604
 53.7866
 50.8626
 60.2661
 57.7581
 55.4437
 62.8331
 58.643
 64.304
 64.304
 62.546
 62.57
 60.3656
 58.2752
 52.6308
 52.2494
 62.6977
 61.0082
 52.1249
 60.8194
 57.9569
 57.1839
 60.6383
 61.7333
 62.7933
 61.7819
 60.3656
 59.4475
 61.6928
 53.768
 53.591
 62.849
 49.5681
 51.5267
 60.407
 60.3407
 52.4786
 52.4786
 60.0583
 61.7252
 57.7927
 59.3127
 61.7657
 60.6053
 51.5558
 58.3438
 51.8266
 59.4643
 61.4248
 52.4786
 58.3438
 62.0322
 53.3573
 58.1808
 64.405
 60.6877
 62.6019
 62.0806
 62.7853
 63.5138
 56.6569
 58.8133
 53.9537
 63.5846
 56.0535
 59.8832
 54.4151
 60.0417
 62.1369
 63.4823
 58.1292
 60.8276
 63.7495
 62.6578
 59.9917
 63.9766
 57.7148
 64.7379
 56.6922
 62.6897
 57.6108
 55.9196
 65.3758
 65.3758
 57.6802
 59.6322
 62.8649
 63.5059
 63.4586
 60.5145
 64.3817
 58.0345
 54.9272
 54.9272
 61.384
 53.1413
 54.461
 64.3584
 51.1566
 57.55
 59.7662
 62.857
 55.6147
 55.6147
 66
 59.4979
 64.4903
 63.8514
 67.164
 62.5939
 62.5939
 64.1639
 61.0328
 62.2415
 61.9677
 59.4054
 62.8729
 59.2368
 59.0508
 61.9758
 58.8473
 63.0079
 62.6179
 58.2838
 63.4114
 64.7765
 66.3551
 57.1314
 52.3163
 55.8928
 55.8928
 54.5436
 54.5436
 60.2329
 52.2111
 63.0793
 65.192
 60.4235
 58.1206
 62.5779
 63.8122
 64.6761
 63.2456
 63.6553
 67.2235
 59.5651
 63.4823
 64.591
 63.5925
 56.3649
 60.3158
 59.6154
 59.4727
 59.4727
 61.9193
 58.258
 64.1093
 64.1093
 64.1093
 61.1474
 68.6367
 52.8678
 54.4518
 54.4518
 54.9636
 54.9636
 59.649
 48.949
 48.949
 63.4271
 52.7257
 67.55
 54.231
 60.8276
 65.146
 66.9403
 61.7495
 63.6553
 65.5057
 62.45
 60.5805
 56.701
 61.1882
 63.5689
 66.0076
 58.6771
 58.6771
 60.2578
 56.3383
 61.3514
 61.3514
 63.8749
 57.3847
 63.7887
 52.5071
 52.5071
 53.066
 58.8473
 49.558
 57.2713
 60
 60
 51.2445
 62.9841
 62.522
 56.7979
 65.123
 60.9672
 68.2276
 64.3273
 64.2339
 65.1767
 58.5662
 72.6498
 55.8749
 62.6418
 62.6099
 54.8452
 61.8628
 59.0931
 53.2916
 64.9384
 56.4801
 42.8952
 51.4296
 50.1498
 54
 54
 49.4773
 56.5332
 56.5332
 62.7455
 59.4054
 56.5685
 59.1354
 59.1693
 61.0164
 63.4429
 63.4429
 53.0377
 61.4166
 61.4166
 62.5779
 60.2578
 60.2578
 57.4195
 56.4801
 56.4801
 33.1813
 50.3289
 50.3289
 48.3425
 59.3043
 59.3043
 53.8238
 50.5173
 50.5173
 56.3649
 56.3649
 48.4665
 51.264
 58.0259
 59.7076
 54.1479
 57.4108
 53.3292
 46.7119
 46.7119
 32.7261
 32.7261
 41.0244
 57.1489
 57.1489
 57.1489
 60.2744
 60.2744
 52.259
 65.4294
 64.2106
 64.2106
 64.2106
 64.2106
 64.9153
 62.4019
 62.4019
 50.319
 41.8091
 46.4758
 46.4758
 40.4722
 42.5676
 56.2761
 36.647
 46.1411
 35.609
 58.7537
 58.7537
 57.6802
 48.1352
 46.5725
 60.5558
 58.0172
 51.8749
 59.808
 53.4135
 53.4135
