 313.755
 0
 15.1658
 12.8841
 15.4596
 15.3623
 15.5242
 15.9687
 15.3623
 12.9228
 12.3693
 15.5242
 16.5227
 14.3875
 15.1327
 19.6214
 19.7231
 12.9228
 18.0278
 13.4536
 15.0997
 16
 13.2288
 17.1172
 13.6015
 11.7898
 20.6882
 14.0712
 14.9332
 19.4936
 16.5529
 16.1555
 18.6279
 17.5214
 18.4391
 16.3707
 17.1172
 16.6433
 16.0935
 18.3303
 15.9374
 16.7631
 17.8606
 14.0357
 13.1149
 19.2873
 17.1464
 20.8567
 17.088
 18.6548
 17.2047
 17.8885
 15.5563
 0
 0
 15.4596
 19.0263
 16
 15.906
 18.3576
 0
 0
 19.105
 17.8326
 16.7033
 15.5885
 16.4924
 17.5214
 17.8606
 14.9666
 17.9165
 14.7648
 15.3948
 16.8226
 17.5499
 19.5959
 12.6095
 19.6214
 15.906
 18.303
 15.9687
 10.8628
 0
 45.7602
 17.088
 22.891
 16.7033
 19.6469
 8.24621
 0
 37.9605
 18.6548
 20.445
 17.8606
 15.9374
 8.24621
 0
 31
 19
 18.3848
 17.0587
 17.4356
 7.34847
 21.8632
 19.4679
 19.799
 15.6844
 7.81025
 17.4642
 21.8632
 21.3307
 18.412
 6.9282
 6.9282
 21.1187
 19.799
 19.0263
 17.088
 17.088
 17.2337
 18.6548
 16.7033
 13.5647
 19.6469
 22.5389
 16.7631
 14.3875
 14.3875
 19.105
 18.7617
 14.5945
 19.4165
 18.0555
 22.2935
 22.6053
 20.6155
 0
 0
 22.4054
 18.2757
 18.2483
 18.5472
 18.5472
 19.799
 17.8885
 22.6053
 14.9666
 0
 0
 18.3848
 17.3781
 21.0713
 22.5389
 17.6068
 20.347
 21.7025
 20.199
 17.1172
 21.4476
 20.199
 20.3224
 18.6815
 19.8242
 21
 21.4942
 21.4942
 20
 19.105
 22.1133
 19.8494
 21.3307
 21.3307
 20.8806
 19.7737
 21.095
 21.7025
 21.9545
 21
 20.6398
 19.1572
 23.8956
 23.6854
 19.799
 21.3073
 23.3238
 19.4422
 18.4391
 22
 21.3776
 21.3542
 21.3542
 21.3542
 19.7737
 19.3907
 22.4944
 17.9165
 17.9165
 17.1464
 21.6333
 23.8537
 19.2354
 19.2354
 0
 0
 21.3776
 21.9773
 25.632
 19.4936
 21.7945
 21.7945
 21.3776
 22.891
 24.1454
 22.7596
 20.4695
 0
 22.2261
 20.2978
 21.9545
 21.7486
 21.095
 21
 23.8747
 20.7123
 0
 0
 19.5448
 19.799
 23.3024
 27.3496
 10.198
 23.8118
 22.8035
 21.9545
 22.7376
 11.7047
 21.7486
 21.7715
 23.8747
 25.2785
 25.2785
 25.2785
 0
 0
 21.166
 25.4951
 23.388
 25.2587
 25.2587
 18.7083
 24.1039
 25.2785
 24.1247
 18.1659
 0
 0
 20.8567
 22.9129
 23.3238
 24.1868
 13.6748
 0
 0
 24.9399
 23.0868
 27.1662
 22.7596
 9.11043
 0
 0
 25.671
 26.4008
 24.2281
 23.0217
 23.0217
 0
 0
 24.4949
 23.8956
 23.3666
 24.0832
 0
 0
 0
 24.0208
 23.3666
 21.3776
 24.6982
 0
 0
 0
 26.2298
 21.7715
 24.0416
 25.02
 24.3311
 0
 0
 0
 0
 24.0208
 23.0868
 25.2982
 26.2107
 0
 0
 0
 23.6643
 27.3496
 25.923
 26.1343
 0
 0
 0
 27.7849
 23.5797
 27.8388
 27.5862
 0
 0
 0
 27.2397
 24.779
 27.4226
 22.3383
 0
 25.5734
 25.5539
 22.1359
 27.6225
 23.7065
 28.2666
 27.1846
 25.3377
 27.1846
 28.8617
 28.6531
 22.6936
 25.8844
 28.6356
 27.8209
 23.622
 0
 0
 27.6043
 27.0185
 23.7065
 29.4618
 22.6716
 0
 0
 27.074
 25.7294
 22.561
 28.1425
 23.4307
 26.4197
 23.3666
 27.1477
 30.7083
 25.7488
 27.074
 23.9374
 26.3629
 25.6125
 22.8692
 0
 22.6274
 26.3059
 27.7849
 25.7682
 24.0416
 0
 0
 25.593
 23.388
 25.5343
 26.4575
 16.4621
 0
 0
 0
 0
 0
 26.1725
 26.9444
 29.6311
 22.7156
 17.0294
 0
 0
 27.6043
 24.5967
 28.5657
 29.2746
 12.6886
 0
 0
 30.315
 28
 23.8537
 27.2213
 28.4605
 26.7395
 28
 25.7488
 28.6531
 27.2397
 28.9137
 25.02
 0
 0
 0
 27.8747
 25.7099
 23.8956
 29.6816
 23.6643
 28.6007
 30.8545
 29.0861
 27.5862
 26.3249
 26.9444
 28.8444
 27.8388
 27.313
 26.7582
 27.313
 22.5832
 28.8617
 27.8388
 28.3196
 24.7386
 0
 0
 28.8444
 28.3901
 26.1725
 23.5797
 23.5797
 25.2982
 27.7308
 29.6311
 27.9285
 0
 0
 0
 0
 24.5967
 30.5123
 29.8496
 27.7489
 19.8494
 19.8494
 26.5895
 29.2746
 31
 26.4197
 26.4197
 26.4197
 29.0345
 27.2397
 28.6705
 26.1534
 7.81025
 0
 27.4591
 24.5561
 28.4253
 33.7046
 32.8329
 28.4605
 25.7682
 29
 3.87298
 28.3019
 30.8707
 28.0357
 27.5681
 0
 27.9464
 27.0185
 28.3196
 30.9839
 28.6531
 28.1247
 28.6531
 32.187
 28.8444
 27.7489
 24.7184
 30.3974
 28.6705
 26.2869
 29.3428
 28.775
 30.3809
 25.3772
 29.5466
 29.7153
 29.2746
 26.7582
 28.2843
 30.9839
 27.8927
 31.686
 27.4408
 31.8434
 28.7228
 27.1846
 29.2746
 29.9833
 27.9643
 29.6479
 29.4788
 29.1376
 31
 28.8271
 29.6142
 26.8142
 31.7017
 27.8209
 28.4077
 30.5941
 29.4618
 28.6705
 34.0294
 30.9677
 27.4408
 34.0147
 26.4008
 29.1204
 29.4279
 28.2489
 30.4302
 28.6531
 27.4044
 30.5778
 29.1204
 28.688
 29.3258
 29.5635
 28.1957
 29.4788
 29.1719
 28.4077
 28.1957
 32.1092
 30.1496
 31.7175
 27.8029
 31.4484
 28.931
 27.9821
 29.0861
 29.3087
 28.8097
 26.5707
 29.8329
 28.178
 28.4956
 31.8434
 31.3528
 28.4605
 34.2199
 28.9828
 30.315
 28.6356
 28.2489
 28.7054
 29.3939
 30.4959
 28.8964
 30.5941
 28.6705
 28.0357
 27.8927
 29.3769
 32.0936
 30.1662
 31.1769
 26.3059
 30.3315
 30.3809
 30.1496
 30.5778
 29.5466
 28.0179
 28.2843
 26.1343
 29.7658
 28.4781
 29.7489
 27.9464
 26.1725
 29
 27
 29.8496
 28.4253
 28.8791
 30.3315
 32
 28.4605
 29.3258
 30.8383
 30.3315
 29.2746
 28.6182
 28.6531
 29.6985
 28.178
 29.7321
 29.6985
 33.2566
 28.688
 28.8617
 32.8481
 32.9697
 28.9828
 27.7669
 32.665
 29.5635
 28.1247
 29.9333
 31.8904
 26.5895
 30.692
 29.7153
 29.6648
 29.5635
 28.6356
 28.7576
 26.9629
 30.4631
 29.6311
 32.2955
 28.8617
 29.8831
 28.8617
 28.8617
 29.1548
 28.8444
 29.6142
 29.4618
 27.8568
 28.4605
 28.5132
 30.8383
 27.8747
 28.2666
 28.0713
 31.3209
 28.9828
 30.7734
 29.0172
 27.7489
 28.2666
 28.1603
 32.8634
 26.4575
 31.7017
 29.1204
 28.6531
 25.5734
 33.5112
 27.8568
 28.688
 28.2135
 29.3087
 28.4429
 29.5127
 27.7849
 29.8329
 28.6182
 30.9516
 29.1719
 27.8209
 29.7321
 27.9285
 29.4958
 28.4429
 29.7153
 28.0535
 27.2213
 29.5127
 28.7576
 28.3901
 32.2025
 0
 28.0713
 29.3087
 31
 28.6705
 31
 28.7228
 31.1929
 29.4958
 26.9258
 29.6142
 30.692
 29.7321
 29.9833
 28.931
 28.3019
 27.6225
 31.7175
 28.1957
 29.4788
 28.6356
 28.688
 30.5287
 29.5127
 28.0535
 29.5127
 28.8444
 29.1719
 29.1719
 29.8496
 29.4788
 28.931
 33.8674
 29.4958
 29.5973
 31.8119
 29.1204
 29.1033
 32.6497
 28.931
 28.6705
 31.1448
 30.8383
 27.8747
 31.0161
 30.1662
 28.7924
 32.6803
 27.5862
 30.5778
 29.3428
 27.8747
 28.8271
 28.9655
 30.3645
 29.8329
 29.3087
 28.9655
 29.4788
 31.8119
 29.5296
 29.3258
 28.3373
 31.1769
 30.8058
 28.5132
 33.6749
 32.187
 32.4037
 27.8029
 31.4643
 30.5614
 31.273
 30.5778
 25.219
 29.3598
 30.6105
 29.3087
 30.1496
 27.9464
 32.5423
 29.7321
 28.688
 31.289
 26.0768
 29.95
 30.5123
 30.1662
 30.7246
 30.8383
 31.3209
 30.7571
 29.4109
 29.1204
 29.1204
 29.7658
 29.5127
 33.9559
 30.4138
 32.909
 28.6182
 0
 29.9666
 28.7228
 31.5753
 30.3645
 28.775
 31.8119
 29.5635
 30.4467
 30.9839
 30.3645
 28.178
 28.8271
 28
 32.4037
 31.4006
 30.133
 27.6586
 27.8747
 28.3373
 29.8496
 30.4467
 30.3315
 28.4429
 28.7576
 30.0333
 29.8496
 30.6105
 31
 29.4618
 29
 30.5614
 30.1828
 30.5287
 30.5614
 28.688
 30.1828
 32.7414
 29.7153
 29.5466
 31.0483
 27.8927
 28.6705
 0
 27.4408
 29.5466
 29.5804
 29.5804
 29.5804
 29.4788
 32.5576
 32.1403
 29.4958
 31.1769
 30.6757
 30.133
 30.5778
 28.8964
 32.0468
 30.3315
 31.3209
 33.5261
 32.28
 32.665
 30.3809
 31.3369
 28.2489
 29
 33.8969
 28.7054
 29.5466
 34.1174
 28.3196
 30.8545
 30.8545
 30.0333
 0
 31.5911
 29.1033
 31.273
 0
 31.1929
 28.688
 33.0303
 29.3428
 33.7343
 30.4959
 28.7924
 29.1204
 28.6531
 28.0179
 30.9839
 31.3528
 32.8786
 30.4959
 32.2645
 29.1376
 31.6228
 30.6431
 30.4631
 29.6816
 31.7175
 23.7276
 29.7658
 27.6043
 30.315
 28.0713
 31.686
 29.4788
 28.6182
 31.3528
 28.0535
 27
 30.4467
 29.9666
 28.0535
 27.8568
 20.8327
 51.449
 27.6225
 2.44949
 30
 32.5423
 32.249
 28.6531
 28.8617
 29.4109
 30.1496
 30.1496
 30.4795
 32.4191
 0
 27.2213
 30.2985
 19.4165
 27.4591
 28.4605
 28.4605
 24.2487
 24.2487
 18.4391
 28.0713
 28.4077
 28.4077
 28.8964
 27.4773
 27.4773
 28.6705
 16.7332
 32.249
 32.249
 24.1247
 28.3549
 29.5466
 30
 30
 25.6125
 25.6125
 25.6125
 22.1811
 24.1868
 31.4802
 23.388
 22.561
 28.2135
 28.2135
 24.3516
 33.1813
 28.1603
 18.4391
 18.4391
 0
 26.9444
 30.315
 26.9444
 26.3818
 27.7308
 27.7489
 27.1846
 25.6125
 29.4109
 26.9072
 34.2491
 24.5764
 33.7787
 30.249
 22
 26.9815
 29.9833
 27.2029
 26.6833
 27.9821
 30.5614
 27.2029
 32.3265
 26.0192
