 10.8167
 10.5357
 7.93725
 9.05539
 9.48683
 12.49
 14.7648
 9.38083
 14.8324
 7.93725
 6.55744
 9.32738
 7.81025
 8.42615
 6.85565
 10.8167
 10.0995
 10.3923
 9.53939
 8.544
 8.60233
 7.81025
 6.9282
 4.89898
 9.48683
 5.19615
 7.68115
 6.9282
 7.4162
 8.77496
 11.6619
 9
 7.74597
 12.8452
 10.5357
 10.3923
 5.47723
 9.32738
 6.9282
 9.38083
 8.60233
 6.9282
 8.77496
 8.66025
 8.544
 10.5357
 11.7898
 8
 7.81025
 9.84886
 10.0995
 8
 11.225
 0
 0
 8.66025
 7.07107
 7.61577
 8.544
 9.69536
 0
 0
 12.4097
 10.583
 6.08276
 6.55744
 10.583
 7.34847
 9.53939
 6.9282
 10.3923
 8.7178
 13.6748
 7.74597
 12.4097
 8.66025
 7.4162
 13.7113
 8.18535
 9.64365
 13.1909
 6.7082
 0
 0
 11.7047
 13.8924
 7.74597
 7.93725
 6.16441
 0
 0
 9.84886
 10.4403
 9.48683
 7.14143
 6.9282
 0
 0
 8.83176
 9.53939
 8.06226
 7.07107
 7.07107
 11.3578
 9
 7.93725
 11.2694
 5.38516
 11.0905
 12.2882
 9.79796
 7.74597
 7.74597
 7.74597
 10.3923
 12
 8.66025
 8.12404
 0
 7.93725
 10.1489
 7.14143
 10.3923
 9.48683
 10.3923
 7.93725
 5.47723
 0
 11.6189
 13.1529
 6.9282
 9.53939
 12.2066
 6
 11.2694
 7.93725
 0
 0
 9.59166
 6
 9.21954
 8.88819
 0
 10.6771
 8.88819
 13.2288
 8.83176
 0
 0
 7.81025
 7.81025
 8.12404
 11.0905
 10.9087
 7.93725
 12.1244
 8.544
 10.5357
 10.0995
 12.0416
 9.21954
 9.16515
 10.4403
 8.544
 8.18535
 8.18535
 7.4162
 9.59166
 12.6095
 7.2111
 12.8452
 12.8452
 9.53939
 7.34847
 11.5326
 12.2474
 7.81025
 13.9642
 14.0357
 9.48683
 6.9282
 12.8841
 11.6619
 11.5326
 12.1655
 5.19615
 11.0905
 8.66025
 10.5357
 6.16441
 0
 0
 11.0905
 8.48528
 10.4403
 9.69536
 9.69536
 8.66025
 8.66025
 13.8924
 9.84886
 11.0905
 0
 0
 11.3137
 10.6771
 10.4403
 12.1244
 13.0767
 13.0767
 10.4881
 8.48528
 4.69042
 7.93725
 9.74679
 0
 12.3693
 9.16515
 9.38083
 12.1244
 9.21954
 9.84886
 10.8628
 11.2694
 0
 0
 9.64365
 9.32738
 13
 9.16515
 9.16515
 13.0767
 8.83176
 6.85565
 10.0995
 10.0995
 14.7648
 12.6095
 7.28011
 7.14143
 9.69536
 0
 0
 0
 15.3623
 13.8203
 5.19615
 13.9642
 0
 9.8995
 13.6748
 10.3923
 11.3137
 7.81025
 0
 0
 10.0995
 12.1655
 12.1655
 11.2694
 11.2694
 0
 0
 10.4403
 13.9284
 15.7797
 10.3923
 5.09902
 0
 0
 13.2288
 14.3527
 11.4455
 14.5258
 0
 0
 0
 13.5647
 11.0905
 11.7047
 11.5326
 0
 0
 0
 7.68115
 11.7473
 10.4403
 13.4907
 0
 0
 0
 13.5277
 12.1655
 11.7898
 11.4018
 13.6748
 0
 0
 0
 0
 15.6205
 10.9087
 9.84886
 10.583
 0
 0
 0
 13.5277
 14.7986
 11.2694
 9.8995
 0
 0
 0
 11.2694
 9.16515
 7.81025
 6.08276
 0
 0
 0
 6.08276
 12.2882
 14.8324
 9.74679
 0
 12.1655
 13.1149
 10.4403
 13
 14
 13.1529
 13
 17.0587
 14.8324
 14.7986
 17.6635
 8.48528
 15.9374
 15.1327
 15.9374
 12.4499
 0
 0
 13.2665
 12.2474
 9.27362
 18.0555
 12.083
 0
 0
 14.3178
 13.1149
 13.0767
 15.4596
 13.1149
 13.8564
 12.1244
 14.4914
 15.1658
 10.5357
 12.083
 15.0997
 13.8564
 8.7178
 9.38083
 0
 14.8997
 5.19615
 7.34847
 11.3137
 8.88819
 0
 0
 13.1529
 14.3875
 12.2066
 5.38516
 8.94427
 0
 0
 0
 0
 0
 13.0384
 13.8564
 7.14143
 11.1355
 7.07107
 0
 0
 18.0831
 10.4403
 16.4924
 14.1067
 5.09902
 0
 0
 13.9642
 14.8324
 10.1489
 14.9332
 13.7477
 16.3707
 19
 7.68115
 14.3875
 14.6969
 14.1421
 9.64365
 0
 0
 0
 14.0357
 13.9642
 13.8924
 16.3095
 13.8564
 14.7309
 15.6205
 14.1067
 14.8661
 14.2829
 14.7309
 14.7309
 14.3527
 12.2066
 14.8997
 4.79583
 11.2694
 11.3578
 14.0357
 14.2829
 14.2478
 0
 0
 14.0712
 14
 7.14143
 12.3288
 0
 14.3178
 17.3205
 13.8564
 6.7082
 0
 0
 0
 0
 12.8062
 14.9666
 13
 15.1327
 8.24621
 0
 16.1555
 15.6205
 16.5529
 11.0454
 0
 0
 14.4568
 16.7929
 17.3781
 10.9087
 10.9087
 0
 13.2288
 13.2665
 13.8564
 16.7631
 17.2047
 13.8924
 13
 14.3178
 14.3178
 15.6205
 15.6205
 14.0712
 15.6205
 0
 13.8924
 14.4222
 13.2665
 10.4881
 14.3527
 15.9374
 10.3923
 15.6525
 13.9642
 13.2665
 12.3693
 9.74679
 15.6205
 14
 12.083
 8.48528
 7.2111
 13.784
 13.5647
 14.0357
 17.0587
 9.8995
 14.1421
 3.74166
 16.8226
 14.7648
 10.0499
 14.3875
 13
 14
 16.4621
 15.8114
 13.8924
 15.6205
 15.1658
 14.1421
 15.9374
 15.2971
 6
 13.0384
 9.79796
 13.5277
 13.8924
 6.7082
 17.8045
 13.4164
 12.3288
 11.2694
 14.1067
 15.1327
 13
 14.9332
 16.5529
 13.2288
 14.3527
 13.8924
 14
 14.7986
 15.3623
 10.6771
 13.7113
 5.47723
 9.64365
 18.0278
 14
 12.3693
 18.412
 10.9087
 15.7162
 17.3494
 14.3527
 13.2288
 15.1658
 15.5885
 17.3494
 15.6525
 14.9666
 14.2829
 16.5227
 16.0312
 13
 16.3707
 6.7082
 12.1655
 17.2047
 17.8045
 13.0384
 6
 12.3288
 10.4881
 14.5258
 14.5258
 13.7477
 15.1658
 14.8661
 13.0384
 14.2829
 15.9687
 15.0665
 12.3288
 16.3707
 9.43398
 12.8841
 15.1327
 16.1245
 14.7309
 11.5326
 11.4018
 13.2288
 8.66025
 10.1489
 13.9284
 13.9642
 15.6205
 13.9642
 14.7648
 14.2829
 16.5529
 16.4621
 15.7162
 12.4097
 20.0749
 11.2694
 6.08276
 17.1756
 15.1658
 12.1244
 12.9615
 16.6733
 14.7986
 14.2829
 11.0905
 13.8564
 16.2173
 13.9284
 15.4596
 14.3527
 14.7309
 13.2665
 16.4621
 14.4222
 15.1327
 12.4097
 16.8226
 14
 11.4455
 17.2047
 14.2829
 14.3875
 9.38083
 14.7648
 14.3527
 15.6205
 10.6771
 17.3494
 16.1864
 15.1327
 8.7178
 17.3781
 13
 12.4097
 2.44949
 2.44949
 13.1909
 15.5885
 15.4596
 7.07107
 14
 14.7648
 14.1774
 16
 13.7477
 14.8997
 14
 15.5242
 14.4914
 14.7309
 13.9642
 15.9687
 17.4929
 14.4222
 15.5242
 11.0454
 14.6969
 14.6629
 9.69536
 17.4069
 13.4907
 13.7113
 11.2694
 12.4499
 14.7986
 14.7648
 13.0384
 14.7648
 17.3781
 13.8924
 14.9332
 11.7898
 16.4012
 12.2066
 7.4162
 16.1245
 16.1864
 9.59166
 14.4568
 15.3623
 14
 0
 13.0767
 12.2882
 15.6205
 15.9374
 13.7113
 11.7473
 12.2882
 16.9115
 9.38083
 13.1529
 9.53939
 15.3623
 10.3923
 10.6301
 10.3923
 13.8564
 14.3178
 10.7238
 15.1327
 13.0384
 13
 16.6132
 9.8995
 11.3137
 15.6844
 14.0712
 10.583
 10.583
 11.1355
 14.7986
 13.6748
 15.0997
 13.8924
 14.7648
 14.3875
 13.0384
 9.8995
 17.3205
 13.5647
 10.1489
 18.412
 16.4012
 9.27362
 11.3137
 14.7309
 10.1489
 13.8924
 14.8661
 9.53939
 14.3178
 13.9642
 15.9687
 12.0416
 13.0384
 12.8841
 15.5885
 9.84886
 6.9282
 14.1774
 15.1658
 10.6771
 14.3178
 15.7797
 14.0357
 13.3041
 13.9284
 11.3137
 16.3095
 10.3923
 14.7648
 18.4391
 12.1244
 15.5242
 12.1244
 14.1067
 13.8924
 17.3494
 13.4164
 13.9284
 13.9642
 14
 12.4499
 10.5357
 10.5357
 14.7986
 8.12404
 14.7648
 14.0712
 9.38083
 13.0384
 14.7648
 12.9228
 13.2665
 11.7047
 15.9687
 9.59166
 13.2288
 12.0416
 12.9228
 13.8564
 0
 14.5602
 8.66025
 12.2474
 15.4596
 10.4403
 14.3527
 14.2127
 11.2694
 14.7648
 10.8628
 9
 13.8924
 13.0384
 13.1529
 11.2694
 14.3178
 14.7986
 13.7113
 12.53
 14.7648
 17
 15.1987
 14.8997
 11.0905
 14.2478
 13.0384
 9.64365
 15.3297
 13.8924
 15.1327
 14.5258
 11.1355
 7.48331
 14.4568
 12.9615
 11.3137
 12.3693
 14.0712
 13.8924
 13.7477
 15.6205
 5.47723
 0
 13.8924
 14.1067
 17.4069
 17.4069
 20.8806
 15.1327
 18.1934
 9.8995
 17.2627
 12.8452
 17.5499
 15.6844
 14.3875
 10.4403
 16.3095
 16.7332
 17.3494
 18.3848
 13.8924
 14.6969
 17.3205
 12.4097
 13.0384
 13.5277
 14.3178
 12.4499
 15.6205
 15.5885
 19.4422
 12.2474
 11.1355
 11.1355
 0
 13.5647
 15.6205
 14.7309
 0
 13
 14.0357
 14.0357
 15.1327
 17.8885
 13.2288
 15.1327
 14
 18.2209
 14.7986
 17.8326
 10.198
 16.6433
 15.6844
 14.3527
 11.0905
 10.6771
 10.6771
 16.8523
 11
 18.412
 10.5357
 12.8452
 14
 11.7898
 13.8924
 13.8924
 14.5258
 14.7309
 14.7309
 11.6619
 14.1067
 7.93725
 12.1655
 13.5647
 14.0357
 14.0357
 14.7309
 14.7309
 14.1067
 14.1067
 12.5698
 13.2288
 9.32738
 12
 7.74597
 9.84886
 0
 0
 0
 0
 10.3923
 16.4924
 8.88819
 12.2066
 11.5758
 0
 11.4018
 0
 18.0278
 18.2483
 8.66025
 0
 16.1555
 11.0905
 0
 0
 16.4621
 16.4621
 0
 0
 8.7178
 5.19615
 13.7113
 0
 10.3441
 11.2694
 0
 15.3623
 10.4403
 10.4403
 10.4403
 21.9545
 15.4596
 9.84886
 9.84886
 14.9332
 17.4069
 9.53939
 12.6095
 0
 14.3527
 26.9258
 26.9258
 12.2882
 13.6382
 17.4642
 17.4642
 11.3137
 11.3137
 18.3848
 18.3848
 14.1067
 19.9249
 13.1529
 13.1529
 19.0526
 19.0526
 15.6205
 17.6635
 15.9374
 15.9374
 10.8167
 10.8167
 22.1359
