 9.53939
 7.93725
 7.2111
 3.4641
 3.31662
 3.4641
 0
 11.5758
 11.5758
 5.09902
 6.63325
 6.63325
 4.24264
 5.38516
 5.47723
 6.245
 8.544
 7.34847
 11.0454
 3.87298
 6
 1.41421
 12.2474
 4.12311
 5.74456
 1.73205
 4.3589
 5.38516
 4.58258
 4.3589
 6.55744
 8.60233
 3.87298
 3.87298
 0
 0
 2.44949
 0
 2.82843
 8.12404
 2.44949
 3.31662
 2.23607
 2.23607
 2.23607
 6
 5.47723
 5.47723
 3
 4.24264
 1.73205
 6.55744
 6.55744
 0
 0
 5.47723
 4.24264
 5.74456
 5.74456
 5.74456
 0
 0
 5.38516
 6
 1.73205
 1.73205
 1.73205
 6.63325
 2.44949
 6.63325
 4.89898
 4.89898
 9.48683
 4.24264
 3.4641
 6
 6
 7.93725
 6
 7
 0
 0
 0
 0
 5.09902
 8.66025
 3
 6.245
 6.245
 0
 0
 7.14143
 9.21954
 0
 0
 0
 0
 0
 6.9282
 2.44949
 0
 9.16515
 9.16515
 5
 6.16441
 1.73205
 5
 5
 5
 2.44949
 3.4641
 6.08276
 6.08276
 8.18535
 1.73205
 6.9282
 4.58258
 8.48528
 0
 6.245
 11.7898
 6.85565
 6.85565
 6.32456
 0
 2.44949
 6.7082
 0
 6.9282
 3.4641
 1.73205
 5.47723
 8
 5.47723
 3.4641
 6.08276
 0
 0
 6.85565
 1.41421
 5.47723
 2
 0
 6.245
 3.60555
 9.84886
 0
 0
 0
 5.09902
 1.41421
 7.28011
 8.544
 6.16441
 8.544
 5.83095
 7.74597
 8.12404
 7.28011
 5.47723
 4.89898
 4.89898
 6.85565
 6.9282
 7.34847
 7.74597
 10.3441
 6.55744
 3.87298
 4.47214
 4.47214
 6.85565
 6.08276
 11.225
 1.73205
 1.73205
 1.41421
 7.87401
 1.73205
 3
 5.38516
 5.38516
 9.32738
 3.87298
 4.24264
 6.85565
 7.28011
 6.08276
 0
 4.24264
 4.24264
 20.025
 4.24264
 3.87298
 9.11043
 2.44949
 24.4745
 2.23607
 6.245
 9.84886
 0
 11.8322
 0
 0
 7.93725
 8
 8
 4.24264
 4.24264
 19.975
 7.4162
 12.6095
 7.28011
 6.7082
 6.7082
 0
 9.64365
 8.94427
 8.94427
 8.94427
 7.81025
 5.47723
 7.14143
 6.32456
 0
 0
 8.66025
 7.4162
 6.9282
 5.09902
 5.09902
 9.32738
 6.16441
 8.60233
 3.87298
 3.87298
 7.2111
 5.47723
 7.93725
 3
 3
 0
 0
 0
 8.66025
 3.4641
 7
 7.87401
 0
 7.93725
 4.47214
 5.19615
 6.9282
 6.9282
 0
 0
 9.11043
 8.66025
 6
 6
 6
 0
 0
 9.79796
 9.38083
 8.94427
 7.34847
 7.34847
 0
 0
 12.8062
 9.84886
 9.84886
 10.3923
 0
 0
 0
 8.88819
 10.4881
 10.583
 7.74597
 0
 0
 0
 5.56776
 11.7898
 6.08276
 7.74597
 0
 0
 0
 7.74597
 7.74597
 8.60233
 11.7898
 11.7898
 0
 0
 0
 0
 13
 9.48683
 9.16515
 7.07107
 0
 0
 0
 9.69536
 9.84886
 9.84886
 9.69536
 0
 0
 0
 9.16515
 8.544
 9.79796
 8.94427
 0
 0
 0
 8.88819
 7.34847
 8.18535
 7.87401
 0
 7.28011
 8.83176
 7.48331
 6.32456
 8.544
 8.12404
 10.198
 12.0416
 12.2474
 10.6301
 8.24621
 8
 13
 10.4403
 11.7047
 7
 0
 0
 12.8452
 10.4403
 8.544
 12.8062
 12.8062
 0
 0
 11
 14.6969
 8.88819
 11.2694
 10.8167
 13.4536
 10.7238
 9.94987
 12.2066
 12.5698
 10.583
 11.4018
 9.8995
 10.8167
 11.7898
 0
 12.8452
 9.84886
 8.60233
 9.27362
 9.27362
 0
 0
 10.0995
 12.3693
 12.8841
 12.8452
 12.8452
 0
 0
 0
 0
 0
 8.18535
 9.74679
 11.0905
 11.9583
 11.9583
 0
 0
 9.74679
 13.4907
 12.0416
 8.48528
 8.48528
 0
 0
 13.2288
 13.5647
 13.5277
 12.8062
 12.7671
 12.3288
 14.2478
 11.6189
 13.9284
 9.79796
 14.1774
 13.1529
 0
 0
 0
 11.6189
 15.3297
 13.7113
 14.7309
 14.0712
 13.5647
 11.6619
 11.1355
 11.3137
 12.4499
 11.6189
 11.0905
 12.49
 9.32738
 13.9642
 10.1489
 10.1489
 10.6771
 11.7898
 10.0499
 14.3527
 0
 0
 10.8628
 9.38083
 13.6748
 12.53
 0
 14.4222
 11.7898
 12.0416
 10.4403
 0
 0
 0
 0
 13.6748
 13.1909
 12.0416
 11.7898
 11.7898
 0
 12.2882
 12.53
 12.083
 11.6189
 0
 0
 14.2127
 11.7047
 14.0357
 12.3693
 12.3693
 0
 10.9545
 13.9642
 14.6969
 15.1658
 12.2066
 15.5563
 14
 11.0905
 11.0905
 12.7279
 14.3527
 14.2829
 11.6619
 0
 9.16515
 13.9284
 12.4499
 10.3923
 9.69536
 11.6189
 12.8062
 11.7898
 10.4881
 12.8452
 12.3693
 11.0905
 14.3178
 13.9642
 9.94987
 12.8452
 10.5357
 14.3527
 14.3178
 13
 10.4881
 13.5647
 14.7648
 12.8062
 12.2066
 12.2882
 12.4097
 12.2066
 9.84886
 13.6748
 13.7477
 12.3288
 14.8324
 12.9615
 14.3178
 11.0905
 12.8841
 13.2288
 11.3137
 12.2474
 12.9615
 15.0665
 9.84886
 9.32738
 11.1355
 10.0499
 11.2694
 9.84886
 13.6748
 12.53
 12.0416
 9.84886
 13.7113
 11.6189
 11.6619
 9.8995
 12.2882
 12.0416
 13.6015
 12.4499
 12.083
 12.4499
 11.7898
 14.2478
 13.9284
 13.1909
 13.7113
 9.74679
 13
 11.2694
 13.6748
 8.60233
 11.2694
 14.0357
 14.4222
 12.1655
 13.5647
 13.2288
 12.49
 14.3178
 10.8167
 13.5647
 9.69536
 10.5357
 13.784
 11.2694
 10.583
 12.4097
 13.5647
 10.4403
 12.8062
 9.69536
 14.2127
 11
 14
 8.88819
 14.7648
 13.2288
 11.0905
 13.1909
 12.2474
 15.4272
 13.2288
 10.4403
 14.1067
 11.7898
 12.0416
 12.7279
 10.3923
 13.5277
 10.9545
 11.0454
 10.3923
 11.0905
 14.2478
 11.6619
 13.6748
 11.2694
 11.7473
 11.0905
 12.8062
 13.1909
 10.3441
 9.84886
 11.1355
 12.4499
 9.74679
 11.2694
 11.4018
 7.34847
 11.0905
 12.2882
 10.1489
 11.7047
 8
 11.0905
 12.0416
 12.2882
 11.6619
 10.8628
 11.1355
 16.6132
 9.27362
 13.4536
 12.49
 11.6189
 12.2882
 14
 10.4403
 14.4222
 11.6619
 12.3288
 12.1655
 13.2665
 13.0384
 12.8062
 12.4097
 12.083
 12.2882
 13.6748
 15.0665
 9.8995
 11.4891
 8.18535
 8.66025
 14.3527
 9.32738
 6.9282
 10.4403
 13.5647
 9.74679
 10.8628
 12.8452
 9.84886
 13.6382
 9.84886
 12.6095
 15.1658
 11.2694
 11.7898
 10.6301
 13.5277
 12.8062
 12.8062
 10.6301
 15.4272
 12.49
 10.5357
 10.4403
 11.6619
 9.16515
 13.2288
 11.0905
 13.4536
 10.1489
 11.0454
 12
 14.2829
 10.8628
 13.9642
 10.4881
 9.79796
 12.083
 11.7898
 11.1803
 13.1909
 8.544
 9.84886
 0
 12.2066
 13.6748
 12.3693
 12.8452
 10.583
 12.49
 13.2288
 13.1909
 12.8452
 12
 10.4403
 9.8995
 11.7898
 9.16515
 11
 13.0767
 10.5357
 12.8062
 13.1149
 10.0499
 10.5357
 14.6969
 8.88819
 7.81025
 13.2288
 12.1655
 7.81025
 7.81025
 12.2882
 8.7178
 8.66025
 9.8995
 7.81025
 11.0905
 11.1355
 9.11043
 10.583
 10.583
 13.1909
 10.4403
 11.2694
 12.0416
 12.3288
 9.38083
 13.5647
 11.3578
 8.7178
 12.2066
 12.083
 13.1529
 14
 10.1489
 10.3923
 13.9642
 11.225
 12.8062
 10.3923
 12.4097
 10.6301
 13
 10.3923
 11.4891
 12.1655
 10.4403
 9.79796
 10.4403
 10.4403
 10.0995
 13.5647
 10.8628
 9.74679
 10.0499
 10.9087
 10.9087
 8.12404
 9.84886
 11.2694
 8.544
 13.0384
 11.0905
 13.0767
 10.1489
 9.69536
 9.69536
 13.7477
 8.60233
 10.8167
 13.9642
 8.48528
 8.66025
 11.6189
 13.1909
 10.5357
 10.5357
 14.6969
 10.3441
 10.0995
 12.6095
 14.3178
 9.53939
 0
 12.2474
 14.1067
 10.1489
 10.4403
 11.7473
 10.4403
 9.59166
 11.225
 10.0995
 7.68115
 13.9642
 12.1244
 13.5277
 8.66025
 9.53939
 14.7648
 12.1655
 11.4018
 12.1244
 13.2288
 9.53939
 12.6491
 12.4097
 12.5698
 13.1529
 15.3297
 11.7047
 12.1655
 10.0995
 12.4097
 12.1244
 11.5326
 13.4536
 12.53
 12.2474
 12.3693
 9.27362
 11.3137
 12.2474
 8.42615
 13.8564
 13.0384
 13.0384
 7.81025
 11.5758
 12.2882
 12.2882
 12.2882
 11.5326
 13.8924
 7.74597
 11.3137
 14
 9.64365
 13.4907
 11.3137
 12.8062
 12.4097
 13.2288
 11.0905
 13.2665
 10.3923
 10.4881
 13.9284
 14.7648
 13.2288
 13.9642
 10.4403
 13.1529
 13
 8.88819
 7.81025
 10.9545
 11.5326
 11.4018
 0
 6.08276
 12.1655
 11.3137
 0
 9.79796
 13.0767
 11.3137
 11.7047
 12.1244
 10.4403
 10.1489
 10.5357
 10.9545
 14.3527
 10.0995
 11.2694
 9.74679
 15.0665
 17.8885
 13
 11.7898
 13.6015
 10.4881
 13.1529
 12.2882
 12.6095
 11.6189
 6.9282
 10.3923
 13.5277
 12.2474
 7.74597
 14
 8.66025
 13.2288
 14.3178
 10.5357
 17.1464
 13.1529
 12.5698
 7
 14.0357
 13.5277
 15.1658
 14.3875
 12.6095
 17.8606
 12.1655
 14.0357
 11.3137
 9.74679
 9.74679
 11.225
 8.88819
 8.88819
 11.2694
 14.3178
 8.06226
 13.1909
 14.3178
 14.3178
 12.7671
 12.7671
 14.0712
 14.7648
 12.0416
 12.0416
 16.2788
 11.6619
 11.6619
 16.7033
 13
 11.6189
 11.6189
 10.4403
 12.0416
 12.1655
 10.0499
 10.0499
 10.4403
 8.18535
 8.18535
 13
 6.245
 15.0665
 12.2474
 12.2474
 9.94987
 15.1658
 11.6189
 11.6189
 12.7671
 13.1909
 9.53939
 9.53939
 15.9374
 12.7671
 12.7671
 13.2288
 10.583
 13.4164
 14.9332
 8.66025
 14.7986
 12.3693
 18.2483
 16.4621
 15.4272
 10.8628
 8.88819
 8.66025
 19.0788
 12.7671
 9.53939
 11.7898
 18.2209
 9.69536
 20.0499
 13
