 8.83176
 8.42615
 6.9282
 3.74166
 2.44949
 3.4641
 0
 9.27362
 3
 1.41421
 4.89898
 3.4641
 2.44949
 3
 4.58258
 4.89898
 7.93725
 6.85565
 9.79796
 3.87298
 6
 1.41421
 11.0454
 2.44949
 4.89898
 3.4641
 6
 5.19615
 5.09902
 4.89898
 6
 8
 3.31662
 5.74456
 1.73205
 1.73205
 4.3589
 1.73205
 1.73205
 6.9282
 2.44949
 1.73205
 2.44949
 2.44949
 2.44949
 3.74166
 4.89898
 4.89898
 3.74166
 1.73205
 3
 5.74456
 5.74456
 0
 0
 4.58258
 1.73205
 4.3589
 4.89898
 4.89898
 0
 0
 3.60555
 3.4641
 1.41421
 7.34847
 7.34847
 6.9282
 0
 4.58258
 2.82843
 2.82843
 8.60233
 3.4641
 1.41421
 4.24264
 4.24264
 5.47723
 4.24264
 6.08276
 2.44949
 6
 0
 0
 4.24264
 7.34847
 2.44949
 5.47723
 5.47723
 0
 0
 6
 9.21954
 0
 0
 0
 0
 0
 4.24264
 1.41421
 0
 8.48528
 8.48528
 3.74166
 5.38516
 3.31662
 3.87298
 3.87298
 3.87298
 1.41421
 0
 4.89898
 4.89898
 7.93725
 2.23607
 5.47723
 3
 8.06226
 0
 5.38516
 10.6771
 6
 6
 4.58258
 0
 0
 7.34847
 0
 6.08276
 0
 0
 5.38516
 6.78233
 4.47214
 1.41421
 3.31662
 0
 0
 4.24264
 2.44949
 4.12311
 1.73205
 0
 6
 2.64575
 6.7082
 0
 0
 0
 1.73205
 0
 6
 6.78233
 3
 7.28011
 4.89898
 8.48528
 6.55744
 5.47723
 3
 4.47214
 4.47214
 5.09902
 5.74456
 5
 7.68115
 9.59166
 5.74456
 3.4641
 3.4641
 3.4641
 6.85565
 5.19615
 8.88819
 0
 0
 0
 6.85565
 0
 4.47214
 0
 0
 8.12404
 1.41421
 1.73205
 6
 5.47723
 5.09902
 3.31662
 4.24264
 4.24264
 17.3781
 3.74166
 2.44949
 6.63325
 1.73205
 23.7697
 2.44949
 4.24264
 7.48331
 0
 9.84886
 0
 0
 6
 6.245
 12.0416
 1.73205
 1.73205
 18.8149
 6.63325
 8.18535
 6
 3.74166
 3.74166
 0
 8
 7.87401
 7.34847
 7.74597
 7.68115
 4.24264
 5.56776
 3
 0
 0
 6.08276
 6.08276
 5.19615
 4.24264
 4.24264
 7.4162
 5.19615
 5.74456
 2.82843
 2.82843
 6.245
 3.60555
 4.58258
 1.41421
 1.41421
 0
 0
 0
 7.4162
 0
 3.4641
 5.38516
 0
 6.63325
 1.41421
 1.73205
 5.19615
 5.19615
 0
 0
 6.16441
 6.9282
 2.44949
 3.4641
 3.4641
 0
 0
 7.74597
 7.74597
 7.2111
 4.69042
 4.69042
 0
 0
 10.0499
 7.93725
 5.74456
 9.16515
 0
 0
 0
 7.34847
 8.60233
 8
 2.44949
 0
 0
 0
 3.60555
 8
 3.4641
 5.74456
 0
 0
 0
 6.245
 3.4641
 7.34847
 9.21954
 9.21954
 0
 0
 0
 0
 10.583
 5.19615
 5
 5.19615
 0
 0
 0
 7.81025
 7
 7.93725
 8.7178
 0
 0
 0
 6.9282
 5.47723
 8
 7.14143
 0
 0
 0
 7.74597
 6.245
 7.14143
 5.47723
 0
 5.2915
 7.81025
 6.08276
 5.19615
 6.55744
 7.14143
 8.66025
 9
 10.4403
 8.94427
 6.9282
 6.245
 9.79796
 9.16515
 9.8995
 5.74456
 0
 0
 8.66025
 7.4162
 6.55744
 9.38083
 9.38083
 0
 0
 7.68115
 9.84886
 6.9282
 8.48528
 10.1489
 8.7178
 7.14143
 7.4162
 8.66025
 11.8322
 7.93725
 7.81025
 7.4162
 7.34847
 11.0454
 0
 8.77496
 7.07107
 5.83095
 7.34847
 10.3923
 0
 0
 6.9282
 7.93725
 8.7178
 9.16515
 9.16515
 0
 0
 0
 0
 0
 6.08276
 7
 9.32738
 7.34847
 7.34847
 0
 0
 8
 8.18535
 9.05539
 6.55744
 6.55744
 0
 0
 9.43398
 10.4403
 8.66025
 10.6771
 9.38083
 9.79796
 11.2694
 9.69536
 10.0499
 8.544
 10.4881
 11.225
 0
 0
 0
 8.66025
 9.8995
 12.1244
 9.84886
 11.2694
 10.4403
 9.21954
 9.32738
 8.18535
 10.5357
 9.84886
 8
 8.544
 7.07107
 10.5357
 6.9282
 6.9282
 7.07107
 7.81025
 8.48528
 10.8167
 0
 0
 7.74597
 7.2111
 10.0995
 9.79796
 0
 11.7473
 10.0995
 8.94427
 9
 0
 0
 0
 0
 11.0454
 9.59166
 10.1489
 10.1489
 10.1489
 0
 9.38083
 8.48528
 9.53939
 9.69536
 0
 0
 10.0995
 8.7178
 12.1244
 10.1489
 10.1489
 0
 9.11043
 11.7898
 10.4403
 13.1149
 8.94427
 13.1909
 11.5326
 9.38083
 9.38083
 7.93725
 10.3923
 9.59166
 8.88819
 0
 6.9282
 9.64365
 9.74679
 6.7082
 7.93725
 7.74597
 10.5357
 9.8995
 7.68115
 11.7047
 9.64365
 8.544
 10.9545
 11.6619
 9.32738
 10.0995
 9.27362
 12.3288
 11.5326
 11.2694
 9.84886
 11.225
 12.6491
 9.69536
 9.8995
 9.53939
 9.69536
 10.3923
 7.74597
 10.4403
 11.5758
 10.583
 10.5357
 9.32738
 12.8452
 9.79796
 10.4403
 8.88819
 8
 10.3441
 10.3441
 10.9087
 8.60233
 7.14143
 9.38083
 7.68115
 6.9282
 7.28011
 12.3693
 9.21954
 9.32738
 7.34847
 10.1489
 9.16515
 9.79796
 8.12404
 9.21954
 9
 12.3693
 10.0995
 8.544
 9.27362
 9.21954
 11.225
 10.4881
 9.8995
 9.84886
 7.87401
 11.7047
 9.53939
 9.53939
 5.09902
 7.28011
 9.69536
 12.0416
 11.2694
 9
 8.12404
 6.63325
 13.0767
 7.93725
 10.8628
 7.34847
 8.18535
 10.4881
 7.4162
 8.544
 9.69536
 10.8167
 9.32738
 11.4891
 7.68115
 9.38083
 8.66025
 12.3288
 7.74597
 13.1909
 11.6189
 9.79796
 10.9087
 10.4881
 13.1529
 12
 7.4162
 10.583
 9
 8.94427
 10.6301
 8
 12.0416
 8.12404
 9.21954
 7.81025
 8.12404
 12.083
 9.38083
 12.3288
 9
 10.0499
 8.48528
 10.8167
 8.7178
 8.544
 8
 9.38083
 8.48528
 6.9282
 8
 9.53939
 6.245
 9.84886
 9.16515
 8.77496
 11.0454
 6.9282
 9.21954
 8.88819
 9.74679
 9.84886
 9.05539
 9.43398
 11.7047
 8.60233
 10.0995
 10
 9.79796
 9.38083
 10.583
 7.34847
 12.8062
 8.7178
 9.84886
 11.2694
 11.6189
 9.8995
 7.93725
 8
 9.48683
 9.32738
 12.1244
 13.1529
 7.74597
 7.14143
 5.74456
 7
 12.8452
 7.74597
 5.19615
 8.66025
 10.8167
 8.66025
 7.34847
 10.1489
 8.77496
 10.5357
 6.08276
 8.7178
 12.0416
 9.53939
 8.12404
 9
 9.79796
 11.225
 11.225
 8.06226
 11.7898
 8.66025
 8.12404
 7.93725
 9.69536
 7.28011
 12.1244
 8.12404
 12.1244
 7
 8.12404
 8.42615
 10.6771
 8.66025
 11.225
 7.81025
 6.9282
 9
 9.59166
 6.9282
 10.0995
 5.19615
 7.81025
 0
 8.60233
 10.5357
 8.66025
 9.53939
 8.12404
 8.24621
 10.8628
 10.5357
 9.53939
 7.14143
 8.66025
 6.78233
 8.94427
 6.245
 10.3441
 12.1244
 7.87401
 8.88819
 10.4403
 7.74597
 7.81025
 11.225
 6.08276
 6.9282
 10.5357
 8.7178
 6.245
 6.245
 9.16515
 7.81025
 7.74597
 7.87401
 6.9282
 8.66025
 7.81025
 8.77496
 8.66025
 8.48528
 9
 7.68115
 8
 9
 9.48683
 7.07107
 11.3137
 9.48683
 6.9282
 12.1244
 9.84886
 12.1655
 12.083
 8
 7.74597
 12.5698
 9.48683
 10.6771
 7.07107
 11.2694
 9.59166
 12.5698
 7.34847
 8.42615
 11.2694
 9.16515
 7.81025
 9.32738
 9
 8.12404
 11.3578
 9.27362
 7.28011
 8.18535
 8.66025
 8.66025
 6.85565
 8.66025
 8.18535
 6.9282
 12.8841
 9.32738
 13.2288
 8.66025
 8.66025
 8.66025
 13.2288
 8.12404
 8.66025
 9.64365
 5.19615
 7.81025
 8.88819
 11.2694
 8.18535
 8.18535
 12.5698
 8.12404
 8.48528
 11.4018
 12.0416
 10.0499
 0
 11.2694
 13.0384
 8.88819
 6.9282
 9
 9.32738
 6.9282
 7.81025
 7.87401
 6.32456
 10.3923
 10.5357
 8.77496
 8.12404
 8
 13.0384
 11.7047
 8.83176
 8.60233
 12.1244
 10.0499
 12.083
 9.64365
 11.0454
 11.225
 13.9284
 9.32738
 11.2694
 9.16515
 8.83176
 12.0416
 9.48683
 10.5357
 10.3923
 11.2694
 11.2694
 6.48074
 9.32738
 11.2694
 6.9282
 13.1909
 13
 13
 5.47723
 10.4403
 12.8452
 12.8452
 12.8452
 8.544
 11.4455
 6.85565
 8
 12.1655
 7.93725
 11.4891
 12.0416
 10.4881
 10.3923
 11.6619
 12.7671
 9.59166
 9.84886
 10.0995
 12.9615
 11.3137
 10.4403
 13.4164
 7.81025
 12.1655
 12.1244
 7.34847
 7
 8.66025
 8.66025
 10.1489
 0
 5.19615
 11.2694
 8.88819
 0
 8.60233
 10.7238
 12.2474
 8.83176
 11.7898
 9
 8.88819
 8.48528
 10.0995
 14.4222
 7.81025
 11.2694
 8.7178
 14.4222
 18.412
 12.0416
 10.3923
 15.6525
 9.53939
 12.1655
 11.6619
 12.083
 11.225
 5.09902
 10.3441
 11.7473
 11.0905
 7.28011
 11.1355
 8.60233
 11.7898
 14
 9.79796
 14.7648
 10.5357
 11.9583
 6.9282
 14.0357
 14.8997
 16.4621
 14.8997
 12.4499
 18.3848
 11.4018
 15.906
 10.3923
 10.4403
 10.4403
 10.8167
 9.84886
 9.84886
 11.225
 13.9284
 0
 12.0416
 14.2127
 14.2127
 11
 11
 13.5277
 15.6205
 9.21954
 9.21954
 18.3303
 10.1489
 10.1489
 17.8885
 11.2694
 13.9642
 13.9642
 10.3923
 11.7047
 9.69536
 8.66025
 8.66025
 10.0995
 7.07107
 7.07107
 12.2066
 5.47723
 14.7648
 13.1529
 5.47723
 10.8628
 15.1658
 10.583
 11
 12.8452
 12.8841
 8.66025
 8.66025
 16.3095
 13.2288
 10.6301
 14
 9.84886
 13.9642
 14.6969
 8.7178
 14.7986
 11.8322
 19.1572
 17.3494
 16.2788
 9.69536
 8.83176
 7.81025
 18.735
 11.5326
 9.27362
 12.2474
 19.1833
 9.64365
 20.8327
 13.7113
