 28.6531
 27.5681
 17.8606
 14.2829
 19.5704
 18.0831
 18.3848
 13.9642
 9.27362
 9.27362
 14.1067
 18.2209
 21.7486
 8.66025
 7.74597
 6.55744
 7.28011
 14.7648
 11.3137
 5.47723
 14.7648
 18.5472
 8.66025
 8.66025
 21
 13.0384
 13.0384
 19.975
 14.7309
 16
 1.73205
 20.1494
 5.19615
 7.28011
 11.2694
 18.735
 7.07107
 15.0997
 13.8924
 19.799
 17.5499
 8.544
 12.4097
 19
 11.6619
 8.77496
 7.68115
 10.8628
 10.8628
 7.74597
 7.74597
 13
 13.2288
 0
 0
 10.583
 10.583
 12.1244
 13.5277
 21.3073
 0
 0
 26.1916
 20.8806
 7.14143
 13.9642
 13.8924
 15.1327
 19.0788
 12.8841
 20.8567
 12.2474
 7.07107
 12.3693
 21.8861
 19.9249
 8.3666
 7.34847
 10.8628
 20.025
 22.6495
 7.4162
 0
 0
 13.5277
 6.85565
 12.6491
 18.3848
 6.48074
 0
 0
 19.799
 15.4272
 17.3205
 18.2209
 6.48074
 0
 0
 4.24264
 17.3494
 15.0997
 9.84886
 9.84886
 9.38083
 18.735
 8.77496
 10.0499
 10.0499
 6
 6
 9.64365
 11.6619
 11.6619
 11.6619
 13.8924
 13
 15.6205
 6.55744
 0
 20
 16.6733
 13.9284
 25.5539
 14.7309
 15.843
 15.843
 15.843
 0
 8.18535
 24.0208
 16.4924
 14.1067
 8.12404
 2.44949
 19.1311
 26.096
 0
 0
 14.8324
 10.3923
 12.8841
 15.1658
 0
 20.9045
 15.3297
 6.48074
 19.1311
 0
 0
 16.4924
 15.5885
 16.4621
 10.3441
 7.34847
 0
 6.16441
 8.66025
 5.91608
 1.73205
 1.73205
 18.1384
 4.89898
 5.19615
 6.245
 21.3073
 21.3073
 15.6205
 21.7486
 6.63325
 18.2757
 10.0499
 10.0499
 19.1572
 14
 13.4907
 14.9666
 21.7715
 6.78233
 27.5862
 20.8806
 20.8806
 15.8114
 6
 21.8861
 14.8324
 14.8324
 8.544
 20.8087
 20.8087
 20.8087
 20.8087
 20.8087
 20.3224
 13.2288
 18.2757
 17.3781
 17.3781
 20.9762
 20.2978
 5.74456
 19.0526
 19.0526
 0
 0
 13.9642
 5.19615
 13.1909
 9.53939
 14.3178
 14.3178
 3.31662
 3
 12.2882
 1.73205
 9.16515
 0
 5.47723
 13.6015
 3.31662
 6.85565
 19.5192
 18.2209
 22.8035
 20.9284
 0
 0
 17.3494
 18.3848
 24.3516
 16.4317
 16.4317
 16.4317
 23.1733
 1.73205
 7.81025
 7.81025
 5.19615
 22
 3.4641
 3.4641
 12.8452
 0
 0
 0
 6
 18.1934
 18.1934
 18.1934
 0
 16
 21.095
 19.9249
 13.9284
 11
 0
 0
 20.9045
 20.8567
 20.8806
 19.9499
 19.9499
 0
 0
 18.3303
 6.9282
 10.4881
 10.4881
 10.4881
 0
 0
 1.73205
 6
 6.16441
 3.31662
 0
 0
 0
 8.66025
 0
 11
 11
 0
 0
 0
 12.2882
 8.18535
 16.4924
 20.025
 0
 0
 0
 26.7395
 24.3311
 24.2281
 23.4947
 8.83176
 0
 0
 0
 0
 35.6791
 10.5357
 15.3948
 20.3224
 0
 0
 0
 8.12404
 27.8029
 5.19615
 5.19615
 0
 0
 0
 9.79796
 12.3288
 6.16441
 5.47723
 0
 0
 0
 4.3589
 19.975
 10.3923
 12.9228
 0
 20.025
 24.3721
 23.6008
 21.7256
 8.66025
 21.3073
 20.3961
 9.84886
 7.4162
 4.89898
 10.3441
 5.19615
 8.94427
 2.23607
 6.48074
 6.08276
 0
 0
 6.32456
 15.906
 13.0384
 6.16441
 7.07107
 0
 0
 27.4408
 23.516
 24.4131
 6.9282
 5.19615
 20.8567
 15.9687
 25.1197
 30.5287
 7.14143
 23.388
 9.11043
 26.0384
 26.0384
 4.3589
 0
 7.74597
 5.47723
 6
 6
 6
 0
 0
 21.7256
 14.4568
 16.6733
 4.58258
 4.58258
 0
 0
 0
 0
 0
 21.7945
 24.3105
 5.47723
 24.5153
 3.4641
 0
 0
 13.1909
 21.4942
 7.34847
 26.0192
 3.31662
 0
 0
 1.73205
 13.1529
 13.1529
 24.3105
 1.73205
 11
 9.21954
 9.21954
 4.3589
 12.9615
 4.3589
 4.3589
 0
 0
 0
 27.4591
 27
 26.9072
 1.73205
 21.3073
 25.1794
 9.16515
 27
 31.305
 5.74456
 26.0384
 26.7769
 28.0535
 28.0535
 7.34847
 3.74166
 12.7671
 16.5227
 22.1359
 26.096
 13.0384
 0
 0
 26
 26.0192
 26.0192
 25.5539
 0
 23.6432
 12.2474
 23.4307
 4.58258
 0
 0
 0
 0
 14.4568
 5.09902
 25.2587
 5.47723
 13
 0
 9.84886
 4.3589
 25.4558
 25.4558
 0
 0
 3.16228
 14.3527
 11.2694
 11.7898
 11.7898
 0
 26.5895
 24.4336
 26.1343
 7.74597
 10.0499
 21.7945
 20.8567
 28.0179
 28.0179
 29.5466
 28.3019
 9.21954
 28.6705
 0
 26.8887
 10.0499
 22.1811
 22.1811
 27.7849
 6.48074
 6.48074
 30.8383
 25.219
 22.6053
 26.1343
 7.87401
 6.9282
 25.2982
 17.4356
 4.89898
 4.89898
 12.2882
 5.09902
 11.6189
 9.74679
 9.74679
 5.09902
 4.3589
 11.7898
 25.5147
 25.5147
 7.81025
 20.6155
 27.9106
 19.2614
 27.2764
 24
 29.5127
 10.4403
 28.7054
 8.12404
 13.9284
 13.9284
 24.3311
 14.9666
 7.93725
 7.93725
 4.24264
 6.85565
 21.8174
 21.3542
 21.3542
 23.516
 32.249
 25.3377
 25.1794
 12.6491
 25.923
 18.3848
 22.5389
 26.9072
 4.24264
 8.544
 4.24264
 5.09902
 3.87298
 3.87298
 6.245
 5.65685
 14.1774
 10.4403
 10.4403
 27.0555
 26.096
 26.9629
 19
 29.3598
 28.5832
 34.7563
 23.622
 14.3527
 22.6053
 29.6479
 8.83176
 9.64365
 9
 9
 32.187
 12.8452
 7.34847
 26.9444
 26.9444
 25.0799
 23.8956
 23.4521
 27.2764
 27.7308
 30.348
 9.05539
 21.9545
 21.3073
 11.6619
 26.6833
 3.4641
 9.16515
 9.16515
 3.87298
 6.245
 10.583
 5.74456
 5.74456
 13.2665
 20.347
 1.41421
 3
 27.313
 26.4386
 31.7017
 26.7955
 27.8209
 15.6844
 25.923
 27.9106
 29.7825
 8.48528
 14.7648
 12.8841
 12.8841
 7.81025
 11
 11
 11
 25.1794
 23.5584
 9.79796
 2.82843
 21.4476
 26.3818
 21.3073
 29.4788
 7.34847
 7.34847
 19.7737
 14
 5.19615
 21.8174
 21.8174
 7.34847
 4.24264
 14.2127
 12.2882
 14.6969
 15.1658
 15.1658
 26.2488
 22.6053
 29.4788
 29.4788
 35.5809
 31.5595
 27.7849
 22.6274
 28.6356
 16.7929
 6.9282
 6.9282
 6.9282
 20.8806
 19.4679
 9.84886
 9.84886
 9.84886
 13.7113
 5.74456
 23.5584
 29.0172
 22.2261
 24.6779
 28.1069
 22.6495
 15.6205
 17.5499
 13.1529
 25.2982
 5.19615
 8.18535
 12.3693
 12.3693
 5.09902
 5.09902
 9.69536
 21.5174
 11.7473
 24.3311
 25.9422
 27.1293
 28.6705
 20.664
 29.5127
 36.5103
 26.9629
 8
 8
 9.69536
 9.69536
 9.69536
 6.32456
 6.32456
 6.32456
 27.2764
 23.4734
 22.1133
 0
 18.1384
 21.9773
 8
 10.8628
 4.24264
 4.24264
 3.4641
 9.74679
 9.74679
 21.1187
 21.1187
 12.2882
 28.688
 18.7083
 18.7083
 22.6053
 28.178
 28.178
 16.6433
 20.8806
 20.8806
 11.4455
 6.55744
 6.55744
 7.87401
 7.87401
 8.18535
 8.18535
 24.5561
 24.2074
 25.1992
 17.7482
 22.5389
 27.2029
 5.19615
 17.4356
 17.4356
 10.3923
 5.47723
 5.47723
 10.0499
 17.5499
 17.5499
 15.9687
 24.3105
 24.3105
 25.0599
 28.4253
 28.4253
 16.2788
 16.2788
 28.8444
 12.7671
 12.1244
 12.1244
 12.0416
 7.93725
 7.93725
 17.7764
 23.5797
 23.5797
 21.8174
 18.7617
 28.3725
 15.5885
 1.73205
 14.9332
 12.0416
 12.0416
 4.69042
 11.2694
 11.2694
 7.4162
 7.4162
 9.16515
 9.16515
 17.1464
 17.0587
 27.1477
 27.1477
 22.9347
 25.4558
 25.4558
 25.4558
 16.6433
 16.6433
 16.6433
 9.69536
 14.7648
 18.8944
 7.14143
 25.318
 25.318
 11.3137
 21.6795
 20.2978
 24.3311
 15.3297
 2.82843
 20.8806
 0
 13.5647
 13.5647
 6.245
 10.5357
 10.7238
 0
 8
 8
 19.8242
 17.1464
 17.1464
 13.8924
 13.8924
 26.2107
 26.2107
 20.347
 22.7156
 22.7156
 22.7156
 13.1529
 17.8045
 12.3288
 12.3288
 16.3095
 6.9282
 21.1187
 21.1187
 19.6723
 21.0713
 15.6205
 20.2485
 20.2485
 20.2485
 12.4097
 12.4097
 7.74597
 17.4642
 13.6748
 13.6748
 17.9165
 6.245
 6.245
 0
 28.1247
 12.8841
 12.8841
 12.8841
 35.4542
 28.688
 22.3159
 22.3159
 19.2094
 22.9783
 22.9783
 7.34847
 7.34847
 7.34847
 8.48528
 23.4521
 18.412
 39.2683
 13.6748
 13.6748
 13.4907
 18.3848
 17.1172
 15.1327
 19.6469
 30.5287
 30.5287
 36.0139
 36.0139
 10.6771
 30.7246
 30.7246
 0
 19.105
 29.5804
 29.5804
 0
 0
 0
 0
 22.2261
 26.9629
 26.9629
 14.2478
 14.2478
 14.2478
 23.4094
 6.85565
 6.85565
 6
 28.1425
 28.1425
 15.6205
 12.53
 12.53
 12.53
 8.66025
 8.66025
 8.66025
 15.906
 15.906
 14.0712
 22
 22
 22
 22
 22
 29.8831
 21.0238
 15.9374
 22.2711
 24.5561
 24.5561
 24.5561
 24.5561
 24.5561
 13.5277
 13.5277
 18.5472
 11.6189
 13.2288
 13.2288
 13.2288
 20.3224
 0
 0
 0
 0
 17.8045
 17.8045
 17.8045
 23.3452
 23.3452
 0
 14.8324
 0
 0
 19.1572
 8.544
 0
 20
 19.1572
 0
 0
 29.0172
 29.0172
 0
 0
 0
 12.0416
 19.6723
 0
 0
 0
 0
 0
 0
 0
 0
 21.9773
 21.7025
 21.7025
 21.7025
 21.7025
 9.38083
 21.2603
 21.2603
 0
 0
 17.8885
 17.8885
 17.8885
 17.8885
 33.9264
 33.9264
 17.3205
 17.3205
 17.3205
 17.3205
 20.2978
 29.4788
 29.4788
 29.4788
 29.4788
 29.4788
 20.2485
 24.8193
 24.8193
 24.8193
 15.9687
 15.9687
 15.9687
