 1.41421
 4.24264
 2.23607
 2.23607
 2.23607
 2.23607
 2.23607
 6
 6
 5.09902
 5.09902
 5.09902
 5.19615
 5.19615
 5.19615
 5.19615
 5.19615
 5.19615
 6.55744
 6.55744
 2.44949
 2.44949
 7.87401
 3
 3
 3
 3
 3
 3
 1.73205
 6
 6
 1.73205
 3.74166
 3.74166
 7.34847
 7.34847
 7.34847
 7.34847
 4.79583
 3.4641
 3.4641
 3.4641
 4.24264
 4.24264
 4.24264
 4.24264
 5.2915
 5.2915
 5.2915
 5.2915
 5.74456
 5.74456
 0
 0
 0
 0
 4.24264
 2.44949
 2.44949
 0
 0
 0
 0
 0
 6
 6
 0
 0
 0
 0
 1.73205
 8.66025
 8.66025
 8.66025
 8.66025
 4.24264
 6.9282
 6.9282
 6.9282
 6.9282
 6.9282
 0
 0
 4.24264
 6.9282
 6.9282
 6.9282
 6.9282
 0
 0
 2.44949
 5.47723
 5.47723
 5.47723
 5.47723
 0
 0
 3.4641
 3.4641
 0
 6.16441
 6.16441
 3.4641
 3.4641
 3.4641
 3.4641
 3.31662
 3.74166
 3.74166
 3.74166
 4.47214
 4.47214
 3.74166
 3.74166
 6.9282
 6.9282
 3.31662
 0
 0
 10.4881
 5.65685
 3.4641
 3.4641
 3.4641
 3.4641
 2.44949
 0
 6.9282
 6.9282
 6.9282
 6.9282
 6.245
 6.9282
 6.9282
 6.9282
 0
 0
 0
 0
 3.4641
 3.4641
 0
 3
 3
 6.9282
 6.9282
 0
 0
 0
 0
 0
 6.85565
 6.85565
 6.85565
 5.19615
 5.19615
 5.19615
 6.245
 6.245
 5.65685
 6.7082
 6.7082
 5.65685
 8.544
 6.7082
 5.09902
 5.09902
 3.4641
 3.4641
 4.24264
 0
 0
 5.19615
 5.19615
 15.1327
 15.1327
 6.9282
 6.9282
 6.9282
 6.9282
 11.6619
 6.9282
 6.9282
 6.9282
 0
 0
 0
 0
 0
 11.0905
 11.0905
 11.0905
 11.0905
 7.07107
 7.07107
 7.07107
 7.07107
 7.07107
 7.93725
 7.93725
 11.0905
 0
 0
 0
 1.73205
 8.60233
 4.89898
 3.4641
 11.3137
 6.9282
 7.81025
 6.245
 6
 2.44949
 0
 5.65685
 3.4641
 7.34847
 6.9282
 2.23607
 5.74456
 4.58258
 4.58258
 0
 0
 5.19615
 4.12311
 4.12311
 4.12311
 4.12311
 6.9282
 6.9282
 4.3589
 4.3589
 4.3589
 4.3589
 4.3589
 4.24264
 4.24264
 7
 0
 0
 0
 6.08276
 6.08276
 6.08276
 6.08276
 0
 5.47723
 5.47723
 5.47723
 5.47723
 1.41421
 0
 0
 7.68115
 7.68115
 7.68115
 7.68115
 7.68115
 0
 0
 0
 0
 7.87401
 7.87401
 7.87401
 0
 0
 6.9282
 8.18535
 5
 5
 0
 0
 0
 6.245
 7.34847
 9.79796
 9.79796
 0
 0
 0
 6.9282
 8.66025
 8.66025
 11.0905
 0
 0
 0
 3
 3
 3
 9.64365
 12.1655
 0
 0
 0
 0
 10.4881
 10.4881
 10.4881
 4.24264
 0
 0
 0
 0
 6.245
 6.245
 6.245
 0
 0
 0
 6.55744
 6.55744
 7.07107
 6.85565
 0
 0
 0
 0
 0
 0
 0
 0
 0
 0
 0
 0
 0
 0
 0
 9.53939
 9.32738
 7.81025
 7.81025
 5.38516
 9.84886
 9.84886
 8.06226
 8.06226
 0
 0
 9.64365
 9.64365
 9.64365
 9.16515
 9.16515
 0
 0
 0
 10.7703
 10.7703
 6.7082
 8.88819
 10.8628
 8.7178
 8.7178
 7.74597
 7.61577
 7.68115
 7.68115
 7.68115
 7.68115
 7.61577
 0
 0
 0
 5.19615
 5.19615
 6.9282
 0
 0
 0
 0
 0
 12.3288
 12.3288
 0
 0
 0
 0
 0
 0
 0
 8.66025
 8.66025
 8.66025
 0
 0
 0
 11.1803
 11.1803
 11.1803
 11.1803
 0
 0
 0
 9.94987
 9.64365
 9.64365
 9.64365
 11.7898
 11.7898
 11.7898
 11.225
 11.225
 10.4403
 10.4403
 0
 0
 0
 0
 11
 11
 9.84886
 9.84886
 10.8167
 11.2694
 11.2694
 11.2694
 11.2694
 11.2694
 11.2694
 11.2694
 11.2694
 11.2694
 11.2694
 10.4403
 10.4403
 10.4403
 10.4403
 9.64365
 0
 0
 0
 0
 11.4891
 10.3441
 0
 0
 0
 0
 9.69536
 0
 0
 0
 0
 11.4891
 10.0499
 10.0499
 10.0499
 10.0499
 0
 0
 9.05539
 9.05539
 9.05539
 0
 0
 11.225
 11.225
 11.225
 11.225
 11.225
 0
 0
 0
 12.0416
 12.0416
 12.0416
 12.0416
 12.0416
 12.0416
 12.0416
 12.0416
 10.583
 10.583
 10.583
 0
 0
 0
 10.3441
 10.3441
 10.3441
 10.3441
 10.3441
 9.79796
 9.79796
 9.79796
 9.79796
 9.79796
 9.79796
 9.79796
 9.79796
 10.8167
 7.87401
 7.87401
 7.87401
 7.87401
 7.87401
 7.87401
 10.6771
 10.6771
 10.6771
 10.6771
 10.3923
 10.583
 10.583
 10.583
 10.583
 10.4881
 10.4881
 10.4881
 10.4881
 10.4881
 11.2694
 11.2694
 11.2694
 11.2694
 9.38083
 9.38083
 9.38083
 9.38083
 9.38083
 9.38083
 9.38083
 9.38083
 9.38083
 9.38083
 9.38083
 9.38083
 9.64365
 9.64365
 9.64365
 9.64365
 9.64365
 9.64365
 9.64365
 9.64365
 9.64365
 9.64365
 8.18535
 8.18535
 9.53939
 9.53939
 9.53939
 9.53939
 10.6301
 10.6301
 10.6301
 10.6301
 10.6301
 10.6301
 10.6301
 10.6301
 10.6301
 10.6301
 10.6301
 10.6301
 10.6301
 10.6301
 10.6301
 10.6301
 9.84886
 9.84886
 9.84886
 9.84886
 9.84886
 9.84886
 9.84886
 9.84886
 9.84886
 9.84886
 9.84886
 9.84886
 9.84886
 9.84886
 9.84886
 10.6301
 10.6301
 12.53
 10.7238
 10.7238
 10.7238
 10.7238
 10.7238
 10.7238
 10.7238
 10.7238
 10.7238
 10.7238
 10.7238
 10.7238
 10.7238
 8.66025
 8.66025
 8.66025
 8.66025
 8.66025
 8.66025
 8.66025
 8.66025
 8.66025
 8.66025
 8.66025
 8.66025
 8.66025
 8.66025
 8.66025
 8.66025
 13.4907
 13.4907
 13.4907
 13.4907
 13.4907
 13.4907
 9.79796
 9.79796
 9.79796
 9.79796
 12.0416
 12.0416
 12.0416
 12.0416
 12.0416
 12.0416
 12.0416
 8.544
 10.0995
 10.0995
 10.0995
 10.0995
 10.0995
 10.0995
 10.0995
 10.0995
 10.0995
 10.0995
 10.0995
 10.0995
 10.0995
 10.0995
 10.0995
 10.0995
 10.0995
 10.0995
 10.0995
 10.0995
 10.0995
 10.0995
 10.0995
 10.0995
 10.0995
 10.0995
 10.0995
 10.0995
 10.0995
 10.0995
 10.0995
 10.0995
 10.0995
 10.0995
 10.0995
 10.0995
 12.8841
 12.8841
 12.8841
 12.8841
 12.8841
 12.8841
 12.8841
 12.8841
 12.8841
 12.8841
 12.8841
 12.8841
 12.8841
 12.8841
 12.8841
 12.8841
 12.8841
 12.8841
 12.8841
 12.8841
 12.8841
 12.8841
 12.8841
 0
 0
 0
 0
 0
 0
 0
 0
 0
 0
 0
 0
 0
 0
 0
 0
 0
 0
 0
 0
 0
 0
 0
 0
 0
 0
 0
 0
 0
 0
 0
 0
 0
 0
 0
 0
 0
 0
 0
 0
 0
 0
 0
 0
 0
 0
 0
 0
 0
 0
 0
 0
 0
 0
 0
 0
 0
 0
 0
 0
 0
 0
 0
 0
 0
 0
 0
 0
 0
 0
 0
 0
 0
 0
 0
 0
 0
 0
 0
 0
 0
 0
 0
 0
 0
 0
 0
 0
 0
 0
 0
 0
 0
 0
 0
 0
 0
 0
 0
 0
 0
 0
 0
 0
 0
 0
 0
 0
 0
 0
 0
 0
 0
 0
 0
 0
 0
 0
 0
 0
 0
 0
 0
 0
 0
 0
 0
 0
 0
 0
 0
 0
 0
 0
 0
 0
 0
 0
 0
 0
 0
 0
 0
 0
 0
 0
 0
 0
 0
 7.74597
 7.74597
 7.74597
 7.74597
 7.74597
 7.74597
 7.74597
 7.74597
 7.74597
 7.74597
 7.74597
 7.74597
 7.74597
 7.74597
 7.74597
 7.74597
 7.74597
 7.74597
 7.74597
 7.74597
 7.74597
 7.74597
 7.74597
 7.74597
 7.74597
 7.74597
 7.74597
 7.74597
 0
 0
 0
 0
 0
 0
 0
 0
 0
 0
 0
 0
 0
 0
 0
 0
 0
 0
 0
 0
 0
 0
 0
 0
 0
 0
 0
 0
 0
 0
 0
 0
 0
 0
 0
 0
 0
 0
 0
 0
 0
 0
 0
 0
 0
 0
 0
 0
 0
 0
 0
 0
 0
 0
 0
 0
 0
 0
 0
 0
 0
 0
 0
 0
 0
 0
 0
 0
 0
 0
 0
 0
 0
 0
 0
 0
 0
 0
 0
 0
 0
 0
 0
 0
 0
 0
 0
 10.3923
 10.3923
 10.3923
 10.3923
 10.3923
 10.3923
 10.3923
 10.3923
 0
 4.69042
 4.69042
 4.69042
 4.69042
 4.69042
 4.69042
 4.69042
 4.69042
 4.69042
 4.69042
 4.69042
 4.69042
 4.69042
 4.69042
 4.69042
 4.69042
 4.69042
 4.69042
 4.69042
 4.69042
 4.69042
 4.69042
 4.69042
 4.69042
