 25.6905
 20.8806
 22.9783
 12.6491
 16.1555
 13.2288
 13.0767
 14.1421
 24.8998
 16.5529
 21.095
 25.9615
 23.1733
 19.1833
 16.7929
 24.2074
 26.0768
 20
 25.6515
 22.5832
 22
 24.3516
 20.664
 23.4734
 23.6854
 17.0587
 26.4764
 16.7332
 8.66025
 23.3666
 25.6515
 17.8885
 19.8242
 24.8797
 20.9762
 26.3059
 22.1359
 21.7025
 22.3159
 21.1187
 21.6795
 19
 25.5539
 23.0434
 15.5242
 22.5389
 26.096
 25.3574
 17.088
 22.6053
 20.3715
 17.9165
 30.4795
 0
 0
 20.8567
 20.5913
 26.9629
 21.8403
 21.4709
 0
 0
 30.315
 25.318
 24.2899
 20.9523
 20.9523
 22.6274
 24.5561
 24.4949
 27.8209
 17.7482
 27.7849
 18.7083
 19.4936
 27.7849
 13.2665
 21.8861
 27.5862
 20.9762
 22.8035
 12.0416
 0
 0
 26.9629
 30.315
 21.8632
 23.3452
 23.3452
 0
 0
 24.7386
 29.6479
 25.1595
 21.7256
 11.5326
 0
 0
 23.2809
 26.1534
 21.7025
 24.98
 10.8628
 25.2982
 27.7308
 17.8885
 27.4591
 27.4591
 24.5357
 21.4009
 27.9464
 26.9072
 13.8564
 13.8564
 23.1084
 26.1343
 22.3383
 27.7669
 0
 22.5832
 21
 26.8887
 25.2982
 28.2312
 21
 22.7816
 23.0868
 0
 29.8831
 21.3776
 18.6279
 19.9499
 28.1069
 21.9089
 27.7489
 20.4939
 0
 0
 26.0576
 21
 27.037
 19.3132
 0
 26.4008
 24.3105
 23.9374
 22.3159
 0
 0
 26.9444
 26.5707
 24.2074
 27.6225
 24.3721
 22.1133
 29.3939
 27.9643
 25.593
 29.189
 21.095
 28.8617
 27.2213
 23.2164
 27.8209
 28.2489
 28.2489
 27.7489
 26.9629
 26.0384
 28.6531
 25
 25
 26.9072
 26.1343
 22.8254
 15.5885
 23.6008
 29.7153
 22.2261
 20.9762
 25.02
 18.2757
 30.3315
 20.1742
 27.2029
 23.7276
 29.8329
 27.0185
 23.7276
 24.454
 24.454
 24.454
 26.4008
 25.219
 30.4467
 21.4942
 21.4942
 27.8029
 25.04
 31.4166
 23.4734
 23.4734
 0
 0
 31.0322
 23.8537
 30.5614
 27.8029
 19.6469
 31.8119
 27.6225
 29.95
 28.5482
 22.1585
 18.5203
 0
 29.2916
 29.5973
 27.4773
 25.0799
 28.6705
 31.305
 29.3598
 26.533
 0
 0
 25.4558
 27.1477
 26.9072
 26.2298
 12.9615
 33.5708
 26.2679
 25
 20.3715
 14.2127
 30.7734
 22.2486
 21.4942
 26
 26
 0
 0
 0
 28.7054
 27.4044
 20.9762
 23.5797
 23.5797
 28.6705
 27.5318
 30.3315
 27.7849
 14.5602
 0
 0
 28.6007
 28.3019
 27.7849
 31.209
 31.209
 0
 0
 29.6479
 28.4956
 34.7707
 24.3311
 24.3311
 0
 0
 32.4346
 31.241
 21.9317
 32.9545
 0
 0
 0
 29.1548
 31.6544
 32.1403
 25.6515
 0
 0
 0
 28.0357
 32.2645
 26.7208
 30.7246
 0
 0
 0
 30
 25.6905
 28.5307
 29.3769
 14.8997
 0
 0
 0
 0
 28.2666
 31.3209
 26.7395
 27.8388
 0
 0
 0
 34.1321
 22.0907
 22.7376
 25.7682
 0
 0
 0
 22.7156
 33.2866
 23.3452
 19.6469
 0
 0
 0
 27.6406
 25.8263
 26.7955
 31.241
 0
 26.1151
 28.4253
 27.8029
 26.4764
 26.0768
 25.8263
 29.7825
 29.4618
 33.2866
 33.0454
 31.241
 21.7025
 33
 33.8674
 34.8425
 24.0624
 0
 0
 31.4325
 29.7321
 28.0535
 33.8526
 21.7025
 0
 0
 28.8964
 32.9697
 29.5127
 32.218
 20.9284
 29.8496
 30.6757
 27.2397
 35.1568
 25.3772
 29.4109
 34.176
 22.1359
 22.1359
 21.4243
 0
 31.0161
 17.2337
 22.9783
 21.6102
 21.6102
 0
 0
 26.9815
 31.273
 24.1039
 21.4709
 17.1464
 17.1464
 0
 0
 0
 0
 27.7489
 29.1548
 26.0576
 28.0357
 17.6918
 0
 0
 31.1127
 27.6406
 31.4006
 29.2062
 29.2062
 0
 0
 33.0454
 35.0428
 22.9565
 29.3598
 30.4138
 33.0151
 31.209
 21.0476
 29.5804
 30.1496
 39.0768
 27.7669
 0
 0
 0
 30.3315
 34.0881
 29.9333
 35.0714
 29.7825
 31.7805
 32.218
 31.607
 24.6374
 33.8821
 24.8395
 29.8664
 30.7571
 20.3224
 33.0303
 19.6214
 13.7113
 24.1247
 26.533
 26.2869
 30.6268
 0
 0
 31.1288
 29.2062
 22.7376
 30.282
 0
 29.5466
 31.5753
 34.0441
 23.9583
 23.9583
 0
 0
 0
 25.3377
 33.5857
 29.6479
 35.1568
 9.48683
 0
 33.0454
 31.289
 30.3809
 21.0713
 0
 0
 32.6956
 32.1559
 30.2324
 26.4575
 26.4575
 0
 31.1769
 29.4279
 34.3074
 28.7402
 36.4692
 29.6479
 30.5123
 32.0312
 32.0312
 24.1454
 34.7563
 34.8281
 26.7208
 0
 22.1133
 34.7275
 34.3802
 22.8692
 25.5734
 32.28
 24.8193
 32.619
 30.8383
 30.8058
 32.2335
 30.1496
 31.9218
 30.6431
 31.8434
 25.807
 25.1794
 24.3721
 34.5977
 34.5543
 33.0908
 21.7486
 32.1714
 31.7333
 32.1714
 31.3369
 25.8263
 35.426
 30.3315
 28.2843
 27.6948
 32.6803
 32.3883
 28.3549
 34.0734
 32.3265
 35.609
 35.4683
 23.516
 29.5466
 34.7563
 34.7563
 21.6795
 19.2873
 35.0143
 24.6779
 34.9714
 25.7682
 29.3939
 35.3695
 33.7491
 28.8964
 32.7414
 32.187
 30.7083
 31.0805
 27
 36.4829
 31.6228
 22.2711
 34.0441
 22.1133
 21.8632
 35.7071
 34.8281
 23.8537
 33.9117
 28.8617
 33.4365
 28.7054
 29.9165
 29.3258
 31.496
 31.4006
 30.1164
 31.4484
 36.2629
 27.2947
 25.02
 36.6879
 33.9411
 39.0768
 19.5192
 24.6779
 35.6511
 35.7631
 25.1992
 25.3377
 33.9264
 35.242
 31.5119
 28.2135
 33.7935
 35.0143
 29.6985
 29.7489
 26.4764
 33.5112
 29.5296
 36.8511
 34.1614
 20.2237
 34.0734
 24.5153
 34.7851
 32.6956
 21.5407
 20.7123
 31.8434
 29.5296
 24.5967
 36.524
 28.178
 31.9218
 30.3974
 30.1496
 33.0606
 29.9833
 31.0805
 24.8395
 39.1535
 36.3043
 20.9284
 20.2731
 36.0139
 37.4967
 22.1133
 23.4307
 29.8998
 28.2666
 34.6121
 33.9117
 31.4484
 35.2704
 30.7409
 35.4401
 35.7211
 37.0405
 28.2843
 32.2955
 34.4093
 34.0294
 21.4709
 35.9861
 35.1994
 16.8819
 33.9411
 28.4781
 30.05
 24.3105
 27.8209
 31.8904
 28.8791
 27.0555
 30.6757
 34.1906
 26.7955
 28
 24.5561
 33.5261
 35.5949
 19.2873
 29.6648
 25.8844
 33.8231
 35.6511
 20.9045
 19.8494
 35.2846
 34.5977
 26.8328
 24.3516
 35.609
 32.218
 35.327
 28.1957
 30.0167
 29.8831
 32.4808
 35.6931
 34.2783
 34.7707
 22.6936
 36.6742
 34.7707
 17.088
 34.7707
 31.5595
 35.6791
 25.8844
 33.9117
 29.8998
 30.7409
 30.3315
 30.7734
 25.04
 24.8395
 36.5787
 16.3095
 36.5103
 18.4662
 18.412
 34.0147
 24.2899
 24.5967
 33.9264
 26.4386
 30.3974
 0
 27.037
 31.5595
 33.0908
 29.5466
 36.5103
 24.0208
 40.2119
 35.623
 14.7648
 31.1609
 19.6469
 32.2955
 32.7109
 31.0161
 28.6531
 25.6905
 32.2025
 25.923
 30.348
 27.6586
 18.2483
 38.2361
 22.5167
 16.1555
 36.6333
 24.8395
 20.7123
 17.8606
 36.2629
 29.5973
 23.622
 31.4643
 28.4956
 34.0588
 37.1349
 31.6386
 25.02
 37.7359
 36.6879
 17.088
 35.6371
 32.4654
 14.7986
 34.0294
 31.607
 22.1585
 35.1994
 26.2298
 26.7395
 29.9666
 16.3401
 28.8964
 20.5913
 34.9714
 16.7631
 36.565
 18.1384
 22.7816
 36.2767
 26.7395
 20.7123
 24.1454
 30.7409
 38.1051
 27.5862
 36.8103
 27.6948
 39.8748
 17.5784
 36.2905
 36.4692
 15.4919
 33.4365
 11.6189
 35.6791
 21.2132
 32.8177
 34.5832
 23.388
 29.8831
 25.7682
 33.0151
 20.5913
 20.5913
 35.2278
 17.0294
 23.3452
 38.6911
 21.9545
 19.0526
 37.1214
 29.3769
 18.7883
 18.7883
 25.0599
 27.0555
 34.641
 28.0179
 35.4683
 26.533
 26.533
 34.3511
 23.7276
 37.108
 35.7491
 21.4709
 37.2693
 36.5103
 16.6733
 33.0151
 34.5832
 28.3373
 19.6977
 20.8806
 32.6343
 24.0208
 29.1548
 20.9523
 16.5529
 16.3095
 35.2987
 19.1833
 35.8469
 22.0907
 15.6205
 35.0286
 22.1359
 22.1359
 34.2929
 20.9045
 31.4484
 28.4781
 34.1321
 26.4953
 35.623
 19.5192
 33.2716
 37.4833
 29.2062
 16.3401
 33.5708
 25.3772
 14
 0
 30
 21.0238
 22.891
 22.891
 22.891
 27.7849
 25.2389
 19.1311
 19.7737
 29.3769
 18.3848
 27.9285
 22.383
 20.7846
 29.5296
 24.5357
 21.7025
 28.931
 25.3772
 23.0651
 31.4166
 27.8029
 19.2614
 33.4365
 32.665
 21.587
 19.8242
 38.8201
 24.1039
 33.9706
 29.0861
 29.0861
 29.0861
 30.8707
 26
 19.0788
 19.0788
 32.7872
 16.7033
 19.8242
 26.0384
 19.0526
 14.7648
 24.1039
 20.6398
 19.4936
 19.1311
 23.8747
 21.1424
 24.1247
 20.7364
 23.8328
 26.1534
 21.1896
 18.7617
 21.4942
 34.5977
 22.9347
 20.2731
 31.1448
 24.1247
 33.1059
 14.7648
 22.2711
 33.4066
 23.6643
 15.5242
 36.5377
 14.8324
 23.388
 21.0238
 17.1756
 14.7648
 15.906
 41.5812
 23.0868
 20.6155
 24.4745
 23.8747
 23.7276
 27.4773
 18.4391
 29.1033
 19.6977
 0
 28.8964
 26.5141
 0
 31.4006
 21.0713
 21.0713
 22.6274
 15.7797
 0
 20.8567
 20.8567
 13.2665
 22.5389
 21.4476
 21.4476
 21.4942
 19.7737
 19.7737
 24.3105
 26.3629
 22.6716
 22.6716
 28.0179
 15.4596
 24.7386
 33.3916
 33.3916
 27.9464
 34.0441
 34.0441
 29.2404
 27.8747
 19.7231
 20.9045
 13.9284
 13.9284
 13.9284
 20.6155
 23.8537
 18.2757
 17.8606
 17.8606
 0
 19.799
 19.799
 19.1311
 21.9089
 15.7162
 21.4709
 21.9773
 14.3527
 20.8567
 21.7715
 22.8254
 14.1421
 21.4009
 19.6723
 20.347
 29.2746
 18.4391
 19.2614
 28.3196
 21.7256
 24.5153
 25.0799
 18.735
 19.105
