 28.4781
 26.5518
 29.5127
 21.4476
 25.7682
 30.6431
 32.0312
 34.6121
 24.8596
 32.5883
 29.9165
 33.4664
 33.0151
 32.9697
 34.4819
 24.9199
 23.3452
 34.4384
 21.9545
 33.8231
 24.8596
 31.3847
 25
 32.619
 31.1288
 28
 38.2753
 29.8664
 27.4408
 41.2916
 22.9347
 35.6791
 40.1248
 28.3549
 38.092
 31.0966
 38.3275
 30.1164
 31.8434
 37.3631
 35.7911
 35.4401
 29.7658
 34.6554
 29.7321
 25.0799
 24.1661
 41.5812
 39.7744
 26.1343
 40
 40.1123
 25.2982
 25.2982
 0
 38.0657
 43.9545
 28.5657
 29.0861
 28.2666
 28.2666
 0
 42.4264
 36.9459
 31.6228
 34.1906
 19.3132
 36.1663
 38.8716
 30.4138
 36.973
 19.7737
 19.8997
 33.0303
 37.1214
 38.5487
 18.2483
 32.6956
 24.1247
 42.5911
 39.0768
 17.4929
 42
 0
 30.7083
 28.4781
 35.6931
 37.7094
 13.8564
 34.1906
 0
 36.1801
 29.0689
 37.0675
 40.2368
 40.2368
 27.5862
 0
 37.3095
 34.7131
 38.0263
 29.7153
 12.6095
 31.3369
 38.1969
 41.4488
 28.7576
 14.2478
 25.5147
 41.9524
 26.7208
 38.5746
 38.5746
 38.5746
 44.6318
 28.2666
 40.0999
 28.3196
 0
 39.5095
 44.8219
 33.2566
 33.5559
 37.3363
 43.8862
 36.1663
 35.7351
 0
 28.7228
 39.6611
 36.9053
 41.4608
 27.1846
 47.697
 42.9185
 41
 41
 0
 42.8952
 41.2311
 32.7567
 37.1349
 0
 41.1704
 39.2301
 34.9571
 40.7431
 40.7431
 0
 36.1525
 41.4729
 41.9762
 28.9655
 33.8378
 42.7317
 35.1994
 31.8748
 26.4008
 27.2213
 43.9204
 40.4599
 30.5287
 45.2327
 29.9833
 44.5646
 44.5646
 37.3497
 41.4729
 44
 36.5513
 27.9821
 27.9821
 40.398
 38.8973
 39.0512
 39.0512
 49.4975
 33.4365
 40.4228
 42.4028
 50.6853
 42.1307
 25.807
 43.8292
 49.1732
 45.5412
 31.6544
 47.4236
 45.1553
 46.744
 46.744
 46.744
 39.8372
 43.1393
 45.8912
 43.6348
 43.6348
 38.6005
 41.7971
 39.2683
 44.2832
 44.2832
 44.2832
 0
 36.9324
 45.0666
 34.4093
 40.4351
 40.8167
 40.8167
 30.5123
 28.4429
 35.8887
 45.5741
 37.5633
 37.5633
 31.4484
 40.8901
 30.1662
 48.1768
 39.8873
 39.3954
 47.0319
 47.5079
 47.5079
 0
 39.9124
 40.7308
 45.4533
 50.8134
 30.315
 39.2301
 45.111
 42.5911
 44.8776
 29.0861
 29.7153
 46.2601
 49.4874
 54.8361
 54.8361
 54.8361
 54.8361
 54.8361
 33.7194
 52.1536
 48.2804
 50.3488
 50.3488
 37.55
 49.96
 54.037
 47.0106
 35.7771
 35.7771
 0
 39.8873
 45.5522
 47.8748
 51.788
 32.6497
 32.6497
 0
 42.45
 45.5302
 48.6826
 46.4543
 29.5804
 29.5804
 0
 34.4384
 35.9305
 48.2597
 37.3095
 37.3095
 37.3095
 0
 36.6197
 33.5857
 36.3043
 48.4871
 48.4871
 48.4871
 0
 42.9767
 40.5586
 49.0612
 44.486
 44.486
 0
 0
 49.4166
 48.9592
 46.4543
 45.9239
 45.9239
 45.9239
 45.9239
 0
 0
 44.2606
 40.9634
 48.4045
 52.8961
 52.8961
 52.8961
 52.8961
 34.8138
 51.303
 49.7795
 51.923
 51.923
 51.923
 51.923
 50.9117
 36.2353
 54.4794
 51.3615
 51.3615
 51.3615
 51.3615
 54.7723
 54.0555
 52.4595
 43.2551
 43.2551
 54.111
 49.7896
 44.2267
 55.7136
 49.1935
 53.3292
 47.3709
 47.5289
 41.5211
 37.855
 50.1597
 45.4533
 38.704
 35.9861
 42.4382
 49.366
 49.366
 0
 42.1782
 45.8476
 49.8297
 41.0609
 37.7624
 37.7624
 0
 48.9592
 47.6235
 50.1398
 48.949
 36.9188
 46.7868
 44.5646
 50.5074
 55.8838
 47.0532
 51.2835
 37.5633
 52.0961
 51.7107
 41.2068
 41.2068
 35.0286
 52.1057
 53.3854
 51.7494
 39.7115
 39.7115
 0
 0
 40.5956
 53.6004
 54.4885
 33.0757
 0
 0
 0
 0
 0
 0
 0
 0
 44.5421
 33.8083
 33.8083
 0
 49.5177
 51.923
 48.9081
 59.8749
 25.7488
 25.7488
 0
 41.2311
 40.8901
 49.0816
 56.9649
 36.8646
 39.5727
 49.2849
 50.5964
 43.0349
 48.1456
 42.4853
 54.7905
 54.7905
 54.7905
 54.7905
 49.6085
 45.5412
 52.5928
 39.2428
 45.6289
 51.1175
 47.9792
 52.192
 51.817
 39.1535
 55.6507
 51.7107
 53.0471
 52.5738
 35.8887
 52.9339
 22.9347
 55.1996
 54.7814
 55.9911
 42.3202
 42.3202
 0
 0
 0
 0
 45.8803
 0
 0
 0
 49.8899
 57.5847
 57.5847
 57.5847
 57.5847
 57.5847
 53.7494
 38.5227
 59.8999
 41.3159
 20.8087
 0
 36.7423
 35.6371
 61.2862
 55.6866
 55.6866
 55.6866
 43.589
 47.927
 53.3479
 56.3915
 18.5203
 18.5203
 51.4684
 52.3832
 49.2544
 59.2115
 41.7013
 50.6557
 45.9456
 52.3068
 20.8327
 52.5357
 47.0744
 38.0263
 51.3907
 51.3907
 53.7401
 34.8999
 54.2494
 57.9051
 55.9821
 43.6119
 55.3353
 56.3205
 58.7537
 53.6377
 46.2277
 56.9473
 49.1528
 51.4684
 57.1139
 61.2699
 58.8812
 53.1601
 40.025
 51.0196
 38.3536
 55.2087
 35.6511
 61.3759
 47.0425
 63.4665
 55.7225
 47.085
 52.5833
 54.7175
 58.1378
 51.7397
 50.01
 52.4595
 52.0096
 55.6147
 45.1885
 40.5339
 53.9073
 51.4684
 46.0869
 37.4032
 55.5698
 56.1783
 47.1699
 58.2666
 59.203
 58.6686
 53.0189
 58.8558
 50
 61.3759
 47.8853
 51.2445
 58.643
 59.0339
 53.0377
 38.2492
 51.6333
 57.1839
 35.5949
 57.3062
 56.3116
 39.2428
 42.6146
 57.8705
 42.6263
 60.5392
 51.672
 62.9444
 56.1961
 55.0545
 52.1153
 54.7357
 52.2685
 57.0877
 44.6542
 51.1566
 55.0454
 51.4976
 37.3898
 45.1664
 57.6108
 57.8965
 48.6518
 42.6028
 58.6686
 55.6866
 49.0714
 54.7631
 55.2449
 59.5147
 54.8817
 57.0263
 48.3115
 59.9333
 51.4879
 51.6527
 59.4643
 44.2945
 41.7612
 56.0535
 37.3765
 60.2661
 44.5197
 46.9042
 60.349
 56.1961
 54.2218
 55.6866
 61.8628
 51.7591
 60.5392
 54.8544
 51.5461
 54.0555
 44.0795
 59.2453
 55.4977
 56.0803
 37.3631
 56.9122
 57.3062
 59.1777
 43.4281
 47.3075
 55.5788
 58.2752
 54.8088
 60.6795
 51.4684
 43.6463
 49.0204
 53.8795
 58.0689
 54.4151
 40.9634
 60.9836
 55.5878
 52.8299
 38.6911
 57.7495
 57.1314
 40.939
 43.6348
 56.8067
 42.5793
 55.263
 53.0566
 60.0417
 58.5577
 49.5883
 54.8361
 61.8385
 51.8363
 54.8544
 52.7636
 60.5227
 55.4797
 45.6508
 37.4166
 57.3062
 58.66
 59.5231
 58.2495
 38.3014
 58.5833
 57.6108
 47.7912
 49.548
 55.2449
 58.7878
 50.3488
 51.614
 51.7494
 60.1831
 51.1859
 52.6878
 43.6692
 46.3681
 36.8511
 42.6146
 54.9818
 53.9259
 44.4072
 55.9285
 41.7013
 48.7442
 50.3885
 56.9737
 52.7352
 57.5152
 54.5619
 50.03
 56.4624
 56.3915
 54.5711
 41.7373
 55.2449
 39.281
 58.0775
 56.356
 45.2106
 57.1314
 57.5413
 51.4684
 62.7216
 54.909
 54.909
 56.1338
 52.9245
 47.7912
 45.5082
 42.2847
 55.7763
 43.4971
 41.7493
 55.5788
 51.3128
 58.8982
 49.5278
 52.5928
 55.0999
 59.3717
 51.1957
 55.6417
 54.2033
 43.4626
 53.7587
 54.5436
 41.2795
 58.7026
 57.8014
 43.6119
 57.1664
 57.5674
 57.5674
 51.2738
 53.3667
 60.6712
 49.689
 58.4294
 55.1906
 42.5676
 49.8899
 56.4712
 41.845
 43.0116
 55.6866
 43.852
 50.448
 56.8683
 54.7357
 53.3573
 59.9166
 56.0535
 57.3847
 58.3438
 49.5681
 53.7773
 55.4977
 56.4978
 39.0512
 58.6771
 42.2966
 56.3471
 59.1185
 50.4282
 52.8867
 58.3695
 58.6174
 50.3885
 55.1725
 50.7937
 45.8367
 59.279
 44.3396
 55.6507
 42.1663
 43
 59.9083
 49.0204
 49.0204
 50.448
 60.2329
 52.9906
 55.8749
 58.0086
 55.8928
 52.2015
 52.915
 56.6127
 48.6621
 46.6798
 60.3158
 57.4717
 43.8064
 60.2661
 59.0931
 48.7442
 52.9056
 57.5413
 67.2607
 48.9898
 59.7746
 54.0463
 51.3615
 43.2319
 54.827
 54.827
 46.1302
 57.8014
 42.0951
 41.9524
 56.4978
 48.4252
 47.3603
 60.531
 51.3128
 55.6147
 48.9796
 59.9416
 52.1824
 55.3353
 55.3173
 48.3115
 54.4794
 54.1849
 58.8133
 45.3431
 57.3062
 44.486
 56.4004
 56.7803
 49.3153
 50.6063
 62.0967
 46.9468
 60.0333
 53.8331
 51.2835
 40.0999
 54.7266
 45.3762
 45.3762
 44.8219
 55.2359
 49.4368
 63.7495
 53.0943
 46.076
 59.0424
 59.0424
 54.037
 47.8017
 58.66
 58.66
 58.66
 55.0454
 53.8516
 58.438
 60.025
 47.8853
 59.127
 41.5211
 60.291
 61.7657
 46.4327
 52.9906
 62.1691
 52.6973
 47.244
 61.8304
 42.9418
 52.1153
 54.7996
 40.1622
 52.5547
 51.1762
 58.3952
 61.4003
 49.5076
 45.8912
 53.8888
 53.8888
 53.8888
 53.0094
 50.7543
 58.7963
 58.7963
 54.1572
 53.9259
 61.8385
 56.9473
 58.2323
 55.3715
 48.9285
 59.1439
 58.2838
 50.9019
 44.5533
 62.2334
 49.7695
 49.6085
 61.131
 45.5522
 50.6754
 61.7414
 53.0471
 39.3827
 54.8088
 84.7526
 47.8226
 43.1625
 41.0244
 46.8935
 40.0125
 51.8845
 48.6518
 51.0979
 53
 50.547
 53.3385
 50.8724
 53.8981
 54.9545
 30.133
 30.133
 54.6077
 54.6077
 48.7442
 50.3488
 61.7738
 42.9185
 54.2125
 39.0256
 52.5928
 52.5928
 56.3826
 47.4236
 0
 40.694
 47.8957
 47.8957
 50.1597
 51.2738
 51.2738
 48.7134
 48.7134
 48.7134
 50.6261
 50.03
 50.03
 49.4773
 55.0545
 55.0545
 47.0638
 42.8486
 61.4085
 61.4085
 61.4085
 48.2494
 43.7493
 43.7493
 43.7493
 30.3809
 30.3809
 30.3809
 30.3809
 32.6343
 49.224
 44.3283
 46.2493
 37.7359
 37.7359
 47.613
 38.9872
 43
 43
 57.5934
 57.5934
 54.2125
 41.7971
 30.4795
 36.2215
 38.3145
 45.2327
 45.2327
 43.0697
 52.7541
 41.7013
 59.7578
 44.2719
 61.9597
 42.9535
 42.9535
 50.6162
 59.1185
 35.7631
 33
 52.1153
 60.5392
 41.7493
 53.0283
 49.99
