 313.755
 0
 21.1896
 18.7883
 26.7208
 31.5911
 24.5764
 23.2164
 26.7769
 22.6936
 27.0555
 31.6702
 30.1828
 28.0535
 26.1534
 28.0357
 24.4745
 18.2483
 24.2074
 21.7025
 24.8193
 25.4362
 26.3818
 31.0161
 29.3087
 26.0768
 35.7631
 27.4408
 25.1794
 25.0599
 23.7276
 23.5584
 26.1534
 29.9333
 21.8861
 32.45
 27.8388
 25.2587
 28.0179
 33.0151
 35.2987
 30.5941
 31.7333
 34.6266
 30.3974
 25.3377
 24.454
 40.6202
 27.1662
 28.2666
 25.1992
 30.4631
 26.1534
 0
 0
 23.4947
 29.5973
 31.0805
 30.0333
 28.8617
 0
 0
 29
 27.6406
 31.6386
 34.7563
 18.7083
 34.1174
 36.428
 28.3019
 32.1714
 17.8885
 20.6398
 25.318
 29.7658
 35.3695
 16.7033
 33.9264
 25.865
 21.8632
 25.2389
 14
 0
 49.558
 30.5778
 31.8119
 26.9815
 27.7669
 13.3041
 0
 40.6694
 37.4967
 34.1906
 30.6594
 32.1403
 11.4891
 0
 33.1059
 35.9861
 33.7343
 34.1467
 33.4066
 11.4455
 33.0454
 39.1663
 33.0151
 30.545
 7.87401
 26.3818
 27.8927
 28.2135
 38.0263
 7.34847
 7.34847
 35.7911
 30.7083
 29.5466
 30.0167
 30.0167
 28.9655
 27.1477
 34.8999
 32.1403
 34.5543
 33.1059
 35.9861
 34.2929
 34.2929
 29.4449
 33.9706
 30.5778
 33.1361
 29.6816
 31.273
 39.4335
 26.9258
 0
 0
 42.45
 27.8029
 31.3369
 28.688
 28.688
 40.3609
 28.6531
 36.4555
 27.8388
 0
 0
 36.2629
 33.4365
 38.704
 37.4566
 35.7771
 35.171
 36.4692
 36.8239
 29.4788
 30.315
 28.6705
 41.1947
 32.1092
 29.5635
 33.5559
 43.1972
 43.1972
 36.6197
 33.0908
 40.0125
 36.606
 31.0483
 31.0483
 35.1141
 41.1218
 38.5746
 38.2492
 33.9117
 34.7851
 36.5103
 34.9142
 33.0606
 40.9145
 27.8209
 30.5123
 34.7994
 30.6105
 33.0151
 39.9625
 32.2025
 31.273
 31.273
 31.273
 39.3954
 34.7131
 41.4849
 31.305
 31.305
 35.8748
 41.0731
 41.7253
 35.1568
 35.1568
 0
 0
 37.5633
 38.2361
 38.223
 38.1838
 40.6571
 40.6571
 30.6105
 29.1204
 40.4228
 33.0151
 36.4692
 0
 34.4093
 41.328
 33
 28.6356
 40.2119
 39.6358
 46.7226
 33.9264
 0
 0
 39.064
 39.4842
 39.2046
 46.8615
 28.8964
 38.9743
 40.8167
 40.8167
 38.4838
 28.2312
 33.7046
 33.9264
 33.8674
 34.7994
 34.7994
 34.7994
 0
 0
 34.7563
 38.2492
 33.8674
 33.8969
 33.8969
 38.0263
 36.524
 42.5676
 35.6651
 34.3366
 0
 0
 37.3765
 41.1704
 40.9878
 45.4753
 29.1376
 0
 0
 42.3556
 42.2847
 48.4149
 37.6298
 27.3496
 0
 0
 35.3129
 41.9762
 34.8281
 36.6606
 36.6606
 0
 0
 45.3211
 38.7556
 38.2492
 32.218
 0
 0
 0
 43.1509
 43.6692
 37.3898
 40.7308
 0
 0
 0
 48.2701
 41.7013
 45.4753
 44.8442
 44.8442
 0
 0
 0
 0
 43.4626
 39.2938
 44.3058
 46.9787
 0
 0
 0
 37.1618
 40.7676
 38.3145
 40.4228
 0
 0
 0
 36.565
 36.318
 37.027
 34.8568
 0
 0
 0
 40.1622
 40.8901
 41.6653
 42.1545
 0
 46.9681
 41.7971
 43.566
 47.0744
 41.9881
 49.6488
 47.2864
 45.618
 41.5572
 41.4246
 51.7204
 37.6962
 43.4166
 44.486
 43.1393
 32.3574
 0
 0
 44.5982
 43.6348
 36.5924
 49.7594
 34.8568
 0
 0
 48.7545
 47.0744
 41.6653
 49.1223
 35.6371
 46.0652
 42.7083
 47.0744
 55.0818
 44.8888
 49.679
 38.8844
 38.4448
 38.3536
 38.4968
 0
 38.4187
 35.0571
 44.1588
 35.9305
 37.3497
 0
 0
 40.8779
 38.8973
 40.8534
 36.5377
 30.7571
 0
 0
 0
 0
 0
 46.9468
 46.9042
 41.2795
 44.4185
 32.7719
 0
 0
 48.6415
 43.6463
 49.4065
 47.9479
 27.5862
 0
 0
 43.8064
 42.3792
 37.9078
 50.4381
 45.9021
 43.4741
 49.9199
 35.4119
 47.3181
 46.3357
 50.4381
 37.4833
 0
 0
 0
 48.8057
 46.5618
 41.7493
 51.9423
 45.2327
 48.7032
 53.9907
 47.8017
 42.6849
 41.3884
 41.1461
 51
 50.4381
 36.1939
 42.8019
 36.8917
 19.6214
 42.7434
 44.8219
 41.7971
 42.4617
 0
 0
 46.0435
 48.621
 38.2492
 46.1628
 46.1628
 44.7214
 49.0306
 49.1732
 42.3792
 0
 0
 0
 0
 38.8844
 43.6807
 47.2229
 41.4367
 20.025
 20.025
 42.1307
 44.5309
 53
 36.4692
 36.4692
 36.4692
 50.8035
 49.4773
 53.2729
 38.6264
 1.73205
 0
 0
 43.589
 49.97
 58.8388
 55.254
 48.7032
 47.085
 48.775
 0
 41.4367
 56.356
 41.4246
 41.3038
 0
 36.8917
 45.4313
 53.591
 40.3361
 42.8019
 49.7695
 44.6318
 55.6776
 48.6107
 45.2327
 47.0744
 49.2747
 49.8799
 45.607
 52.345
 42.7902
 45.0666
 39.6863
 43.359
 51.8556
 50.3686
 36.428
 44.8219
 50
 48.8979
 55.0454
 39.2046
 52.6783
 52.1728
 47.8748
 53.9351
 52.469
 47.8435
 51.4976
 51.9038
 51.2835
 53.1225
 42.0119
 45.7056
 43.0349
 54.5802
 47.2969
 38
 39.7115
 50.3587
 45.2659
 56.7803
 43.2666
 46.1086
 57.376
 50.4876
 48.6621
 48.0208
 49.689
 52.7257
 53.8702
 42.5676
 42.638
 51.7301
 46.4004
 49.7795
 42.8836
 35.7771
 53.0377
 51.449
 39.1791
 49.2341
 52.9811
 52.6023
 53.3667
 44.8888
 55.0636
 51.2933
 50.3488
 49.8297
 54.7905
 46.4112
 45.5851
 44.1701
 52.5357
 49.5278
 56.0535
 41.1461
 41.1825
 55.6507
 49.95
 43.9886
 44.6094
 49.0714
 56.5332
 49.5782
 47.9062
 49.7192
 55.7315
 48.7955
 52.9622
 44.0227
 51.7397
 55.2268
 45.8476
 50.6063
 38.4708
 47.3075
 49.7293
 50.06
 54.1849
 48.1041
 40.1248
 53.3667
 44.8776
 49.8096
 52.5167
 53.376
 53.8702
 48.7852
 50.7642
 43.5546
 55.6058
 47.2017
 46.3897
 53.0189
 57.0175
 41.4849
 41.5812
 50.1597
 45.2106
 43.3128
 44.699
 48.0416
 48.9796
 50.6754
 53.9166
 50.4183
 60.0417
 53.0377
 53.8702
 47.4131
 58.3009
 47.7074
 53.1131
 51.6527
 53.0094
 38.2099
 52.7447
 53.1319
 38.7814
 50.8724
 49.5681
 51.4296
 47.0319
 47.676
 50.4777
 48.8774
 49.4672
 50.8724
 54.0093
 47.3498
 50.8724
 44.2719
 49.6488
 50.6656
 39.9124
 56.6039
 43.2782
 40.1871
 48.7237
 42.4971
 43.2319
 48.6724
 51.8073
 48.0521
 46.2709
 56.9386
 52.2398
 51.303
 50.4083
 49.9199
 47.7284
 47.6025
 50.2096
 49.2138
 50.3786
 40.398
 46.0543
 51.4393
 39.0384
 50.2892
 49.6387
 53.563
 45.913
 52.6403
 49.8498
 53.3198
 49.548
 49.96
 47.2652
 42.6497
 49.3255
 41.2189
 50.2892
 43.4511
 41
 49.7795
 46.1411
 44.3621
 51.2933
 50.5173
 54.7723
 54.7723
 50.448
 50.02
 48.7647
 46.1086
 45.3872
 40.1248
 53.5724
 52
 39.2938
 51.0196
 47.5184
 53.0566
 50.4579
 55.1181
 51.8845
 48.7134
 51.2933
 47.0532
 49.3153
 44.1701
 43.1161
 52.259
 40.939
 43.7493
 50.6656
 48.1456
 44.8776
 44.8776
 51.517
 52.9906
 49.1935
 50.0999
 53.8981
 51.3225
 44.2493
 49.8096
 41.4849
 52.7352
 51.9519
 41.9881
 50.5866
 52.7257
 41.2068
 51.7011
 52.2207
 49.366
 55.7584
 49.8297
 50.774
 50.4282
 42.638
 48.7237
 43.6692
 52.259
 44.7772
 50.319
 44.5084
 47.592
 54.5894
 50.4579
 48.0833
 49.679
 51.7591
 54.8088
 50.5668
 58.2495
 47.3603
 57.6715
 43.1161
 54.6809
 53.3104
 45.8367
 56.5243
 41.7732
 51.9808
 49.7293
 52.9906
 55.9732
 50.8232
 50.2195
 51.2738
 48.1248
 45.4863
 44.2945
 47.6865
 44.5309
 43.8406
 55.5968
 42.638
 48.9285
 53.0754
 50.4183
 46.1086
 46.1086
 51.2933
 49.3356
 56.4447
 51.2543
 56.0625
 53.0094
 53.0094
 52.5262
 47.1487
 55.2449
 54.231
 47.8226
 56.1961
 52.3259
 47.7912
 53.0189
 53.066
 49.1325
 51.1566
 44.7325
 54.7723
 55.3082
 51.7784
 45.3542
 42.8486
 44.317
 44.317
 46.2385
 46.2385
 48.5386
 42.3792
 52.1344
 50.6261
 52.4881
 46.1302
 54.1849
 52.144
 52.4976
 53.3948
 50.1797
 56.6833
 47.7808
 52.1057
 57.6108
 52.2972
 44.8553
 53.9351
 46.0435
 47.0744
 0
 0
 46.7333
 52.7541
 52.7541
 52.7541
 50.2892
 54.754
 45.8258
 44.0341
 44.0341
 45.3652
 45.3652
 48.5798
 40.8779
 40.8779
 50.4678
 48.9694
 55.1996
 43.8976
 54.5161
 52.915
 52.144
 50.7149
 50.8527
 55.1271
 49.4672
 48.7032
 48.0729
 53.3573
 55.6237
 54.8452
 49.9199
 0
 0
 44.3283
 50.8232
 50.8232
 54.1295
 45.8585
 55.3895
 42.638
 42.638
 43.6005
 49.2849
 40.2368
 47.8539
 47.4763
 47.4763
 49
 53.376
 49.0612
 57.1664
 52.6213
 49.5278
 59.203
 53.8888
 53.3385
 54.8452
 45.9239
 61.0574
 49.1935
 53.4228
 49.4672
 51.614
 54.4243
 46.0869
 49.6588
 51.7011
 44.3847
 37.3898
 46.7868
 39.598
 43.1625
 43.1625
 61.2944
 47.4131
 47.4131
 48.949
 47.8539
 55.5788
 48.734
 53.1977
 51.1077
 54.1941
 54.1941
 43.9773
 52.6498
 52.6498
 52.3259
 46.0977
 46.0977
 45.8476
 44.1588
 0
 23.7908
 23.7908
 23.7908
 45.5082
 48.6313
 0
 49.4571
 43.2435
 0
 46.1086
 46.1086
 46.3465
 46.3465
 49.2341
 48.734
 42.1545
 47.4552
 47.4552
 38.4448
 38.4448
 38.4448
 38.4448
 36.3043
 49.4469
 49.4469
 37.8418
 50.9411
 50.9411
 42.9418
 54.9545
 52.5642
 52.5642
 52.5642
 52.5642
 52.2015
 50.8724
 50.8724
 41.7133
 37.3229
 40.8901
 40.8901
 36.2629
 36.8511
 46.9894
 39.4208
 35.0286
 42.5793
 48.9285
 48.9285
 50.4381
 50.3686
 35.3836
 52.9906
 46.2817
 50.7937
 50.9313
 51.2933
 51.2933
