 33.0908
 30.692
 22.6274
 18.9473
 23.0217
 13.5647
 13.9642
 9.84886
 14
 14
 20.3961
 24.8596
 28.1957
 15.9374
 8.18535
 14.9332
 14.2829
 20.1246
 13.8924
 11.225
 16.7631
 20.8327
 20.8327
 20.8327
 28
 16.0312
 16.0312
 22.6716
 15.9374
 18.3576
 8
 27.8568
 10.8628
 15.9374
 15.5885
 25.632
 9.59166
 16.6433
 19.9499
 25.671
 21.9089
 13
 18.5472
 23.4307
 23.4307
 12.49
 14.4568
 17.9444
 17.9444
 12.4499
 12.4499
 20.2731
 15.9374
 0
 0
 17.5499
 17.5499
 18.6815
 15.9374
 24.5153
 0
 0
 34.5977
 28.7228
 13.5647
 16.5831
 16.5831
 18.3576
 24.98
 19.7737
 27.8927
 13.2288
 15.4596
 17.8885
 28.7576
 27.0924
 9.74679
 17.7482
 16.5831
 27.8209
 28.7576
 10.0995
 0
 0
 22.4054
 15.4919
 19.105
 24.3516
 24.3516
 0
 0
 26.096
 24.6982
 20.2237
 20.664
 20.664
 0
 0
 13.2665
 23
 17.4642
 20.2978
 0
 17.9165
 25.632
 16.1864
 17.2627
 0
 14.3527
 14.3527
 16.3401
 19.8746
 19.8746
 19.8746
 17.5784
 21.4476
 20.8806
 15.1658
 0
 27.074
 29.9165
 19.0526
 23.7487
 21.8632
 21.4709
 21.4709
 21.4709
 0
 17.7764
 29.5635
 23.1517
 18.412
 17.4069
 7.07107
 26.5518
 31.496
 0
 0
 23.388
 14.5258
 22.0681
 20
 0
 27.7849
 21.3073
 17.2047
 25.1794
 0
 0
 23.622
 18.7083
 25.2389
 20.2485
 17.1464
 10.4881
 18.6011
 12.49
 14.7309
 11.6619
 11.6619
 23.3666
 12.2474
 13.5277
 14.7986
 30.282
 30.282
 19.5192
 29.5804
 16.6132
 25
 15.1658
 0
 27.4226
 19.0788
 20.6155
 33.6303
 25.7294
 17.2337
 32.9848
 21.7715
 21.7715
 29.2062
 17.2337
 28.2666
 23.6643
 23.6643
 18.6011
 28.8444
 28.8444
 28.8444
 28.8444
 0
 26.8514
 20
 27.4591
 23.7065
 23.7065
 27.9643
 30.0998
 16.7332
 22.9565
 22.9565
 0
 0
 25.7876
 16.5831
 22.2261
 17.4356
 17.6635
 17.6635
 14.4222
 12.9615
 21.7256
 11.1355
 14.4914
 0
 16.3401
 22.0907
 16.6132
 16.7332
 25
 26.9072
 26.2679
 28.9137
 0
 0
 26.9072
 25.7876
 33.541
 21.6102
 0
 0
 25.923
 13.7113
 15.3623
 0
 14.9332
 28.4605
 11.5758
 11.5758
 11.5758
 0
 0
 0
 16.3707
 25.865
 25.865
 25.865
 25.865
 25.1197
 27.1477
 28.4077
 23.0651
 13.8924
 0
 0
 31.5119
 30.3809
 28.6531
 27.8029
 0
 0
 0
 29.3939
 17.6068
 22.2261
 22.2261
 0
 0
 0
 15.4596
 16.4012
 16.4621
 17.3494
 0
 0
 0
 21
 15
 25.4951
 25.4951
 0
 0
 0
 19.7231
 22.7816
 26.3629
 29.0689
 0
 0
 0
 32.3265
 33.5559
 34.4529
 35.0143
 35.0143
 0
 0
 0
 0
 47.1911
 23.0868
 26.5895
 28.4956
 0
 0
 0
 19.6723
 36.0694
 18.2209
 16.3707
 0
 0
 0
 14.3178
 23.4947
 14.8997
 14.8324
 0
 0
 0
 15.1658
 28.7924
 20.567
 24.7184
 0
 28.6182
 34.6266
 34.2491
 29.9666
 20.9045
 31.496
 31.9531
 22.6495
 23.4094
 17.8045
 21.4942
 16.6733
 23.388
 17.088
 21.4009
 16.7631
 0
 0
 19.6977
 28.8271
 24.7386
 21.3776
 11.7473
 0
 0
 38.5097
 34.5688
 37.9078
 21.4243
 9.74679
 30.8545
 29.5635
 34.3948
 38.6135
 8.94427
 35.7911
 23.4307
 34.4238
 34.4238
 8.88819
 0
 19.799
 14.0357
 17.5784
 17.5784
 0
 0
 0
 31.3209
 27.7489
 27.8029
 14.9666
 0
 0
 0
 0
 0
 0
 30.5614
 35.6371
 17.8606
 38.1051
 38.1051
 0
 0
 24.3926
 34.2783
 21.9545
 34.9285
 34.9285
 0
 0
 17.8606
 27.6406
 27.6406
 37.054
 17.4069
 26.0768
 22.9347
 22.9347
 21.0238
 27.0924
 20.3961
 20.3961
 0
 0
 0
 38.9615
 39.37
 41.0731
 18.3848
 36.0278
 36.3043
 23.8956
 38.1576
 41.7852
 20.2485
 36.3043
 39.6232
 40.5339
 40.5339
 19.0263
 13.9642
 13.9642
 28.3019
 33.8526
 35.1852
 29.5804
 0
 0
 37.6032
 35.9583
 35.9583
 40.5339
 0
 39.7869
 25.5539
 35.4965
 17.3494
 0
 0
 0
 0
 31.3528
 20.2731
 37.027
 20.347
 20.347
 0
 25.2389
 17.6352
 36.8782
 36.8782
 0
 0
 18.6279
 28.8617
 26.7582
 27.1109
 0
 0
 38.4838
 38.5487
 38.1314
 24.5764
 26.0768
 35.3836
 35.7071
 39.3065
 0
 41.5211
 42.2137
 25.2587
 39.5348
 0
 35.1852
 18.735
 35.0714
 35.0714
 36.7696
 21.7025
 21.7025
 44.1588
 35.1994
 36.524
 41.2432
 22.4499
 23.8118
 41.9524
 29.1719
 19.5959
 19.5959
 28.3373
 20.9762
 27.6767
 24.7992
 24.7992
 19.9249
 12.6095
 27.8029
 36.5103
 36.5103
 21.5174
 32.0624
 42.6028
 33.3916
 40.0125
 39.3446
 41.4849
 28.2135
 39.281
 24.5764
 29.8496
 29.8496
 35.0286
 30.8221
 22.8692
 22.8692
 15.5563
 22.2036
 30.7571
 34.4238
 34.4238
 37.921
 46.2817
 40.2368
 34.3948
 28.775
 38.6264
 32.1248
 33.4066
 38.2623
 19.0263
 25.219
 19.0263
 20.199
 16.3095
 16.3095
 22.9565
 22.383
 29.5635
 29.0172
 29.0172
 40.0375
 36.7015
 41.2916
 31.3688
 42.0119
 43.2088
 47.0106
 37.3898
 28.5132
 35.1852
 42.1307
 22.8254
 20.347
 25.632
 25.632
 42.3202
 28.9482
 21.2132
 36.524
 36.524
 42.5676
 38.1051
 36
 36.2905
 43.3474
 42.9418
 25.318
 32.7261
 38.0263
 27.7128
 38.1314
 15.906
 25.5147
 25.5147
 18.6548
 18.412
 28.4956
 20.7364
 20.7364
 27.8209
 33.3617
 17.1756
 16.5831
 39.281
 38.1838
 43.4971
 41.833
 38.5746
 31.8748
 37.4299
 37.9342
 40.5463
 22.2486
 29.4958
 20.9762
 20.9762
 22.2935
 26.5895
 26.5895
 26.5895
 36.0694
 31
 24.8797
 16.7631
 33.0151
 38.8072
 30.7246
 42.2611
 21.0238
 21.0238
 33.3916
 27.258
 19.8494
 34.6266
 34.6266
 24.3311
 18.7083
 28.8964
 29.0172
 27.9821
 30.05
 30.05
 35.3129
 34.9857
 43.1161
 43.1161
 45.3211
 43.8862
 40.3733
 34.5977
 38.5746
 31.5119
 22.5832
 22.5832
 22.5832
 28.3019
 30.282
 24.0624
 24.0624
 24.0624
 26.2869
 22.9129
 32.7261
 39
 36.1939
 35.819
 43.1741
 33.5559
 29.9333
 33.5112
 26.0384
 40.0749
 18.2483
 25
 26.4764
 24.1039
 18.2483
 18.2483
 25.7876
 33.0908
 27.074
 36.7967
 37.8286
 40.6694
 38.7298
 34.9714
 39.5601
 46.1952
 37.6431
 24.3311
 24.3311
 24.0832
 24.0832
 24.0832
 20.5426
 20.5426
 20.5426
 43.8178
 34.0588
 33.1059
 0
 30.7083
 37.5899
 21.6102
 24.6982
 18.2209
 18.2209
 14.8324
 26.0768
 26.0768
 33.2265
 33.2265
 26.533
 37.6696
 31.4484
 31.4484
 37.4166
 39.6485
 39.6485
 31.1127
 28.4781
 28.4781
 26.1343
 19.3907
 19.3907
 23.3452
 23.3452
 17.2337
 0
 39.281
 34.9857
 34.2783
 30.0333
 32.2955
 40.2492
 17.9722
 29.2062
 29.2062
 23.4094
 19.0788
 19.0788
 24.5967
 31.7962
 31.7962
 28.931
 38.1838
 38.1838
 36.2491
 42.2847
 42.2847
 31.4484
 31.4484
 37.1887
 24.3311
 27.55
 27.55
 24.4336
 17.5784
 17.5784
 33.3317
 36.0416
 36.0416
 32.7261
 33.2265
 42.1782
 28.0179
 15.9374
 29.189
 26.4764
 26.4764
 16.7929
 25
 25
 21.2368
 21.2368
 22.4054
 22.4054
 31.3209
 29.0172
 40.0375
 40.0375
 38.0263
 34.7851
 34.7851
 34.7851
 32.1714
 32.1714
 32.1714
 22.8254
 28.2312
 28.7054
 22.1585
 41.2189
 41.2189
 41.2189
 36.3318
 29.5973
 37.5233
 30.1164
 16.7033
 31.1769
 31.1769
 28.2489
 28.2489
 18.9209
 24.4745
 23.4094
 14.7309
 21.7715
 21.7715
 32.7872
 28.3901
 28.3901
 23.388
 23.388
 34.4238
 34.4238
 34.9571
 35.2846
 35.2846
 35.2846
 25.3969
 28.8791
 23.622
 23.622
 26.4008
 21.9089
 33.7491
 33.7491
 32.8177
 28.3373
 28.8964
 32.5576
 32.5576
 32.5576
 25.7876
 25.7876
 18.2483
 29.9666
 24.0832
 24.0832
 30.2159
 18.5203
 18.5203
 18.5203
 37.0945
 26.4953
 26.4953
 0
 0
 37.7492
 32.4808
 32.4808
 26.9629
 35.8469
 35.8469
 21.7486
 21.7486
 21.7486
 19.799
 32.4346
 26.4575
 52.2303
 25.02
 25.02
 20
 31.0966
 25.923
 21.1187
 29.4958
 45.0444
 45.0444
 46.0977
 46.0977
 20.8806
 40.5709
 40.5709
 40.5709
 27.6043
 40.9023
 40.9023
 40.9023
 40.9023
 40.9023
 40.9023
 32.28
 28.7228
 28.7228
 27.9643
 27.9643
 27.9643
 35.3129
 19.3907
 19.3907
 15.9687
 41.0853
 41.0853
 24.1661
 24.8797
 24.8797
 24.8797
 15.9687
 15.9687
 15.9687
 24.6374
 24.6374
 25.865
 33.0606
 33.0606
 33.0606
 33.0606
 33.0606
 39.9625
 33.4365
 22.6274
 32.4962
 36.1386
 36.1386
 36.1386
 36.1386
 36.1386
 17.0294
 17.0294
 26.6083
 17.2627
 18.9737
 18.9737
 18.9737
 25.3377
 25.3377
 25.3377
 25.3377
 25.3377
 29.1548
 29.1548
 29.1548
 32.573
 32.573
 32.573
 26.3629
 26.3629
 26.3629
 28.931
 15.1987
 15.1987
 28.7402
 26.0384
 26.0384
 26.0384
 41.9166
 41.9166
 41.9166
 41.9166
 41.9166
 14.8661
 21.6795
 21.6795
 21.6795
 21.6795
 21.6795
 21.6795
 21.6795
 21.6795
 21.6795
 30.692
 33
 33
 33
 33
 16.5227
 28.2666
 28.2666
 28.2666
 28.2666
 12.1655
 12.1655
 12.1655
 12.1655
 42.1426
 42.1426
 19.5704
 19.5704
 19.5704
 19.5704
 23
 29.3258
 29.3258
 29.3258
 29.3258
 29.3258
 29.8998
 35.4119
 35.4119
 35.4119
 24.1661
 24.1661
 24.1661
