 30.348
 27.258
 17.3781
 14
 20.2978
 18.2757
 18.9473
 9.11043
 12.083
 12.083
 17.8326
 21.4476
 24.3516
 10.6771
 3
 11.6189
 13.2288
 19.4936
 16.5227
 7.87401
 15.5242
 19.7484
 18.2757
 18.2757
 25.1992
 9.53939
 9.53939
 21.3073
 12.083
 12.1244
 5.74456
 27.2213
 5.74456
 13
 9.64365
 9.64365
 2.44949
 13.4907
 14
 25.2982
 19.3907
 7.14143
 13
 13
 13
 7.14143
 12.7671
 12.7671
 12.7671
 7.07107
 7.07107
 18.3848
 18.3848
 0
 0
 14.7309
 14.7309
 13.7113
 14.1067
 14.1067
 0
 0
 28.4253
 24.3516
 7.81025
 14.2478
 14.2478
 13.2288
 19.1572
 13.8924
 22.6495
 22.6495
 13
 14.7309
 22.6053
 24.2899
 24.2899
 12.2882
 13.4907
 26.2107
 20.0749
 9
 0
 0
 17.8885
 12.8452
 14.3875
 23.388
 23.388
 0
 0
 21.4709
 24.6779
 17.2916
 19.105
 19.105
 0
 0
 8.544
 19.0788
 15.1987
 18.412
 0
 13.2288
 23.3452
 9.64365
 13.9642
 0
 0
 0
 9.05539
 16.6733
 0
 0
 12.2474
 18.412
 18.3848
 13.1149
 0
 25.1595
 27.4044
 15.1658
 15.1658
 19.0788
 15.7162
 15.7162
 15.7162
 0
 11.6619
 24.2281
 16.4924
 15.7797
 14.4568
 6
 20.8567
 22.561
 0
 0
 19.1311
 7.74597
 17.1756
 14.8324
 0
 23.0868
 16.3095
 13.2288
 19.1833
 0
 0
 18.2483
 14.8661
 18.6815
 17.1756
 10.4403
 8
 11.225
 6.48074
 12.6095
 6.9282
 6.9282
 21.3542
 21.3542
 10.3923
 11.2694
 25.02
 25.02
 14.7986
 27.0555
 9.79796
 19.5959
 19.5959
 19.5959
 24.3721
 13.5277
 14.3178
 14.3178
 21.6795
 12.8062
 27.8029
 16.4924
 16.4924
 16.4924
 12.49
 21.7256
 16.5529
 16.5529
 13.6748
 26
 26
 26
 0
 0
 23.2594
 14.0712
 24.0208
 18.3303
 18.3303
 20.8567
 22.9565
 13.2288
 19.0526
 19.0526
 0
 0
 20.0998
 9.79796
 24.5153
 10.7238
 10.7238
 10.7238
 9.84886
 6.7082
 18.4391
 5.74456
 5.74456
 0
 13.4907
 19.6469
 9.79796
 14.2829
 19.2614
 21.0713
 21.4243
 23.4734
 0
 0
 22.2711
 19.3907
 29.5466
 17.5499
 0
 0
 23.4094
 7.74597
 9.59166
 0
 9.74679
 23.4521
 5.47723
 5.47723
 5.47723
 0
 0
 0
 12.53
 19.0788
 19.0788
 19.0788
 0
 22.5389
 22.6936
 21.6795
 19.1311
 19.1311
 0
 0
 26.9815
 27.8388
 23.4734
 23.4307
 0
 0
 0
 26.1151
 14.5602
 17.4642
 17.4642
 0
 0
 0
 10.3441
 12.7671
 11.2694
 12.49
 0
 0
 0
 15.9374
 9.21954
 19.0526
 19.0526
 0
 0
 0
 16.0312
 15.9687
 19.975
 24.4949
 0
 0
 0
 27.2213
 27.8388
 30.315
 31.4006
 31.4006
 0
 0
 0
 0
 44.5309
 15.1658
 20.3715
 23.3666
 0
 0
 0
 13
 33.9853
 10.3923
 11.7473
 0
 0
 0
 14.0357
 17.9165
 10.6771
 8.66025
 0
 0
 0
 9.84886
 26.0384
 17.4642
 18.412
 0
 25.3377
 32.249
 29.1719
 26.9815
 15.1987
 28.4605
 29.1033
 18.9737
 17.9165
 13.9284
 16.6733
 10.6301
 18.6011
 11.6619
 15.9687
 9.64365
 0
 0
 14.8324
 23.388
 19.2094
 15.6205
 15.6205
 0
 0
 34.9714
 32.218
 31.4325
 15.5242
 9.53939
 28.178
 23.2164
 32.2335
 34.6266
 8.12404
 30.692
 15.906
 33.0757
 33.0757
 7.68115
 0
 12.8452
 6.9282
 10.5357
 10.5357
 10.5357
 0
 0
 28.688
 20.9045
 25.2587
 8.18535
 0
 0
 0
 0
 0
 0
 27.9464
 31.3369
 12.0416
 31.9061
 31.9061
 0
 0
 21.1187
 29.3939
 16.4621
 32.1559
 32.1559
 0
 0
 11.3578
 23.3666
 23.3666
 34.8281
 11.1355
 20.8567
 19.4936
 19.4936
 14.2127
 21.5639
 14.7648
 14.7648
 0
 0
 0
 35.4542
 35.6511
 39.1152
 11.8322
 32.5883
 33.5708
 18.4391
 35.4401
 38.5227
 14.7309
 34.2783
 34.5977
 36.5513
 36.5513
 11.7047
 6.7082
 6.7082
 23.516
 29.7825
 33.8969
 23.3452
 0
 0
 33.3167
 33.121
 33.121
 35.0286
 0
 35.0428
 21.9773
 31.7648
 12.49
 0
 0
 0
 0
 25.5343
 14.7309
 35.2562
 15.5885
 15.5885
 0
 19.2614
 11.7047
 34.9857
 34.9857
 0
 0
 13.0384
 23.1084
 22.8035
 21.7486
 0
 0
 34.8712
 35.6931
 35.0143
 18.6279
 18.412
 33.7639
 32.3419
 36.6742
 0
 37.3898
 37.6563
 17.9165
 36.7015
 0
 33.1059
 11.225
 31.5753
 31.5753
 34.0881
 13.4907
 13.4907
 39.6989
 32.5423
 34.1321
 35.805
 16.1245
 17.8885
 36.8239
 26.096
 15.0997
 15.0997
 23.7487
 14.3875
 22.9783
 19.6214
 19.6214
 14.1421
 6.08276
 21.7256
 35.1141
 35.1141
 17.4642
 28.2843
 38.4187
 30.9031
 37.108
 34.5977
 38.3667
 22.9347
 37.2961
 18.4391
 22.5389
 22.5389
 32.8634
 25.3574
 14.2127
 14.2127
 8.60233
 15.906
 28.6705
 27.4591
 27.4591
 35.8329
 41.1825
 34.5977
 32.2335
 22.8035
 34.3948
 27.9464
 29.9833
 34.6121
 12.8062
 21
 13.4907
 12.1655
 9.74679
 9.74679
 16.8819
 15.4596
 23.7065
 20.2978
 20.2978
 37.6829
 35.6791
 36.565
 23.4094
 36.7015
 38.3275
 45.4643
 34.4093
 23.388
 30.4631
 36.0555
 18.0831
 12.8062
 18.4662
 18.4662
 39.4588
 23.3666
 13.5277
 34.8425
 34.8425
 35.9166
 33.2716
 34.7275
 33.9117
 36.9188
 38.8716
 21.4709
 29.8161
 34.3802
 23.3452
 35.426
 9.84886
 19.6214
 19.6214
 12.8841
 13.7477
 21.2368
 13.7113
 13.7113
 23.6854
 27.6406
 13.3791
 10.8167
 35.5246
 34.0734
 39.8623
 38.8587
 36.1525
 28.0179
 34.0588
 36.5513
 38
 14.3875
 22.5389
 19.105
 19.105
 14.8324
 19.2614
 19.2614
 19.2614
 34.7707
 29.5804
 19.6723
 10.1489
 30.2985
 36.9188
 28.3019
 38.4838
 15.1987
 15.1987
 29.4618
 23.0868
 13
 32.1403
 32.1403
 17.3494
 12.3288
 23.6643
 21.7025
 24.4336
 22.4054
 22.4054
 34.8425
 31.9687
 40.5463
 40.5463
 43.7721
 38.5487
 35.6931
 32.1714
 36.973
 28.6705
 15.3948
 15.3948
 15.3948
 26.0576
 26.1343
 16.8226
 16.8226
 16.8226
 21.4709
 16
 32.2025
 35.6651
 32.4037
 33.5261
 38.4968
 28.688
 24.0208
 29.5296
 22.2036
 33.1964
 11
 16
 21
 21
 10.4403
 10.4403
 17.9444
 29.7153
 19.6723
 34
 32.45
 39.2046
 36.5513
 32.218
 36.5377
 44.3621
 34.8425
 16.0312
 16.0312
 16.4012
 16.4012
 16.4012
 13.6015
 13.6015
 13.6015
 37.4032
 28.688
 29.7489
 0
 26.7208
 32.2645
 16
 18.0555
 11.0454
 11.0454
 8.544
 19.6977
 19.6977
 28.3019
 28.3019
 19.0263
 36.6606
 25.02
 25.02
 34.4384
 36.1386
 36.1386
 26.0384
 28.2843
 28.2843
 17.8606
 11.1355
 11.1355
 16.8819
 16.8819
 11.6619
 0
 33.7046
 31.686
 33.0151
 24.5764
 29.1719
 35.5387
 11.1803
 26.096
 26.096
 16.3401
 13
 13
 16.7033
 26.6083
 26.6083
 22.9565
 35.1426
 35.1426
 32
 40.3733
 40.3733
 27.7849
 27.7849
 36.5377
 20
 20.2978
 20.2978
 15.1658
 10.6301
 10.6301
 27.0924
 35.5949
 35.5949
 29.5804
 28.8617
 37.2559
 22.6274
 9.74679
 22.7816
 19.6723
 19.6723
 10.4403
 15.9374
 15.9374
 14.7648
 0
 15.1327
 15.1327
 25.318
 23.622
 39.128
 39.128
 34.5543
 34.1614
 34.1614
 0
 27.0924
 27.0924
 27.0924
 15.5242
 19.0526
 26.4953
 14.7986
 33.1964
 33.1964
 33.1964
 31.0322
 28.0713
 32.7719
 25.318
 11.7473
 28.6531
 0
 22.1359
 22.1359
 11.9583
 14.2127
 19.7737
 9.38083
 12.2882
 12.2882
 27.7308
 23.3452
 23.3452
 24.3311
 24.3311
 34.2783
 34.2783
 31.1769
 34.322
 34.322
 34.322
 19.6723
 22.2711
 14
 14
 18.7083
 14.3875
 32.1403
 32.1403
 29.0861
 27.9106
 24.0832
 25.3377
 25.3377
 25.3377
 17.2337
 17.2337
 12.4499
 20.445
 21.7025
 21.7025
 22.9347
 13.8924
 13.8924
 13.8924
 33.1059
 21.4709
 21.4709
 0
 0
 36.6197
 33.1964
 33.1964
 27.2213
 30.8383
 30.8383
 12.8841
 12.8841
 12.8841
 11.0905
 34.2929
 30.9354
 47.244
 21.4709
 21.4709
 13.9284
 29.3258
 22.6053
 12.53
 25.0599
 42.19
 42.19
 38.2753
 38.2753
 12
 39.0768
 39.0768
 0
 19.7737
 40.8167
 40.8167
 0
 0
 0
 0
 29.5973
 23
 23
 22.7376
 22.7376
 22.7376
 34.8281
 11.7047
 11.7047
 10.6301
 40.0999
 40.0999
 16
 22
 22
 22
 9.79796
 9.79796
 9.79796
 17.8326
 17.8326
 22.0454
 30.4138
 30.4138
 30.4138
 30.4138
 30.4138
 35.4119
 30.6268
 18.1108
 36.9865
 30.3315
 30.3315
 30.3315
 30.3315
 30.3315
 24.8797
 24.8797
 23.0868
 24.7184
 12
 12
 12
 19.1311
 19.1311
 19.1311
 19.1311
 19.1311
 24.1868
 24.1868
 24.1868
 26.5141
 26.5141
 26.5141
 21.095
 21.095
 21.095
 34.3074
 9.59166
 9.59166
 32.0156
 18.412
 18.412
 18.412
 38.4578
 38.4578
 38.4578
 38.4578
 38.4578
 6.55744
 15.0997
 15.0997
 15.0997
 15.0997
 15.0997
 15.0997
 15.0997
 15.0997
 15.0997
 26.8328
 28.5482
 28.5482
 28.5482
 28.5482
 13.9642
 33.0151
 33.0151
 33.0151
 33.0151
 5.47723
 5.47723
 5.47723
 5.47723
 38.5746
 38.5746
 19.0526
 19.0526
 19.0526
 19.0526
 21.7256
 23.0868
 23.0868
 23.0868
 23.0868
 23.0868
 26.9444
 33.0454
 33.0454
 33.0454
 20.6398
 20.6398
 20.6398
