 29.9333
 28.0891
 20
 20
 20
 20
 20
 7.74597
 7.74597
 7.74597
 7.74597
 7.74597
 26.9072
 26.9072
 26.9072
 11.5758
 8.18535
 8.18535
 12.1655
 12.1655
 16.0312
 16.0312
 16.5227
 16.5227
 16.5227
 16.5227
 0
 0
 0
 17.5784
 5.19615
 5.19615
 7.07107
 11.0454
 11.0454
 25.807
 25.807
 25.807
 25.807
 24.2281
 20.9523
 20.9523
 20.9523
 22.6053
 22.6053
 22.6053
 22.6053
 15.3297
 0
 0
 0
 18.3848
 18.3848
 0
 0
 0
 0
 16.4924
 15.6205
 15.6205
 0
 0
 0
 0
 0
 16.6433
 16.6433
 15.6205
 15.6205
 15.6205
 15.6205
 11.7473
 12.49
 12.49
 12.49
 12.49
 8.60233
 12.7671
 12.7671
 12.7671
 12.7671
 12.7671
 0
 0
 17.5214
 9.16515
 9.16515
 9.16515
 9.16515
 0
 0
 22.5832
 20.2485
 20.2485
 20.2485
 20.2485
 0
 0
 7.34847
 7.34847
 16.0624
 15.3948
 0
 11.6619
 22.3383
 22.3383
 13.6015
 13.6015
 8.48528
 0
 0
 16.3095
 0
 0
 0
 15.906
 15.906
 10.1489
 0
 0
 26.9258
 19.2614
 27.8747
 27.8747
 27.8747
 0
 0
 0
 12.8452
 12.8452
 12.8452
 12.8452
 12.8841
 4.24264
 4.24264
 4.24264
 0
 0
 0
 0
 16.1555
 16.1555
 0
 23.7065
 23.7065
 11.2694
 11.2694
 0
 0
 0
 0
 17.4069
 15.8745
 15.8745
 6.9282
 11.4455
 11.4455
 9.16515
 6.9282
 0
 22.4722
 9.64365
 9.64365
 9.27362
 28.8791
 28.8791
 17.5499
 17.5499
 10.4403
 10.4403
 14.2478
 14.2478
 14.2478
 15.5885
 15.5885
 29.9666
 29.9666
 12.4499
 12.4499
 12.4499
 0
 27.2213
 9.21954
 9.21954
 9.21954
 9.21954
 9.21954
 9.21954
 0
 0
 0
 0
 0
 0
 25.3574
 25.3574
 0
 0
 0
 13.6748
 13.6748
 13.6748
 0
 0
 0
 7.14143
 21.8861
 14.3178
 14.4914
 14.4914
 9.74679
 5.38516
 18.412
 7.07107
 9.43398
 0
 10.4403
 17.1172
 9.16515
 13.8924
 21.6564
 23.5584
 26.0192
 26.0192
 0
 0
 22.6274
 22.2935
 22.2935
 22.2935
 0
 0
 0
 5.47723
 5.47723
 0
 0
 0
 0
 0
 16.9411
 0
 0
 0
 9.8995
 9.8995
 0
 0
 0
 21.5174
 21.5174
 21.5174
 21.5174
 11.3578
 0
 0
 28.6356
 28.6356
 28.6356
 28.6356
 0
 0
 0
 0
 0
 17.9165
 0
 0
 0
 0
 6.55744
 11.6619
 8.94427
 8.94427
 0
 0
 0
 14.7309
 7.81025
 20.8567
 0
 0
 0
 0
 19.0526
 16.7332
 16.7332
 30.7083
 0
 0
 0
 29.1376
 29.1376
 29.1376
 33.1813
 8.42615
 0
 0
 0
 0
 46.0217
 46.0217
 46.0217
 24.5153
 0
 0
 0
 0
 33.9264
 33.9264
 33.9264
 0
 0
 0
 14.3178
 14.3178
 7.61577
 7.28011
 0
 0
 0
 0
 0
 0
 0
 0
 0
 0
 0
 0
 0
 0
 0
 19.4165
 16.6733
 12.5698
 12.5698
 9.21954
 18.7617
 18.7617
 13.0384
 13.0384
 0
 0
 15.9687
 15.9687
 15.9687
 15.4272
 15.4272
 0
 0
 0
 33.7046
 33.7046
 13.7113
 10.0995
 30.7246
 24.4745
 24.4745
 36.2077
 7.54983
 31.1288
 31.1288
 31.1288
 0
 5.65685
 0
 0
 0
 9.16515
 0
 0
 0
 0
 0
 0
 0
 9.79796
 0
 0
 0
 0
 0
 0
 0
 0
 9.21954
 9.21954
 9.21954
 0
 0
 0
 32.6497
 32.6497
 32.6497
 32.6497
 0
 0
 0
 22.9783
 22.9783
 22.9783
 22.9783
 22.7596
 22.7596
 0
 14.5258
 14.5258
 14.4914
 0
 0
 0
 0
 0
 37.7492
 37.7492
 11.6619
 11.6619
 35.0286
 20.2978
 20.2978
 20.2978
 20.2978
 20.2978
 20.2978
 20.2978
 0
 0
 0
 17.088
 17.088
 17.088
 17.088
 21.1896
 0
 0
 0
 0
 0
 35.819
 0
 0
 0
 0
 12.8062
 0
 0
 0
 0
 25.6515
 15.1658
 15.1658
 15.1658
 15.1658
 0
 0
 11.7898
 11.7898
 0
 0
 0
 14
 14
 14
 14
 0
 0
 0
 0
 37.3497
 37.3497
 37.3497
 37.3497
 37.3497
 37.3497
 0
 0
 38.5616
 38.5616
 38.5616
 0
 0
 0
 32.3265
 0
 0
 0
 0
 40.4228
 40.4228
 40.4228
 40.4228
 40.4228
 40.4228
 40.4228
 40.4228
 15.843
 15.843
 15.843
 15.843
 15.843
 15.843
 0
 12.2066
 12.2066
 12.2066
 12.2066
 12.2066
 17.9165
 17.9165
 17.9165
 17.9165
 37.8286
 37.8286
 37.8286
 37.8286
 37.8286
 19.0263
 19.0263
 0
 0
 24.3926
 24.3926
 0
 0
 0
 0
 0
 0
 0
 0
 0
 0
 21.7945
 21.7945
 21.7945
 21.7945
 21.7945
 21.7945
 21.7945
 21.7945
 21.7945
 21.7945
 21.7945
 21.7945
 13.2288
 13.2288
 13.2288
 0
 37.6829
 37.6829
 37.6829
 37.6829
 37.6829
 37.6829
 37.6829
 37.6829
 37.6829
 37.6829
 37.6829
 37.6829
 37.6829
 37.6829
 0
 0
 22.6936
 22.6936
 22.6936
 0
 0
 0
 0
 0
 0
 0
 0
 0
 0
 0
 35.9722
 9.32738
 9.32738
 9.32738
 10.583
 10.583
 10.583
 10.583
 0
 0
 0
 0
 0
 0
 0
 0
 0
 36.5513
 36.5513
 36.5513
 36.5513
 36.5513
 36.5513
 36.5513
 36.5513
 0
 0
 0
 0
 0
 0
 0
 0
 13.4907
 13.4907
 13.4907
 13.4907
 13.4907
 13.4907
 13.4907
 13.4907
 13.4907
 13.4907
 33.3017
 0
 0
 0
 0
 0
 0
 23.7065
 23.7065
 23.7065
 23.7065
 23.7065
 0
 0
 0
 0
 0
 0
 0
 0
 0
 0
 0
 0
 0
 0
 0
 0
 0
 0
 0
 0
 0
 0
 0
 0
 0
 0
 0
 0
 0
 0
 0
 0
 0
 0
 0
 0
 0
 0
 0
 0
 0
 0
 0
 0
 0
 0
 0
 0
 0
 0
 0
 0
 0
 0
 0
 0
 0
 0
 0
 0
 0
 0
 0
 0
 0
 0
 0
 0
 0
 0
 0
 0
 0
 0
 0
 0
 0
 0
 0
 0
 0
 0
 0
 0
 0
 0
 0
 0
 0
 0
 0
 0
 0
 0
 0
 0
 0
 0
 0
 0
 0
 0
 0
 0
 0
 0
 0
 0
 0
 0
 0
 0
 0
 0
 0
 0
 0
 0
 0
 0
 0
 0
 0
 0
 0
 0
 0
 0
 0
 0
 0
 0
 0
 0
 0
 0
 0
 0
 0
 0
 0
 0
 0
 0
 0
 0
 0
 0
 0
 0
 0
 0
 0
 0
 0
 0
 0
 0
 0
 0
 0
 0
 0
 0
 0
 0
 0
 0
 0
 0
 0
 0
 0
 0
 0
 0
 0
 0
 0
 0
 0
 0
 0
 0
 0
 0
 0
 0
 0
 0
 0
 0
 0
 0
 0
 0
 0
 0
 0
 0
 0
 0
 0
 0
 40.694
 40.694
 40.694
 0
 0
 0
 0
 0
 0
 0
 0
 0
 0
 0
 0
 0
 0
 0
 0
 0
 0
 0
 0
 0
 0
 0
 0
 0
 0
 0
 0
 0
 0
 0
 0
 0
 0
 0
 0
 0
 0
 0
 0
 0
 0
 0
 0
 0
 0
 0
 0
 0
 0
 0
 0
 0
 0
 0
 0
 0
 0
 0
 0
 0
 0
 0
 0
 0
 0
 0
 0
 0
 0
 0
 0
 0
 0
 0
 0
 0
 0
 0
 0
 0
 0
 0
 0
 0
 0
 0
 0
 0
 0
 0
 0
 0
 0
 0
 0
 0
 0
 0
 0
 0
 0
 0
 0
 0
 0
 0
 0
 0
 0
 0
 0
 32.0468
 32.0468
 0
 0
 0
 0
 0
 0
 0
 0
 0
 0
 0
 0
 0
 0
 0
 0
 0
 0
 0
 0
 0
 0
 0
 0
 0
 0
 0
 0
 0
 0
 0
