 30.7246
 0
 18.2757
 18.2757
 22.1585
 17.3494
 17.5499
 5
 10.0995
 10.0995
 17.8606
 17.8606
 26.0192
 10.1489
 10.1489
 11.4891
 11.5326
 11.5326
 13.9642
 7.74597
 7.74597
 7.74597
 17.8885
 17.8885
 26.1151
 11.3137
 11.3137
 11.3137
 11.3137
 15.5885
 5.19615
 28.6356
 6.08276
 12.49
 11.5326
 11.5326
 3.4641
 3.4641
 14.0357
 14.0357
 14.0357
 7.81025
 13
 13
 13
 13
 11.0905
 11.0905
 0
 0
 0
 19.0526
 19.0526
 0
 0
 15.6205
 0
 14
 14
 14
 0
 0
 30.9677
 26.1151
 26.1151
 26.1151
 26.1151
 13.6748
 19.1311
 14.7309
 14.7309
 14.7309
 12.53
 12.53
 23.7276
 26
 26
 12.4499
 14.7309
 27.6043
 23.1517
 23.1517
 0
 0
 17.8885
 10.0995
 15.4596
 25.5147
 25.5147
 0
 0
 22.6053
 23.3666
 17.3494
 17.3494
 17.3494
 0
 0
 7.34847
 19.1311
 16
 18.3848
 0
 11.6189
 23.1517
 8.7178
 14.3527
 0
 0
 0
 0
 16.3401
 0
 0
 0
 16.0312
 20.0749
 12.2474
 0
 26.0768
 28.0891
 15.3948
 15.3948
 20.1246
 20.1246
 20.1246
 20.1246
 0
 11.7473
 26.9815
 17.5214
 17.5214
 14.2127
 3.31662
 3.31662
 25.2587
 0
 0
 21.7025
 8.66025
 16.6433
 15.1987
 0
 23.4094
 16.7033
 11.0454
 20.1246
 0
 0
 19.975
 15.6205
 18.9473
 16.6132
 12
 8
 11.4891
 11.4891
 10.7703
 5.47723
 5.47723
 5.47723
 5.47723
 11.225
 10.4881
 10.4881
 10.4881
 16.6733
 28.0535
 10.3923
 19.4936
 19.4936
 19.4936
 25.1992
 14.4914
 14.4914
 14.4914
 22.6495
 12.4097
 12.4097
 20.7846
 20.7846
 20.7846
 10.3923
 23.6432
 23.6432
 23.6432
 11.6619
 26.9258
 26.9258
 26.9258
 0
 0
 22.6053
 15.5563
 25.318
 19.2354
 0
 0
 22.5832
 13.2288
 19.105
 19.105
 0
 0
 20.8567
 10.8167
 23.4307
 12.2882
 12.2882
 0
 9.74679
 6.9282
 18.412
 3.60555
 3.60555
 0
 12.4097
 18.5472
 9.74679
 13.8924
 21.7025
 21.8174
 23.3238
 24.3311
 0
 0
 22.8035
 22.2486
 31.257
 17.8885
 0
 0
 24.3105
 6.9282
 8.83176
 0
 9.84886
 25.219
 2.64575
 2.64575
 2.64575
 0
 0
 0
 10.4881
 19.1311
 19.1311
 19.1311
 0
 22.5832
 26.2298
 23.4094
 20.8567
 20.8567
 0
 0
 27.2397
 29.5466
 26.9072
 26.0384
 0
 0
 0
 27.8568
 14.9666
 17.9444
 17.9444
 0
 0
 0
 10.1489
 11.7898
 9.84886
 12.8452
 0
 0
 0
 16.1245
 8.94427
 20.199
 20.199
 0
 0
 0
 16.7033
 17.6068
 20.9045
 25.2982
 0
 0
 0
 28.6007
 30.4302
 31.607
 33.4066
 33.4066
 0
 0
 0
 0
 46.0977
 17.8606
 22.8035
 24.4336
 0
 0
 0
 13.2288
 34.8281
 11.0454
 11.3578
 0
 0
 0
 15.2971
 17.9165
 9.27362
 8.544
 0
 0
 0
 10.4403
 27.7489
 18.2757
 18.1108
 0
 27.0185
 33.0908
 29.6985
 28.6705
 16.2788
 29.3428
 29.9833
 20.2485
 18.5742
 14.4914
 17.088
 10.4403
 18.8414
 12.49
 16.5529
 9.38083
 0
 0
 17.1172
 24.4745
 20
 15.4596
 15.4596
 0
 0
 35.8329
 34.5977
 32.1559
 14.9332
 9.43398
 31.496
 25.5734
 33.1361
 36.5103
 7.34847
 30.7246
 18.6815
 34.8425
 34.8425
 5.83095
 0
 13.0384
 7.87401
 10.4403
 10.4403
 0
 0
 0
 31.273
 22.4054
 28.7576
 9.79796
 0
 0
 0
 0
 0
 0
 29.6479
 33.9264
 10.4881
 35
 35
 0
 0
 22.8035
 32.45
 18.7617
 33.8378
 33.8378
 0
 0
 14.3527
 24.8596
 24.8596
 35.6791
 13.6015
 21.5407
 21.8861
 21.8861
 15.9374
 22.8692
 16.3707
 16.3707
 0
 0
 0
 35.8887
 38.8587
 39.975
 13.5647
 35.0286
 36.8511
 20.3224
 36.3318
 41.7852
 15.9687
 35.0286
 36.9324
 39.6232
 39.6232
 12.3288
 8.48528
 8.48528
 27.8029
 33.5857
 35.623
 23.8118
 0
 0
 36.5513
 34.7707
 34.7707
 36.318
 0
 36.8375
 22.383
 34.9285
 13.2288
 0
 0
 0
 0
 26.8514
 16.7631
 36.8239
 16.3707
 16.3707
 0
 19.5448
 13.2665
 36.7015
 36.7015
 0
 0
 14.7986
 24.1247
 24.4745
 22.9129
 0
 0
 35.4824
 37.3765
 37.5233
 19.4422
 18.4662
 35.3129
 33.9559
 37.3631
 0
 40.8412
 38.1051
 20.6398
 38.3275
 0
 34.7563
 11.3137
 32.3419
 32.3419
 34.8138
 15.6525
 15.6525
 41.1825
 33.3317
 34.8568
 37.8814
 15.9687
 20.025
 37.9605
 26.7955
 15.843
 15.843
 24.5153
 15.1327
 24.4745
 19.8242
 19.8242
 14.3875
 8.12404
 22.6716
 38.4318
 38.4318
 18.6548
 29.7153
 40.8779
 33.5559
 38.3275
 37.8021
 40.0625
 23.3238
 39.0128
 19.5959
 25.5147
 25.5147
 33.5857
 25.5734
 14.1774
 14.1774
 10.5357
 15.4272
 31.257
 29.95
 29.95
 36.5513
 42.7551
 36.606
 33.9264
 25.8844
 37.6032
 28.8791
 30.6431
 37.8418
 15.6205
 22.2486
 14.2127
 13.1909
 10.0995
 10.0995
 17.1756
 16.3095
 25.318
 21.9089
 21.9089
 38.3667
 36.5787
 39.9875
 26.7769
 39.9124
 41.3763
 47.0425
 36.2353
 26.3818
 33.9117
 40.2119
 19.0526
 12.9615
 19
 19
 41.1947
 23.9583
 16.1245
 35.6651
 35.6651
 37.3229
 34.0294
 35.5809
 35.7351
 39.8372
 39.6611
 22.0227
 30.6431
 34.8281
 23.8118
 35.9861
 10.5357
 19.2614
 19.2614
 12.9228
 15.3623
 21.9545
 15.1987
 15.1987
 24.1868
 29.1719
 13.9284
 12.4097
 37.1753
 37.6032
 40.7554
 39.6232
 38.4838
 28.688
 36.5377
 37.4566
 40.5586
 15.1327
 25.6515
 20
 20
 15.6205
 22.1585
 22.1585
 22.1585
 36.524
 31.3209
 19.8494
 11.6619
 31.0322
 37.4299
 29.8496
 39.6232
 17.088
 17.088
 29.9165
 24.6982
 12.8841
 35.1994
 35.1994
 17.6068
 13.0384
 23.7276
 22.6274
 27.5681
 23.6854
 23.6854
 37.4299
 34.6554
 42.107
 42.107
 47.8853
 40.8901
 39.9875
 34.7419
 40.2865
 29.5296
 15.6205
 15.6205
 15.6205
 28.6531
 27.6043
 16.7033
 16.7033
 16.7033
 23.622
 17.5784
 33.9853
 38.3927
 33.5261
 35.1141
 40.8289
 32.1559
 27.4226
 31.607
 23.8328
 34.5109
 11.1803
 17.5499
 20.9284
 20.9284
 12.49
 12.49
 20.9045
 32.0468
 22.6274
 35.6511
 34.8712
 40.0999
 38.2623
 33.0908
 39.975
 46.9255
 38.2884
 18.0278
 18.0278
 17.8326
 17.8326
 17.8326
 15.6525
 15.6525
 15.6525
 38.4708
 32.1714
 32.2645
 0
 29.9666
 35.4401
 19.2614
 20.2485
 11.7898
 11.7898
 10.4881
 21.5174
 21.5174
 32.4037
 32.4037
 20.3715
 40.05
 27.4773
 27.4773
 35.3412
 37.7624
 37.7624
 28.0357
 30.1662
 30.1662
 18.0555
 13.1909
 13.1909
 18.4391
 18.4391
 12.4097
 0
 36.5924
 34.1467
 33.9706
 26.3818
 30.05
 38.7685
 13.5647
 27.4591
 27.4591
 17.3494
 15.4919
 15.4919
 18.7883
 28.8444
 28.8444
 24.2487
 36.5924
 36.5924
 32.909
 41.2553
 41.2553
 29.4449
 29.4449
 37.4032
 22.5389
 21.5639
 21.5639
 14.7648
 12.4097
 12.4097
 26.7395
 36.4692
 36.4692
 33.0454
 29.3939
 37.6962
 24.9199
 9.8995
 22.9565
 21.5639
 21.5639
 11.6189
 16.1555
 16.1555
 17.088
 0
 15.906
 15.906
 28.1069
 25.2982
 39.95
 39.95
 35.805
 35.0143
 35.0143
 0
 28.3019
 28.3019
 28.3019
 17.3205
 20.2237
 28.0891
 16.6132
 33.2866
 33.2866
 33.2866
 33.2566
 29.9666
 34.2783
 26.096
 12.8062
 29.5635
 0
 23.6854
 23.6854
 11.7898
 15.3623
 22.5167
 10.1489
 13.5647
 13.5647
 28.0713
 24.8998
 24.8998
 26.0384
 26.0384
 26.0384
 26.0384
 33.0757
 35.3553
 35.3553
 35.3553
 20.8806
 20.8806
 13.9642
 13.9642
 20.025
 15.1327
 33.8821
 0
 29.5296
 30.5123
 27.5862
 26.0768
 26.0768
 0
 18.5742
 18.5742
 13.1909
 22.7596
 25.1396
 25.1396
 23.6008
 14.7648
 0
 0
 36.5377
 36.5377
 0
 0
 0
 0
 35.9026
 35.9026
 29.7153
 32.078
 32.078
 12.8841
 12.8841
 12.8841
 11.7047
 37.8286
 37.8286
 49.4065
 21.9773
 21.9773
 21.9773
 21.9773
 21.9773
 21.9773
 28.775
 43.4281
 43.4281
 43.4281
 43.4281
 43.4281
 43.1393
 0
 0
 19.2354
 41.7133
 41.7133
 0
 0
 0
 0
 0
 26.6083
 26.6083
 24.6577
 0
 0
 0
 0
 0
 10.6301
 10.6301
 0
 15.5242
 15.5242
 0
 0
 10.3923
 10.3923
 10.3923
 19.0263
 19.0263
 19.0263
 33
 0
 0
 0
 0
 35.1994
 33.2866
 33.2866
 33.2866
 33.6898
 33.6898
 33.6898
 33.6898
 33.6898
 28.9137
 28.9137
 23.1301
 25.0998
 11.2694
 0
 0
 19.7737
 0
 0
 0
 0
 25.02
 25.02
 25.02
 28.0179
 28.0179
 0
 0
 0
 0
 0
 0
 0
 0
 0
 0
 0
 41.1704
 0
 0
 0
 0
 0
 15.1327
 0
 0
 0
 0
 0
 0
 0
 0
 0
 0
 0
 0
 0
 0
 34.7419
 0
 0
 0
 0
 0
 0
 0
 0
 0
 0
 0
 0
 0
 0
 0
 0
 0
 0
 0
 0
 0
 0
 0
 0
 0
 0
