 31.5911
 28.7576
 19.2614
 16.2788
 21.4709
 17.4069
 18.3848
 7.68115
 7.68115
 7.68115
 20.2485
 20.2485
 26.1534
 12.8841
 2.44949
 12.8062
 13.4536
 20.2978
 17.4642
 7.93725
 15.5242
 20.3961
 19.4165
 19.4165
 26.0576
 12.1655
 12.1655
 22.1585
 13.1909
 14.7309
 6.78233
 28.0357
 7.34847
 7.34847
 10.583
 10.583
 4.3589
 13.9642
 15.843
 26.4197
 19.4165
 7
 13.8924
 13.8924
 13.8924
 8.88819
 13.2288
 13.2288
 13.2288
 8.83176
 8.83176
 19.2614
 19.2614
 0
 0
 15.6525
 15.6525
 15.6205
 15.6205
 15.6205
 0
 0
 30.9839
 26.9444
 8.66025
 8.66025
 8.66025
 14.3527
 19.4679
 17.3494
 25.2389
 25.2389
 13.7113
 15.6205
 24.3516
 26
 26
 14.3875
 14.7648
 27.074
 22.6274
 22.6274
 0
 0
 18.6548
 13.5647
 15.1987
 24.2074
 24.2074
 0
 0
 24.1454
 24.6171
 18.1659
 19.2094
 19.2094
 0
 0
 11.2694
 19.9499
 16.1864
 19.105
 0
 14.4222
 23.7487
 10.4881
 15.1658
 0
 0
 0
 10.8628
 17.8326
 0
 0
 14
 19.5959
 20.0998
 13.8924
 0
 26.0576
 28.4429
 16.2788
 16.2788
 20.8087
 16.5831
 16.5831
 16.5831
 0
 12.8452
 27.4408
 17.4356
 15.8745
 15.6525
 5.19615
 22.6053
 32.1248
 0
 0
 21.7025
 8.66025
 18.3848
 17.2916
 0
 23.9583
 18.7083
 15.9374
 20
 0
 0
 21.7025
 15.8114
 20.6155
 18.9737
 13.6382
 9.21954
 12.1244
 8.60233
 13.9284
 8.66025
 8.66025
 22.1133
 22.1133
 12.1244
 12.2474
 27.258
 27.258
 18.5742
 27.9464
 10.4403
 20.6398
 20.6398
 20.6398
 25.3377
 18.412
 15.3948
 15.3948
 22.561
 14
 29.3087
 18.2483
 18.2483
 18.2483
 13.6748
 25.1992
 19.1572
 19.1572
 15.5885
 26.9072
 26.9072
 26.9072
 0
 0
 24.0832
 17.0587
 26.1343
 19.2094
 19.2094
 22.5832
 25.632
 15.6205
 19.9499
 19.9499
 0
 0
 21.9317
 12.53
 12.53
 13.4536
 13.4536
 13.4536
 10.4403
 10.8167
 19.6469
 8.60233
 8.60233
 0
 15.1327
 20.8567
 11.0454
 15.3297
 21.8632
 22.1133
 24.3105
 26.9444
 0
 0
 23.8747
 22.891
 31.273
 18.7883
 0
 0
 24.3105
 10.4403
 9.8995
 0
 10.4881
 26.0768
 7.07107
 7.07107
 7.07107
 0
 0
 0
 13.7113
 21.7025
 21.7025
 21.7025
 0
 23.7276
 25.219
 25.1396
 20.8567
 20.8567
 0
 0
 29.5466
 29.5296
 26.9444
 26.0192
 0
 0
 0
 28.1247
 15.9687
 19.5192
 19.5192
 0
 0
 0
 13
 14.3875
 14.4914
 13.7113
 0
 0
 0
 17.5784
 11.1355
 21.5407
 21.5407
 0
 0
 0
 17.8045
 19.799
 22.5832
 26.096
 0
 0
 0
 30.2655
 32.1248
 31.496
 34.1174
 34.1174
 0
 0
 0
 0
 46.465
 19.4679
 24.0624
 25.04
 0
 0
 0
 15.4272
 35.3412
 13.7113
 13.4907
 0
 0
 0
 13.8924
 20.9045
 12.6095
 11.2694
 0
 0
 0
 11.0905
 27
 18.4391
 20.9284
 0
 27.1846
 33.2114
 30.8058
 27.9106
 17.1172
 29.4958
 30.5614
 21.7486
 19.6723
 15.6525
 18.2757
 12.53
 21.5174
 12.9228
 17.8606
 10.8628
 0
 0
 18.6011
 26.0768
 21
 19.0788
 19.0788
 0
 0
 37.108
 35.9583
 33.3017
 18.2757
 9.21954
 31.6386
 26.7769
 33.5559
 37.1349
 8.48528
 32.7719
 19.4165
 34.322
 34.322
 8.24621
 0
 17.1756
 9.16515
 13.9642
 13.9642
 0
 0
 0
 30.8383
 25.807
 28.7228
 12.083
 0
 0
 0
 0
 0
 0
 29.3598
 33.9706
 14
 36.318
 36.318
 0
 0
 22.9347
 34.1906
 19.5192
 33.9117
 33.9117
 0
 0
 15.1987
 26.0576
 26.0576
 36.1525
 14.4914
 23.3666
 22.8692
 22.8692
 18.0555
 22.8035
 18.4662
 18.4662
 0
 0
 0
 37.4299
 40.0999
 40.3237
 16.7033
 35.4542
 36.4829
 20.8806
 36.6879
 41.3038
 16.7033
 35.426
 37.7227
 40.1622
 40.1622
 15.9687
 10.4403
 10.4403
 27.0185
 33.2716
 34.9142
 27
 0
 0
 36.1248
 34.4384
 34.4384
 37.7889
 0
 37.7492
 23.4094
 34.5832
 14.2127
 0
 0
 0
 0
 28.1957
 18.303
 37.0945
 17.1464
 17.1464
 0
 22.1359
 15.9687
 37.3631
 37.3631
 0
 0
 17.2627
 25.923
 25.2587
 24.1039
 0
 0
 36.3043
 37.5233
 38.4838
 21.7256
 22.1811
 35.819
 34.4529
 37.9605
 0
 41.2674
 40.4722
 23.1301
 38.0526
 0
 34.2783
 15.8745
 33.5559
 33.5559
 35.2278
 17.2337
 17.2337
 41.3159
 34.176
 35.1568
 38.5357
 19.0263
 21.1187
 39.0384
 26.4386
 17.8045
 17.8045
 26.3249
 17.8606
 24.6171
 20.2978
 20.2978
 17.1464
 9.21954
 24.0208
 37.8153
 37.8153
 19.0788
 29.6142
 41.4126
 32.8938
 38.4708
 38.7556
 40.7063
 24.5764
 37.7757
 21.0238
 27.1662
 27.1662
 34.1321
 27.6948
 18.3848
 18.3848
 11.0454
 17.8326
 30.4795
 31.607
 31.607
 36.973
 43.3935
 37.3229
 33.5857
 26.4008
 36.6333
 29.5466
 31.209
 37.4967
 15.9374
 22.1811
 15.8745
 15.9374
 13.4907
 13.4907
 20.2731
 19.0526
 27.2397
 24.0624
 24.0624
 38.7814
 37.4433
 40.3237
 27.2764
 40.1622
 42.5676
 47.4025
 35.609
 27.9643
 34.4238
 41.0853
 19.8242
 16.6733
 21.7025
 21.7025
 41.4246
 26.5895
 17.8326
 35.9861
 35.9861
 38.6264
 34.3074
 35.7491
 35.6371
 41.5331
 40.8412
 23.1084
 30.8869
 35.7351
 24.9199
 36.5924
 12.8452
 21.4476
 21.4476
 14.1774
 16.4012
 24.5967
 17.2047
 17.2047
 26.0384
 29.95
 14.7309
 13.5647
 36.8917
 36.7696
 41.7493
 41.0609
 37.55
 29.4109
 37.1483
 37.5766
 39.6611
 16
 27.6948
 20.0998
 20.0998
 16.7332
 23.4094
 23.4094
 23.4094
 36.565
 30.4302
 20.9523
 13
 31.607
 37.3631
 29.3258
 40.0874
 19.0788
 19.0788
 31.0966
 24.8596
 14.9332
 36.5924
 36.5924
 20.8567
 14.7986
 25.7488
 24.5967
 28.0179
 25.3772
 25.3772
 36.524
 34.2491
 41.5933
 41.5933
 46.5618
 42.2611
 39.5348
 34.7419
 39.1791
 30.4959
 18.3576
 18.3576
 18.3576
 27.9285
 28.0179
 18.7617
 18.7617
 18.7617
 23.4094
 18.6011
 33.0454
 38.2361
 35.0143
 34.5832
 41.5572
 32.4346
 28.2666
 32.6037
 24.4336
 36.8782
 13.784
 20.2485
 22.9347
 22.9347
 14.2478
 14.2478
 21.4942
 31.6386
 22.2261
 35.3129
 33.9117
 40.3856
 37.9737
 34.0734
 38.6135
 45.7165
 37.7359
 20.2237
 20.2237
 18.6011
 18.6011
 18.6011
 16.7033
 16.7033
 16.7033
 40.5216
 31.607
 32.0624
 0
 30.315
 35.3695
 19.8494
 22.2261
 13.5277
 13.5277
 11.0454
 22.1359
 22.1359
 33.0454
 33.0454
 22.2486
 38.7298
 27.5862
 27.5862
 35.6651
 37.9868
 37.9868
 28.7228
 28.7054
 28.7054
 21.4243
 14.6969
 14.6969
 19.1833
 19.1833
 14
 0
 36.8375
 32.9242
 33.8821
 26.9444
 30.2159
 37.7889
 14.9666
 26.5141
 26.5141
 19.0263
 17.7764
 17.7764
 20.8806
 29.5635
 29.5635
 25.3772
 37.1214
 37.1214
 33.3017
 40.6079
 40.6079
 29.1376
 29.1376
 38.2361
 22.7816
 22.2711
 22.2711
 18.7083
 14.4222
 14.4222
 28.3373
 36.565
 36.565
 33.0151
 30.0167
 38.4838
 25.3772
 11.0905
 24.5764
 21.4942
 21.4942
 12.2882
 19.8242
 19.8242
 17.9165
 0
 17.2337
 17.2337
 28.4956
 25.6515
 40.0749
 40.0749
 35.4824
 34.7563
 34.7563
 0
 28.2666
 28.2666
 28.2666
 19.4936
 23.1084
 27.5318
 18.0831
 36.8646
 36.8646
 36.8646
 34.6121
 30.7083
 34.4674
 26.9815
 14.2127
 30.0167
 0
 24.1454
 24.1454
 13.2288
 18.5742
 22.5389
 10.4881
 16
 16
 29.8998
 24.9199
 24.9199
 26.0576
 26.0576
 34.7851
 34.7851
 33.4365
 34.8712
 34.8712
 34.8712
 21.5407
 24.8998
 16.3401
 16.3401
 23.2379
 17.7482
 34.8138
 34.8138
 30.282
 29.5804
 27.9821
 27.9821
 27.9821
 27.9821
 21.4709
 21.4709
 15.3297
 23.3666
 24.6779
 24.6779
 25.8263
 16.4317
 16.4317
 16.4317
 35.7911
 23.7276
 23.7276
 0
 0
 40.025
 35.9583
 35.9583
 30.3645
 33.2866
 33.2866
 16.1245
 16.1245
 16.1245
 15.1658
 36.5513
 29.5466
 51.0882
 23.0651
 23.0651
 15.843
 32.8786
 26.9258
 17.4356
 27.7128
 43.4741
 43.4741
 40.025
 40.025
 15.906
 42.1189
 42.1189
 0
 20.9045
 41.7612
 41.7612
 0
 0
 0
 0
 33.0606
 25.7294
 25.7294
 24
 24
 24
 35.6791
 15.4272
 15.4272
 12.3693
 41.6893
 41.6893
 19.6723
 24.1247
 24.1247
 24.1247
 11.7047
 11.7047
 11.7047
 19.0788
 19.0788
 22.5167
 33.0303
 33.0303
 33.0303
 33.0303
 33.0303
 38.4578
 32.8938
 20.0499
 38.8458
 33.9117
 33.9117
 33.9117
 33.9117
 33.9117
 22.9783
 22.9783
 26.0576
 23.3666
 14.7648
 14.7648
 14.7648
 21.4942
 21.4942
 21.4942
 21.4942
 21.4942
 26.4008
 26.4008
 26.4008
 28.4605
 28.4605
 28.4605
 25.1396
 25.1396
 25.1396
 33.7935
 14
 14
 33.3017
 21.9545
 21.9545
 21.9545
 40
 40
 40
 40
 40
 11.2694
 17.2627
 17.2627
 17.2627
 17.2627
 17.2627
 17.2627
 17.2627
 17.2627
 17.2627
 17.2627
 28.8791
 28.8791
 28.8791
 28.8791
 15.1327
 33
 33
 33
 33
 5.19615
 0
 0
 0
 39.8748
 39.8748
 19.8242
 19.8242
 19.8242
 19.8242
 22.1133
 25.5539
 25.5539
 25.5539
 25.5539
 25.5539
 29.9165
 34.2491
 34.2491
 34.2491
 22.5389
 22.5389
 22.5389
