 35.7771
 27.8029
 28.775
 21.2368
 26.5141
 63.6082
 65.3529
 60.1581
 46.1086
 46.1086
 25.2785
 42.9767
 30.282
 53.479
 58.3952
 38.3927
 47.2969
 40.5093
 48.7032
 43.9545
 31.0966
 25.671
 29.9165
 29.9165
 26.4575
 32.8177
 32.8177
 36.6197
 39.3319
 41.8688
 42.0595
 37.8682
 50.5767
 45.8258
 45.1774
 37.4433
 42.6146
 34.2929
 30.1662
 30.315
 42.4735
 58.5833
 35.2704
 43.6463
 37.4833
 48.7237
 42.7668
 54.5069
 54.5069
 45.5522
 45.5522
 47.1275
 43.1509
 43.1509
 0
 33.9853
 33.9853
 38.2492
 41.6173
 32.5269
 32.5269
 0
 45.5631
 27.6767
 46.3465
 43.1741
 24.1039
 48.1768
 38.9872
 30.4138
 33.1059
 23.8747
 42.0476
 43.0233
 35.5949
 29.189
 23.7065
 40.5339
 43.8748
 44.4972
 38.2623
 24.4336
 54.0648
 54.0648
 42.0595
 51.8363
 38.092
 39.2556
 23.6854
 48.7545
 0
 42.7317
 45.0888
 28.4253
 28.4253
 28.4253
 43.6692
 0
 0
 29.6985
 29.6985
 48.621
 48.621
 50.8527
 44.3283
 65.8711
 38.0789
 38.0789
 45.111
 45.111
 48.7032
 54.3967
 54.3967
 54.3967
 53.376
 53.6097
 33.4515
 51.1468
 51.1468
 51.1468
 54.1479
 42.3202
 30.2159
 33.1361
 52.2877
 52.2877
 52.2877
 52.2877
 45.4313
 34.9428
 40.7431
 39.4715
 47.6235
 65.8939
 32.4808
 41.4126
 41.4126
 0
 49.1528
 46.1194
 47.4131
 36.3593
 0
 42.7902
 24.8596
 46.594
 24.1868
 24.1868
 0
 26.4764
 29.1719
 48.1975
 44.3058
 47.0532
 64.0937
 49.7393
 57.5587
 46.9894
 50.5569
 50.5569
 48.949
 56.8946
 44.5309
 55.8032
 52.6118
 52.6118
 46.9787
 26.8514
 64.5755
 40.1248
 45.9891
 0
 28.4956
 50.3289
 48.2494
 45.1774
 51.4684
 40.05
 33.121
 41.9881
 41.9881
 41.2189
 49.8899
 43.6807
 53.479
 53.479
 51.9423
 34.9714
 34.9714
 34.9714
 0
 0
 44.0227
 33.3916
 30.7571
 28.8964
 0
 25.807
 49.4874
 38.833
 39.1152
 0
 0
 0
 46.6798
 58.3095
 45.2769
 48.1248
 40.7431
 0
 0
 49.8197
 53.8981
 63.6553
 43.6921
 43.6921
 57.28
 56.2939
 52.2015
 46.4112
 45.7275
 42.638
 50.6952
 32.1248
 32.1248
 0
 45.3762
 48.6313
 48.6313
 61.5224
 61.5224
 61.5224
 42.6263
 64.0781
 75.379
 75.379
 52.5167
 48.4665
 70.852
 70.852
 70.852
 70.852
 70.852
 70.852
 56.9561
 47.6025
 47.6025
 47.6025
 47.6025
 48.4665
 32.2645
 35.3412
 42.1782
 42.4971
 42.4971
 0
 45.5302
 45.5302
 29.4958
 34.4964
 34.4964
 34.4964
 0
 47.7808
 55.6417
 64.5601
 64.5601
 64.5601
 64.5601
 64.5601
 54.5344
 52.6308
 71.4213
 55.0727
 55.0727
 55.0727
 55.0727
 58.8048
 56.0446
 56.4889
 56.4889
 56.4889
 56.4889
 56.4889
 60
 55.0636
 35.7491
 48.9694
 48.9694
 0
 0
 0
 0
 49.051
 43.6463
 43.6463
 43.6463
 43.6463
 0
 0
 31.8748
 39.7366
 56.7715
 59.4138
 59.4138
 59.4138
 59.4138
 55.5788
 44.4747
 72.0972
 76.9805
 76.9805
 76.9805
 76.9805
 51.8749
 55.4977
 81.6884
 63.9922
 63.9922
 63.9922
 63.9922
 67.4463
 39.0512
 44.2493
 56.2939
 56.2939
 31.9218
 31.9218
 47.8017
 33.8083
 62.6578
 36.8646
 49.8397
 58.5406
 52.6403
 53.7494
 68.4398
 58.0517
 58.2924
 57.0175
 70.0714
 66.5432
 66.5432
 66.5432
 58.5406
 57.3062
 43.4166
 62.0645
 46.8295
 46.8295
 0
 48.9387
 46.5618
 29.9165
 72.0694
 47.8644
 51.3517
 47.2652
 48.1248
 53.3667
 47.2864
 59.975
 57.2101
 32.6497
 32.6497
 45.5961
 45.5961
 58.1464
 67.7791
 81.8535
 81.8535
 81.8535
 81.8535
 81.8535
 40.0874
 58.0086
 41.5572
 81.6027
 81.6027
 81.6027
 81.6027
 81.6027
 81.6027
 81.6027
 33.1964
 28.2666
 71.9792
 47.8435
 40.3237
 40.3237
 0
 0
 0
 0
 35.9722
 41.6173
 41.6173
 0
 0
 47.0956
 47.0956
 36.1663
 58.7367
 57.5934
 70.7248
 70.7248
 62.7853
 61.3351
 50.5767
 50.5767
 50.5767
 50.5767
 50.5767
 50.1199
 44.4522
 26.6458
 63.2851
 37.6298
 48.9387
 69.0217
 51.4296
 44.643
 58.643
 35.2987
 56.0892
 55.0636
 55.0636
 64.4283
 68.2349
 21.0713
 44.1701
 60.7124
 42.7668
 58.6686
 58.6686
 58.6686
 29.5127
 31.305
 31.305
 48.6724
 0
 0
 0
 48.3322
 70.9225
 70.9225
 70.9225
 70.9225
 70.9225
 68.2569
 54.5894
 46.2061
 59.0931
 15.6844
 0
 0
 0
 0
 0
 0
 0
 0
 0
 0
 0
 0
 0
 0
 34.2637
 46.5833
 77.1557
 60.531
 51.4393
 31.9218
 49.96
 49.96
 46.0977
 49.4469
 52.9528
 50.1199
 50.1199
 47.4236
 62.442
 38
 38
 41.2795
 64.3894
 64.3894
 59.439
 34.4093
 30.7083
 49.548
 79.9125
 64.3273
 54.5252
 54.5252
 79.019
 79.019
 71.2531
 53.768
 62.3137
 53.9166
 53.9166
 60.4814
 69.0217
 62.8729
 38.9487
 38.9487
 65.1997
 57.6802
 30.7246
 48.4355
 48.1041
 49.1935
 46.2601
 74.081
 55.6058
 60.2329
 49.4267
 49.4267
 36.4006
 63.3246
 64.2028
 64.2028
 69.5198
 66.2948
 40.7676
 66.4455
 66.4455
 32.8329
 59.95
 49.7494
 39.2938
 58.6003
 54.4059
 72.298
 33.9559
 54.5619
 55.5428
 67.6757
 84.8941
 59.279
 80.0437
 80.0437
 56.107
 66.8805
 65.5515
 63.9296
 63.9296
 47.9166
 34.0881
 36.1801
 62
 51.4393
 51.4393
 42.8486
 60.208
 52.8678
 56.4978
 52.1728
 80.0937
 63.7574
 65.123
 65.123
 53.6097
 67.6314
 67.838
 51.517
 51.517
 56.5332
 63.9218
 31.1769
 33.4664
 54.111
 59.8582
 62.849
 39.0768
 59.0678
 66.7757
 64.6065
 57.7062
 53.9073
 53.9073
 62.6977
 79.0886
 64.5833
 71.239
 71.239
 63.0238
 59.338
 52.9622
 72.0208
 49.7594
 40.025
 52.0577
 30.2655
 50.8527
 41.2795
 41.2795
 52.5071
 53.0943
 61.1637
 61.1637
 65
 65
 69.5557
 54.1479
 54.1479
 54.1479
 31.8748
 41.9762
 69.5054
 72.1526
 55.6237
 58.2323
 58.2323
 56.921
 54.231
 54.231
 67.335
 65.4676
 61.7576
 66.0303
 66.0303
 56.5862
 70.4911
 66.9627
 62.7933
 72.6361
 66.9179
 66.9179
 40.8412
 54.6809
 36.2905
 36.2905
 41.4849
 50.5074
 52.2972
 46.6262
 52.0673
 39.7618
 56.6833
 56.6833
 56.6833
 63.6239
 68.4251
 66.468
 66.468
 66.468
 50.5272
 73.0685
 35.1852
 47.2864
 47.2864
 51.6333
 53.1695
 35.2562
 61.0492
 44.7661
 43.9318
 64.591
 58.532
 57.6194
 78.0705
 82.807
 69.606
 69.606
 61.441
 54.7266
 67.8233
 47.4236
 54.2402
 31.4802
 48.4045
 56.0625
 52.2781
 48.4974
 59.975
 59.975
 59.975
 67.3869
 67.3869
 67.3869
 69.6348
 69.6348
 69.6348
 53.3385
 41.2553
 55.3986
 55.3986
 59.4895
 59.9667
 68.4471
 58.3352
 60.025
 60.025
 74.7997
 60.696
 60.696
 58.2752
 58.2752
 69.5701
 48.1248
 60.8933
 60.8933
 49.2747
 53.1131
 53.1131
 50.2593
 61.4898
 61.4898
 66.6633
 83.2346
 83.2346
 70.3989
 70.3989
 76.2758
 76.2758
 57.5934
 52.6118
 42.9651
 52.3546
 38.5616
 55.4527
 60.3158
 56.3738
 56.3738
 63.4823
 67.8528
 67.8528
 66.0681
 61.79
 61.79
 65.3758
 53.4883
 53.4883
 59.4054
 35.3412
 35.3412
 64.622
 64.622
 28.3373
 74.8866
 59.3801
 59.3801
 74.686
 78.032
 78.032
 66.0606
 33.6006
 33.6006
 38.1182
 60.2578
 55.5788
 59.439
 62.458
 77.6531
 54.4977
 54.4977
 70.5549
 62.0967
 62.0967
 71.7147
 71.7147
 71.631
 71.631
 61.3107
 67.7569
 37.2559
 37.2559
 51.6914
 55.4166
 55.4166
 55.4166
 57.0877
 57.0877
 57.0877
 64.6065
 76.961
 45.2106
 74.4043
 53.5444
 53.5444
 53.5444
 59.925
 43.5316
 60.8605
 64.0937
 57.55
 38.3145
 0
 0
 0
 0
 0
 0
 0
 0
 0
 0
 0
 0
 44.587
 44.587
 56.5066
 56.5066
 63.7574
 59.8749
 59.8749
 59.8749
 54.2402
 80.5171
 75.6373
 75.6373
 78.3135
 77.5758
 53.507
 53.507
 42.5088
 41.1947
 64.3661
 68.4909
 68.4909
 68.4909
 57.7927
 57.7927
 72.2011
 93.2363
 63.9766
 63.9766
 68.8331
 69.0579
 69.0579
 69.0579
 53.0566
 51.4004
 51.4004
 51.4004
 51.4004
 52.7731
 52.3163
 52.3163
 68.8985
 50.9019
 50.9019
 67.1044
 67.1044
 67.1044
 77.7367
 51.2835
 55.4437
 48.8467
 51.2933
 51.2933
 63.3009
 55.6776
 61.2046
 70.3633
 59.8331
 48.8979
 48.8979
 48.8979
 48.8979
 78.3582
 52.0769
 52.0769
 52.0769
 80.9012
 80.9012
 80.9012
 80.9012
 80.9012
 80.9012
 80.9012
 62.1772
 94.1807
 94.1807
 52.9434
 52.9434
 52.9434
 35.4542
 61.9274
 61.9274
 76.5441
 36.524
 36.524
 56.8155
 67.6979
 67.6979
 67.6979
 66.0681
 66.0681
 66.0681
 52.8867
 52.8867
 49.5782
 52.7257
 52.7257
 52.7257
 52.7257
 52.7257
 56.7186
 60.918
 70.8237
 42.6146
 70.1142
 70.1142
 70.1142
 70.1142
 70.1142
 70.1142
 70.1142
 49.0306
 65.5973
 57.8014
 57.8014
 57.8014
 73.7631
 73.7631
 73.7631
 73.7631
 73.7631
 46.9148
 46.9148
 0
 0
 0
 0
 0
 0
 0
 43.0116
 71.1829
 71.1829
 58.8897
 82.365
 82.365
 82.365
 82.365
 82.365
 82.365
 82.365
 82.365
 82.365
 82.365
 82.365
 82.365
 82.365
 82.365
 82.365
 82.365
 82.365
 82.365
 82.365
 82.365
 82.365
 82.365
 82.365
 59.127
 59.127
 59.127
 59.127
 59.127
 70.1356
 70.1356
 70.1356
 70.1356
 35.4542
 0
 34.0588
 34.0588
 34.0588
 34.0588
 34.0588
 69.9786
 69.9786
 69.9786
 69.9786
 69.9786
 69.9786
 69.9786
 69.9786
 69.9786
 69.9786
 69.9786
 69.9786
