 18.303
 18.2483
 12.2066
 5.09902
 10.4403
 11.5758
 9.38083
 10.583
 5.47723
 5.47723
 7.74597
 11.225
 13.9284
 3.31662
 3.4641
 4.24264
 8
 4.24264
 6
 3.4641
 11.3137
 10.6771
 4.12311
 4.12311
 11.5758
 7.81025
 7.81025
 13.0767
 7.28011
 21.1896
 11.0454
 11.2694
 2.44949
 5.47723
 0
 11.7898
 6.9282
 6
 6.9282
 11.2694
 10.3923
 4.3589
 3.4641
 11.3137
 3
 10.6771
 6.08276
 4.24264
 4.24264
 6.08276
 6.08276
 5.2915
 1.73205
 0
 0
 2.23607
 2.23607
 6.245
 8.83176
 11.4891
 0
 0
 13.8924
 10.583
 0
 12
 3.87298
 7.68115
 9.69536
 6.245
 10.3923
 4.24264
 9.53939
 5
 9.59166
 11.2694
 2.44949
 8.77496
 2.44949
 10.3923
 9.59166
 2.44949
 0
 0
 6.245
 12.9615
 5.09902
 10.3441
 2.44949
 0
 0
 11.2694
 4.89898
 7.81025
 11.2694
 5.2915
 0
 0
 5.19615
 7.74597
 7.81025
 4.24264
 0
 8.60233
 9.69536
 0
 0
 0
 8.66025
 8.66025
 4.58258
 3.87298
 0
 0
 3.4641
 5.65685
 7.07107
 1.41421
 0
 12.4097
 6.9282
 7.2111
 15.6525
 5.19615
 5.74456
 5.74456
 5.74456
 0
 8.12404
 11.3137
 10.9545
 4.89898
 6
 6.48074
 7.81025
 21.3542
 0
 0
 5.19615
 4.24264
 3.60555
 6.9282
 0
 10.3923
 6.85565
 10.9545
 10.4403
 0
 0
 8.83176
 7.74597
 8.83176
 1.73205
 4.3589
 7.74597
 6.245
 3.4641
 7.74597
 9.32738
 9.32738
 11.3578
 9.05539
 5.19615
 9.84886
 13.1149
 0
 12.3693
 12.1244
 6.9282
 11.2694
 4.3589
 0
 9.84886
 8.24621
 1.73205
 3.4641
 14.1067
 8.60233
 13.4907
 11.2694
 11.2694
 3.87298
 8.83176
 10.4403
 2.64575
 2.64575
 3.31662
 12.083
 12.083
 12.083
 12.083
 0
 12.2474
 5.09902
 7.93725
 8
 0
 12.3693
 12.2066
 8.77496
 9.79796
 9.79796
 0
 0
 3
 5.38516
 2.82843
 2.44949
 4.58258
 0
 8.66025
 10.5357
 7.87401
 6
 5.19615
 0
 8.18535
 6.08276
 8
 5.19615
 12.2474
 8.94427
 12.2066
 9.53939
 0
 0
 7.81025
 10.6771
 11.5326
 9.69536
 0
 0
 15.5563
 4.89898
 9.84886
 0
 11.2694
 9.53939
 6
 6
 6.55744
 0
 0
 0
 10.4881
 4.3589
 4.3589
 4.3589
 0
 6.9282
 7.81025
 9.48683
 2.44949
 3.4641
 0
 0
 11.3137
 8.66025
 8.83176
 8.66025
 0
 0
 0
 7.81025
 6.9282
 7.68115
 7.68115
 7.68115
 0
 0
 13.8564
 13.0384
 5.19615
 10.9087
 0
 0
 0
 5.47723
 10.4881
 0
 0
 0
 0
 0
 6.08276
 3.4641
 6
 9.05539
 0
 0
 0
 13.8924
 12.2882
 13.8564
 12.1244
 15.4272
 0
 0
 0
 0
 19.975
 2.82843
 7.07107
 10.3923
 0
 0
 0
 7.81025
 13.0384
 12
 6.9282
 0
 0
 0
 6.16441
 3
 4.89898
 1.73205
 0
 0
 0
 2.23607
 7.74597
 4.58258
 3
 0
 8
 11.7898
 13.2665
 8.83176
 6.08276
 9.84886
 8.06226
 7.07107
 7.81025
 9.84886
 10.1489
 3.4641
 7
 12.7671
 12.1244
 6.7082
 0
 0
 6.9282
 5.09902
 6
 12.4097
 14.7309
 0
 0
 13.8924
 10.3923
 12.0416
 9.32738
 15.2971
 7
 4.89898
 12.0416
 15.6844
 12.2882
 11.225
 7.74597
 12.1655
 12.1655
 11.7047
 0
 9.64365
 3.4641
 1.73205
 1.73205
 1.73205
 0
 0
 8.77496
 0
 4.3589
 4.24264
 4.24264
 0
 0
 0
 0
 0
 8.83176
 10.3923
 3.74166
 14.7309
 9.64365
 0
 0
 5.19615
 11.2694
 10.1489
 12.2066
 1.41421
 0
 0
 12.1244
 1.73205
 1.73205
 9.84886
 12.0416
 6
 11.3137
 11.3137
 10.6771
 2.44949
 11.2694
 11.2694
 0
 0
 0
 13.8924
 13.0384
 13.1149
 14.7986
 7.81025
 10.4403
 7.07107
 13.0384
 16.5529
 10.3923
 11.2694
 12.0416
 14
 14
 12.3693
 5.19615
 11.6619
 5.19615
 8.06226
 12.2474
 0
 0
 0
 12.5698
 12.3288
 12.3288
 14.7309
 0
 9.59166
 5.09902
 9.69536
 2.44949
 0
 0
 0
 0
 1.73205
 10.3923
 12.5698
 9.64365
 11.4455
 0
 6.16441
 12.8452
 10.1489
 10.1489
 0
 0
 11.5758
 2.23607
 9.74679
 1.73205
 0
 0
 13.8924
 11.3137
 12.1655
 12.1244
 8.18535
 7.87401
 7.93725
 13.8924
 0
 13.8924
 13.8924
 7.14143
 13.0384
 0
 12.9615
 13.4164
 9.05539
 9.05539
 14.0357
 10.0499
 10.0499
 15.1658
 11.7473
 10.1489
 14.7648
 1.73205
 8.66025
 11.4018
 5.19615
 3.4641
 3.4641
 6
 11.2694
 2.44949
 7.93725
 7.93725
 11.6619
 6.9282
 4.89898
 11.5326
 11.5326
 7.28011
 9.84886
 14.5258
 3
 11.4455
 10.8167
 13.8564
 6.08276
 14.6969
 9.53939
 3.4641
 3.4641
 11.2694
 5.47723
 11.4455
 11.4455
 6.08276
 11.3137
 8.66025
 9.69536
 9.69536
 10.4403
 17.088
 13.1529
 10.7703
 4.58258
 13
 4.24264
 8.83176
 13
 11.4018
 6.9282
 9.64365
 10.7703
 3.74166
 3.74166
 12.3693
 9.69536
 6
 8.06226
 8.06226
 11.3137
 8.88819
 13.7477
 6.08276
 14.7648
 14.3527
 17.3781
 10.4403
 3.87298
 9.64365
 13.4536
 13.2665
 9.59166
 11.2694
 11.2694
 19.975
 4.58258
 11.2694
 13.8924
 13.8924
 12.8062
 14
 10.0995
 13.0384
 13.9642
 15.3623
 6
 9.64365
 6.9282
 5.38516
 12.1655
 13.2288
 8
 8
 12.4097
 8.77496
 5.47723
 10.5357
 10.5357
 5.19615
 7.81025
 6.9282
 7.74597
 13.4164
 12.4499
 16.4924
 13.9642
 13.0384
 1.73205
 11.6619
 11.4018
 14.8324
 13
 11.0905
 5.19615
 5.19615
 13.6748
 6.32456
 6.32456
 6.32456
 9.32738
 8.7178
 4.47214
 10.5357
 9.16515
 10.1489
 9.21954
 14
 8.7178
 8.7178
 7.2111
 2.44949
 12.4097
 8.42615
 8.42615
 9.64365
 13.1909
 6.85565
 4.79583
 2.44949
 0
 0
 11.5326
 8.18535
 15.1327
 15.1327
 18.1934
 15.6205
 13.2288
 13.8924
 11.3578
 6.55744
 10.4403
 10.4403
 0
 8.94427
 6.48074
 12.3693
 12.3693
 12.3693
 3.4641
 8.66025
 7.81025
 15.6205
 8.66025
 12.0416
 12.6491
 10.5357
 4.24264
 4.89898
 5.56776
 9.38083
 13.2665
 11.2694
 5.47723
 7.87401
 13.1149
 13.1149
 9.64365
 7.93725
 1.73205
 13
 13.8564
 13.1909
 13.8924
 9.21954
 14.7309
 19.105
 13.0384
 10.3923
 10.3923
 11.2694
 11.2694
 11.2694
 10.3923
 10.3923
 10.3923
 12.7671
 10.0499
 9.84886
 0
 6.7082
 10.0995
 8.66025
 8.83176
 11.8322
 11.8322
 14.7309
 9.53939
 9.53939
 8
 8
 3.4641
 18.3303
 8.66025
 8.66025
 9.94987
 13.9284
 13.9284
 4.24264
 8.66025
 8.66025
 13
 5.19615
 5.19615
 9.32738
 9.32738
 4.24264
 0
 13.5277
 11.6189
 12.6491
 8.83176
 10.4403
 12.4499
 12.3288
 9
 9
 13
 9.32738
 9.32738
 9.27362
 0
 0
 4.58258
 9.53939
 9.53939
 11.5758
 15.1658
 15.1658
 3.4641
 3.4641
 13
 1.73205
 10.4403
 10.4403
 13.0767
 6.245
 6.245
 4.24264
 10.583
 10.583
 9.32738
 7.81025
 14.3178
 4.24264
 14.0357
 6
 9.32738
 9.32738
 14
 13
 13
 9.53939
 9.53939
 4.89898
 4.89898
 9
 4.12311
 13.6748
 13.6748
 10.4403
 13
 13
 0
 11.2694
 11.2694
 11.2694
 11.2694
 6.245
 7.28011
 9.32738
 12.8452
 12.8452
 8.48528
 7.34847
 10.9545
 11.0905
 6.9282
 14
 8.60233
 0
 8
 8
 10.7238
 10.3923
 1.73205
 14.3178
 7.68115
 7.68115
 7.74597
 6.245
 6.245
 0
 0
 13.0384
 13.0384
 9.64365
 7.81025
 7.81025
 7.81025
 8
 9.64365
 13.1149
 13.1149
 6.85565
 8.88819
 9.79796
 9.79796
 8.66025
 7.74597
 0
 13.4536
 13.4536
 13.4536
 10.4403
 10.4403
 10.5357
 14.7986
 1.73205
 1.73205
 6.08276
 13
 13
 0
 14.3178
 0
 0
 0
 19.7737
 14.5258
 7
 7
 11.4018
 13.9284
 13.9284
 12.8062
 12.8062
 12.8062
 13.4907
 9.84886
 13.6748
 20.8806
 7.34847
 7.34847
 7.34847
 6.16441
 6.55744
 12.2066
 11.3137
 18.1108
 18.1108
 32.4962
 32.4962
 11.4018
 20
 0
 0
 17.8045
 14.0712
 14.0712
 0
 0
 0
 0
 7
 9.53939
 9.53939
 5.47723
 5.47723
 5.47723
 10.3923
 12.49
 12.49
 12.49
 13.1909
 13.1909
 12.2474
 4.24264
 0
 0
 13.0384
 13.0384
 13.0384
 5.74456
 5.74456
 3.31662
 9.79796
 0
 0
 0
 0
 18.412
 8.88819
 7.93725
 11.6619
 11.0905
 11.0905
 0
 0
 0
 0
 0
 11.2694
 8.66025
 14.7309
 14.7309
 14.7309
 11.2694
 0
 0
 0
 0
 7.4162
 7.4162
 7.4162
 11.7898
 11.7898
 0
 4.24264
 0
 0
 12.5698
 8.66025
 0
 11.7898
 8.544
 0
 0
 14.7309
 0
 0
 0
 0
 7.93725
 6.16441
 0
 0
 0
 0
 0
 0
 0
 0
 0
 10.4403
 10.4403
 0
 0
 11.7898
 12.0416
 12.0416
 0
 0
 9.48683
 0
 0
 0
 16.5227
 0
 6.48074
 0
 0
 0
 6.63325
 10.583
 10.583
 0
 0
 0
 8.66025
 7.14143
 7.14143
 0
 6.9282
 0
 0
