 33.8821
 28.8617
 25.4558
 8.88819
 9.79796
 48.2079
 49.4368
 45.7275
 27.7128
 27.7128
 18.1108
 26.8701
 21.4709
 38.6523
 41.7732
 21.0476
 28.8964
 25.807
 31.5911
 34
 14.7648
 20.1494
 17.1172
 17.1172
 21.2838
 17.2047
 17.2047
 18.7083
 25.8844
 28.1603
 24.5764
 21.9773
 35.609
 26.5518
 30.05
 20.5913
 31.607
 16.7332
 20.2978
 27.5862
 25.8844
 42.7785
 19.5704
 21.4942
 26.6083
 29.9333
 24.6779
 36.3731
 36.3731
 29.2062
 29.2062
 29.5296
 25.1992
 25.1992
 0
 32.7109
 32.7109
 17.5784
 21.4709
 14.3178
 14.3178
 0
 33.1964
 25.2982
 26.0576
 23.388
 11.4018
 31.7962
 24.8193
 24.3516
 26.1151
 10.9545
 22.1811
 26.2298
 19.7737
 24.5764
 11.2694
 31.1127
 25.923
 28.3549
 23.3238
 12.3693
 42
 0
 24.6982
 31.5119
 23.9583
 23.7065
 10.0995
 34.1906
 0
 24.3311
 25.7876
 25.02
 27.4773
 27.4773
 27.5862
 0
 36.8917
 22.6716
 28.2312
 27.5136
 27.5136
 29.6816
 24.0208
 45.4863
 24.5357
 24.5357
 28
 28
 28.931
 32.1559
 0
 0
 32.8024
 33.9117
 29.2233
 28.5132
 0
 28.0179
 34.9142
 20.6882
 9.84886
 26.4764
 34.0441
 34.0441
 34.0441
 0
 30.7896
 17.8885
 23.3452
 32.6956
 29.4788
 49.93
 28.4781
 21
 21
 0
 29.1376
 33.1813
 29.4618
 23.3238
 0
 25.2587
 24.3516
 34.5977
 26.2679
 26.2679
 0
 22.7376
 30.2655
 29.4788
 24.8395
 31.3688
 43.1625
 30.0167
 34.6121
 28.0179
 27.7849
 27.7849
 26.7582
 34.3366
 41.7971
 33.8083
 27.8029
 0
 23.388
 26.1151
 41.2432
 20.4695
 25.6515
 0
 26.5895
 27.8029
 29.1719
 32.1248
 31.3847
 32.2955
 14.7648
 23.4521
 23.4521
 28.3549
 28.4253
 26.1916
 38.0395
 38.0395
 31.5911
 30.7571
 30.7571
 30.7571
 0
 0
 26.3818
 30.6105
 30.7896
 31.0966
 0
 22.8035
 29.5296
 36.1663
 28.8964
 0
 0
 0
 24.4949
 40.9878
 26.0576
 32.8481
 27.2029
 0
 31.0483
 31.3688
 31.0966
 45.9021
 29.1376
 29.1376
 31.5119
 31.4484
 31.0322
 42.6028
 23.4307
 22.1585
 29.3939
 32.8024
 32.8024
 0
 24.8998
 25.9615
 27.2947
 39.2938
 39.2938
 39.2938
 22.9129
 42.4735
 49.0408
 49.0408
 30.7571
 26.4197
 52.9622
 52.9622
 52.9622
 52.9622
 52.9622
 52.9622
 34.6554
 38.092
 38.092
 38.092
 38.092
 26.2869
 31.3847
 37.5899
 35.242
 27.6948
 27.6948
 0
 26.5141
 27.7128
 30.7571
 34.2491
 34.2491
 34.2491
 0
 25.2982
 39.6863
 42.0833
 42.0833
 42.0833
 42.0833
 0
 35.623
 37.1483
 52.9811
 34.3657
 34.3657
 34.3657
 0
 32.9242
 33.7343
 31.4802
 31.4802
 31.4802
 31.4802
 0
 35.7911
 33.5261
 35.6651
 28.9137
 28.9137
 0
 0
 27.0185
 29.4958
 28.8791
 25
 25
 25
 25
 0
 0
 14.3527
 36.0832
 37.3765
 37.8418
 37.8418
 37.8418
 0
 34.9714
 27.6043
 52.144
 52.9434
 52.9434
 52.9434
 52.9434
 41.2432
 32.2645
 59.8665
 55.2178
 55.2178
 55.2178
 55.2178
 57.5674
 36.9594
 43.2204
 36.8917
 36.8917
 37.1483
 29.0861
 27.6043
 37.2156
 44.6878
 36.6333
 29.1548
 39.6106
 37.2961
 34.1614
 44.2945
 47.2969
 32.1559
 34.5832
 41.497
 53.2541
 53.2541
 53.2541
 36.4692
 34.9714
 38.4578
 38.5746
 33.9411
 33.9411
 0
 26.096
 26.4764
 32.0624
 46.6047
 34.3366
 27.9464
 32.3265
 27.9821
 31.6386
 42.8719
 35.327
 34.2491
 29.4788
 29.4788
 39.5348
 39.5348
 36.7696
 57.1664
 54.5711
 54.5711
 54.5711
 54.5711
 54.5711
 37.4967
 37.4032
 37.8286
 59.1439
 59.1439
 59.1439
 59.1439
 59.1439
 59.1439
 59.1439
 36.524
 31.3528
 61.0328
 25.923
 32.3419
 32.3419
 0
 40.025
 35.4119
 42.8602
 37.054
 27.258
 27.258
 0
 39.6737
 31.1127
 31.1127
 35.4965
 36.2629
 34.2053
 43.9773
 43.9773
 41.0731
 39.8372
 40.7063
 40.7063
 40.7063
 0
 0
 26.2679
 21.2132
 30.1662
 38.6005
 29.0172
 27.7308
 43.2319
 29
 25.865
 38.2623
 32.6956
 32.5269
 30.6268
 30.6268
 39.8748
 55.9464
 10.4403
 40.2119
 36.1939
 33.8231
 38.1051
 38.1051
 0
 30.8058
 35.8329
 35.8329
 26.0192
 0
 33.9559
 41.1825
 27.9464
 57.8792
 57.8792
 57.8792
 57.8792
 57.8792
 47.1063
 34.6121
 39.975
 36.8375
 7.74597
 0
 30.5287
 35.2704
 39.9875
 39.9875
 39.9875
 0
 42.1189
 37.6431
 45.9565
 51.614
 51.614
 51.614
 28.8964
 29.95
 24.4949
 58.0775
 37.5366
 30.282
 28.3196
 28.5132
 28.5132
 26.533
 23.4521
 34.2053
 25.3969
 25.3969
 30.1993
 41.5452
 37.3497
 37.3497
 33.2566
 41.9524
 41.9524
 33.5708
 38.1576
 33.7491
 28.3196
 53.6377
 42.4735
 32.7109
 41.9762
 58.1206
 58.1206
 49.3964
 39.598
 42.8135
 33
 33
 36.8103
 65.3758
 38.7943
 42.9185
 42.9185
 39.3954
 34.3802
 31.9687
 40.8167
 26.7769
 31.4802
 24.4745
 46.1736
 29.6479
 41.4005
 31.1127
 31.1127
 30.249
 34.9857
 40.0749
 40.0749
 58.6941
 44.8888
 37.3363
 42.0714
 42.0714
 32.5115
 35.9722
 30.8383
 40.0625
 37.1214
 30.9516
 43.9318
 39.0384
 30.1496
 35.819
 45.0333
 57.7754
 35.0286
 60.2993
 60.2993
 36.6606
 40.3113
 53.0471
 36.8375
 36.8375
 25.865
 39.3446
 33.2866
 39.8372
 28.9482
 32.6956
 20.2731
 37.0405
 34.5977
 30
 31.3369
 51.2348
 40.0749
 43.2666
 43.2666
 32.8024
 40.9023
 40.9023
 36.1939
 36.1939
 34.176
 37.4299
 33.5261
 34.5543
 34.2199
 34.9428
 40.2368
 41.9404
 34
 43.2204
 36.9865
 46.9361
 36.6742
 36.6742
 39.2173
 54.9727
 37.108
 44.7102
 44.7102
 49.4773
 37.1214
 53.7866
 61.3759
 26.7769
 40.0625
 27.4773
 30.8383
 27.6225
 32.3574
 38.3145
 29.3769
 31.9218
 41.3763
 48.1352
 44.3959
 44.3959
 44.8665
 39.1535
 39.1535
 39.1535
 31.4802
 38.7814
 45.7275
 45.2327
 29.9833
 29.7321
 40.5339
 33.541
 36.5787
 36.5787
 41.6893
 41.497
 38.2623
 37.7492
 37.7492
 36.4966
 44.2945
 51.4587
 34.1614
 41.6773
 41.0974
 41.0974
 33.5261
 28.6531
 32.0624
 32.0624
 17.1464
 26.9815
 27.9464
 40.6817
 29.8998
 34.2345
 38.8716
 38.8716
 38.8716
 40.2244
 41.0974
 41.6053
 41.6053
 41.6053
 37.1483
 47.3075
 32.2955
 33.2114
 34.7275
 28.8791
 30.5941
 40.7185
 39.2556
 39.2683
 32.2955
 32.619
 37.3765
 41.0853
 57.6628
 53.1319
 44.3734
 44.3734
 38.1182
 28.4956
 41.7493
 35.9722
 30.282
 33.9853
 26.6271
 33.7935
 28.7924
 23.9792
 30.8383
 40.7308
 40.7308
 41.3159
 41.3159
 41.3159
 43.7493
 43.7493
 43.7493
 33.2114
 42.3438
 34.1321
 34.1321
 41.2189
 36.3868
 41.9047
 42.6263
 41.8091
 41.8091
 46.9255
 38.1707
 38.1707
 32.078
 32.078
 42.45
 24.2074
 39.5601
 39.5601
 32.249
 31.7648
 31.7648
 32.1559
 33.0151
 33.0151
 42.8952
 59.5567
 59.5567
 42.8135
 42.8135
 57.4108
 57.4108
 33.4664
 31.9374
 38.833
 37.3631
 40.5709
 32.28
 41.821
 36.6197
 36.6197
 41.4488
 40.8534
 40.8534
 38.3406
 34.4674
 34.4674
 41.5331
 29.4958
 29.4958
 33.8969
 33.0303
 33.0303
 35.4965
 35.4965
 27.5862
 49.4065
 37.6165
 37.6165
 46.2169
 58.8048
 58.8048
 39.8873
 30.8545
 30.8545
 39.4081
 35.7911
 34
 38.704
 46.5081
 54.7996
 39.2173
 39.2173
 43.0349
 41.9643
 41.9643
 44.3396
 0
 44.6654
 44.6654
 39.37
 41.7852
 33.8526
 33.8526
 33.541
 27.7489
 27.7489
 27.7489
 38.8716
 38.8716
 38.8716
 44.2945
 56.107
 44.4747
 46.1194
 51.7011
 51.7011
 71.7983
 32.2645
 40.05
 35.1994
 43.1741
 44.3283
 37.6696
 0
 38.3797
 38.3797
 42.7902
 39.1152
 48.2908
 48.4355
 45.1885
 45.1885
 33.5708
 41.9166
 41.9166
 47.1593
 47.1593
 29.1548
 29.1548
 32.7109
 32.5883
 32.5883
 32.5883
 41.6653
 53.6283
 47.7493
 47.7493
 57.7841
 47.8226
 30.5287
 30.5287
 29.6311
 41.5572
 41.7612
 44.3734
 44.3734
 44.3734
 40.0999
 0
 43.9318
 66.1362
 35.9444
 35.9444
 43.2204
 44.7437
 44.7437
 0
 27.4773
 43.1161
 43.1161
 0
 0
 27.9643
 32.5576
 32.5576
 40.8412
 35.4824
 35.4824
 42.2729
 42.2729
 42.2729
 48.156
 29.5296
 45.3211
 30.2159
 34.8712
 34.8712
 46.1952
 35.1283
 40.2368
 43.4281
 39.8873
 28.8964
 28.8964
 28.8964
 28.8964
 47.8957
 29.5466
 0
 0
 0
 22.2711
 22.2711
 0
 0
 0
 0
 37.6431
 69.9142
 69.9142
 39.1152
 39.1152
 39.1152
 30.6594
 41.7852
 41.7852
 48.4458
 21.4942
 21.4942
 41.7852
 39.975
 39.975
 39.975
 42.4617
 42.4617
 42.4617
 39.9875
 39.9875
 29.0517
 25.2389
 25.2389
 25.2389
 25.2389
 25.2389
 34.4529
 39.9625
 46.3033
 41.2674
 42.4264
 42.4264
 42.4264
 42.4264
 42.4264
 42.4264
 42.4264
 37.3898
 71.0634
 45.3211
 45.3211
 45.3211
 46.8188
 0
 0
 0
 0
 26.096
 26.096
 0
 0
 0
 0
 35.4542
 35.4542
 0
 36.4829
 48.3839
 0
 35.2987
 52.3259
 52.3259
 52.3259
 36.2077
 36.2077
 36.2077
 0
 0
 49.7996
 49.7996
 49.7996
 49.7996
 0
 0
 0
 0
 0
 0
 24.7992
 17.5784
 0
 0
 0
 34.7419
 34.7419
 34.7419
 0
 0
 0
 0
 0
 0
 11.2694
 0
 29.4958
 29.4958
 29.4958
 29.4958
 31.3688
 46.0543
 46.0543
 0
 0
 0
 15.9687
 10.0995
 10.0995
 10.0995
 34.2053
 34.2053
 34.2053
