 333.747
 0
 27.9821
 21.5174
 20.9045
 60.2661
 52.5167
 50.1498
 44.8888
 44.8888
 27.8209
 41.2553
 26.0576
 40.5216
 45.8694
 37.9078
 43.9545
 21.9545
 49.1528
 36.8375
 28.8791
 25.2982
 31.0966
 31.0966
 26.7582
 28.3196
 28.3196
 22.7596
 26.8328
 25.9037
 41.5692
 17.8885
 40.9268
 44.2719
 29.1204
 38.4057
 41.6893
 31.3369
 34.5688
 33.8821
 37.4833
 41.2432
 37.7757
 38.2753
 41.7493
 47.5395
 41.4367
 47.5079
 47.5079
 48.7032
 48.7032
 31.4802
 42.9185
 0
 0
 35.609
 35.609
 35.171
 37.1483
 34.641
 0
 0
 26.8142
 27.9821
 37.4566
 32.665
 23.6008
 23.6432
 34.4238
 37.3898
 34.5977
 25
 40.7308
 24.1039
 15.1658
 37.6829
 23.3666
 53.2541
 43.0465
 21.7025
 19.1311
 22.7816
 0
 0
 37.6032
 50.6458
 35.7771
 30.4631
 23.0651
 0
 49.548
 36.8646
 48.6724
 32.7414
 35.6791
 22.7816
 0
 43.1393
 33.5857
 37.7359
 40.4104
 46.2601
 46.2601
 48.9592
 38.923
 46.3789
 41.1704
 41.1704
 43.9431
 43.9431
 45.9239
 46.7974
 46.7974
 0
 33.4365
 52.3641
 35.805
 46.0977
 46.0977
 32.4654
 28.775
 28.6531
 23.4734
 38.5357
 39.4208
 39.4208
 39.4208
 39.4208
 49.1732
 14.8661
 18.7083
 46.1519
 47.2758
 50.774
 44
 14.5945
 0
 0
 48.3839
 40.0999
 46.6369
 35.9583
 35.9583
 38.6005
 39.1152
 59.8832
 34.7419
 0
 0
 40.9512
 40.7063
 22.9565
 54.2586
 50.1597
 39.064
 50.4876
 55.5338
 45.8694
 47.0213
 47.0213
 39.5221
 47.9583
 47.8121
 54.7083
 49.7594
 0
 34.5977
 34.8281
 41.7971
 29.9833
 48.6313
 0
 39.0384
 30.2985
 39.9875
 43.4741
 27.7489
 54.037
 14.7986
 14.9666
 14.9666
 42.1307
 48.2804
 26.7021
 47.7703
 47.7703
 48.5695
 45.2659
 45.2659
 45.2659
 0
 0
 38.4578
 43.4856
 50.1398
 38.2884
 0
 36.9053
 26.0768
 62.2896
 41.3159
 0
 0
 0
 46.2925
 41.0122
 56.6216
 50.5964
 41.0244
 0
 0
 48.6929
 54.111
 52.8867
 42.8719
 0
 45.0333
 39.5095
 47.833
 48.6724
 37.6829
 30.4302
 45.8912
 39.95
 0
 0
 40.1995
 25.8263
 38.3275
 46.3573
 46.3573
 46.3573
 17.4642
 52.1728
 49.2443
 49.2443
 51.7397
 20.8567
 53.4977
 53.4977
 53.4977
 53.4977
 53.4977
 53.4977
 49.163
 48.6724
 48.6724
 48.6724
 48.6724
 43.6921
 41.9881
 49.6185
 46.8935
 35.0143
 0
 0
 22.2486
 42.2847
 44.6094
 51.0686
 51.0686
 51.0686
 51.0686
 47.7808
 57.3585
 64.5678
 64.5678
 64.5678
 64.5678
 64.5678
 53.0848
 68.8259
 51.6624
 56.4978
 56.4978
 56.4978
 56.4978
 51.0784
 54.2402
 47.5184
 47.5184
 0
 0
 0
 41.4729
 41.821
 46.2061
 40.8412
 0
 0
 0
 44.7996
 40.9145
 25.632
 40.2492
 40.2492
 0
 0
 0
 0
 9.48683
 56.6127
 31.6228
 45.0444
 0
 0
 0
 0
 22.2935
 51.6817
 48.4871
 0
 0
 0
 48.9081
 46.8402
 61.131
 60.1249
 60.1249
 60.1249
 60.1249
 67.7864
 47.8748
 52.3641
 44.699
 0
 0
 42.7551
 41.6173
 54.909
 37.3363
 56.0268
 50.636
 59.4559
 59.0762
 62.2254
 70.342
 45.6727
 56.1427
 59.1354
 73.4643
 55.9732
 55.9732
 55.9732
 45.8803
 46.4327
 50.5767
 63.5059
 45.1996
 0
 0
 42.3438
 43.4396
 43.6692
 52.6973
 47.7912
 47.7912
 51.4393
 18.2483
 48.4149
 48.4149
 29.6985
 58.7026
 24.4745
 24.4745
 44.7437
 0
 0
 0
 0
 0
 0
 0
 0
 46.3789
 52.4309
 47.2229
 61.1392
 61.1392
 61.1392
 61.1392
 61.1392
 61.1392
 61.1392
 53.0189
 45.1664
 70.3847
 41.7732
 43.6234
 0
 0
 0
 30.7896
 64.8691
 54.231
 40.939
 0
 0
 0
 0
 0
 0
 0
 0
 0
 0
 0
 48.6415
 77.7689
 77.7689
 77.7689
 77.7689
 77.7689
 43.9431
 42.1189
 43.4396
 70.0071
 50.0999
 38.8973
 62.2254
 21.1187
 20
 65.0538
 25.3377
 39.3573
 38.8973
 38.8973
 66.0908
 60.8687
 27.7489
 50.1298
 30.348
 43.8634
 52.8583
 52.8583
 52.8583
 43.5086
 48.7032
 48.7032
 43.4051
 43.4051
 37.3363
 62.8649
 48.4149
 66.1135
 66.1135
 66.1135
 66.1135
 66.1135
 41.5933
 63.7809
 52.6783
 63.7887
 22.0907
 22.0907
 58.6003
 64.3661
 56.4712
 56.4712
 56.4712
 56.4712
 52.5262
 51.0784
 71.2881
 56.5066
 56.5066
 56.5066
 47.9062
 46.2061
 44.9889
 77.0519
 73.6682
 27
 52.8772
 22.6053
 22.6053
 22.1811
 49.97
 53.2916
 12.2066
 0
 32.45
 73.9594
 45.6946
 45.6946
 42.6263
 58.8558
 58.8558
 31.4802
 50.5272
 48.7032
 46.465
 46.465
 65.192
 27.5862
 60.4483
 55.9106
 55.9106
 43.5201
 70.3562
 65.3911
 66.6708
 66.6708
 63.1664
 83.4745
 54.1572
 58.3695
 58.3695
 46.7868
 53.4696
 46.9255
 62.1852
 46.4543
 50.8724
 37.9868
 74.0743
 74.0743
 73.0685
 49.8197
 49.8197
 29.2062
 59.649
 73.1984
 73.1984
 66.2344
 61.5305
 50.1797
 46.5618
 46.5618
 47.8226
 57.4456
 46.422
 51.6817
 60.3241
 30.692
 34.4093
 58.4466
 24.5153
 64.622
 67.6831
 57.1752
 64.4981
 67.8822
 67.8822
 70.5195
 50.9019
 57.4891
 61.4248
 61.4248
 46.2709
 60.1249
 47.4342
 58.6174
 30.692
 50.1797
 30.8383
 59.6657
 61.4329
 18.2483
 25.2982
 25.2982
 73.6682
 79.1202
 79.1202
 79.1202
 64.5833
 59.8916
 43.2782
 43.2782
 41.5692
 41.5692
 51.4198
 50.3488
 40.1622
 35.819
 64.7225
 59.203
 29.189
 67.1267
 32.0624
 75.4387
 68.5638
 68.5638
 90.0944
 53.0754
 62.0806
 53.7587
 53.7587
 56.0535
 44.2945
 71.1407
 77.1427
 48.2804
 58.7707
 39.8748
 48.1975
 36.5924
 59.2621
 60.2578
 33.3916
 27.2213
 27.2213
 76.7268
 46.9255
 46.9255
 67.6314
 80.1062
 80.1062
 80.1062
 49.8899
 55.8391
 48.7134
 71.6938
 55.6417
 49.98
 59.9667
 46.7974
 71.0985
 71.0985
 34.2345
 68.7895
 72.5603
 32.9848
 32.9848
 69.5701
 58.7452
 53.376
 62.1208
 35.6651
 50.07
 50.07
 51.6817
 49.6588
 48.6826
 48.6826
 13.9642
 47.655
 16.7033
 62.9921
 26.1534
 61.041
 74.29
 74.29
 74.29
 34.3074
 44.7996
 68.6877
 68.6877
 68.6877
 72.3395
 55.9553
 52.1536
 48.1144
 62.0967
 51.6527
 41.6293
 56.5155
 62.45
 41.6533
 67.082
 32.218
 57.1839
 78.3837
 51.2835
 46.9681
 57.9051
 57.9051
 69.0072
 48.7852
 56.542
 51.4684
 53.4416
 49.689
 35.4542
 57.4543
 15.6525
 17.8885
 25.2389
 70.8378
 70.8378
 70.7955
 70.7955
 70.7955
 52.0961
 52.0961
 52.0961
 49.7695
 57.1139
 54.4518
 54.4518
 61.1474
 45.4973
 70.3633
 60.6465
 54.4151
 54.4151
 61.2291
 74.92
 74.92
 35.9722
 35.9722
 65.0461
 24.3311
 60.0999
 60.0999
 51.8556
 27.2397
 27.2397
 63.9375
 28.4253
 28.4253
 28.4253
 59.5063
 59.5063
 63.4586
 63.4586
 69.1809
 69.1809
 43.0465
 53.479
 54.4702
 65.9166
 60.9672
 44.7996
 82
 66.0303
 66.0303
 80.8022
 62.8649
 62.8649
 68.4251
 39.6737
 39.6737
 43.4396
 52.6213
 52.6213
 53.7308
 49.5177
 49.5177
 63.3009
 63.3009
 21.4709
 47.2123
 78.4283
 78.4283
 69.3397
 67.3647
 67.3647
 52.9245
 49.6185
 49.6185
 56.3649
 63.7417
 53.3573
 62.7694
 82.3104
 82.3104
 78.2304
 78.2304
 68.3228
 77.4338
 77.4338
 50.1697
 50.1697
 50.6557
 50.6557
 60.4566
 62.6179
 51.5073
 51.5073
 56.6127
 24.3105
 24.3105
 24.3105
 48.9387
 48.9387
 48.9387
 65.2227
 50.448
 59.9917
 57.9137
 65.169
 65.169
 65.169
 60.2412
 61.6766
 61.6766
 60.2495
 80.8579
 58.2924
 58.2924
 72.4569
 72.4569
 73.0685
 80.796
 48.0729
 65.1076
 73.4166
 73.4166
 54.7631
 53.7029
 53.7029
 67.0522
 67.0522
 54.7723
 54.7723
 67.2533
 21.4709
 21.4709
 21.4709
 21.4709
 44.8442
 44.8442
 44.8442
 61.3351
 56.0714
 53.4977
 53.4977
 44.4522
 62.3217
 63.4823
 71.5192
 71.5192
 71.5192
 82.0549
 82.0549
 67.3201
 67.3201
 67.3201
 67.3201
 69.2243
 63.8749
 63.8749
 63.8749
 47.8539
 45.1331
 45.1331
 0
 0
 21.1896
 54.2218
 54.2218
 31.289
 31.289
 31.289
 31.289
 31.289
 31.289
 31.289
 52.144
 77.8653
 49.4267
 49.4267
 49.4267
 81.1727
 54.1572
 61.9274
 69.5054
 51.3712
 40.9756
 40.9756
 40.9756
 0
 0
 0
 0
 0
 0
 14.1774
 14.1774
 0
 0
 0
 0
 38.8201
 38.8201
 38.8201
 51.7204
 51.7204
 51.7204
 48.9592
 48.9592
 48.9592
 48.9592
 38.223
 38.223
 87.5557
 87.5557
 87.5557
 87.5557
 69.9214
 69.9214
 69.9214
 88.2496
 88.2496
 83.4626
 83.4626
 83.4626
 83.4626
 83.4626
 83.4626
 45.5192
 36.8917
 47.8644
 61.9435
 32.619
 32.619
 0
 0
 0
 0
 0
 48.3322
 98.2955
 76.2824
 76.2824
 76.2824
 75.2662
 75.2662
 75.2662
 75.2662
 75.2662
 77.8203
 77.8203
 77.8203
 59.0678
 59.0678
 59.0678
 34.7131
 34.7131
 0
 0
 0
 0
 0
 46.594
 0
 0
 0
 0
 0
 0
 0
 0
 0
 0
 0
 0
 0
 0
 0
 0
 0
 46.594
 47.4447
 0
 0
 0
 0
 0
 0
 0
 0
 0
 0
 0
 0
 33.5708
 0
 0
 0
 0
 0
 34.2637
 40.0999
 40.0999
 0
 0
 0
 28.8964
 65.1383
 65.1383
 65.1383
 54.827
 54.827
 54.827
