 40.4969
 35.4542
 27.0185
 18.1108
 21.1424
 22.2036
 19.0526
 16.3707
 22.7816
 22.7816
 20.445
 28.8271
 31.0644
 20.8567
 17.5214
 19.7737
 20.2731
 20.3224
 20.8806
 17.1172
 23.4094
 22.8035
 17.5784
 17.5784
 30.0167
 19.8242
 19.8242
 24.5764
 21.7256
 21
 14.0357
 24.2281
 14.4568
 19.0263
 15.1987
 27.6948
 14.8324
 18.3576
 22.561
 25.9422
 27.0924
 20
 23.5797
 27.6767
 21.1896
 18.9473
 22.1133
 24.7184
 24.7184
 19.7737
 19.7737
 19.799
 26.4008
 0
 0
 20.347
 20.347
 21.6795
 22.9129
 27.9464
 0
 0
 37.108
 29.7153
 16.8523
 20.4939
 20.4939
 27.5681
 27
 23.0868
 29.9165
 16
 21.4243
 20.8806
 26.4575
 29.1548
 11.7047
 22.0681
 24.8797
 24.0624
 27.6043
 12.0416
 0
 0
 24.6982
 21.6795
 18.2209
 19.5192
 19.5192
 0
 0
 30.0832
 29.95
 25.7488
 23.6643
 13.0384
 0
 0
 18.7617
 27.258
 22.7376
 24.0832
 24.0832
 24.0624
 28.8617
 22.6716
 23.5797
 0
 20.2978
 20.2978
 22.8473
 25.04
 25.04
 25.04
 20.9045
 27.6406
 22.561
 22.0227
 0
 28.7402
 28.3725
 23.4307
 29.6479
 25.02
 23.9583
 23.9583
 23.9583
 0
 22.1585
 27.4773
 21.1896
 21.4476
 22.6274
 14.1067
 29.189
 28.3196
 0
 0
 23.516
 18.9737
 27.5862
 20.664
 0
 29.0689
 21.9317
 22.0907
 26.6458
 0
 0
 26.5141
 25.3574
 25.8263
 24.8596
 21.4243
 14.7986
 19.2873
 21.4942
 20.8327
 17.0587
 17.0587
 28.8964
 19.105
 18.4391
 20.9284
 31.3528
 31.3528
 24.6171
 29.7153
 22.2711
 26.5895
 22.9347
 0
 29.1719
 24.3721
 23.4307
 26.0576
 27.7849
 22.2261
 29.1204
 24.5561
 24.5561
 23.3238
 21.9773
 28.3373
 25.1794
 25.1794
 24.7184
 29.5296
 29.5296
 29.5296
 29.5296
 0
 30.1828
 21
 28.688
 23.7487
 23.7487
 31.5278
 31.4484
 21
 27.2029
 27.2029
 0
 0
 25.9422
 19.8242
 26.7582
 20.347
 20.5426
 20.5426
 19.4679
 17.0587
 27.9464
 15.8745
 16.2173
 0
 22.561
 26.4953
 20
 18.412
 29.4279
 25.9037
 31.9218
 30.315
 0
 0
 26.533
 28.3196
 33.4365
 25.6515
 25.6515
 25.6515
 25
 17.3781
 21.7486
 21.7486
 21.4476
 25.2982
 18.7617
 18.7617
 18.7617
 0
 0
 0
 22
 26.4386
 26.4386
 26.4386
 26.4386
 28.9655
 25.0599
 26.9815
 23.9165
 15.6525
 0
 0
 32
 28.931
 27.2764
 27
 27
 0
 0
 27.1109
 19.0788
 24.0832
 24.0832
 24.0832
 0
 0
 19.3649
 22.3159
 22.5832
 20.4206
 0
 0
 0
 25.8263
 19.4422
 28.5132
 28.5132
 0
 0
 0
 24.5357
 20.9762
 23.8328
 29.9333
 0
 0
 0
 34.4384
 30.7409
 33.8969
 29.2062
 2.44949
 0
 0
 0
 0
 37.7492
 24.5561
 26.4386
 28.931
 0
 0
 0
 24.454
 30.4302
 20.8806
 21.0238
 0
 0
 0
 11.0905
 29.6985
 21.4476
 20.0499
 0
 0
 0
 20.8806
 24.3311
 19.5448
 28.8964
 0
 25.8844
 30.6431
 34.4674
 27.4591
 22.8473
 29.4958
 28.8964
 21.0238
 24.454
 19.799
 23.0868
 20.9045
 25.7876
 20.9045
 23.6854
 22.5832
 0
 0
 20.9284
 28.775
 23.3452
 25.4362
 6.32456
 0
 0
 36.2905
 30.7083
 34.6987
 24.4949
 8.66025
 27.037
 27.6225
 29.7153
 38.1445
 9.48683
 33.541
 25.2587
 29.6648
 29.6648
 10.3923
 0
 24
 20.2237
 20.9284
 20.9284
 0
 0
 0
 27.8029
 30.8221
 22.7816
 20.6398
 20.6398
 20.6398
 0
 0
 0
 0
 27.1846
 30.133
 20.1742
 35.6791
 10.3923
 0
 0
 24.1661
 30.8221
 21.7945
 31.0966
 13.8924
 0
 0
 20.347
 28
 28
 31.8748
 20.9762
 29.0689
 22.5832
 22.5832
 21.0476
 29.6142
 22.1811
 22.1811
 0
 0
 0
 35.6651
 33.3916
 35.2136
 21.8174
 31.3688
 31.4325
 25.593
 32.0156
 35.9305
 22.1359
 31.0966
 36.5103
 36.8511
 36.8511
 23.4947
 18.3303
 8.12404
 22.7596
 29.4958
 30.8058
 30.4959
 0
 0
 32.8177
 32.7719
 32.7719
 36.3043
 0
 34.6121
 24.1454
 32.0156
 19.9249
 19.9249
 0
 0
 0
 29.2404
 21.5174
 32.2645
 22.5389
 9.48683
 0
 26.6833
 21.7486
 33.5261
 33.5261
 33.5261
 0
 20.8806
 30.6594
 25.2982
 26.7955
 0
 0
 36.8511
 33.0757
 32.619
 24.0208
 28.4429
 29.5127
 30.8058
 35.0428
 0
 32.8329
 38.7814
 25.3574
 33.7343
 0
 29.6311
 25.219
 35.1852
 35.1852
 32.4808
 24.8797
 24.8797
 41.3884
 30.9677
 30.2655
 39.3446
 24.3311
 22.2935
 36.2629
 26.7208
 20.8087
 20.8087
 26.9629
 22.6716
 28.0535
 27
 27
 22.561
 18.7617
 29.4109
 32.28
 32.28
 21.3307
 30.2985
 36.4006
 28.8444
 33.7787
 34.3948
 32.0468
 27.4408
 35.7071
 27.5681
 28.3725
 28.3725
 29.4958
 31.1609
 27.7489
 27.7489
 20.2731
 27.0924
 26.096
 32.2645
 32.2645
 32.187
 41.9524
 37.7359
 29.8664
 25.318
 36.2905
 28.3196
 28.2666
 32.8938
 21.0238
 23.8747
 20.9045
 23.4307
 18.6011
 18.6011
 23.0651
 23.516
 26.8142
 29.1376
 29.1376
 33.1964
 30.4467
 34
 30.692
 38.7556
 38.1182
 38.5227
 30.7896
 28.775
 27.8029
 34.0734
 24.3721
 27.7849
 28
 28
 34.9428
 30.5778
 25.4362
 28.8097
 28.8097
 39.7744
 36.6742
 29.1719
 30.2985
 38.8072
 40.1871
 22.9565
 27.6767
 30.1662
 25.8457
 32.1714
 20.1742
 26.1343
 26.1343
 23.4521
 17.6918
 28.0891
 21.8403
 21.8403
 24.9199
 33.0303
 18.8944
 19.1311
 33.8674
 33.0303
 39.5095
 37.3898
 30.7409
 27.4955
 32.1714
 29.9165
 33.3766
 27.8209
 27.5862
 17.8326
 17.8326
 27.8568
 27.2029
 27.2029
 27.2029
 30.8707
 26.0192
 27.8388
 20.8806
 30.0832
 35.2704
 26.4575
 40.8167
 23.8118
 23.8118
 31.0644
 25.1992
 24.3105
 30.1662
 30.1662
 23.0434
 23.4307
 26.8142
 28.0535
 22.9565
 29.1204
 29.1204
 29.8496
 32.0156
 38.7943
 38.7943
 36.1939
 38.1838
 32.4962
 27
 32.7872
 28.5307
 27.0555
 27.0555
 27.0555
 22.1133
 27.6586
 28.688
 28.688
 28.688
 24.5153
 25.318
 27.5681
 30.692
 30.8221
 32.665
 38.9743
 27.8209
 26.9629
 29.6479
 25.593
 40.5093
 22.6274
 27.1109
 28.6705
 28.6531
 22.5832
 22.5832
 28.3196
 28.8791
 29.3428
 29.3939
 36.2767
 34.4384
 29.8496
 30.8221
 34.9285
 36.9053
 31.8434
 26.1916
 26.1916
 27.8568
 27.8568
 27.8568
 22.8035
 22.8035
 22.8035
 40.2244
 26.6083
 30.0666
 0
 26.4386
 33.0606
 21.7486
 25.7294
 23.4307
 23.4307
 21.4476
 29.0517
 29.0517
 28.4956
 28.4956
 28.688
 30.133
 30.8545
 30.8545
 30.1496
 36.3043
 36.3043
 28.4077
 22.9129
 22.9129
 31.289
 21.6795
 21.6795
 27.8388
 27.8388
 19.2614
 19.2614
 38.1576
 30.7409
 28.7228
 29.8664
 29.4618
 37.054
 22.6495
 27.7128
 27.7128
 27.8209
 21.7486
 21.7486
 27.4408
 26.2869
 26.2869
 29.1719
 29.5635
 29.5635
 35.0286
 35.4119
 35.4119
 26.0768
 26.0768
 30.7083
 22.5167
 30.4631
 30.4631
 29.95
 19.105
 19.105
 34.0881
 29.3598
 29.3598
 25.7876
 29.6479
 38.7556
 25.807
 20.9045
 29.8831
 29.9666
 29.9666
 21.8861
 28.6531
 28.6531
 21.7945
 21.7945
 26.7208
 26.7208
 28.0713
 29.189
 29.9666
 29.9666
 30.7246
 27.4773
 27.4773
 27.4773
 33.0454
 33.0454
 33.0454
 28.775
 23.6643
 22.9129
 26.1534
 41.5572
 41.5572
 41.5572
 31.0644
 21.7945
 35.7351
 28.0535
 20.9045
 25.2785
 25.2785
 26.3818
 26.3818
 24.5357
 28.6705
 21.3542
 19.5959
 26.1343
 26.1343
 27.5862
 29.5296
 29.5296
 17.8045
 17.8045
 26.533
 26.533
 30.4138
 26.1151
 26.1151
 26.1151
 28.8271
 27.258
 29.1033
 29.1033
 22.2036
 24.3105
 25.5539
 25.5539
 28.3725
 23.388
 29.2233
 29.1548
 29.1548
 29.1548
 29.5635
 29.5635
 21.7486
 36.606
 21.2132
 21.2132
 33.7639
 19.0788
 19.0788
 0
 32.0312
 24.454
 24.454
 0
 0
 29.9666
 26.5895
 26.5895
 19.5448
 35.5106
 35.5106
 21.8174
 21.8174
 21.8174
 24.8596
 23.7276
 17.1756
 52
 21
 21
 26.533
 24.3926
 19.7231
 27.8029
 29.4279
 36.8646
 36.8646
 53.8888
 53.8888
 27.2764
 36.524
 36.524
 36.524
 34.7419
 30.3315
 30.3315
 30.3315
 30.3315
 30.3315
 30.3315
 26.6458
 35.8469
 35.8469
 27.2029
 27.2029
 27.2029
 26.7955
 21.7256
 21.7256
 20.1494
 29.6142
 29.6142
 26.0576
 21.7945
 21.7945
 21.7945
 21.4709
 21.4709
 21.4709
 25.4165
 25.4165
 24.98
 24.1661
 24.1661
 24.1661
 24.1661
 24.1661
 39.7869
 26.4008
 21.9545
 25.7099
 31.9687
 31.9687
 31.9687
 31.9687
 31.9687
 19.6214
 19.6214
 23.7065
 18.1108
 24.0832
 24.0832
 24.0832
 26.7208
 26.7208
 26.7208
 26.7208
 0
 28
 28
 28
 32.2955
 32.2955
 32.2955
 22.0907
 22.0907
 22.0907
 21.7256
 17.5784
 17.5784
 18.412
 24.1247
 24.1247
 24.1247
 37.6962
 37.6962
 37.6962
 37.6962
 37.6962
 23.3452
 30.6757
 30.6757
 30.6757
 30.6757
 30.6757
 30.6757
 30.6757
 30.6757
 30.6757
 22.6053
 25.2785
 25.2785
 25.2785
 25.2785
 16.0312
 15.6205
 15.6205
 0
 0
 24.4336
 24.4336
 24.4336
 24.4336
 33.8821
 33.8821
 17.2627
 17.2627
 17.2627
 17.2627
 14.9332
 22.6716
 22.6716
 22.6716
 22.6716
 22.6716
 19.975
 29.1548
 29.1548
 29.1548
 23.7065
 23.7065
 23.7065
