 333.747
 0
 16.4924
 4.3589
 7.07107
 49.3153
 42.7902
 37.1618
 28.8791
 28.8791
 13.0384
 21.6102
 13.2288
 30.348
 31.0322
 23.2809
 29.5466
 3.4641
 33.4216
 17.9165
 14.6969
 6.9282
 18.2209
 18.2209
 11.6189
 13
 13
 9.16515
 19.7737
 9
 25.2587
 3.4641
 20.8806
 28.8617
 10.5357
 19.799
 20.8567
 12.083
 14.3178
 15.1658
 21.9317
 35.7351
 20.6398
 19.7737
 23.8956
 29.189
 24.3516
 32.7872
 32.7872
 31.5595
 31.5595
 17.4642
 25.807
 0
 0
 13.1149
 13.1149
 20.9045
 23.3452
 15.9374
 0
 0
 7.28011
 8.60233
 26.0576
 22.1811
 7.74597
 24.1039
 18.6011
 18.3303
 11.4018
 9.64365
 21.8861
 14
 7.74597
 16.6733
 11.0454
 31.8434
 26.4386
 1.73205
 2.44949
 8.60233
 0
 49.558
 22.2935
 34.6554
 15.4272
 9.64365
 8.83176
 0
 40.6694
 22.2261
 33.9411
 14
 14
 7.34847
 0
 33.1059
 34.1321
 17.5214
 20.6155
 33.1813
 33.1813
 31.1769
 23.8118
 32.9545
 24.5357
 24.5357
 28.775
 28.775
 29.9333
 29.5635
 29.5635
 0
 22
 37.4967
 13.8924
 30.6431
 30.6431
 9.69536
 12
 22.1585
 8
 20.664
 17.3494
 17.3494
 17.3494
 17.3494
 29.9165
 10.6771
 14.2478
 19.1311
 31.0805
 33.8969
 20.6155
 1.41421
 0
 0
 28.0179
 17.4069
 27.6406
 14.7986
 14.7986
 22.8035
 14.5258
 35.8469
 8.66025
 0
 0
 20.6155
 18.412
 22.8035
 35.2987
 31.4643
 35.2704
 31.0483
 40.5463
 30.6431
 30.7734
 30.7734
 28.3373
 36.1386
 24.3311
 37.7094
 24.4949
 0
 22.1133
 11.4018
 35.327
 20.4939
 30.4467
 0
 17.088
 27.7489
 26.6458
 27.4408
 12.1655
 32.2645
 10.9087
 14.8661
 14.8661
 25.7294
 29.8998
 8.66025
 19.9249
 19.9249
 33.2566
 19.2094
 19.2094
 19.2094
 0
 0
 23.3452
 21.7486
 23.9165
 13.8924
 0
 16.2788
 24.4745
 37.3497
 16.5529
 0
 0
 0
 24.8998
 33.0151
 31.1127
 29.1376
 26.3249
 0
 30.8221
 32.0156
 37.921
 32.187
 27.4226
 0
 34.5977
 32.3265
 34.2345
 21.7025
 24.3105
 22.5832
 28.4429
 13.0384
 0
 0
 22.6274
 22.2935
 15.6205
 31.6702
 31.6702
 31.6702
 19.2094
 40.0874
 39.2683
 39.2683
 34.3657
 13.1909
 37.4032
 37.4032
 37.4032
 37.4032
 0
 0
 35.7911
 20
 20
 20
 20
 26.0768
 16.2173
 22.6274
 21.7256
 23.4307
 0
 0
 18.7083
 20.6398
 20.3961
 25.7294
 25.7294
 0
 0
 25.0599
 35.623
 41.5211
 41.5211
 41.5211
 0
 0
 36.4966
 43.7607
 36.6333
 33.5857
 33.5857
 0
 0
 43.1161
 39.0512
 34.4819
 34.4819
 0
 0
 0
 36.1801
 37.2961
 20.9284
 26.4953
 0
 0
 0
 25.3377
 17.4069
 24.4745
 22.5389
 22.5389
 0
 0
 0
 0
 7.81025
 31.8748
 29.8161
 28.3019
 0
 0
 0
 36.9459
 12.9615
 38.2753
 39.1152
 0
 0
 0
 29.95
 32.3574
 40
 36.606
 0
 0
 0
 40.8289
 20.9045
 31.257
 35.3977
 0
 27
 17.7764
 23.3024
 25.3377
 34.7275
 29.4958
 28.8617
 36.6879
 36.7967
 37.7492
 45.607
 36.5103
 37.6829
 43.3935
 42.0238
 33.121
 0
 0
 39.4208
 33.5559
 23.6854
 48.2804
 33.3017
 0
 0
 23.1084
 25.2389
 17.5214
 47.6445
 34.9428
 25.1794
 27.8029
 22.1585
 28.7924
 42.6028
 28.3019
 35.0571
 13.1529
 13.1529
 38.2361
 0
 40.8412
 38.2623
 42.6615
 42.6615
 42.6615
 0
 0
 19.1833
 35.9444
 24.4745
 40.4722
 40.4722
 0
 0
 0
 0
 0
 25.2587
 22.5832
 42.5676
 22.9129
 32.6037
 0
 0
 37.1349
 22.6936
 43.1972
 22.1811
 28.2489
 0
 0
 42.3556
 32.28
 32.28
 26.1725
 45.6508
 39.3573
 44.317
 44.317
 45.9891
 39.2301
 48.949
 48.949
 0
 0
 0
 23.3666
 20.9523
 14.7986
 51.8073
 25.0599
 23.4947
 50.6063
 20.8087
 11.5758
 40.1373
 15.9374
 32.3265
 24.4745
 24.4745
 47.3075
 38.3014
 8.18535
 26.4008
 22.6936
 16.2173
 38.5097
 0
 0
 20.1494
 22.5832
 22.5832
 24.0832
 24.0832
 21.6795
 37.3229
 26.4197
 39.7115
 0
 0
 0
 0
 26.0768
 40.1622
 21.9317
 36.6879
 6.9282
 6.9282
 36.9324
 45.2106
 27.8747
 27.8747
 27.8747
 27.8747
 49.7494
 41.2674
 44.8776
 28.7576
 28.7576
 0
 26.4575
 19.5959
 24.9399
 57.4891
 53.6563
 26.8887
 26.533
 20.8567
 20.8567
 13.1909
 36.9459
 37.3765
 13.9642
 0
 11.3578
 53.3198
 37.3363
 37.3363
 15.6844
 48.9081
 48.9081
 29.9333
 23.5372
 22.6053
 26.096
 43.4971
 43.1509
 20.8806
 35.3977
 38.0657
 38.0657
 29.5635
 43.7493
 42.8719
 46.3141
 46.3141
 47.5079
 54.3323
 42
 29.5973
 29.5973
 45.3652
 33.0757
 19.9249
 35.1426
 27.2213
 25.3377
 22.3159
 45.9239
 22.6053
 51.342
 31.9844
 31.9844
 19.2354
 46.2493
 51.7107
 51.7107
 40.025
 49.0816
 24.0624
 42.0476
 42.0476
 22.6053
 31.496
 29.8664
 23.4734
 36.4829
 24.3311
 34.8138
 31.4484
 16.6733
 40.4228
 44.6654
 44.4522
 50.705
 43.6578
 43.6578
 51.7301
 50.2295
 26.9444
 45.9021
 45.9021
 26.9444
 27.4044
 18.3848
 39.8497
 23.3666
 23.6432
 16
 32.9242
 35.171
 23.5797
 14.8661
 52.5262
 54.4334
 57.1227
 57.1227
 9.69536
 50.9411
 49.548
 18.2483
 18.2483
 34.176
 43.9886
 26.2107
 21.9773
 24.2487
 31.9061
 40.3856
 31.4325
 22.7596
 42.5911
 28.7054
 48.8979
 47.4025
 47.4025
 50.0899
 43.4166
 44.8776
 53.0377
 53.0377
 27.4044
 36.318
 43.3359
 47.5815
 27.2397
 27
 23.1733
 22.8473
 23.1733
 29.7321
 30.8221
 20.6155
 17.088
 59.0678
 48.4458
 30.8545
 30.8545
 53.4509
 38.3927
 38.3927
 38.3927
 22.9783
 26.6083
 45.111
 56.3826
 30.348
 40.025
 32.311
 28.8617
 44.5197
 44.5197
 28.688
 40.9145
 53.4135
 31.289
 31.289
 49.7393
 55.1815
 26.1151
 45.1885
 35
 43.1625
 43.1625
 24.1039
 29.9165
 20.1742
 20.1742
 16.7332
 23.9583
 19.8494
 29.5127
 17.9165
 35.171
 53.7494
 53.7494
 53.7494
 23.7276
 21.4709
 54.461
 54.461
 54.461
 38.1838
 50.8035
 25.5343
 19.4165
 41.2553
 28.8791
 27.258
 27.7849
 36.5924
 30.545
 38.6264
 27.5318
 51.8459
 50.5272
 35.609
 37.7624
 53.1225
 53.1225
 49.7695
 29.5127
 47.9896
 22.9129
 29.8998
 22.6936
 25.0599
 31.6228
 21.095
 14.1421
 17.5784
 50.1896
 50.1896
 55.5878
 55.5878
 55.5878
 49.7393
 49.7393
 49.7393
 31.4643
 27.037
 33.6898
 0
 33.5708
 28.6531
 44.2606
 42.4028
 46.8295
 46.8295
 57.1402
 51.8941
 51.8941
 33.8083
 33.8083
 49.97
 21.8632
 39.5854
 39.5854
 27.4226
 23.6854
 23.6854
 41.4608
 27.258
 27.258
 58.8643
 37.4833
 37.4833
 52.5738
 52.5738
 39.3065
 0
 37.7757
 30.315
 24.7386
 41.6173
 32.7261
 25.9422
 45.9783
 36.318
 36.318
 56.4358
 52.1536
 52.1536
 49.5379
 39.2938
 39.2938
 42.19
 28.0179
 28.0179
 32.9545
 21.7486
 21.7486
 36.3318
 36.3318
 23.1084
 31.1609
 56.4978
 56.4978
 58.6771
 40.7063
 40.7063
 48.4768
 26.9258
 26.9258
 27.8568
 39.6611
 32.2335
 37.921
 59.7495
 37.3229
 56.4712
 56.4712
 57.7668
 58.0689
 58.0689
 53.8331
 53.8331
 49.0102
 49.0102
 39.1791
 42.0476
 23.9165
 23.9165
 31.3847
 24.2074
 24.2074
 24.2074
 39.5727
 39.5727
 39.5727
 61.9677
 29.1548
 30.0167
 54.0463
 42.7785
 42.7785
 42.7785
 36.6333
 30.8058
 42.6615
 39.9625
 58.5747
 33.4365
 0
 47.8017
 47.8017
 59.1608
 57.4108
 37.5366
 56.2317
 54.111
 54.111
 35.426
 43.6348
 43.6348
 37.7624
 37.7624
 28.6356
 28.6356
 40.8779
 25.5147
 25.5147
 25.5147
 25.5147
 29.9333
 29.9333
 29.9333
 29.3428
 53.479
 30.545
 30.545
 29.5127
 33.1059
 39.7492
 47.8539
 47.8539
 47.8539
 59.808
 59.808
 55.3895
 64.8999
 40.0999
 40.0999
 51.225
 43.5431
 43.5431
 0
 27.4773
 34.9285
 34.9285
 0
 0
 22.2486
 33.1964
 33.1964
 31.9687
 31.9687
 31.9687
 31.9687
 31.9687
 31.9687
 31.9687
 27.074
 46.1194
 46.465
 35.0428
 35.0428
 64.1171
 35
 34.8425
 62.2977
 42.4264
 18.9473
 18.9473
 57.9051
 57.9051
 63.4508
 31.5753
 31.5753
 0
 0
 15.5242
 15.5242
 0
 0
 0
 0
 20.9523
 20.9523
 20.9523
 40.0999
 40.0999
 40.0999
 24.3105
 24.3105
 24.3105
 51.4393
 20.9284
 20.9284
 60.291
 39.5221
 39.5221
 39.5221
 61.4573
 61.4573
 61.4573
 62.442
 62.442
 52.3068
 31.8904
 31.8904
 31.8904
 31.8904
 31.8904
 45.1331
 23.622
 22.8254
 56.6657
 16.5227
 16.5227
 0
 0
 0
 0
 0
 35.9861
 67.2012
 60
 60
 60
 53.2447
 53.2447
 53.2447
 53.2447
 53.2447
 51.9904
 51.9904
 51.9904
 35.1994
 35.1994
 0
 8.94427
 8.94427
 0
 45.111
 45.6837
 0
 35.2704
 29.7321
 0
 0
 0
 0
 0
 0
 0
 48.0104
 62
 62
 62
 62
 62
 62
 62
 62
 62
 20.9762
 33.8378
 0
 0
 0
 49.7996
 49.7996
 0
 0
 0
 0
 0
 0
 0
 6.9282
 0
 20.7605
 20.7605
 20.7605
 20.7605
 26.8514
 13.6748
 13.6748
 0
 0
 0
 17.2916
 42.9069
 42.9069
 42.9069
 52.3163
 52.3163
 52.3163
