 33.0303
 30.2655
 21.166
 15.6205
 20
 18.6548
 18.3303
 13
 16.2173
 16.2173
 17.3494
 22.891
 27.1477
 14.7648
 13.2288
 13.5647
 13.0384
 17.4642
 15.3948
 11.7898
 16.7631
 20.0499
 11
 11
 25.5539
 16.4621
 16.4621
 20.9045
 17.3205
 17.2337
 7.4162
 21.166
 8.66025
 12.8062
 12.8452
 22.2036
 10.0995
 14.7309
 17.5784
 22.2261
 21.6564
 14.1421
 15.9374
 22.6716
 16.7332
 12.1655
 14.3875
 16.3707
 16.3707
 13.8564
 13.8564
 15.9374
 19.5192
 0
 0
 15.906
 15.906
 14.7309
 17.2047
 24.4949
 0
 0
 29.9333
 24.2487
 11.0454
 15.6205
 15.1658
 19.7737
 20.9762
 16.7033
 23.8537
 12.9228
 14
 15.906
 22.891
 22.2711
 9.27362
 14.2829
 17.8606
 20.445
 24.2281
 9
 0
 0
 18.4662
 13.8564
 13.8924
 18.5203
 8.30662
 0
 0
 23.8328
 22.1811
 19.4936
 20.2978
 8.88819
 0
 0
 11.5326
 21.4009
 17.5784
 16.3095
 16.3095
 16.2788
 23.3666
 15.6844
 16.5831
 16.5831
 13.1529
 13.1529
 15.8114
 17.7764
 17.7764
 0
 15.906
 20.0499
 19.5704
 14.1067
 14.1067
 24.4336
 23.2594
 16.7033
 26.1916
 18.2483
 18.3576
 18.3576
 18.3576
 18.3576
 15.5242
 24.3516
 17.6068
 17.088
 15.5242
 7.4162
 22
 26.3249
 0
 0
 17.2047
 12.8062
 20.445
 15.748
 0
 23.7487
 16.5227
 13.6748
 21.3073
 0
 0
 20.6398
 19.3907
 19.3649
 16.6433
 13.6382
 7.81025
 13.5277
 14.7648
 13.3791
 9.32738
 9.32738
 22.4054
 11.3137
 10.3923
 13
 25.0599
 0
 17.9165
 25.9037
 14.7309
 21.0238
 16.7332
 16.7332
 22.5832
 17.3781
 17.8606
 20.3224
 23.388
 14
 26.9629
 21.6795
 21.6795
 19.0263
 14.2829
 23.1733
 18.3576
 18.3576
 15.9687
 23.8537
 23.8537
 23.8537
 23.8537
 0
 24.3311
 15.3623
 21.7945
 19.8242
 19.8242
 24.4949
 24.1454
 12.083
 21.1424
 21.1424
 0
 0
 20.5183
 10.8628
 18.4662
 13.0384
 15.906
 15.906
 10.9545
 8.83176
 19.0788
 8.7178
 11.4891
 0
 14.5258
 19.6214
 11.225
 9.8995
 22.6053
 21.7025
 26.2679
 23.8956
 0
 0
 21.7256
 21
 26.6833
 19.6469
 19.6469
 19.6469
 22.1359
 8.7178
 14.7648
 14.7648
 13.1529
 22.1585
 9.38083
 9.38083
 9.38083
 9.38083
 0
 0
 13.3041
 20.199
 20.199
 20.199
 20.199
 22.2711
 21.4942
 21.9773
 16.7033
 12.8841
 0
 0
 25.0799
 22.8473
 23.3666
 22.2486
 22.2486
 0
 0
 21
 11.6619
 16.8226
 16.8226
 16.8226
 0
 0
 9.53939
 13.0384
 14.8324
 10.9545
 10.9545
 0
 0
 15.9687
 9.53939
 19.799
 19.799
 0
 0
 0
 17.1464
 12.3693
 20.2485
 23.4094
 0
 0
 0
 29.2062
 27.4591
 27.4591
 25.318
 5
 5
 0
 0
 0
 34.6266
 17.8045
 18.412
 22.8035
 0
 0
 0
 15.6525
 27.8388
 13
 13.0384
 0
 0
 0
 7.14143
 19.0788
 13.6748
 12.3288
 0
 0
 0
 13.1149
 21.1424
 13.5277
 19.8746
 0
 21.8174
 26.9444
 28.4781
 24.1661
 15.5242
 25.2982
 24.1039
 14.6969
 14
 10.4403
 16.6733
 13.8924
 17.4642
 13.0767
 14.2478
 15.5563
 0
 0
 13.6015
 21.5639
 16.3707
 16.6733
 1.41421
 0
 0
 30.692
 26.7582
 27.6225
 16.6733
 1.41421
 22.1811
 20.4939
 25.8263
 33.5261
 1.73205
 27.6948
 16.2788
 26.4197
 26.4197
 2.44949
 0
 14.8661
 12.6095
 13.0384
 13.0384
 13.0384
 0
 0
 23.0868
 22.1359
 17.2916
 12.3693
 12.3693
 0
 0
 0
 0
 0
 23.7276
 25.5734
 13.2288
 28.9482
 3.31662
 0
 0
 17.8045
 25.5147
 14.4222
 27.2029
 6.9282
 0
 0
 12.2882
 20.4695
 20.4695
 27.2029
 11.3137
 20.6155
 15.906
 15.906
 11.6189
 19.4679
 14.3527
 14.3527
 0
 0
 0
 30.7083
 28.7924
 29.1376
 13.0384
 24.9199
 26.8142
 15.6844
 28.4077
 32.4346
 14.0712
 27.1846
 30.249
 31.1288
 31.1288
 14.8661
 10.5357
 11.7047
 18.2757
 24.1661
 27.4591
 21.3073
 0
 0
 28.3549
 28.3549
 28.3549
 29.6648
 0
 26.7955
 16.5831
 26.4386
 12.2882
 0
 0
 0
 0
 19.8494
 14
 28.6705
 14.0357
 12.2474
 0
 18.6279
 13.0384
 28.4429
 28.4429
 28.4429
 0
 13
 21.8861
 18.412
 19.4679
 19.4679
 0
 31.305
 27.4773
 27.6406
 15.1658
 18.9473
 23.7276
 24.1039
 30.7246
 30.7246
 29.7489
 34.0147
 16.3707
 29.6985
 0
 27.2029
 17.0294
 28.2666
 28.2666
 28.6182
 16
 16
 34.2929
 27.2397
 26.0192
 32.0156
 14.0357
 12.53
 28.8964
 21.6564
 12.2066
 12.2066
 19.8242
 13.0767
 18.5742
 16.3401
 16.3401
 13.8564
 10.4881
 18.3303
 28.3549
 28.3549
 12.8062
 23.6854
 30.8383
 23.388
 28
 27.5862
 29.1204
 18.6279
 31.4325
 18.9209
 19.1311
 19.1311
 26
 23.388
 17.3494
 17.3494
 13.1149
 15.1327
 23.0217
 25.9037
 25.9037
 27.1846
 37.0135
 30.7571
 25.593
 18.412
 31.0644
 19.6977
 23.7487
 29.5296
 12.4499
 15.906
 12.1244
 13
 11.7473
 11.7473
 15.1987
 13.1149
 19.975
 18.2483
 18.2483
 27.6225
 28.0713
 29.1376
 22.7376
 32.2955
 31.8748
 34.7419
 27.258
 19.6977
 23.1084
 29.7153
 16.6132
 17.4069
 20.0749
 20.0749
 32.4654
 22.2486
 15.8745
 26.7769
 26.7769
 32.0312
 28.9137
 25.2982
 28.2489
 32.7872
 35.7071
 14.1421
 24.454
 24.1454
 18.0831
 27.6767
 12.3693
 16.3401
 16.3401
 12.2882
 10.8628
 19.8242
 13.3041
 13.3041
 19.1311
 25.2785
 9.27362
 10.5357
 29.9833
 28.775
 34.5688
 31.0966
 28.2843
 20.9045
 28.7576
 26.9444
 31.5119
 19.2873
 20.6882
 12.6095
 12.6095
 19.1572
 18.2483
 18.2483
 18.2483
 27.4591
 23.2164
 19.5192
 11.4455
 25.02
 29.0517
 23.4094
 35.0286
 14.5258
 14.5258
 25.1992
 19.0788
 13.0384
 24.5967
 24.5967
 15.3948
 12.2066
 20.3224
 19.105
 17.8606
 20.3715
 20.3715
 26.4008
 25.7876
 34.2053
 34.2053
 35.5528
 33.0303
 28.5657
 23.9374
 29.3598
 21.6102
 16.4621
 16.4621
 16.4621
 19.5192
 22.9347
 20.0499
 20.0499
 20.0499
 18.6279
 16.6733
 24.8395
 29.7321
 25.3969
 28.3019
 33.2566
 24.2074
 19.6977
 23.3666
 19.0263
 31.9374
 13.8924
 16.7033
 20.0749
 20.8327
 13
 13
 20.4206
 24.5561
 20.5426
 25.5734
 29.6479
 29.2233
 28.8617
 24.7184
 30.5287
 36.4829
 28.3019
 16.6733
 16.6733
 20
 20
 20
 14.8997
 14.8997
 14.8997
 31.3847
 23.4521
 25.2982
 0
 21.7025
 27.0555
 14.4222
 18.1108
 13
 13
 12.8841
 21.2603
 21.2603
 23.4734
 23.4734
 20.347
 27.8568
 22.7816
 22.7816
 25.8263
 30.7083
 30.7083
 22.4054
 20.2731
 20.2731
 20.0499
 13.9642
 13.9642
 18.2757
 18.2757
 13.4536
 13.4536
 31.4643
 27.2213
 26.533
 23.7697
 25.318
 31.6386
 14.7648
 22.6936
 22.6936
 19.975
 13.9284
 13.9284
 18.1384
 20.9045
 20.9045
 21.5639
 25
 25
 28.2135
 31.0644
 31.0644
 20.2978
 20.2978
 28.6705
 17.2337
 21.7025
 21.7025
 20.3961
 13.0384
 13.0384
 24.4745
 26.096
 26.096
 23.1084
 23.4094
 33.121
 20.3224
 10.583
 22
 22.4944
 22.4944
 14
 19.9499
 19.9499
 14.3178
 14.3178
 16.7332
 16.7332
 22.2486
 21.4709
 28.5657
 28.5657
 26.5707
 25.5539
 25.5539
 25.5539
 25.5147
 25.5147
 25.5147
 20.1246
 19.4936
 21.1187
 17.4642
 33.5708
 33.5708
 18.2483
 26.3629
 20.2978
 30.249
 21.7945
 12.2882
 23.388
 0
 20.199
 20.199
 15.8114
 18.3303
 15.3297
 10.5357
 16.5831
 16.5831
 22.7376
 22.8035
 22.8035
 14.7648
 14.7648
 25.9422
 25.9422
 25.3772
 23.4307
 23.4307
 23.4307
 20.9762
 22.6495
 19.7737
 19.7737
 20.1246
 14.7648
 23.3024
 23.3024
 23.622
 22.2261
 22.6495
 25.3377
 25.3377
 25.3377
 21.8632
 21.8632
 14
 28.775
 16.6433
 16.6433
 26.0192
 12.2066
 12.2066
 0
 30.282
 18.6279
 18.6279
 18.6279
 18.6279
 28.8791
 24.454
 24.454
 18.2483
 29.2062
 29.2062
 14.9332
 14.9332
 14.9332
 15.6525
 23.388
 17.7764
 45
 17.3494
 17.3494
 19.7484
 20.3715
 17.6352
 21.9317
 24.8596
 33.2415
 33.2415
 46.4112
 46.4112
 19.2614
 33.4066
 33.4066
 0
 27.7669
 29.6985
 29.6985
 0
 0
 0
 0
 24.1247
 32.2335
 32.2335
 20.199
 20.199
 20.199
 25.02
 14.7309
 14.7309
 13.1529
 28.6531
 28.6531
 20.8806
 16.1864
 16.1864
 16.1864
 14.8324
 14.8324
 14.8324
 20.6398
 20.6398
 19.4679
 22.6274
 22.6274
 22.6274
 22.6274
 22.6274
 35
 24.1454
 17.8326
 22.7816
 28.3725
 28.3725
 28.3725
 28.3725
 28.3725
 16.0312
 16.0312
 21.0476
 16.3401
 18.1659
 18.1659
 18.1659
 25.219
 25.219
 25.219
 25.219
 0
 23.6008
 23.6008
 23.6008
 27.6043
 27.6043
 27.6043
 18.2757
 18.2757
 18.2757
 19.5448
 14.3178
 14.3178
 19.3649
 22.6274
 22.6274
 22.6274
 33.7639
 33.7639
 33.7639
 33.7639
 33.7639
 17.5499
 23.8747
 23.8747
 23.8747
 23.8747
 23.8747
 23.8747
 23.8747
 23.8747
 23.8747
 22.0227
 24.0208
 24.0208
 24.0208
 24.0208
 11.1803
 19.105
 19.105
 0
 0
 20.025
 20.025
 20.025
 20.025
 33.9117
 33.9117
 16.5831
 16.5831
 16.5831
 16.5831
 17.6918
 25.7488
 25.7488
 25.7488
 25.7488
 25.7488
 20.025
 27.2213
 27.2213
 27.2213
 19.2614
 19.2614
 19.2614
