 30.0998
 0
 24.5967
 18.7883
 19.2354
 16.4924
 16.4924
 11.6189
 21.9545
 21.166
 17.9444
 30.7896
 25.318
 12.8452
 8.83176
 4.24264
 30.8221
 13.7113
 30.5778
 17.8606
 14.9332
 21.1424
 25.5147
 18.1108
 24.3516
 22.5389
 27.4226
 19.5192
 4.3589
 17.5214
 21.4709
 16.3707
 10.3441
 23.5372
 11.7898
 28.931
 13.4907
 22.6716
 19.3132
 18.6011
 20.199
 6
 21.7025
 23.8328
 23.8328
 30.249
 27.9464
 22.5832
 6.32456
 26.0768
 13.5277
 10.6771
 16.1245
 0
 0
 16
 6.9282
 27
 19.799
 21.2603
 0
 0
 17.2337
 23.1084
 13.8924
 28.2843
 28.2843
 23.6432
 29.5466
 24.7184
 21.5639
 9.53939
 26.9444
 13.2288
 17.4356
 29.9833
 8.24621
 21.8174
 27.1477
 14.5258
 23.3452
 7.34847
 0
 0
 26.4197
 35.6371
 14.1067
 17.3205
 17.3205
 0
 0
 22.4277
 34.1174
 23.8537
 24.6577
 7.34847
 0
 0
 8.66025
 22.3383
 23.5797
 23.0651
 6.48074
 29.95
 23.6643
 6.7082
 34.9142
 34.9142
 25.632
 6
 29.5296
 24.1247
 24.1247
 0
 16.1864
 29.3769
 18.4391
 26.533
 26.533
 23.8747
 16.1245
 27.074
 20.9762
 29.1719
 12.9228
 23.9165
 24.454
 24.454
 28.8617
 22.1359
 14.3527
 23.6008
 27.074
 9.64365
 33
 17.3205
 0
 0
 37
 11.5758
 28
 15.6205
 0
 27.6586
 18.6279
 26.9629
 19.5192
 0
 0
 29
 27.2764
 20.8567
 28.3373
 33.0606
 11.5326
 36.1801
 27.5862
 28.931
 30.4959
 2.44949
 25.2785
 30.3809
 11.0905
 32.7109
 25.6905
 0
 28.3901
 25.9037
 19.5448
 31.8434
 24.8596
 24.8596
 29.4109
 24.5357
 21.0476
 4.24264
 15.6525
 30.7083
 23.2164
 20
 9.27362
 4.3589
 27.0185
 13.7113
 16.6132
 17.1172
 28.8617
 24.4949
 8
 10.9545
 10.9545
 0
 25.318
 17.8326
 37.8021
 18.6011
 18.6011
 25.593
 21.7256
 40.9634
 25
 25
 0
 0
 37.4166
 13.7113
 39.0512
 33.8821
 33.8821
 25.5734
 30.4631
 34.9571
 31.4006
 6.08276
 6.08276
 0
 29.6816
 26.5518
 32.5576
 10.583
 28.5657
 32.0624
 28.8964
 20.567
 0
 0
 24.8797
 24.6982
 27.9821
 21.5174
 21.5174
 34.7994
 22.561
 29.6648
 12.9615
 12.9615
 27.9643
 19.5704
 16.4621
 7.74597
 0
 0
 0
 0
 28.1069
 18.4932
 4.24264
 7.74597
 6.7082
 28.7054
 17.6068
 27.037
 10.5357
 9.27362
 0
 0
 22.1133
 26.4764
 30.6105
 39.0768
 39.0768
 0
 0
 34.9714
 34.9571
 41.9643
 14.8324
 14.8324
 0
 0
 0
 40.0125
 6
 33.121
 33.121
 0
 0
 33.4365
 39.9875
 31.4325
 6.7082
 0
 0
 0
 28.3019
 34.1028
 18.5472
 28.4781
 0
 0
 0
 26.4386
 25.5539
 25.318
 22.1585
 22.1585
 22.1585
 0
 0
 0
 32.3574
 35.7631
 21.5174
 22.8035
 0
 0
 0
 33.6898
 23.4521
 11.225
 18.3303
 0
 0
 0
 6.08276
 33.2866
 6.08276
 5
 0
 0
 0
 7.81025
 17.9165
 10.4403
 29.95
 0
 30
 31.1288
 22.7596
 20.2978
 18.6548
 26.5895
 32.6956
 34.7851
 36.3043
 28.6356
 41.509
 3.16228
 32.7567
 39.2173
 36.8239
 2.23607
 0
 0
 31.4325
 30.692
 12.3288
 30.8545
 7.74597
 0
 0
 27.7308
 26.3249
 26.5141
 27.7128
 6.9282
 33.1059
 33.1361
 21.4243
 28.5132
 11.3578
 23.0868
 35.2278
 17.3781
 28.3725
 8.66025
 0
 31.3528
 6.32456
 12.083
 6.9282
 6.9282
 0
 0
 17.1172
 33.2566
 4.47214
 4.58258
 11.5326
 11.5326
 0
 0
 0
 0
 32.2335
 23.3452
 10.5357
 26.096
 6.9282
 0
 0
 37.4967
 20.1742
 34.9285
 23.6008
 23.6008
 0
 0
 32.0624
 36.9053
 4.89898
 28.3373
 35.7911
 32.3419
 42.4853
 3.31662
 30.3645
 32.0312
 39.1024
 12.8452
 0
 0
 0
 27.6948
 24.1454
 18.6011
 35.2278
 35.171
 33.3167
 32.619
 23.1517
 27.8568
 35.3977
 17.8606
 27.1293
 23.6643
 6.08276
 34.5688
 3.4641
 15.5563
 5.19615
 19.9499
 15.5563
 35.2704
 0
 0
 24.3105
 40.0999
 6.08276
 31.3369
 0
 19.105
 38.1314
 33.3916
 9.48683
 9.48683
 0
 0
 0
 7.74597
 38.5616
 20.3224
 38.092
 38.092
 0
 36.2905
 35.5809
 33.2415
 2.44949
 2.44949
 0
 36.0555
 32.2025
 43.7836
 8.7178
 8.7178
 0
 27.6586
 14.7986
 34.0734
 34.7419
 37.1618
 33.7491
 34.4238
 25.5343
 25.5343
 29.4788
 32.7109
 38.5876
 18.0831
 0
 6.9282
 35.7491
 30.7246
 5.74456
 12.8841
 34.2199
 2.44949
 28.3373
 28.7228
 20.2731
 27.1477
 20.8327
 34.5543
 20.8567
 35.1141
 8.88819
 6.9282
 8.60233
 41.3038
 38.4708
 36.2491
 4.47214
 36.6879
 17.0587
 33.8526
 29.3598
 7.48331
 39.6106
 27.9464
 17.8885
 29.0517
 36.9459
 38.0526
 29.4958
 37.6962
 27.2397
 37.7492
 38.2884
 24.0624
 18.412
 33.0303
 33.7935
 8.06226
 7.68115
 34.2053
 7.87401
 30.7409
 9.53939
 17.3494
 30.8058
 29.189
 21.3073
 34.5832
 21.1896
 21.1424
 27
 22.0681
 40.9756
 35.4683
 8.48528
 40.4599
 3
 2
 38.1314
 37.8021
 6
 35.9861
 12.1244
 37.51
 32.2335
 15.1327
 32.0156
 26.533
 35.3412
 35.1283
 37.8814
 39.5095
 21.5174
 29.7321
 45.0333
 36.1663
 36.1525
 7.07107
 10.5357
 34.1906
 34.9571
 9.53939
 4.58258
 31.3847
 33.3167
 19.0788
 18.735
 24.8395
 28.0535
 34.5398
 40.5093
 21.1187
 38.7814
 25.9422
 40.8167
 38.9102
 0
 41.3038
 12.8062
 37.081
 40.8167
 3.87298
 3.4641
 27.9821
 14.2127
 9.53939
 31.3847
 27.6225
 29.5466
 29.9833
 33.5559
 35.8608
 33.4216
 18.2483
 28.0713
 36.6333
 44.486
 12.3288
 4.24264
 35.8329
 41.5692
 8
 6
 18.9737
 21.8174
 33.8378
 35.4119
 33.7935
 32.8481
 43.1509
 26.2298
 42.4617
 31.5911
 13.7113
 38.2099
 38.2099
 27.1477
 6.9282
 38.8587
 41.1704
 0
 37.7492
 17.8885
 33.0303
 5.19615
 11.6619
 38.0395
 23.1301
 8.66025
 34.4093
 29.2233
 22.6495
 17.4642
 31.5911
 37.5366
 36.8917
 6.78233
 35.4824
 21.7945
 45.4863
 33.8526
 5.09902
 8.66025
 40.7922
 32.5423
 15.2971
 18.1108
 37.0135
 30.0167
 28.4605
 39.2556
 37.1618
 17.4929
 41.3159
 33.8674
 36.5377
 40.9756
 7.07107
 30.7571
 42.8952
 1.41421
 36.1109
 33.0606
 36.5513
 11.2694
 29.1376
 19.3132
 35.9583
 36.8511
 26.1151
 32.7261
 19.1311
 38.2753
 4.24264
 33.4216
 2.82843
 9.84886
 34.2053
 11.2694
 14.7309
 31.5595
 22.8473
 32.6497
 0
 34.2491
 23.388
 43.2435
 38.0789
 42.1307
 15.1658
 15.1658
 37.8021
 8.83176
 34.2929
 3.4641
 38.0526
 36.3043
 28.3725
 13.5277
 25.0998
 27.1662
 31.0483
 31.5436
 19.1572
 8.60233
 36.6606
 10.3923
 4.58258
 32.7109
 12.1244
 11
 11
 32.3574
 35.9583
 21.7025
 37.6298
 38.4708
 27.2213
 44.3959
 26.1343
 18.1384
 42.3556
 42.3556
 14.9666
 39.5727
 40.7431
 6.08276
 33.0908
 33.8526
 10.198
 31.3369
 19.799
 34.9571
 15.5563
 8.60233
 26.0768
 14.7309
 36.6742
 2.82843
 34.7563
 9.94987
 8.83176
 34.4238
 26.1534
 15.6844
 22.4277
 38.0789
 30.4959
 17.2337
 43.1277
 12.9615
 41.7493
 41.7493
 41.2311
 42.3202
 7.81025
 42.2374
 42.2374
 38.1314
 6.9282
 33.4066
 33.0303
 22.0227
 33.2866
 34.2345
 26.1343
 19.7737
 19.7737
 36.2767
 13.4164
 18.9473
 36.4417
 36.4417
 7.34847
 35.1283
 22.8692
 13
 13
 33.4365
 20.9284
 34.176
 25.5539
 45.3321
 36.5103
 36.5103
 41.2189
 41.2189
 50.3686
 43.1856
 43.1856
 49.93
 42.1189
 6.85565
 37.6032
 34.8568
 34.8568
 14.2829
 21.8632
 29.1204
 20.6155
 36.1939
 17.5499
 15.4919
 5.19615
 38.2884
 38.2884
 36.6606
 13.0767
 13.0767
 36.2767
 32.9545
 32.9545
 18.303
 24.8596
 29.1376
 40.5832
 40.4475
 25.923
 42.8719
 42.8719
 46.4973
 39.3065
 40.1373
 9.79796
 36.6606
 34.8712
 12.9615
 0
 24.5561
 15.6205
 18.2483
 18.2483
 0
 28.7228
 29.6985
 22.9129
 17.4356
 13.7477
 6.55744
 13.1149
 15.7797
 17.8606
 17.8606
 27.2947
 18.3576
 18.3576
 20.9045
 33.0757
 40.5463
 26.9815
 36.6606
 46.7974
 44.238
 44.238
 44.238
 42.2019
 41.8808
 39.6863
 37.4032
 37.4032
 37.4032
 28.6531
 33.0454
 16.4924
 16.4924
 26.9629
 25.5734
 26.0576
 24.2074
 6.55744
 14.2829
 9.74679
 18.5203
 10.8628
 25.219
 25.219
 21.3542
 21.3542
 34.4674
 19.8494
 39.9875
 39.9875
 30.5287
 30.5287
 30.5287
 39.6863
 39.6863
 39.5474
 36.0139
 40
 18.735
 19.0526
 40.0999
 27.8209
 14.7309
 22.9347
 26.5518
 29.5635
 21.9773
 24.1868
 11.3578
 11.3578
 22.9347
 31.273
 33.4963
 39.975
 36.318
 18.6815
 40.5093
 33.1813
 35.4683
 32.249
 32.249
 41.4849
 36.1525
 0
 39.2428
 28.8097
 28.8097
 25.593
 28.3725
 28.3725
 25.5147
 22.9129
 22.9129
 17.1172
 26.5707
 26.5707
 19.5959
 26.0576
 24.5764
 34.7994
 34.7994
 20.4939
 16.6433
 29.5804
 25.5147
 17.9165
 33.2415
 20.2731
 28.688
 31.3528
 32.311
 18.8149
 30.6105
 20.664
 24.454
 23.516
 23.516
 23.516
 27.8388
 41.7253
 39.2938
 20.8567
 20.8567
 0
 17.8326
 17.8326
 14.7648
 24.8395
 11.0905
 34.8138
 21.7945
 12.2474
 27.9821
 20.0749
 30.6105
 17.1464
 26.5707
 19.6469
 30.6594
 32.5423
 32.1559
 19.2614
 31.3847
 15.9687
 43.6921
 22.9347
 34.0881
 15.9687
