 8
 7.74597
 7.81025
 4.58258
 5.19615
 3.4641
 3.74166
 6.85565
 6.9282
 5.47723
 4.12311
 6.245
 7.34847
 6.08276
 6
 7.4162
 6.55744
 3.60555
 5.47723
 6.55744
 6.9282
 5.47723
 3.87298
 6.245
 6.245
 6.55744
 9.53939
 5.19615
 2.44949
 8.66025
 6.245
 6
 6.245
 6
 5.19615
 6.9282
 7.07107
 6
 6.48074
 6
 6.9282
 6
 5.47723
 6.9282
 6.08276
 4.24264
 6.63325
 8.66025
 5.19615
 6.08276
 6.16441
 6.16441
 6.9282
 0
 0
 6.9282
 6.85565
 6.9282
 6.9282
 5.2915
 0
 0
 10.3923
 6.48074
 6
 6.9282
 6.08276
 7.81025
 7.81025
 4.24264
 7.07107
 6
 7
 5.47723
 6.08276
 6.9282
 6
 7.14143
 6.85565
 6.08276
 7.81025
 6
 0
 0
 6.32456
 7.14143
 4.69042
 6
 5.19615
 0
 0
 7.81025
 7.14143
 6.08276
 6.08276
 6
 0
 0
 7.74597
 7.28011
 6.08276
 6.9282
 4.3589
 7.07107
 7.87401
 6.9282
 7.34847
 6.08276
 7.14143
 6.9282
 6
 7.87401
 6.9282
 6.9282
 7.74597
 6.9282
 6.16441
 7.74597
 7.74597
 6.85565
 8.88819
 7.74597
 7
 7.07107
 6.9282
 6.08276
 8.66025
 8.66025
 7.48331
 6.08276
 6.08276
 4.58258
 7.4162
 6.9282
 7.14143
 6.9282
 0
 0
 6.9282
 6.08276
 8.12404
 5.19615
 0
 7.74597
 6.245
 7.14143
 5.47723
 0
 0
 7.28011
 8
 7.81025
 6.9282
 7.14143
 6.9282
 8.12404
 6
 7.34847
 7.68115
 6.08276
 7.81025
 7.14143
 7.14143
 7.34847
 9.53939
 9.53939
 7.81025
 6.85565
 9.48683
 7.81025
 6.9282
 0
 7.14143
 8.66025
 7.74597
 6.9282
 10.3441
 7.34847
 6.9282
 7.74597
 6.9282
 6.9282
 8.48528
 7.81025
 8.66025
 7.87401
 7.34847
 7.14143
 7.74597
 6.9282
 13.9284
 13.9284
 6.9282
 7.07107
 7.93725
 5.47723
 13.4536
 7.14143
 7.74597
 7.81025
 6.85565
 12.9615
 0
 0
 8.83176
 8.66025
 6.9282
 6.9282
 7.81025
 6.48074
 7.34847
 8.12404
 7.14143
 6.9282
 6.9282
 0
 8.94427
 8.60233
 8.12404
 6.08276
 7.81025
 8.77496
 7.87401
 6.32456
 0
 0
 8.18535
 7.81025
 6.9282
 8.77496
 6
 8.83176
 9.53939
 6.9282
 6.9282
 6
 7.74597
 7.81025
 7.74597
 7.81025
 7.81025
 7.81025
 0
 0
 7.2111
 7.74597
 6.9282
 7.74597
 7.74597
 8.12404
 8.66025
 6.9282
 7.81025
 5.19615
 0
 0
 7.81025
 6.9282
 7.81025
 7.74597
 5.19615
 0
 0
 7
 7.81025
 7.81025
 7.81025
 5.19615
 0
 0
 7.81025
 7
 8.66025
 9.48683
 9.48683
 0
 0
 7.81025
 8.60233
 10.3923
 7.81025
 0
 0
 0
 6.9282
 7
 7.34847
 9.64365
 0
 0
 0
 8.66025
 7.93725
 9.48683
 7.81025
 4.24264
 4.24264
 0
 0
 0
 8.77496
 7.74597
 8.7178
 7.93725
 0
 0
 0
 7.4162
 7.81025
 7.81025
 7.81025
 0
 0
 0
 7.81025
 7.81025
 7.81025
 7
 0
 0
 0
 8.66025
 7.81025
 8.66025
 8.66025
 0
 7.81025
 7.81025
 10.3923
 7.81025
 8.66025
 8.60233
 7.81025
 7.81025
 7.87401
 7
 7.81025
 8.60233
 11.225
 11.225
 7.87401
 9.48683
 0
 0
 10.3923
 8.66025
 9.53939
 11.225
 6.85565
 0
 0
 9.48683
 11.225
 8.66025
 10.3923
 6.9282
 10.3923
 8.66025
 8.7178
 12.3288
 7.81025
 9.53939
 7.81025
 8.66025
 8.66025
 6.9282
 0
 7.14143
 7.81025
 7.14143
 8.66025
 6.9282
 0
 0
 7.81025
 7.93725
 7.81025
 9.48683
 6.9282
 0
 0
 0
 0
 0
 7.81025
 7.81025
 7.74597
 8.60233
 6.9282
 0
 0
 7.81025
 9.53939
 9.53939
 8.66025
 3.4641
 0
 0
 11.225
 11.2694
 9.53939
 8
 9.53939
 11.2694
 7.74597
 7
 7.81025
 8.66025
 10.3923
 10.4881
 0
 0
 0
 9.53939
 10.3923
 7.81025
 11.225
 7.81025
 12.1244
 7.87401
 11.4018
 8.66025
 8.60233
 8.60233
 7.81025
 7.81025
 7
 7.81025
 6.9282
 1.73205
 8.66025
 7.81025
 10.3923
 8.7178
 0
 0
 10.3923
 10.3923
 8.60233
 7.87401
 0
 8.66025
 9.48683
 11.2694
 7.81025
 0
 0
 0
 0
 7.81025
 10.3923
 9.48683
 11.225
 0
 0
 10.3923
 8.66025
 7.81025
 7
 7
 0
 10.3441
 10.3923
 8.18535
 9.48683
 4.3589
 0
 12.083
 10.4881
 11.3137
 7.81025
 9.48683
 9.53939
 9.48683
 11.3137
 6.9282
 7.81025
 12.083
 7.81025
 8.66025
 0
 8.66025
 7.81025
 10.3923
 10.6771
 7.81025
 9.53939
 7.74597
 8.66025
 8.7178
 10.3441
 11.225
 8.48528
 9.53939
 8.66025
 11.2694
 9.84886
 7.81025
 8.66025
 7.81025
 9.48683
 7.87401
 7.81025
 8.66025
 9.48683
 8.66025
 7
 7.81025
 10.4881
 8.7178
 8.66025
 9.48683
 8
 7.81025
 8.83176
 9.53939
 12.9615
 11.225
 7.81025
 8.18535
 11.225
 11.225
 9.48683
 10.3441
 8.66025
 8.66025
 10.3923
 10.6771
 8.83176
 10.3923
 10.3923
 11.225
 7.81025
 9.53939
 12.083
 8.544
 8.66025
 11.225
 8.7178
 10.3923
 7.93725
 7.81025
 7.87401
 9.48683
 9.53939
 7.81025
 7.74597
 8.66025
 7
 8.77496
 7
 7.81025
 7.81025
 8.66025
 8.60233
 8.66025
 6.9282
 8.66025
 8.66025
 7.93725
 7.81025
 7.81025
 11.2694
 8.83176
 10.5357
 11.2694
 8.7178
 7
 7.81025
 10.3923
 7.81025
 10.3923
 9.53939
 10.4403
 11.225
 7.81025
 7.81025
 7.81025
 9.48683
 9.05539
 9.48683
 7.81025
 9.48683
 8.66025
 7.81025
 11.2694
 7.81025
 7
 7.74597
 9.53939
 9.59166
 7.81025
 10.3923
 7.74597
 9.48683
 7.93725
 7.87401
 9.53939
 7.74597
 12.3288
 9.48683
 11.2694
 7.81025
 7.81025
 8.66025
 11.2694
 8.66025
 7.74597
 7.81025
 7.81025
 7.81025
 11.225
 8.66025
 8.60233
 10.6301
 7.81025
 11.2694
 7.81025
 10.8628
 11.3578
 9.48683
 7.81025
 10.4403
 8.66025
 9.53939
 7.81025
 7.07107
 8.7178
 10.3923
 7.87401
 6.9282
 7.81025
 7.81025
 7.4162
 7.74597
 8.66025
 10.4881
 8.66025
 6.9282
 8.60233
 7.81025
 9.48683
 7
 6.08276
 9
 6.9282
 10.3923
 7
 6.9282
 6.9282
 11.225
 7.81025
 7.81025
 7.81025
 8.66025
 11.225
 6.9282
 7.81025
 11.2694
 7.81025
 8.66025
 8.66025
 8.66025
 7.81025
 8.83176
 7.81025
 7.74597
 11.225
 7.81025
 11.225
 7
 9.48683
 7.81025
 7.81025
 7.81025
 10.3923
 7.81025
 9.48683
 8.66025
 6.9282
 10.3923
 6.9282
 6.9282
 8.66025
 6.9282
 6.9282
 7.87401
 7.93725
 8.66025
 0
 7.81025
 11.2694
 7.81025
 7.81025
 8.66025
 8.77496
 11.2694
 12.0416
 6.9282
 7.93725
 6.08276
 9.53939
 7.93725
 8.66025
 7.81025
 7.74597
 8.66025
 10.3923
 7.74597
 9.48683
 6.9282
 8.60233
 7.74597
 6.85565
 10.3923
 6.9282
 6
 5.19615
 11.225
 7.81025
 6.08276
 7.74597
 6.9282
 11.2694
 9.53939
 8.60233
 10.3923
 9.53939
 8.66025
 8.66025
 8.66025
 7.81025
 7.74597
 8.60233
 7.81025
 6.08276
 9.53939
 7.74597
 9.59166
 6.9282
 6.9282
 10.3923
 6.9282
 9.53939
 6.9282
 8.66025
 5.19615
 7.74597
 8.66025
 6.9282
 5.19615
 6
 7
 12.3288
 7.81025
 8.66025
 8.83176
 11.225
 7.74597
 9.48683
 8.66025
 6.9282
 7.81025
 5.09902
 8.66025
 6.08276
 8.66025
 7.87401
 6.08276
 10.5357
 6.9282
 11.2694
 6.9282
 2.44949
 9.53939
 9.48683
 7.81025
 10.3923
 6.9282
 6.85565
 10.3923
 9.53939
 5.19615
 6.85565
 6.08276
 6.85565
 9.53939
 8.77496
 9.53939
 6
 0
 7.81025
 9.48683
 9.53939
 7.81025
 8.66025
 10.4403
 8.66025
 7.87401
 9
 8.7178
 8.66025
 6
 8.60233
 8.66025
 6.08276
 6.9282
 7.81025
 4.24264
 6.85565
 7.81025
 6.08276
 7.81025
 5.19615
 4.24264
 7.81025
 3.4641
 3.74166
 6.08276
 4.3589
 10.3441
 6.08276
 7.74597
 10.5357
 9.53939
 6.9282
 6.08276
 11.2694
 6.08276
 6.9282
 9.48683
 6
 6.9282
 0
 9.48683
 7.81025
 5.19615
 3.4641
 3.4641
 6.9282
 6
 6.85565
 6.9282
 6.85565
 6.9282
 7.74597
 4.58258
 1.73205
 7.14143
 6
 0
 7.81025
 6.08276
 4.24264
 6.9282
 7.07107
 2.44949
 6.9282
 6.9282
 7.74597
 6.9282
 10.3441
 5.19615
 8.66025
 8
 4.24264
 0
 8.60233
 6.08276
 6
 0
 7.74597
 5.19615
 1.41421
 6.08276
 5.19615
 6
 6.9282
 6
 4.24264
 2.44949
 7.81025
 2.44949
 7.07107
 2.44949
 5.38516
 5.19615
 6.08276
 0
 6.85565
 6.9282
 3.4641
 6.9282
 5.19615
 6
 6
 1.73205
 2.44949
 6.85565
 6
 1.41421
 7.74597
 4.24264
 3.87298
 0
 5.19615
 5.09902
 5.09902
 25.5539
 0
 2.44949
 4.24264
 3.4641
 4.79583
 5.19615
 2.44949
 6.9282
 5.09902
 5.09902
 2.64575
 6
 0
 6.16441
 5.19615
 6.08276
 4.24264
 4.24264
 4.24264
 4.47214
 4.47214
 0
 2.44949
 6
 6
 3
 4.24264
 4.24264
 4.24264
 6
 4.24264
 4.24264
 6.48074
 1.41421
 6
 7.07107
 7.07107
 6.32456
 8.12404
 8.12404
 6.08276
 4.3589
 2.44949
 2.82843
 3.31662
 5.38516
 3.4641
 4.47214
 4.24264
 1.73205
 3.60555
 5.19615
 0
 4.24264
 2.44949
 5.09902
 3.60555
 2.44949
 1.73205
 4.89898
 0
 1.73205
 3.4641
 3.60555
 3.60555
 3.74166
 0
 0
 6.08276
 4.58258
 1.73205
 5.19615
 1.73205
 1.73205
 3.4641
 3.74166
 1.73205
