 3.4641
 3.31662
 3.60555
 8.48528
 7.81025
 7.07107
 4.89898
 4.3589
 5.47723
 3.4641
 6.9282
 6.245
 6.16441
 4.58258
 10.3923
 3.4641
 2.44949
 8.66025
 5.47723
 7.81025
 0
 6.9282
 7.34847
 4.24264
 7.74597
 7.93725
 6.7082
 10.3923
 7.81025
 6.7082
 5
 12.3693
 3
 5.47723
 6.55744
 6.55744
 8.48528
 6.48074
 8.12404
 3.4641
 4.24264
 6.9282
 7.74597
 7.74597
 7.74597
 5.19615
 1.73205
 1.73205
 7.68115
 6.9282
 8.83176
 4.89898
 4.89898
 0
 0
 7.74597
 7.93725
 2.44949
 2.82843
 2.82843
 0
 0
 6.9282
 6.85565
 7.74597
 1.41421
 1.41421
 6.7082
 6.9282
 7.81025
 9.53939
 9.53939
 7.2111
 7.81025
 4.3589
 7.68115
 7.68115
 6.245
 6
 9.21954
 8.544
 0
 0
 0
 3.87298
 3.87298
 6.9282
 10.4403
 10.4403
 0
 0
 2.23607
 4.24264
 6.9282
 6.08276
 6.08276
 0
 0
 3.4641
 6.9282
 6.08276
 5.09902
 5.09902
 3.4641
 3.74166
 6.85565
 5.09902
 5.09902
 5.09902
 5.19615
 6.85565
 5.74456
 5.74456
 5.74456
 6.16441
 1.41421
 7
 4.24264
 4.24264
 7.93725
 8
 1.41421
 1.41421
 9
 7.81025
 6.08276
 6.9282
 6.9282
 6.32456
 6.9282
 6
 9.53939
 1.73205
 2.82843
 7
 6.85565
 0
 0
 7.68115
 6.245
 4.24264
 7.14143
 0
 1.73205
 8.77496
 2.82843
 6.245
 0
 0
 6.9282
 7.34847
 1.73205
 3.60555
 4.24264
 4.69042
 4.24264
 13.1529
 0
 2.64575
 8.18535
 3.4641
 3.4641
 7.68115
 1.73205
 5.74456
 5.74456
 4.24264
 8.83176
 6
 4.24264
 4.24264
 6
 7.68115
 4.24264
 7.74597
 7.74597
 9.53939
 7.4162
 7.81025
 7.4162
 6.08276
 6.08276
 4.69042
 6.08276
 9.48683
 4.24264
 3.74166
 8.48528
 8.12404
 5
 5
 5
 3.4641
 9.59166
 4.79583
 6.9282
 15.6844
 9.59166
 3.4641
 6.16441
 6.9282
 10.3923
 0
 0
 7.07107
 3
 6.08276
 5.19615
 5.19615
 14.4222
 3.4641
 5.56776
 3.4641
 3.74166
 3.74166
 0
 0
 0
 3
 6.55744
 3.31662
 5.19615
 4.89898
 7.81025
 0
 0
 3.87298
 1.41421
 8.88819
 4.3589
 4.3589
 6
 4.47214
 3.16228
 5.47723
 5.47723
 7.87401
 4.69042
 3.74166
 6.08276
 0
 0
 0
 0
 4.89898
 8.60233
 6.9282
 4.89898
 4.89898
 4.12311
 7.93725
 6.9282
 8.88819
 8.88819
 0
 0
 6.08276
 9.27362
 7.93725
 7.28011
 7.28011
 0
 0
 9.74679
 7.4162
 8.544
 7.4162
 7.4162
 0
 0
 8.12404
 5.38516
 4.24264
 7.74597
 7.74597
 0
 0
 1.73205
 6.85565
 6.7082
 7.14143
 0
 0
 0
 5.38516
 6.245
 7.81025
 6
 0
 0
 0
 2.44949
 7.93725
 6.245
 7.07107
 7.07107
 7.07107
 0
 0
 0
 10.6771
 7.2111
 8.544
 3.4641
 0
 0
 0
 8.66025
 8.18535
 9.79796
 11.2694
 0
 0
 0
 8.06226
 4.79583
 7.34847
 8.66025
 0
 0
 0
 9.38083
 8.544
 9.79796
 5.47723
 0
 8
 9.79796
 7.4162
 8.12404
 8.48528
 9.16515
 10.3441
 9.32738
 6.9282
 8.18535
 9.69536
 7.87401
 8.12404
 8.66025
 7.14143
 8.60233
 0
 0
 8.60233
 7.48331
 8.66025
 6.85565
 6.85565
 0
 0
 9.16515
 9.32738
 9.79796
 5
 9.64365
 9.38083
 9.16515
 9.8995
 4.79583
 6.16441
 6.9282
 9.74679
 9.79796
 9.21954
 5.2915
 0
 8.66025
 9.21954
 8.18535
 9.16515
 3.31662
 0
 0
 9.79796
 8.48528
 11.0905
 8.42615
 8.42615
 0
 0
 0
 0
 0
 9.16515
 9.79796
 9
 8.544
 8.544
 0
 0
 9.8995
 8.66025
 10.3923
 8.544
 8.544
 0
 0
 9.84886
 8.88819
 8.12404
 10.0995
 8.83176
 8.12404
 12.4499
 10.8167
 8.94427
 6.55744
 8.94427
 10.5357
 0
 0
 0
 8.12404
 9.64365
 13.2288
 6.9282
 12.49
 10.0499
 8
 11.225
 8.18535
 12.4499
 8.18535
 7.34847
 8.94427
 8.66025
 11.2694
 9.21954
 9.21954
 9.79796
 8.94427
 10.3441
 8.48528
 0
 0
 9.84886
 11.0905
 11.5758
 7.14143
 0
 10.5357
 9.69536
 10.4403
 10.0499
 0
 0
 0
 0
 8.66025
 9.84886
 10.6301
 10.5357
 10.5357
 0
 8.66025
 9.38083
 11.7047
 10.8628
 10.8628
 0
 10.7703
 8.66025
 11.7473
 10.5357
 10.5357
 0
 9.11043
 11.7473
 10.3923
 14.2829
 9.27362
 11.5326
 12.49
 10.583
 10.583
 10.583
 8.12404
 10.583
 8.94427
 0
 8.66025
 10.4881
 7.68115
 8.66025
 6.48074
 8.48528
 12.7671
 6.9282
 8.66025
 12.49
 11.0905
 12.0416
 12
 11
 9.8995
 12
 8.06226
 12.7671
 11.6619
 9.32738
 8
 10.9545
 13.1909
 10.1489
 8.12404
 10.6301
 11.9583
 10.1489
 9.32738
 12.3288
 12.53
 10.5357
 11.3578
 11.6189
 12.4097
 11.0454
 8.12404
 10.583
 12
 9.69536
 8.83176
 11.2694
 8.7178
 10.3923
 8.544
 9.84886
 7.34847
 7.74597
 13.6748
 8.88819
 10.583
 9.32738
 10.6301
 9.21954
 11.3578
 8.88819
 8.7178
 10.583
 12.4097
 10.6771
 8.88819
 11.1803
 7.81025
 11.6189
 10.8628
 10.8628
 7.34847
 9.8995
 11.3578
 11.1803
 11.0905
 4.89898
 9.21954
 11.7898
 11.5326
 13
 10.583
 10.4881
 9.38083
 14.3527
 9.79796
 11.2694
 10.583
 10.5357
 8.544
 9.16515
 9.27362
 12
 10.8167
 8.12404
 13.6382
 8.60233
 9.38083
 9.79796
 12.3693
 10.3923
 12.4097
 11.2694
 9.64365
 12
 7.93725
 11.4891
 10.6771
 9.38083
 9.32738
 10.0995
 8.94427
 10.7703
 6.245
 10.8628
 9.32738
 8.88819
 11.6189
 10.3923
 12.4499
 9.11043
 13.9284
 13.5277
 13.1529
 10.5357
 10.5357
 11.1355
 7.4162
 7.81025
 9.84886
 9.38083
 8.06226
 9.84886
 11.6189
 9.21954
 9.38083
 7.34847
 11.0905
 11.7473
 10.4881
 9.38083
 10.583
 10.9545
 10.8167
 11.7473
 8.24621
 9.84886
 7.74597
 10.4403
 9.05539
 8.88819
 8.544
 10.5357
 5.74456
 12.1244
 11.0454
 8
 11.1355
 11.5326
 9.11043
 9.27362
 11
 12.3288
 9.27362
 13.1909
 13.9284
 8.544
 10.4403
 9.84886
 9.79796
 12.7279
 9.8995
 9.21954
 11.0905
 11.2694
 10.4403
 8
 11.1803
 10.4403
 10.8167
 9.8995
 11.6619
 12.4097
 11.0454
 8.88819
 10.5357
 11.2694
 11.7898
 11.7898
 9.8995
 9.53939
 9.16515
 9.38083
 7.34847
 10.8628
 6.78233
 14.3527
 10.0995
 14.3527
 12.2882
 10.0995
 9.8995
 11.2694
 10.5357
 11.2694
 9.84886
 10.4403
 10.583
 11.1355
 8.60233
 9.8995
 10.3923
 12.3288
 0
 11.0454
 10.7703
 11.0905
 11.7473
 8.24621
 11.225
 12
 10.5357
 10.583
 10.5357
 10.0499
 8
 10.0995
 9.69536
 12.9615
 14.3527
 10.4403
 10.5357
 12.49
 11.6619
 10.5357
 11.225
 9.79796
 9.79796
 9.59166
 11.7047
 10.3923
 10.3923
 9.27362
 11.6619
 9.84886
 10.3923
 10.5357
 9.84886
 9.84886
 11.0905
 9.38083
 9.8995
 10.5357
 9.32738
 10.3923
 10.8167
 11.7898
 9.79796
 11.7898
 10.8167
 11.6189
 14.3875
 13.1909
 13.9642
 13.4907
 12.2066
 10.4403
 13.5647
 11.3137
 12
 10.4403
 13.5647
 10.3923
 15.3297
 10.3923
 12.2474
 13.2665
 11.2694
 11.6619
 9.32738
 12.0416
 9.84886
 12.8062
 10.5357
 9.11043
 8.94427
 11.7473
 11.7473
 10.4403
 11.0905
 10.583
 10.3923
 15.9687
 10.8628
 16.0935
 15.3623
 11.7898
 11.7898
 14.7309
 11
 10.4403
 11.225
 9.16515
 11.0905
 9.84886
 14.8997
 10.4403
 10.4403
 14.7309
 13.1909
 10.6301
 14.7309
 12.4499
 14.1774
 0
 14.2127
 15.1658
 10.0995
 9.79796
 10.583
 10.8628
 10.3923
 11.7898
 12.49
 9.21954
 13.6748
 13.7113
 11.0905
 14.2127
 11.0905
 15.1327
 15.906
 11.7047
 11.6619
 13.9642
 14.1774
 13.9284
 12.9228
 14.1774
 13.2288
 15.3297
 13.1909
 13.5647
 12.49
 12.8841
 15.9687
 11.7898
 14.8661
 14.6969
 13.9284
 13.9642
 11.0905
 12.8841
 13.2288
 11.7898
 16.5529
 15.4596
 15.4596
 12.8452
 14.2127
 16.0935
 16.0935
 0
 13.5647
 13.7113
 12.4499
 11.6619
 13.9284
 12.2474
 12.3288
 15.6205
 11.7047
 13.5277
 15.9374
 13.2665
 11.8322
 13.5277
 14.3178
 13.9284
 14.7648
 13
 17.2627
 11.7047
 15.1658
 15.1658
 11
 10.583
 12.2474
 12.53
 12.9615
 0
 10.5357
 14.0357
 12.3288
 0
 15.0997
 13.0384
 14.1421
 13.0384
 14.8997
 12.2474
 8.30662
 12.2882
 12.8452
 15.3297
 11.0905
 14.0357
 12.49
 15.9687
 15.1987
 14.7648
 12.7671
 15.1658
 12.49
 14
 14.4914
 14.3527
 15.3297
 8.18535
 11.7898
 12.8452
 12.3288
 11.7898
 16.0935
 10.4403
 17.5499
 15.9687
 13.5647
 14.4568
 13.7477
 14.7309
 8.66025
 14.7309
 16.1245
 15.5242
 17.2337
 15.3297
 15.906
 13.2288
 14
 12.9615
 14.3875
 11.0454
 11.7047
 14.9332
 14.9332
 13.5277
 17.7482
 6.08276
 14.1067
 17.2047
 11
 14
 13.9642
 12.8841
 14.7309
 14.3527
 11
 16
 14.0357
 10.4403
 15.5242
 12.0416
 14.3527
 13.2288
 9.84886
 12.53
 13.5277
 9.27362
 14.9332
 13.2288
 7.4162
 13.0384
 13.6748
 8.48528
 14.1774
 13
 8.18535
 15.0997
 12.8062
 13.7113
 13.8924
 14.2829
 13.8924
 9.27362
 9.27362
 13
 15.7162
 14.8324
 11.7898
 12.2882
 15.7162
 12.8062
 9.59166
 16.5227
 11.7898
 16.4924
 13.9642
 13.3791
 10.7238
 9.32738
 10.3923
 14.1067
 13.2288
 11.6619
 13.2665
 18.2483
 11
 17.0294
 14.7986
