 306.018
 0
 13.0384
 11.6189
 13.784
 13.6748
 16
 17.4356
 12.6491
 14.8324
 13.2665
 15.6205
 16.7033
 13.8924
 14
 19.799
 18.7617
 13.5647
 17.2627
 12.6095
 13.0384
 13.9642
 14
 16.7033
 14.3527
 12.1244
 17.4356
 11.2694
 14.3178
 17.3781
 16.2788
 14.3527
 18.3848
 16.0312
 16.2788
 14.8661
 16.5831
 13.2288
 16
 17.3205
 15.6205
 16.4924
 16.3401
 14.0357
 13.6748
 19.8242
 15.9687
 19.2614
 15.6844
 17.5784
 15.6205
 19.1572
 13.9642
 0
 0
 14.3875
 17.3781
 14.8324
 13.8564
 16.6132
 0
 0
 15.7162
 16.3095
 15.7162
 13.9642
 17.5499
 15.7162
 15.6205
 15.6844
 16.1864
 15.9374
 15.3948
 16.1864
 16
 16.7631
 13.6382
 17.1172
 17.4069
 16.0624
 14.7986
 12.0416
 0
 45.7602
 17.3781
 21.1187
 15.9687
 16.2788
 9.74679
 0
 37.9605
 18.1934
 18.9473
 15.6525
 14.8324
 10.198
 0
 31
 17.3781
 16.7631
 15.6205
 16.5227
 8.544
 20.6155
 19.9249
 18.2209
 15.748
 8.18535
 17.3781
 19.7484
 20.3224
 19.1572
 7.74597
 0
 19.9499
 18.4391
 19
 15.6205
 6.9282
 16.2788
 20.8327
 15.6844
 13.0384
 17.1464
 20.9045
 16.4621
 14.1067
 5.19615
 20.025
 17.0294
 14.0357
 19.5959
 19.5448
 20.8567
 21.4476
 19.105
 0
 0
 20.0499
 17.4929
 19.0788
 16.7631
 16.7631
 19.1311
 16.4621
 21.4709
 14.3527
 0
 0
 17.2916
 15.8114
 20.7846
 21.1896
 16.6733
 19.9499
 22.4944
 19.3132
 18.2209
 22.1133
 18.4662
 20
 19.105
 19.3132
 21.095
 21.2603
 0
 19.1833
 19.1572
 22.3159
 19.1572
 20.1246
 20.1246
 18.7083
 19.3391
 20.8087
 23.3452
 21.1187
 20
 19.1572
 18.2757
 22.5832
 24.5357
 20.9284
 20.025
 21.8403
 15.6844
 20
 22.6053
 18.3576
 18.4391
 18.4391
 0
 20
 19.1572
 21.8174
 16.7631
 16.7631
 16.6132
 20.9284
 21.5407
 17.088
 17.088
 0
 0
 23.516
 20.9045
 24
 17.6918
 21.587
 21.587
 21.8403
 25.2982
 24.3516
 21.7256
 19.5704
 0
 23.4307
 21.4709
 25.1396
 21.0238
 19.9499
 20.8327
 23.7065
 19.7737
 0
 0
 20.8327
 19.2873
 21.4942
 25.3969
 8.24621
 22.1133
 21
 20.8327
 23.8328
 13.5647
 20.9045
 19.9499
 22.561
 24.3105
 0
 7.54983
 0
 0
 21.7256
 24.3516
 21.7945
 22.8473
 21.7025
 20
 21.1424
 25.219
 22.1359
 17.9165
 0
 0
 20.9045
 21.8632
 21.8174
 23.4521
 13.6748
 0
 0
 23.1948
 22.561
 26.9072
 21.7025
 10.0499
 0
 0
 24.4745
 26.096
 23.5584
 21.7945
 9.48683
 0
 0
 24.3516
 23.4734
 22.9783
 22.7376
 0
 0
 0
 22.6936
 22.6053
 21.8403
 23.1948
 0
 0
 0
 25.671
 21.7256
 23.0434
 24.3311
 23.8537
 23.8537
 0
 0
 0
 22.0227
 25.1396
 22.7156
 24.8998
 0
 0
 0
 25.219
 26.1343
 25.1794
 25.6905
 0
 0
 0
 26.0576
 22.6274
 27.5681
 26.8887
 0
 0
 0
 26.4386
 23.4947
 26.0384
 22.0454
 0
 24.3516
 25.1992
 22.5832
 27.8209
 24.0416
 27.7669
 26.9258
 25.219
 26.9072
 27.8209
 27.8209
 22.561
 25.7488
 28.1069
 27.7669
 22.7156
 0
 0
 27.258
 27.5862
 22.6053
 28.1425
 23.1517
 0
 0
 27.8209
 25.865
 21.7256
 27.6043
 23.3666
 25.9422
 22.6053
 26.6083
 28.8791
 25.318
 26.9629
 23.5372
 25.5539
 25.5343
 23.7276
 0
 23.516
 26.4197
 26.9629
 25.4165
 23.5372
 0
 0
 24.3516
 24.3926
 24.3516
 25.7682
 16.4621
 0
 0
 0
 0
 0
 25.1992
 26.0768
 29.1204
 24.1868
 17.6918
 0
 0
 26.9815
 25.04
 27.7849
 28.775
 12.6886
 0
 0
 27.8568
 27.1293
 24.0208
 27.8209
 28.0357
 26.6083
 27.7669
 25.2982
 27.8029
 27.2397
 27.8029
 25.219
 0
 0
 0
 28.5832
 24.8797
 23.4947
 28.8617
 23.4734
 27.4591
 29.6479
 27.6043
 27.0185
 25.2389
 26.1151
 28.1247
 28.6356
 27.037
 26.9815
 27.074
 23.8747
 27.7849
 27.6225
 27
 26.4197
 0
 0
 26.9444
 26.0768
 26.1534
 25.0998
 25.0998
 25.0998
 26.096
 27.8209
 28.2843
 0
 0
 0
 0
 24.7386
 29.5296
 30.8221
 26.096
 20.025
 20.025
 27.4226
 28.775
 31.3209
 26.1725
 13.9642
 13.9642
 28.4956
 27.6225
 30.4138
 26.1725
 10.0995
 0
 27.8209
 24.3516
 26.6083
 33.0454
 32.2025
 27.9643
 25.1794
 28.6705
 7.2111
 27.074
 31.1448
 27.7849
 27.0185
 0
 27.4226
 26.9815
 28.2843
 28.1603
 27.8029
 29.1376
 26.9629
 32.0468
 27.7669
 26.9072
 25.2982
 27.8568
 27.9643
 26.5895
 27.8029
 26.9815
 30.315
 26.7395
 29.5466
 29.5804
 28.7054
 26.1534
 28.0535
 30.5941
 28.4605
 32.1714
 26.2298
 29.8329
 28.7054
 26.9258
 29.7489
 27.9106
 27.7489
 28.4253
 29.6142
 28.8791
 31.6702
 27.8029
 27.6406
 25.7294
 31.8434
 27.8927
 28.0713
 29.9333
 28.7402
 28.0179
 32.0156
 28.7576
 26.9629
 33.6898
 26.1343
 26.9629
 28.688
 28.6182
 27.8568
 27
 27.6043
 29.5804
 27.8568
 28.0713
 28.7924
 28.688
 28.0713
 28.7576
 27.9821
 27.8209
 29.0172
 32.6497
 27.9285
 32.187
 27.7669
 30.7246
 29.1719
 26.9629
 27.9464
 29.5296
 27.8029
 25.4362
 28.0357
 28.0535
 27.8927
 31.6544
 30.0832
 26.4197
 33.5261
 29
 28.688
 26.9629
 28.2843
 29.4788
 27.8029
 29.4958
 29.4788
 30.545
 28.6705
 26.9258
 28.2489
 27.7849
 30.545
 29.7321
 31.241
 26.8142
 29.5973
 30.348
 30.8383
 30.692
 29.5296
 29
 28.1425
 27.074
 29.8664
 27.313
 29.8831
 28.6705
 26.9444
 27.9821
 26.2488
 29.7153
 25.9037
 28.4605
 30.692
 31.241
 27.8209
 27.9464
 30.9839
 29.5804
 27.8747
 27.7669
 28.6705
 27.8388
 28.688
 29.9833
 28.688
 31.0161
 26.9629
 28.8791
 32.1403
 31
 27.8029
 25.2389
 32.1559
 29.9666
 28.1069
 27.8029
 31.3528
 27.8568
 30.7083
 29.4958
 30
 29.3087
 27.8029
 29.0689
 28.6531
 30.1496
 29.2575
 31.1448
 28.2666
 29.6648
 28.2666
 28.688
 28.7054
 28.2135
 30.5778
 26.1343
 29.1719
 29.0172
 27.8029
 29.5804
 28.3196
 28.4605
 27.8029
 30.4959
 28.0713
 30.3645
 28.6705
 26.1725
 26.9629
 27.8388
 32.9697
 30.2655
 31.4484
 27.8388
 28.6182
 26.8328
 33
 28.2843
 28.1603
 28.0179
 29.1204
 27.8209
 28.8097
 26.9815
 28.8444
 27.8029
 29.8496
 27.9285
 27.0555
 29.5296
 28.1425
 29.6985
 27.8029
 28.8617
 28.3196
 26.9444
 29.5296
 28.4781
 24.5967
 31.257
 0
 26.9815
 28.2843
 30.4631
 27.8209
 30.5123
 27.8029
 29.8664
 29.0861
 28.6356
 28.2843
 30.4631
 29.2916
 27.9464
 28.3725
 27.9464
 27.0185
 31.4484
 27.6406
 28.688
 27.8747
 28.5132
 29.5466
 27.8209
 28.0535
 28.9137
 27.7849
 27.8568
 27.8568
 29.5296
 28.6531
 28.7054
 32.9697
 28.6531
 30.2324
 30.6431
 27.8029
 28.3019
 31.257
 29.1376
 29.1548
 30.4631
 29.6479
 28.4956
 30.4959
 28.7402
 28.8791
 31.4802
 26.9815
 29.2746
 28.7228
 28.3019
 27.037
 28.7228
 29.6816
 29.6142
 28.7576
 27.8029
 29.4958
 30.4959
 29.5466
 28.688
 27.1109
 30.4138
 28.6356
 27.9106
 32.1559
 30.9677
 30.3645
 28.6705
 31.8277
 29.5635
 31.8277
 29.8329
 26.2488
 28.8097
 30.5123
 27.9106
 29.5466
 28.0357
 30.8221
 29.7153
 27.2947
 31.1609
 26.3249
 29.8161
 30.348
 30.4302
 30.1993
 29.5635
 30.8221
 31
 26.9629
 29.5466
 29.5466
 30.5123
 28.7054
 33.6898
 29.4958
 32.2335
 27.7849
 0
 28.688
 29.6648
 30.8545
 29.5466
 30.5123
 29.8329
 28.7402
 29.5635
 27.9106
 29.5635
 27.313
 28.0535
 28.2489
 31.5595
 31.4325
 29.5466
 27.0185
 28.0179
 27.8927
 29.7321
 30.7083
 29.5296
 27.7669
 28.7054
 29.6479
 30.3974
 28.7054
 29.5296
 28.7402
 28.4956
 28.7402
 29.5804
 29.7153
 29.5804
 28.8617
 28.7228
 31.749
 29.5973
 30.315
 30.5778
 28.1425
 28.4781
 0
 26.4197
 29.2916
 29.0517
 29.0517
 0
 27.7669
 32.1559
 32
 28.7054
 30.4467
 29.6311
 29.5635
 28.0357
 28.7228
 29.6142
 28.688
 30.4467
 33
 30.4631
 31.305
 30.4138
 30.0167
 27.074
 27.9464
 32.1092
 28.6531
 29.5127
 33.5112
 27.8388
 30.5941
 27.1662
 30.249
 0
 29.5804
 27.7308
 30.6757
 0
 29.5296
 29.1376
 31.305
 28.6705
 32.218
 30.5614
 29
 28.6182
 27.9464
 28.6531
 29.5466
 30.4302
 30.4138
 30.4467
 28.7402
 28.7054
 29.6479
 29.8664
 29.9833
 28.6356
 31.289
 23.7276
 28.7402
 27.7489
 30.3645
 27.6406
 29
 28.6531
 26.9629
 29.7489
 26.9815
 27.8029
 28.688
 28.9655
 27.9285
 27.8568
 21.4243
 28.6531
 26.5895
 1.73205
 29.8664
 31.3209
 28.7924
 27.8568
 28.3373
 27.9285
 29.5466
 27.4226
 31.257
 29.9666
 0
 27.8568
 28.7228
 20.1246
 27.2764
 27.8388
 20.9045
 24.6982
 27
 18.5742
 26.6083
 27.7669
 21.3073
 28.0713
 26.4386
 19.5704
 27.2947
 16.5227
 28.0179
 27.7669
 24.2487
 28.6356
 27.6406
 29.8161
 27.0185
 26.1725
 26.1725
 21.7715
 22.6495
 23.8537
 29.4958
 24.5561
 22.3159
 27.313
 27.313
 23.7276
 33.0151
 28
 20.2237
 20.2237
 0
 26.7208
 29.4109
 25.2785
 25.5147
 27.7849
 27.1662
 25.5734
 24.454
 27.7308
 25.2785
 33.2566
 25.2389
 31.607
 29.0345
 21.8632
 26.096
 29.9165
 26.4575
 26.3059
 28.0713
 29.2062
 27.2397
 32.5576
 26.1151
