 6.08276
 3.31662
 6.16441
 6.16441
 6.16441
 6.16441
 6.16441
 7.34847
 7.34847
 9.27362
 9.27362
 9.27362
 6.9282
 6.9282
 6.9282
 6.08276
 5.74456
 5.74456
 5
 5
 4.3589
 4.3589
 6.245
 3.4641
 3.4641
 3.4641
 3.4641
 3.4641
 3.4641
 7.81025
 6.55744
 6.55744
 6.9282
 5
 5
 5.65685
 5.65685
 5.65685
 5.65685
 4.24264
 4.69042
 4.69042
 4.69042
 3.87298
 3.87298
 3.87298
 3.87298
 4.24264
 4.24264
 4.24264
 4.24264
 9.32738
 9.32738
 0
 0
 0
 0
 6.85565
 4.69042
 4.69042
 0
 0
 0
 0
 0
 1.41421
 1.41421
 6.9282
 6.9282
 6.9282
 6.9282
 4.24264
 8
 8
 8
 8
 1.73205
 8.66025
 8.66025
 8.66025
 8.66025
 8.66025
 0
 0
 6.55744
 8.544
 8.544
 8.544
 8.544
 0
 0
 7.07107
 6.16441
 6.16441
 6.16441
 6.16441
 0
 0
 7.68115
 7.68115
 6.08276
 7.28011
 7.28011
 7.07107
 7.14143
 7.14143
 6
 2.64575
 5.38516
 5.38516
 5.38516
 6.48074
 6.48074
 6.48074
 6.48074
 8.42615
 8.42615
 4.3589
 4.3589
 4.3589
 11.3137
 6.63325
 4.58258
 4.58258
 4.58258
 4.58258
 6
 6
 5.74456
 5.74456
 5.74456
 5.74456
 4.69042
 10.3923
 10.3923
 10.3923
 0
 0
 0
 0
 6.9282
 6.9282
 0
 6.16441
 6.16441
 8.544
 8.544
 0
 0
 0
 0
 7.74597
 9.11043
 9.11043
 9.11043
 6.85565
 6.85565
 6.48074
 5.74456
 5.74456
 3.16228
 3
 3
 4.89898
 6.9282
 6.9282
 2.64575
 2.64575
 7.28011
 7.28011
 4.89898
 0
 0
 3.4641
 3.4641
 13
 13
 8.18535
 8.18535
 8.18535
 8.18535
 9.74679
 8.42615
 8.42615
 8.42615
 7.74597
 7.74597
 7.74597
 7.74597
 7.74597
 11.0905
 11.0905
 11.0905
 11.0905
 8
 8
 8
 8
 8
 9.16515
 9.16515
 10.5357
 0
 0
 0
 7.93725
 6.32456
 5.56776
 4.24264
 13.2288
 4.89898
 7.74597
 4.89898
 9.11043
 4.24264
 0
 6.48074
 6.245
 5.09902
 8.544
 6.16441
 6.9282
 3.87298
 3.87298
 0
 0
 7.34847
 6.16441
 6.16441
 6.16441
 6.16441
 9.38083
 9.38083
 8.18535
 8.18535
 8.18535
 8.18535
 8.18535
 8.94427
 8.94427
 8.94427
 8.94427
 0
 0
 7.4162
 7.4162
 7.4162
 7.4162
 7.4162
 6.48074
 6.48074
 6.48074
 6.48074
 3.4641
 0
 0
 7.48331
 7.48331
 7.48331
 7.48331
 7.48331
 0
 0
 0
 0
 9.79796
 9.79796
 9.79796
 0
 0
 9.21954
 8.18535
 7.48331
 7.48331
 7.48331
 0
 0
 6
 8.544
 8.83176
 8.83176
 0
 0
 0
 4.3589
 11.0905
 11.0905
 10.6771
 0
 0
 0
 6.55744
 6.55744
 6.55744
 11.225
 11.1355
 11.1355
 0
 0
 0
 13.9284
 13.9284
 13.9284
 7.34847
 0
 0
 0
 0
 9.21954
 9.21954
 9.21954
 0
 0
 0
 8.66025
 8.66025
 9.79796
 9.79796
 0
 0
 0
 0
 0
 0
 0
 0
 0
 0
 0
 0
 0
 0
 0
 11.0454
 8.94427
 9.84886
 9.84886
 9.21954
 9.32738
 9.32738
 9.21954
 9.21954
 0
 0
 10.5357
 10.5357
 10.5357
 8.18535
 8.18535
 0
 0
 0
 11.2694
 11.2694
 7.34847
 10.8167
 11.5758
 12.2882
 12.2882
 7.93725
 6.16441
 9.84886
 9.84886
 9.84886
 9.84886
 5
 0
 0
 0
 9.27362
 9.27362
 0
 0
 0
 0
 0
 0
 12.8452
 12.8452
 0
 0
 0
 0
 0
 0
 0
 11.7898
 11.7898
 11.7898
 0
 0
 0
 11.6189
 11.6189
 11.6189
 11.6189
 0
 0
 0
 9.43398
 10.0995
 10.0995
 10.0995
 10.3923
 10.3923
 10.3923
 13.1909
 13.1909
 10.5357
 10.5357
 0
 0
 0
 0
 13.1909
 13.1909
 9.32738
 9.32738
 12.49
 10.4881
 10.4881
 10.4881
 10.4881
 10.4881
 10.4881
 10.4881
 10.4881
 10.4881
 10.4881
 9.05539
 9.05539
 9.05539
 9.05539
 10.3923
 0
 0
 0
 0
 13.5277
 11.7473
 0
 0
 0
 0
 11.2694
 0
 0
 0
 0
 12.3693
 11.0905
 11.0905
 11.0905
 11.0905
 0
 0
 10.583
 10.583
 10.583
 10.583
 0
 12.7279
 12.7279
 12.7279
 12.7279
 12.7279
 0
 0
 0
 13.1529
 13.1529
 13.1529
 13.1529
 13.1529
 13.1529
 13.1529
 13.1529
 10.583
 10.583
 10.583
 0
 0
 0
 8.544
 8.544
 8.544
 8.544
 8.544
 9
 9
 9
 9
 9
 9
 9
 9
 12.8062
 11.0905
 11.0905
 11.0905
 11.0905
 11.0905
 11.0905
 12.0416
 12.0416
 12.0416
 12.0416
 13.1909
 11.3137
 11.3137
 11.3137
 11.3137
 13.5277
 13.5277
 13.5277
 13.5277
 13.5277
 10.1489
 10.1489
 10.1489
 10.1489
 9.84886
 9.84886
 9.84886
 9.84886
 9.84886
 9.84886
 9.84886
 9.84886
 9.84886
 9.84886
 9.84886
 9.84886
 14.2478
 14.2478
 14.2478
 14.2478
 14.2478
 14.2478
 14.2478
 14.2478
 14.2478
 14.2478
 8.7178
 8.7178
 12.9228
 12.9228
 12.9228
 12.9228
 13.4907
 13.4907
 13.4907
 13.4907
 13.4907
 13.4907
 13.4907
 13.4907
 13.4907
 13.4907
 13.4907
 13.4907
 13.4907
 13.4907
 13.4907
 13.4907
 10
 10
 10
 10
 10
 10
 10
 10
 10
 10
 10
 10
 10
 10
 10.6771
 12.4499
 12.4499
 13.4536
 12
 12
 12
 12
 12
 12
 12
 12
 12
 12
 12
 12
 12
 11.8322
 11.8322
 11.8322
 11.8322
 11.8322
 11.8322
 11.8322
 11.8322
 11.8322
 11.8322
 11.8322
 11.8322
 11.8322
 11.8322
 11.8322
 11.8322
 12.3288
 12.3288
 12.3288
 12.3288
 12.3288
 12.3288
 10.9087
 10.9087
 10.9087
 10.9087
 12.083
 12.083
 12.083
 12.083
 12.083
 12.083
 12.083
 8.94427
 9.69536
 9.69536
 9.69536
 9.69536
 9.69536
 9.69536
 9.69536
 9.69536
 9.69536
 9.69536
 9.69536
 9.69536
 9.69536
 9.69536
 9.69536
 9.69536
 9.69536
 9.69536
 9.69536
 9.69536
 9.69536
 9.69536
 9.69536
 9.69536
 9.69536
 9.69536
 9.69536
 9.69536
 9.69536
 9.69536
 9.69536
 9.69536
 9.69536
 9.69536
 9.69536
 9.69536
 12.6095
 12.6095
 12.6095
 12.6095
 12.6095
 12.6095
 12.6095
 12.6095
 12.6095
 12.6095
 12.6095
 12.6095
 12.6095
 12.6095
 12.6095
 12.6095
 12.6095
 12.6095
 12.6095
 12.6095
 12.6095
 12.6095
 12.6095
 0
 0
 0
 0
 0
 0
 0
 0
 0
 0
 0
 0
 0
 0
 0
 0
 0
 0
 0
 0
 0
 0
 0
 0
 0
 0
 0
 0
 0
 0
 0
 0
 0
 0
 0
 0
 0
 0
 0
 0
 0
 0
 0
 0
 0
 0
 0
 0
 0
 0
 0
 0
 0
 0
 0
 0
 0
 0
 0
 0
 0
 0
 0
 0
 0
 0
 0
 0
 0
 0
 0
 0
 0
 0
 0
 0
 0
 0
 0
 0
 0
 0
 0
 0
 0
 0
 0
 0
 0
 0
 0
 0
 0
 0
 0
 0
 0
 0
 0
 0
 0
 0
 0
 0
 0
 0
 0
 0
 0
 0
 0
 0
 0
 0
 0
 0
 0
 0
 0
 0
 0
 0
 0
 0
 0
 0
 0
 0
 0
 0
 0
 0
 0
 0
 0
 0
 0
 0
 0
 0
 0
 0
 0
 0
 0
 0
 0
 0
 0
 0
 0
 0
 0
 0
 0
 0
 0
 0
 0
 0
 0
 0
 0
 0
 0
 0
 0
 0
 0
 0
 0
 0
 0
 0
 0
 0
 0
 0
 0
 0
 0
 0
 0
 0
 0
 0
 0
 0
 0
 0
 0
 0
 0
 0
 0
 0
 0
 0
 0
 0
 0
 0
 0
 0
 0
 0
 0
 0
 0
 0
 0
 0
 0
 0
 0
 0
 0
 0
 0
 0
 0
 0
 0
 0
 0
 0
 0
 0
 0
 0
 0
 0
 0
 0
 0
 0
 0
 0
 0
 0
 0
 0
 0
 0
 0
 0
 0
 0
 0
 0
 0
 0
 0
 0
 0
 0
 0
 0
 0
 0
 0
 0
 0
 0
 10.1489
 10.1489
 10.1489
 10.1489
 10.1489
 10.1489
 10.1489
 10.1489
 0
 5.74456
 5.74456
 5.74456
 5.74456
 5.74456
 5.74456
 5.74456
 5.74456
 5.74456
 5.74456
 5.74456
 5.74456
 5.74456
 5.74456
 5.74456
 5.74456
 5.74456
 5.74456
 5.74456
 5.74456
 5.74456
 5.74456
 5.74456
 5.74456
