 23.3452
 21.0238
 24.5967
 21.1424
 24.2281
 29.5296
 31.1288
 32.6956
 23.1948
 33.541
 31.4802
 32.6956
 33.8674
 30.6431
 31.5911
 27.313
 24.4131
 34.4529
 22.6495
 31.6386
 22.383
 29.0172
 25.7294
 32.218
 31.5119
 27.9643
 34.0147
 27.2213
 27.55
 36.9324
 24.2074
 32.7719
 38.0789
 27.4408
 35.4119
 29.5127
 36.5924
 27
 32.2335
 34.6699
 34.5398
 33.541
 30.5614
 34.0734
 28.7054
 27.0555
 25.318
 37.7359
 36.9324
 26.1151
 37.8153
 39.0512
 24.3721
 24.3721
 0
 37.0945
 40.0874
 27.9643
 26.9444
 28.8444
 28.8444
 0
 36.4417
 35.4683
 30.8545
 31.1448
 16.5227
 32.1403
 35.6931
 31.1288
 34.2783
 16.7631
 21.8403
 31.8591
 35.0571
 36.318
 15.2643
 33.0908
 25.5734
 39.0896
 35.7491
 13.9642
 42
 0
 30.3809
 29.5973
 34.9857
 34.2929
 10.8628
 34.1906
 0
 34.6121
 30.4138
 35.0143
 38.0526
 38.0526
 27.5862
 0
 34.3948
 34.0881
 35.6651
 29.5635
 10.0499
 32.1092
 38.3927
 38.1051
 29.1548
 9.59166
 26.0576
 38.6005
 26.9629
 38
 38
 0
 41.7133
 27.8927
 39.7744
 26.9629
 26.9629
 38.8973
 44.6542
 32.3574
 32.573
 36.0278
 40.4846
 34.9714
 33.7046
 33.7046
 31
 37.9342
 34.641
 40.8167
 29.2746
 44.2606
 41.3038
 37.7757
 37.7757
 0
 42.19
 38.8716
 33.2716
 35.3836
 0
 39.4208
 38.4708
 35.6651
 39.6358
 39.6358
 0
 36.4555
 39.3827
 39.5221
 29.6479
 32.6956
 40.0749
 38.3014
 32.187
 27.8029
 29.5296
 40.5339
 40.025
 31.289
 42.8602
 31.3209
 42.7551
 0
 35.805
 41.6293
 41.4005
 35.819
 28.8964
 28.8964
 39.2938
 36.2491
 37.8682
 38.4838
 45.0999
 33.7194
 37.9868
 40.0375
 47.4658
 41.821
 27.8209
 40.8167
 46
 40.025
 33.0757
 46.4435
 41
 42.3438
 42.3438
 0
 39.3065
 42.0476
 44.8776
 42.3674
 42.3674
 38.1969
 39.7618
 37.1618
 42.332
 42.332
 42.332
 0
 40.0125
 41.7732
 34.7707
 38.4838
 39.0384
 39.0384
 31.4484
 32.1403
 37.4566
 42
 35.7631
 35.7631
 33.0606
 40.8044
 33.8378
 45.8476
 39.128
 39.9124
 46.0543
 46.2817
 46.2817
 0
 40.4475
 38.7685
 43.7607
 46.8935
 28.2489
 37.7227
 41.1339
 40.694
 43.6119
 28.2666
 29.6142
 43.1161
 45.9674
 51.4393
 51.4393
 22.8035
 22.8035
 0
 34.7275
 48.7852
 45.1885
 46.6262
 37.9473
 39.128
 46.0543
 52.0096
 44.7772
 33.6898
 33.6898
 0
 38.7169
 44.0908
 45.9565
 50.1498
 30.6268
 30.6268
 0
 42.5911
 43.795
 48.6621
 44.2719
 27.3313
 27.3313
 0
 34.8138
 36.647
 44.4972
 35.6651
 23.2164
 23.2164
 0
 37.5766
 34
 35.805
 45.5522
 45.5522
 45.5522
 0
 41.7253
 40
 48.4045
 41.7373
 41.7373
 0
 0
 47.7912
 47.8748
 43.6807
 44.5084
 44.5084
 16.6733
 16.6733
 0
 0
 40.4599
 42.3674
 44.3396
 49.8096
 49.8096
 49.8096
 0
 36.524
 47.8435
 47
 49.2646
 49.2646
 49.2646
 0
 47.0319
 35.6511
 50.8822
 48.9183
 48.9183
 48.9183
 0
 0
 0
 49.5379
 42.5911
 42.5911
 51.4684
 48.621
 42.6028
 53.963
 47.3392
 51.9904
 47.7493
 46.5725
 40.939
 37.4032
 49.5681
 41.5933
 38.6005
 36.1386
 42.5558
 45.607
 45.607
 0
 41.9404
 45.1774
 46.7547
 40.5956
 35.623
 35.623
 0
 47.833
 46.0326
 47.9166
 48.0729
 33.9117
 43.1972
 43.1856
 47.55
 52.1632
 44.2945
 48.8262
 37.4433
 48.4665
 48.6518
 39.6232
 39.6232
 36.5513
 49.2138
 50.1896
 48.4045
 37.5233
 37.5233
 0
 0
 41.7253
 50.8134
 50.4381
 30.7896
 0
 0
 0
 0
 0
 0
 49.558
 53.9815
 44.3621
 31.209
 31.209
 0
 48.0521
 49.8498
 48.6518
 56.921
 24.6577
 24.6577
 0
 41.1582
 40.0375
 46.1952
 56.285
 36.8103
 39.4842
 49.5278
 48.1456
 42.638
 47.833
 42.6615
 52.4881
 52.4881
 52.4881
 52.4881
 48.6415
 43.4856
 51
 39.8748
 44.7437
 47.9687
 47.0425
 48.0729
 49.0816
 38.2753
 52.8678
 50.3885
 52.1536
 50.05
 36.6606
 50.5767
 22.0907
 52.259
 52.4881
 51.9615
 43.4971
 43.4971
 0
 0
 0
 0
 46.0435
 0
 48.949
 49.2849
 48.6724
 54.9818
 54.9818
 54.9818
 54.9818
 54.9818
 51.2152
 39.5727
 57.5326
 40
 20.025
 0
 37.8153
 36.318
 60.1415
 53.3198
 10.7703
 0
 43.1741
 48.1456
 54.827
 53.963
 14.4914
 14.4914
 50.4381
 51.2055
 47.0744
 57.8014
 42.7785
 48.816
 44.1475
 49.6185
 13.8564
 49.6387
 47.697
 38.2492
 49.2849
 49.2849
 50.1896
 36.0555
 54.0278
 52.0288
 52.7636
 44.7661
 52.0769
 54.7905
 55.8211
 51.8749
 45.2659
 52.3641
 48.775
 49.8297
 54.3691
 56.4358
 55.6237
 51.4781
 41.4246
 50.4579
 38.4578
 52.2398
 36.9459
 57.9741
 47.2229
 62.3538
 52.345
 45.7493
 51.342
 53.1883
 57.5152
 49.548
 49.1427
 49.548
 52.1344
 52.9906
 47.4025
 39.9875
 49.4672
 47.55
 47.4025
 39.2173
 52.0288
 52.6973
 47.0425
 55.5428
 56.9122
 53.8331
 51.6333
 57.3498
 48.8569
 57.6975
 47.7703
 49.5379
 54.1018
 55.8838
 50.0999
 39.2301
 50.3984
 53.7308
 36.6742
 53.1695
 52.7731
 39.5854
 42.5088
 54.9454
 43.9886
 58.3609
 49.6588
 62.0161
 54.5894
 53.9166
 50.6261
 53.2823
 49.7695
 57.4021
 43.5086
 48.3529
 51.049
 51.4587
 38.4057
 46.7333
 53.0848
 52.5167
 49.3356
 43.1625
 55.0182
 52.3163
 48.9081
 55.1634
 52.7352
 56.6216
 53.8424
 55.7315
 48.6621
 57.7754
 49.9099
 50.4381
 55.7494
 45.4863
 43
 52.9339
 38.5876
 57.8965
 45.6946
 47.4025
 57.1839
 54.626
 53.9815
 54.4059
 59.1016
 50.5371
 58.2323
 53.8424
 51.6914
 52.192
 42.6732
 57.7841
 50.04
 52.8678
 40.1123
 56.4624
 54.7723
 55.5878
 45.0999
 49.1732
 51.9615
 56.0714
 54.2218
 57.1927
 51.7494
 45.1664
 48.734
 52.3355
 55.4887
 53.1225
 42.3792
 57.55
 52.1728
 51.2543
 40.6817
 55.6507
 54.8088
 40.6202
 44.9222
 56.0535
 43.3013
 52.4023
 53.376
 56.9386
 56.2761
 50.01
 56.0625
 58.2752
 50.3587
 52.144
 50.04
 58.3695
 52.7067
 44.7772
 39.4588
 54.1849
 57.6802
 54.1941
 58.3952
 40.9634
 56.4181
 54.4059
 48.4458
 50.6261
 54.3967
 56.1872
 48.1041
 52.144
 50.5767
 58.1292
 49.8096
 50.4381
 45.9456
 47.2969
 39.0256
 43.1856
 52.1536
 52.6023
 45.7056
 52.792
 43.4396
 49.1833
 51.2543
 54.8088
 52.1728
 56.0625
 52.9717
 49.5883
 54
 53.7494
 51.672
 43.4511
 52.7826
 42.3084
 55.857
 53
 46.2061
 56.0535
 55.5248
 50.5272
 58.5918
 54.8999
 54.8999
 54.9545
 50.448
 48.5695
 45.2769
 44.5309
 52.0096
 44.5421
 43.715
 53.8331
 50.2096
 56.9473
 49.95
 50.4183
 53.9907
 57.463
 50.4678
 54.0925
 51.4781
 44.1814
 50.7937
 51.4684
 43.4281
 54.7357
 55.6687
 45.6508
 55.5428
 54.2863
 54.2863
 51.4879
 53.0283
 59.0762
 50.9804
 57.0438
 54.0463
 44.7661
 49.5681
 54.0278
 43.6921
 45.0222
 52.1057
 45.8912
 50.1996
 54.231
 55.3895
 52.1728
 58.438
 54.8452
 56.5243
 54.9727
 50.07
 51.4684
 52.5071
 54.1756
 42.0357
 56.0357
 44.5197
 53.4041
 57.7754
 50.636
 53.0471
 56.3915
 57.0351
 51.1175
 52.4118
 50.448
 47.3181
 56.5243
 46.1411
 53.1131
 45.4423
 45.0555
 57.4195
 49.7795
 49.7795
 51.4781
 58.3866
 52.6973
 55.6507
 56.9473
 52.9811
 52.3163
 50.4381
 54.0093
 48.8057
 49.2037
 56.4712
 56.0714
 46.6476
 56.6745
 56.5774
 51.7784
 50.5272
 56.1872
 64.7765
 50.8429
 57.6281
 54.7631
 49.96
 46.6369
 54.0093
 54.0093
 47.0744
 56.5155
 44.6654
 44.4072
 53.7308
 49.5379
 49.2037
 56.5332
 49.7896
 56.116
 47.9479
 57.6368
 50.1099
 53.9166
 54.7449
 49.8096
 52.7636
 52.8867
 56.9298
 48.1975
 55.2992
 47.3814
 55.7405
 54.9363
 51.1175
 51.8845
 59.3464
 48.5489
 59.1101
 54
 50.8035
 43.8748
 52.1536
 49.4571
 49.4571
 46.3141
 50.448
 50.8429
 61.0246
 54.3691
 46.465
 56.2406
 56.2406
 53.2353
 45
 56.9737
 56.9737
 56.9737
 53.1695
 54.1941
 55.263
 57.7927
 50.2494
 55.8032
 44.7325
 57.5934
 60.9672
 47.4868
 52.3927
 61.3677
 54.4059
 48.1144
 59.6992
 46.669
 50.9902
 53.9259
 42.4853
 53.0754
 49.558
 56.1694
 56.3205
 51.1175
 48.1456
 52.5833
 52.5833
 52.5833
 52.7636
 49.5076
 56.2939
 56.2939
 53.0754
 52.2877
 60.0583
 55.9196
 57.6975
 53.3573
 50.8527
 56.8858
 57.1489
 51.4587
 47.0956
 60.3738
 50.5866
 50.1697
 59.1016
 47.9166
 50.8134
 61.0246
 52.5167
 42.4735
 54.9272
 81.8535
 48.6929
 46.2277
 44.3283
 47.2546
 37.3898
 53.3573
 47.9792
 50.1199
 53.3198
 50.1199
 51.3128
 50.2892
 53.3573
 53.9073
 29.5127
 57.1402
 53.563
 53.563
 49.6085
 50.5767
 59.4054
 45.111
 52.8772
 41.5812
 53.507
 53.507
 56
 47.8435
 0
 44.699
 46.9894
 46.9894
 49.0918
 50.3389
 50.3389
 50.4381
 49.1935
 49.1935
 49.4571
 49.548
 49.548
 47.0213
 53.6656
 53.6656
 43.909
 42.2847
 57.9051
 57.1664
 57.1664
 48.8569
 44.8999
 44.8999
 57.9569
 29.7825
 29.7825
 45.3321
 45.3321
 31.8904
 46.5081
 46.076
 45.5302
 41
 41
 48.816
 42.5441
 44.1701
 44.1701
 55.6507
 55.6507
 55.1725
 42.638
 31.3369
 33.7046
 39.8372
 45.1885
 45.1885
 41.9524
 51.4296
 39.1663
 58.3267
 43.9659
 60.0417
 41.7612
 41.7612
 47.4447
 59.6406
 35.2562
 34.2345
 52.2494
 59.1946
 42.6028
 51.3615
 50.319
