 20.347
 18.412
 22.8254
 22.1811
 27.258
 32.0624
 31.9687
 36.7015
 26.4764
 33.2265
 34.5543
 36.5513
 35.171
 34.2345
 38.7169
 28.0357
 26.9815
 41.2189
 27.8209
 37.4833
 21.7025
 33.2265
 31.289
 33.541
 36.1663
 24.5357
 32.3574
 33.8231
 30.315
 36.3731
 28.0357
 43.6921
 38.0657
 32.4191
 37.4566
 37.4566
 34.2199
 28.8271
 32.665
 37.9473
 35.6791
 37.4032
 31.3369
 31.3369
 31.3369
 28.8791
 25.5147
 25.5147
 38.1838
 28.0713
 39.281
 43.6119
 43.6119
 43.6119
 0
 42.4382
 45.8694
 28.3196
 25.5343
 25.5343
 25.5343
 0
 41.3159
 40.1497
 33.0606
 29.4958
 29.4958
 29.189
 38.4318
 34.2491
 39.9875
 39.9875
 27.8209
 36.6742
 36.973
 42.332
 42.332
 37.3095
 28.0713
 48.0312
 37.0405
 14
 42
 0
 33
 33.0908
 37.9078
 43.3128
 43.3128
 34.1906
 0
 33.3317
 34.7707
 37.55
 40.9878
 0
 27.5862
 0
 36.3318
 36.2077
 38.0526
 34.7707
 34.7707
 32.4346
 40.5463
 38.1182
 31.305
 31.305
 31.305
 41.5452
 27.8388
 41.7493
 0
 0
 42.3084
 28.8791
 43.2088
 22.6936
 0
 44.643
 52.4023
 31.7175
 31.7175
 42.0119
 44.3734
 36.1801
 28.8964
 0
 34.3802
 40.0999
 36.8917
 45.8803
 30.5614
 43.9659
 44.4185
 37.6032
 37.6032
 0
 47.0319
 38.6135
 34.1467
 37.3898
 0
 39.8999
 40.5709
 38.3667
 41.2068
 41.2068
 0
 37.7624
 40.3113
 40.1497
 33
 34.2491
 44.7772
 38.8716
 39.281
 27.8568
 29.7993
 47.0638
 41.2795
 41.2795
 49.4267
 31.4802
 46.0326
 46.0326
 31.4006
 47.2652
 43.6692
 36.428
 36.428
 36.428
 45.0666
 32.28
 39.8748
 39.8748
 49.0408
 39.5348
 40.8044
 37.7624
 51.0098
 51.0098
 31.5436
 42.9185
 51.1077
 39.5095
 35.1426
 52.4976
 42.19
 42.3792
 0
 0
 40.7063
 44.4522
 49.163
 45.3542
 45.3542
 39.6737
 41.3642
 43.1509
 44.2945
 44.2945
 44.2945
 0
 42.6028
 44.2719
 40.1871
 40.4475
 40.4475
 40.4475
 34.4093
 35.805
 39.9625
 45.1774
 45.1774
 45.1774
 32.2025
 41.6773
 35.6651
 52.4309
 35.6651
 41.2432
 42.8719
 50.6656
 50.6656
 50.6656
 42.8135
 38.2099
 50.5767
 48.7134
 48.7134
 43.1277
 43.9659
 43.6692
 46.7226
 46.7226
 35.2987
 46.3141
 48.9898
 54.037
 54.037
 54.037
 54.037
 54.037
 39.1408
 53.3479
 50.9019
 51.2543
 51.2543
 41.9285
 51.0196
 55.6058
 51.7107
 51.7107
 51.7107
 51.7107
 43.8634
 52.0288
 50.2295
 54.6992
 54.6992
 54.6992
 54.6992
 50.1199
 50.8626
 55.3173
 50.02
 50.02
 50.02
 50.02
 42.5676
 41.7373
 48.2597
 42.8719
 42.8719
 42.8719
 0
 39.2301
 39.975
 40.8534
 50.2892
 50.2892
 50.2892
 50.2892
 45.288
 46.0977
 52.5452
 46.2709
 46.2709
 0
 0
 47
 52.1632
 49.2849
 51.614
 51.614
 51.614
 51.614
 51.614
 51.614
 51.1566
 45.8803
 51.7204
 52.6973
 52.6973
 52.6973
 52.6973
 42.4382
 55.7405
 56.2939
 59.8164
 59.8164
 59.8164
 59.8164
 54.9909
 39.1663
 58.3438
 57.1664
 57.1664
 57.1664
 57.1664
 59.95
 58.7622
 58.2752
 46.1844
 46.1844
 58.2838
 56.9912
 47.5605
 60.2246
 54.4059
 59.439
 55.8659
 55.2178
 47.9792
 45.2327
 56.9122
 48.9592
 45.2106
 42.6263
 49.5782
 52.9245
 52.9245
 52.9245
 48.7032
 51.4296
 54.1387
 46.1736
 46.1736
 46.1736
 0
 0
 0
 0
 0
 43.6234
 51.9038
 50.6656
 56.4624
 55.7136
 49.2037
 55.2178
 45.0444
 57.6628
 57.1664
 43.715
 43.715
 43.4856
 57.8273
 57.81
 57.0175
 36.4555
 36.4555
 0
 0
 48.0729
 61.3107
 58.8643
 58.8643
 58.8643
 58.8643
 58.8643
 58.8643
 58.8643
 59.9416
 58.3181
 63.0555
 50.9215
 50.9215
 50.9215
 50.9215
 56.7274
 57.5674
 57
 64.5678
 64.5678
 64.5678
 64.5678
 48.6724
 47.8226
 53.9907
 66.0379
 44.3396
 46.076
 60.349
 58.8303
 51.264
 53.8888
 50.448
 62.6259
 62.6259
 62.6259
 62.6259
 55.7943
 52.345
 63.7495
 45.4533
 56.2761
 57.1839
 54.7631
 58.4038
 56.9649
 49.1528
 61.1228
 57.3847
 60.3075
 58.3095
 46.1302
 59.1016
 59.1016
 61.041
 60.918
 61.6279
 51.303
 51.303
 51.303
 58.66
 64.0859
 64.3351
 53.0471
 53.0471
 59.4727
 58.643
 56.9386
 64.8074
 64.8074
 64.8074
 64.8074
 64.8074
 59.8498
 46.9255
 67.6387
 48.9796
 48.9796
 0
 44.317
 43.5201
 70.4486
 64
 64
 64
 52.1728
 54.7357
 65.123
 64.0312
 64.0312
 64.0312
 57.5065
 62.0322
 56.4712
 71.5612
 49.7192
 60.3407
 55.857
 58.8982
 58.8982
 59.4727
 54.037
 47.2123
 57.836
 57.836
 58.3095
 44.3283
 60.7947
 60.1747
 59.3633
 50.4381
 64.5988
 61.7333
 64.0234
 63.4429
 54.1756
 64.0312
 59.2115
 60.6218
 63.1902
 68.3008
 63.6946
 63.8749
 51.3323
 59.4559
 46.1086
 63.2218
 48.0104
 67.8822
 54.7996
 72.3464
 64.0312
 54.8908
 59.1608
 64.3506
 68.7459
 59.9583
 59.6909
 60.4318
 63.5767
 62.153
 53.479
 48.9285
 60.9262
 56.9034
 54.3047
 47.8748
 60.208
 62.1208
 54.7449
 63.9062
 62.6259
 61.5386
 64.0547
 65.1997
 57.376
 66.7757
 56.8155
 56.9649
 65.4599
 64.4593
 57.9741
 46.9894
 61.9919
 64.4283
 43.6463
 64.3506
 60.5227
 49.5177
 52.3546
 65.7115
 50.5767
 67.6461
 60.8441
 72.1249
 64.8768
 57.4108
 58.3181
 63.7417
 61.3107
 68.3886
 52.7352
 57.9914
 59.9833
 64.3972
 45.2659
 55.0636
 63.1823
 62.6259
 56.3294
 49.5681
 64.3506
 64.0312
 58.2409
 62.6738
 65.284
 64.4593
 61.9112
 63.4744
 60.075
 67.082
 62.3217
 61.1637
 65.3758
 54.8635
 50.547
 64.4748
 48.3115
 66.5132
 53.0566
 55.6327
 66.2344
 65.1767
 59.1016
 64.9461
 68.1396
 58.2752
 68.1909
 62.1369
 63.1031
 61.0819
 55.4256
 68.3008
 62.3699
 62.57
 47.2864
 65.4981
 62.1932
 63.2693
 51.6236
 55.5608
 59.8916
 65.2074
 64.1093
 65.7267
 59.1354
 51.342
 57.4891
 62.9285
 64.5601
 60.9016
 49.8297
 67.7422
 62.1289
 61.1392
 47.4447
 65.3223
 62.3458
 49.6286
 52.8583
 64.8228
 50.6063
 62.482
 58.3181
 68.9057
 66.4981
 57.6281
 65.8331
 69.8069
 59.1608
 60.1581
 59.8331
 69.7854
 61.8547
 57.1227
 50.4381
 62.6817
 65.8255
 63.4823
 65.261
 50.7642
 65.6277
 62.442
 56.5066
 59.2706
 63.4429
 63.8279
 58.9746
 60.0999
 59.9667
 66.2118
 59.6657
 62.0161
 53.2635
 53.8795
 45.8476
 52.1249
 63.9062
 63.9062
 52.4404
 62.0886
 49.0408
 56.5509
 55.8032
 65.437
 57.4369
 69.3181
 61.9597
 62.0645
 63.1031
 63.2535
 60.7783
 52.2111
 62.9444
 50.1597
 65.1537
 62.7375
 54.0093
 66.2646
 63.4744
 59.95
 67.5796
 62.8013
 62.8013
 64.436
 60.349
 56.5066
 54.9181
 49.98
 62.57
 53.4603
 50.892
 64.0469
 58.3095
 66.7683
 55.0727
 59.9917
 60.9754
 69.3253
 63.1744
 62.8649
 60.8605
 53.9166
 60.7289
 61.563
 52.3068
 63.8514
 64.3428
 53.0094
 65.7951
 63.8044
 63.8044
 58.4637
 61.2372
 68.1102
 57.6281
 65.4217
 61.7657
 50.2096
 58.3609
 62.3699
 50.02
 51.9904
 61.0737
 51.9038
 59.1693
 65.4294
 61.7009
 63.4744
 68.8767
 62.849
 69.3614
 67.1118
 61.7333
 64.8306
 62.5939
 63.773
 51.6527
 67.1044
 52.9811
 63.3798
 70.1142
 59.3633
 65.4523
 65.7571
 67.1044
 61.6685
 61.709
 58.6686
 54.5802
 67.4685
 51.6527
 65.6658
 51.4684
 50.2295
 66.242
 57.7754
 57.7754
 57.4021
 68.7168
 60.8933
 62.7774
 70.8449
 62.8411
 65.3452
 61.5305
 64.9307
 64.9307
 59.975
 66.7158
 65.4294
 53.3479
 64.9692
 66.6258
 57.3324
 63.7338
 65.6963
 65.6963
 60.8851
 67.8454
 62.1932
 62.6099
 55.2811
 64.436
 64.436
 57.3847
 70.278
 50.8331
 48.9285
 63.7809
 57.1314
 54.3691
 67.6387
 59.1861
 61.709
 59.279
 70.4628
 60.05
 63.4508
 63.3246
 61.1719
 66.2571
 62.9921
 67.3276
 57.2975
 67.3127
 56.4004
 65.7723
 67.72
 60.5723
 62.6418
 69.9571
 57.6888
 68.4105
 62.5779
 62.7375
 49.2443
 64.7765
 55.0273
 55.0273
 55.4617
 59.7662
 57.6368
 74.0608
 60.05
 58.4808
 71.4143
 71.4143
 59.4054
 58.0172
 71.4703
 71.4703
 71.4703
 63.4665
 65.1997
 65.3835
 67.9779
 59.6992
 66.9851
 53.0189
 72.3187
 71.9931
 56.6922
 63.726
 72.8354
 62.3298
 56.1783
 69.9929
 55.254
 63.4508
 62.5859
 51.6333
 60.2827
 63.2139
 70.4202
 66.5056
 54.6992
 54.461
 62.5859
 62.5859
 62.5859
 58.2495
 62.0645
 67.6535
 67.6535
 61.7333
 64.6375
 71.5681
 65.5515
 69.5557
 64.405
 57.5934
 67.6757
 68.2056
 64.2962
 52.2685
 70.9648
 58.2409
 60.8358
 70.4202
 54.8544
 61.0492
 70.7036
 62.6259
 50.8724
 63.1348
 96.0573
 55.9911
 47.8644
 50.5964
 55.6417
 47.4552
 58.4466
 58.0086
 53.7494
 63.1348
 64.3817
 61.3677
 62.2093
 64.1015
 66.9029
 37
 68.775
 66.6708
 66.6708
 61.7495
 59.397
 70.7602
 53.1037
 59.203
 48.9081
 59.9917
 59.9917
 67.2458
 54.7631
 54.7631
 49.6185
 60.8358
 60.8358
 62.2334
 64.622
 64.622
 56.5597
 60.2329
 60.2329
 61.0246
 57.3934
 57.3934
 48.7545
 63.4114
 63.4114
 51.0294
 53.7494
 69.8856
 68.0147
 68.0147
 57.6021
 52.1632
 52.1632
 67.7791
 40.4722
 40.4722
 48.949
 48.949
 38.0789
 49.3457
 56.7715
 51.4198
 41.7013
 41.7013
 55.5518
 40.8289
 47.2969
 47.2969
 64.9923
 64.9923
 67.0522
 46.465
 38.2099
 40.0125
 39.9625
 49.4672
 49.4672
 47.8017
 58.9152
 49.4368
 67.6092
 52.6783
 65.7495
 50.4678
 50.4678
 57.6541
 65.8331
 42.9651
 41.8569
 63.3404
 68.3447
 50.7642
 50.9902
 61.4248
