 12.8841
 7.07107
 11.7898
 18.7617
 20.7123
 21.4476
 18.8149
 23.1517
 18.6548
 20.5913
 24.96
 20.9045
 22.1811
 20.9045
 24.3311
 22.9129
 22.7816
 27.1477
 22.4944
 23.388
 11.7898
 25.923
 19.2094
 20.8327
 25.632
 14.7309
 21.4709
 23.0651
 23.8118
 19.975
 22.9347
 31.0966
 21.4942
 22.2486
 23.388
 23.388
 20.1742
 21.4709
 22.9783
 20.9762
 19.105
 23.3452
 26.0384
 26.0384
 26.0384
 25.3969
 19.7737
 19.7737
 21.0238
 22.7816
 22.9347
 26.0768
 26.0768
 26.0768
 0
 24.8998
 27.6406
 18.4662
 14.7648
 14.7648
 14.7648
 0
 26.2488
 26.4386
 22.7816
 13.2288
 13.2288
 17.0587
 23.4307
 24.0832
 27.7128
 27.7128
 26.3629
 24.8193
 21.5174
 27.8209
 27.8209
 26.4953
 22.8035
 30.7409
 21.4476
 12.6886
 38.8587
 0
 20.3961
 26.4764
 25.318
 30.4138
 30.4138
 31.9061
 0
 18.303
 24.1247
 24.5357
 23.622
 23.622
 23.2379
 0
 22.8035
 25.632
 22.9129
 23.8118
 23.8118
 24.5967
 23.6643
 20.8806
 23.0868
 23.0868
 23.0868
 25.7876
 27.037
 24.4745
 24.4745
 24.4745
 23.4521
 20.9284
 28.3725
 13.4907
 13.4907
 27.6043
 29.95
 16.8523
 16.8523
 30.4138
 27.6767
 20.9284
 13.7113
 0
 27.7128
 24.6779
 21.4476
 28.688
 22.2711
 24.2074
 27.7489
 22.1133
 22.1133
 0
 28.9482
 23.6008
 22.7816
 25
 0
 21.7486
 26.4953
 24.6982
 22.5389
 22.5389
 0
 24.1661
 23.3238
 23.8118
 25.7682
 22.1585
 25.6515
 27.037
 31.3369
 19.4679
 26.096
 27.6225
 23.388
 23.388
 28.8791
 23.6432
 25.2982
 25.2982
 15.6205
 30.4138
 26.7955
 22.7376
 22.7376
 22.7376
 29.5973
 16.7332
 24.8193
 24.8193
 28.3373
 29.4618
 26.4197
 20.3224
 29.7658
 29.7658
 26.7395
 25.8457
 30.7409
 21.5174
 24.5764
 33.3467
 26.7395
 24.0208
 0
 0
 24.1039
 28.0179
 29.6985
 25.0799
 25.0799
 27.2397
 24.5967
 29.8998
 25.04
 25.04
 25.04
 0
 30.7896
 26.0768
 29.3598
 24.6982
 24.6982
 24.6982
 25.04
 31.6386
 28.3196
 26.5141
 26.5141
 26.5141
 20.9762
 23.0434
 26.8514
 30.1164
 17.4929
 25.04
 22.2036
 28.4077
 28.4077
 0
 25.219
 20.9762
 31.9374
 28.4253
 28.4253
 31.5911
 27.258
 26.0768
 28.5482
 28.5482
 29.8831
 25.7876
 28.9137
 32.0468
 0
 0
 0
 0
 26.0384
 30.8221
 31.1127
 30.8545
 30.8545
 25.219
 30.7409
 31.4802
 32.7414
 32.7414
 32.7414
 0
 27.9821
 34.0588
 30.1828
 32.187
 32.187
 32.187
 0
 35.4401
 32.3265
 36.9459
 30.692
 30.692
 30.692
 0
 34.5977
 31.0966
 27.6225
 30.7409
 30.7409
 30.7409
 0
 27.6406
 31.8591
 29.189
 29.6142
 29.6142
 29.6142
 0
 28.3901
 29.4109
 30.7734
 28.2666
 28.2666
 0
 0
 26.1151
 30.7734
 29.9165
 32.4191
 32.4191
 32.4191
 32.4191
 0
 0
 34.3366
 32.0312
 33.0606
 29.1376
 29.1376
 29.1376
 0
 33.2566
 35.1283
 35.7771
 37.0945
 37.0945
 37.0945
 0
 35.426
 27.9821
 35.2846
 36.5924
 36.5924
 36.5924
 0
 37.4032
 35.9166
 36.9594
 27.2764
 27.2764
 34.7131
 37.7094
 29.5466
 35.3977
 33.1059
 37.2693
 38.8072
 36.5103
 34.3802
 37.7492
 37.4166
 30.3315
 32.6803
 36.3318
 35.7211
 31.4802
 31.4802
 0
 35.1994
 33.5708
 32.078
 34.9285
 34.9285
 34.9285
 0
 36.0139
 34.8855
 34.0441
 30.8707
 31.5753
 36.0139
 33.7787
 37.4032
 32.6037
 29.3769
 33.7343
 33.8969
 36.565
 36.3043
 27.4591
 27.4591
 33.4216
 35.8748
 36
 35.4119
 22.3159
 22.3159
 0
 38.8973
 33.0454
 38.1707
 35.609
 35.609
 0
 0
 0
 0
 0
 36.9594
 37.4433
 38.5876
 31.5278
 31.5278
 31.5278
 0
 37.4299
 35.171
 38.1051
 37.7492
 37.7492
 37.7492
 0
 38.2492
 36.2767
 31.8904
 40.7799
 36.8511
 33.541
 40.8167
 37.1214
 37.108
 33.1059
 37.108
 36.565
 36.565
 0
 0
 36.2629
 34.8999
 40.0874
 35.4965
 38.1707
 37.6696
 37.3095
 39.5221
 37.1349
 38.1051
 36.524
 35.2136
 37.9342
 36.3043
 37.108
 37.4433
 37.4433
 38.1576
 37.1753
 38.1182
 34.5977
 34.5977
 0
 38.5097
 38.9102
 38.7814
 33.3017
 0
 36.4966
 38.092
 38.9358
 40.1123
 0
 0
 0
 0
 33.9559
 38.2623
 42.332
 37.7227
 37.7227
 0
 36
 37.6829
 44.2945
 37.1483
 37.1483
 0
 38.7685
 34.9285
 41.5572
 37.0135
 37.0135
 37.0135
 36.7831
 37.3363
 36.4692
 45.5961
 40.0749
 40.8656
 38.4838
 41.2068
 41.2068
 38.7427
 37.4833
 39.9875
 37.1887
 37.1887
 36.0694
 36.9594
 35.4401
 39.0256
 36.9188
 34.6843
 43.1625
 38.8458
 39.598
 40.8534
 35.2136
 41.2916
 41.6293
 38.8072
 38.5227
 40.5339
 39.0768
 39.5474
 41.7852
 39.0896
 36.8917
 39.0128
 41.4849
 42.6146
 35.805
 43.4396
 39.3446
 39.8497
 38.1707
 40.05
 42.9535
 39.1791
 41.2068
 40.694
 42.5793
 39.5474
 38.5746
 39.6485
 40.3856
 36.8375
 38.9872
 38.4968
 37.1483
 40.6571
 37.1214
 38.923
 37.1753
 39.0256
 41.6173
 41.5692
 36.0416
 40
 40.2119
 36.5924
 40.694
 39.2428
 36.3043
 39.8873
 40.1622
 39.6863
 38.1838
 40.4228
 36.0832
 38.7427
 39.4208
 40.8289
 35.2278
 42.0476
 39.8748
 44.2719
 40.4475
 35.2278
 38.7169
 41.1947
 40.2616
 42.9767
 39.2938
 37.4566
 37.6829
 42.9185
 37.6563
 42.0238
 40.398
 37.7359
 39.8999
 37.1349
 40.4722
 41.9762
 38.3406
 37.4833
 42.4146
 39.281
 39.0256
 39
 42.8952
 40.0999
 40.8901
 39.7115
 41.3642
 41.4849
 38.1576
 38.6911
 39.8873
 39.2556
 37.6563
 39.8623
 38.3536
 40.9023
 34.176
 39.7115
 39.281
 36.6879
 40.8901
 39.0256
 41.9762
 39.4208
 40.6817
 41.6173
 39.8372
 39.2683
 41.1339
 42.4735
 37.0945
 38.8201
 37.9342
 38.7814
 36.8239
 40.0625
 43.1045
 38.5227
 36.5103
 37.1214
 40.6817
 41.4488
 40.1123
 38.2099
 42.0357
 40.5586
 39.8246
 38.923
 39.2173
 39.5601
 35.6371
 37.6431
 39.0256
 38.1707
 36.318
 41.6053
 34.3802
 42.4028
 41.1704
 37.3363
 42.3674
 41.9524
 40.9268
 39.8497
 39.0512
 41.833
 38.5616
 44.2267
 43.6463
 38.8201
 39.1152
 38.5616
 41.7852
 40.2368
 39.37
 39.37
 39.5854
 38.1707
 40.4599
 40.0125
 39.6232
 41.3038
 39.1791
 39.7995
 40.8289
 40.4599
 43.6463
 36.8511
 40.9268
 40.05
 40.5093
 40.5093
 40.9634
 37.9737
 36.565
 38.4448
 35.242
 41.3038
 36.3456
 44.6318
 41.7253
 44.6094
 42.4028
 39.5348
 39.2428
 41.0122
 38.7298
 39.2301
 39.3827
 40.1373
 38.4708
 40.9023
 40.025
 39.1918
 39.0512
 43.9431
 43.9431
 40.0375
 38.8072
 41.2068
 40.4722
 38.4057
 40.0625
 40.8901
 38.5616
 38.1838
 38.223
 41.2068
 36.4966
 39.4081
 38.1969
 43.0929
 42.8952
 43.3935
 38.7685
 41.2432
 40.0375
 38.7943
 40.2865
 40.4104
 38.2884
 38.1576
 40.4722
 39.7115
 0
 37.3497
 40.8412
 41.2674
 42.332
 40.0999
 40.0749
 39.8748
 39.4081
 39.4462
 40.3733
 39.3192
 37.3229
 38.7814
 40.6817
 39.4335
 39.5854
 41.1704
 41.7732
 42.4264
 42.8836
 42.3202
 43.1856
 41.7852
 39.6737
 39.6737
 42.9767
 42
 40.6571
 38.9487
 45.4423
 41.0244
 45.5302
 40.8044
 41.7133
 43.9773
 40.0375
 40.8044
 41.7253
 42.8952
 39.1024
 41.7971
 41.4246
 37.6298
 41.0731
 43.382
 43.382
 38.1969
 42.0833
 39.8999
 40.398
 45.1221
 42.6028
 46.7333
 44.2606
 42.9418
 42.9418
 44.2606
 43.3705
 41.9643
 40.5832
 41.5331
 43.1393
 39.7492
 45.4092
 40.7799
 40.7799
 45.0555
 41.7612
 42.4735
 43.3244
 45.3321
 41.9881
 0
 43.9659
 44.3058
 41.4246
 38.7685
 39.0256
 41.7373
 38.2492
 41.7971
 41.5211
 38.5487
 41.8091
 43.1856
 38.4838
 44.7102
 43.4396
 45.0888
 43.1393
 39.5854
 40.7063
 43
 43.4971
 43.1509
 43.2435
 42.3674
 42.3792
 46.6798
 41.2795
 44.238
 41.7373
 40.694
 46.2169
 40.4722
 44.643
 42.6146
 42.7551
 43.2088
 40.1373
 41.4849
 41.6293
 39.1152
 44.4072
 46.3141
 46.3141
 38.5357
 42.0238
 46.9894
 46.9894
 0
 43.1972
 46.7226
 40.9512
 42.0238
 45.0999
 43.0929
 41.5452
 47.0106
 41.5812
 42.4264
 47.0532
 41.9881
 42.0595
 45.6508
 44.1248
 43.8292
 45.4092
 40.4475
 45.299
 45.0666
 44.0681
 44.317
 43.1277
 36.565
 41.1825
 44.4185
 44
 0
 38.5227
 43.3935
 43.9773
 0
 43.1277
 42.3084
 45.6508
 43.2319
 46.4543
 42.9302
 38.3797
 40.0625
 44.317
 45.111
 38.4968
 42.391
 42.5793
 47.0213
 42.4735
 43.1509
 42.3438
 42.7317
 41.7493
 42.6146
 44.3734
 37.5899
 45.1442
 33.3017
 42.5676
 40.4722
 38.4838
 39.37
 42.7785
 37.855
 45.607
 43.1509
 43.9318
 39.1024
 43.6348
 43.5431
 27.5862
 40.4104
 44.3734
 44.3734
 46.6476
 46.1302
 40.8779
 41.2189
 40.8412
 41.8091
 42.6028
 27.0555
 42.9302
 44.2945
 44.2945
 40.1746
 46.5725
 21.0238
 40.5463
 44.7214
 29.5635
 37.5899
 40.1123
 32.4808
 40.0874
 40.1373
 36
 36.4143
 40.3733
 29.5296
 39.281
 30.7409
 43.1277
 41.7373
 32.6803
 40.0874
 43.1161
 34.7851
 41.1582
 38.1051
 33.8378
 38.1707
 39.4842
 32.8481
 39.975
 40.0375
 28.9482
 40.6202
 40.6202
 37.0675
 40.6448
 39.3065
 33.7343
 40.9756
 40.9756
 37.7094
 41.1947
 37.7359
 34.6699
 37.4967
 39.9375
 36.1248
 31.3847
 44.0227
 35.4401
 44.2267
 34.5977
 39.3319
 38.1576
 33.8231
 36.9324
 37.47
 36.2491
 36.9865
 42.3792
 43.7493
 37.4166
 39.5095
 39.4208
