 7.34847
 4.12311
 6.63325
 6.63325
 6.63325
 6.63325
 6.63325
 6.245
 6.245
 6
 6
 6
 2.44949
 2.44949
 2.44949
 2.64575
 5.09902
 5.09902
 4.3589
 4.3589
 3.87298
 3.87298
 6.08276
 0
 0
 0
 0
 0
 0
 5.74456
 1.73205
 1.73205
 4.58258
 1.41421
 1.41421
 1.41421
 1.41421
 1.41421
 1.41421
 2.44949
 1.73205
 1.73205
 1.73205
 1.73205
 0
 0
 0
 0
 0
 0
 0
 5.09902
 0
 0
 0
 0
 0
 4.79583
 3.87298
 0
 0
 0
 0
 0
 0
 3.31662
 0
 6.55744
 6.55744
 6.55744
 6.55744
 6.55744
 0
 0
 0
 0
 0
 2.23607
 2.23607
 2.23607
 2.23607
 2.23607
 0
 0
 2.44949
 5.2915
 5.2915
 5.2915
 0
 0
 0
 6.16441
 5.09902
 5.09902
 5.09902
 0
 0
 0
 4.24264
 4.24264
 0
 4.3589
 0
 3.74166
 3.31662
 3.31662
 0
 0
 0
 0
 0
 0
 0
 6.16441
 6.16441
 6.63325
 6.63325
 6.245
 0
 0
 4.24264
 6.16441
 6.16441
 6.16441
 6.16441
 6.16441
 6.48074
 0
 0
 0
 0
 0
 2.44949
 10.0499
 10.0499
 10.0499
 0
 0
 0
 0
 2.44949
 2.44949
 0
 4.47214
 4.47214
 5.65685
 5.65685
 0
 0
 0
 0
 6
 5.65685
 5.65685
 5.2915
 2.44949
 2.44949
 5.74456
 3.4641
 3.4641
 0
 0
 0
 3.4641
 3.87298
 1.73205
 6.16441
 6.16441
 1.73205
 1.73205
 1.73205
 6
 6
 4.89898
 4.89898
 4.89898
 4.89898
 0
 0
 0
 0
 0
 4.24264
 4.24264
 4.24264
 5.47723
 5.47723
 5.47723
 5.47723
 5.47723
 5.47723
 13.5277
 13.5277
 13.5277
 3
 3
 3
 3
 3
 2.82843
 2.82843
 0
 0
 0
 0
 5.09902
 5.19615
 3.31662
 3.31662
 14.7986
 0
 2.44949
 0
 5.38516
 5.38516
 0
 6.16441
 5.19615
 1.41421
 3.4641
 7.28011
 2.44949
 5.19615
 5.19615
 0
 0
 3.31662
 5.47723
 5.47723
 5.47723
 0
 3.4641
 3.4641
 5.38516
 5.38516
 0
 0
 0
 5
 5
 5
 0
 0
 0
 3.31662
 3.31662
 3.31662
 3.31662
 0
 2.44949
 2.44949
 2.44949
 2.44949
 2.44949
 0
 0
 1.73205
 1.73205
 1.73205
 1.73205
 0
 0
 0
 0
 0
 0
 0
 0
 0
 0
 4.47214
 3
 3.16228
 3.16228
 0
 0
 0
 4.24264
 2.44949
 2.44949
 2.44949
 0
 0
 0
 3.31662
 5.65685
 5.65685
 6.16441
 0
 0
 0
 4.89898
 4.89898
 4.89898
 4.89898
 4.89898
 0
 0
 0
 0
 4.47214
 4.47214
 4.47214
 3.4641
 0
 0
 0
 0
 1.73205
 1.73205
 1.73205
 0
 0
 0
 0
 0
 3.31662
 1.41421
 0
 0
 0
 0
 0
 0
 0
 0
 0
 0
 0
 0
 0
 0
 0
 1.41421
 3.4641
 3.31662
 3.31662
 1.73205
 0
 0
 4.24264
 4.24264
 0
 0
 1.41421
 1.41421
 1.41421
 0
 0
 0
 0
 0
 1.73205
 1.73205
 2.44949
 3.31662
 2.44949
 2.82843
 2.82843
 3
 5.09902
 3
 3
 3
 3
 4.24264
 0
 0
 0
 1.73205
 1.73205
 3.31662
 0
 0
 0
 0
 0
 4.24264
 0
 0
 0
 0
 0
 0
 0
 0
 4.24264
 4.24264
 0
 0
 0
 0
 3.31662
 3.31662
 3.31662
 0
 0
 0
 0
 0
 1.73205
 1.73205
 1.73205
 2.44949
 2.44949
 2.44949
 4.89898
 4.89898
 1.41421
 1.41421
 0
 0
 0
 0
 3.4641
 3.4641
 2.23607
 2.23607
 2.44949
 2.44949
 2.44949
 2.44949
 2.44949
 2.44949
 2.44949
 2.44949
 2.44949
 2.44949
 2.44949
 2.44949
 2.44949
 2.44949
 2.44949
 3.31662
 0
 0
 0
 0
 1.73205
 5.65685
 0
 0
 0
 0
 0
 0
 0
 0
 0
 4.89898
 0
 0
 0
 0
 0
 0
 0
 0
 0
 0
 0
 1.41421
 1.41421
 1.41421
 1.41421
 0
 0
 0
 0
 2.44949
 2.44949
 2.44949
 2.44949
 2.44949
 2.44949
 0
 0
 2.23607
 2.23607
 2.23607
 0
 0
 0
 0
 0
 0
 0
 0
 2.23607
 2.23607
 2.23607
 2.23607
 2.23607
 2.23607
 2.23607
 2.23607
 0
 5.09902
 5.09902
 5.09902
 5.09902
 5.09902
 5.09902
 1.41421
 1.41421
 1.41421
 1.41421
 0
 0
 0
 0
 0
 4.47214
 4.47214
 4.47214
 4.47214
 4.47214
 1.73205
 1.73205
 1.73205
 1.73205
 1.41421
 1.41421
 1.41421
 1.41421
 1.41421
 1.41421
 1.41421
 1.41421
 1.41421
 1.41421
 1.41421
 1.41421
 5.19615
 5.19615
 5.19615
 5.19615
 5.19615
 5.19615
 5.19615
 5.19615
 5.19615
 5.19615
 1.41421
 1.41421
 4.24264
 4.24264
 4.24264
 4.24264
 4.24264
 4.24264
 4.24264
 4.24264
 4.24264
 4.24264
 4.24264
 4.24264
 4.24264
 4.24264
 4.24264
 4.24264
 4.24264
 4.24264
 4.24264
 4.24264
 1.41421
 1.41421
 1.41421
 1.41421
 1.41421
 1.41421
 1.41421
 1.41421
 1.41421
 1.41421
 1.41421
 1.41421
 1.41421
 1.41421
 0
 0
 0
 3.31662
 3.31662
 3.31662
 3.31662
 3.31662
 3.31662
 3.31662
 3.31662
 3.31662
 3.31662
 3.31662
 3.31662
 3.31662
 3.31662
 4.24264
 4.24264
 4.24264
 4.24264
 4.24264
 4.24264
 4.24264
 4.24264
 4.24264
 4.24264
 4.24264
 4.24264
 4.24264
 4.24264
 4.24264
 4.24264
 5.09902
 5.09902
 5.09902
 5.09902
 5.09902
 5.09902
 0
 0
 0
 0
 2.44949
 2.44949
 2.44949
 2.44949
 2.44949
 2.44949
 2.44949
 3
 2.44949
 2.44949
 2.44949
 2.44949
 2.44949
 2.44949
 2.44949
 2.44949
 2.44949
 2.44949
 2.44949
 2.44949
 2.44949
 2.44949
 2.44949
 2.44949
 2.44949
 2.44949
 2.44949
 2.44949
 2.44949
 2.44949
 2.44949
 2.44949
 2.44949
 2.44949
 2.44949
 2.44949
 2.44949
 2.44949
 2.44949
 2.44949
 2.44949
 2.44949
 0
 0
 3.4641
 3.4641
 3.4641
 3.4641
 3.4641
 3.4641
 3.4641
 3.4641
 3.4641
 3.4641
 3.4641
 3.4641
 3.4641
 3.4641
 3.4641
 3.4641
 3.4641
 3.4641
 3.4641
 3.4641
 3.4641
 3.4641
 3.4641
 0
 0
 0
 0
 0
 0
 0
 0
 0
 0
 0
 0
 0
 0
 0
 0
 0
 0
 0
 0
 0
 0
 0
 0
 0
 0
 0
 0
 0
 0
 0
 0
 0
 0
 0
 0
 0
 0
 0
 0
 0
 0
 0
 0
 0
 0
 0
 0
 0
 0
 0
 0
 0
 0
 0
 0
 0
 0
 0
 0
 0
 0
 0
 0
 0
 0
 0
 0
 0
 0
 0
 0
 0
 0
 0
 0
 0
 0
 0
 0
 0
 0
 0
 0
 0
 0
 0
 0
 0
 0
 0
 0
 0
 0
 0
 0
 0
 0
 0
 0
 0
 0
 0
 0
 0
 0
 0
 0
 0
 0
 0
 0
 0
 0
 0
 0
 0
 0
 0
 0
 0
 0
 0
 0
 0
 0
 0
 0
 0
 0
 0
 0
 0
 0
 0
 0
 0
 0
 0
 0
 0
 0
 0
 0
 2
 2
 2
 2
 0
 0
 0
 0
 0
 0
 0
 0
 0
 0
 0
 0
 0
 0
 0
 0
 0
 0
 0
 0
 0
 0
 0
 0
 0
 0
 0
 0
 0
 0
 0
 0
 0
 0
 0
 0
 0
 0
 0
 0
 0
 0
 0
 0
 0
 0
 0
 0
 0
 0
 0
 0
 0
 0
 0
 0
 0
 0
 0
 0
 0
 0
 0
 0
 0
 0
 0
 0
 0
 0
 0
 0
 0
 0
 0
 0
 0
 0
 0
 0
 0
 0
 0
 0
 0
 0
 0
 0
 0
 0
 0
 0
 0
 0
 0
 0
 0
 0
 0
 0
 0
 0
 0
 0
 0
 0
 0
 0
 0
 0
 0
 0
 0
 0
 0
 0
 8.12404
 8.12404
 8.12404
 8.12404
 8.12404
 8.12404
 8.12404
 8.12404
 8.12404
 13.2288
 13.2288
 13.2288
 13.2288
 13.2288
 13.2288
 13.2288
 13.2288
 13.2288
 13.2288
 13.2288
 13.2288
 13.2288
 13.2288
 13.2288
 13.2288
 13.2288
 13.2288
 13.2288
 13.2288
 13.2288
 13.2288
 13.2288
 13.2288
