 307.005
 0
 15.1327
 18.3303
 27.4408
 32.8329
 23.8328
 30.4631
 28.5657
 24.3516
 30.2985
 35.0286
 32.665
 30.5123
 28.6531
 31.6544
 28.6531
 22.7816
 30.4138
 25.2982
 21.6564
 26.533
 33.0454
 32.4654
 34.1321
 22.5832
 31.305
 29.7321
 26.7582
 20.9762
 29.1204
 30.3809
 26.0384
 33.5559
 20.2731
 20.2731
 23.4734
 23.4734
 28.3196
 36.9053
 35.805
 32.4346
 33.0606
 33.0606
 33.0606
 29
 26.1916
 26.1916
 24.0624
 30.1993
 22.6053
 35.623
 35.623
 0
 0
 27.8209
 31.4166
 30.249
 26.1534
 26.1534
 0
 0
 30.3974
 31.209
 33.0757
 31.305
 31.305
 27.8029
 36.2215
 31.0644
 34.0734
 34.0734
 28.9482
 28.2843
 30.4631
 39.6611
 39.6611
 38.7169
 29.95
 28.0713
 22.6716
 17.5214
 0
 49.558
 33.4664
 36.5103
 27.9285
 32.4191
 32.4191
 0
 40.6694
 35.7211
 38
 30.7896
 33.0151
 33.0151
 0
 33.1059
 36.5103
 35.426
 34.1906
 36.8511
 36.8511
 34.1614
 41.8688
 29.5466
 33.541
 33.541
 33.541
 28.6531
 29.3087
 41.9166
 41.9166
 41.9166
 33.9411
 30.5778
 32.187
 23.8956
 23.8956
 34.2929
 37.3363
 33.4365
 33.4365
 39.2046
 33.0303
 36.0139
 28.7054
 28.7054
 35.4542
 34.0734
 30.5614
 34.8425
 33.5857
 29.7321
 41.1461
 23.4734
 0
 0
 46.7012
 25.2389
 32.909
 27.7849
 27.7849
 39.7492
 28.8097
 40.05
 27.8209
 0
 0
 37.9868
 32.4962
 39.1024
 40.0999
 36.9594
 39.9625
 40.2989
 44.699
 31.225
 33.1512
 31.3688
 41.7493
 41.7493
 34.7419
 34.5832
 45.288
 45.288
 31.289
 38.4968
 40.9268
 36.4692
 36.4692
 36.4692
 40.2865
 36.5787
 39.4462
 39.4462
 33.8674
 41.4005
 36.5513
 30.8545
 33.9853
 33.9853
 33.9559
 30.4302
 36.4966
 26.0768
 36.3043
 45.1885
 28.7576
 27.8209
 0
 0
 40.8289
 34.9285
 46.1519
 32.1559
 32.1559
 36.2905
 41.7732
 47.085
 35.1568
 35.1568
 0
 0
 43.2897
 40.4228
 42.6028
 38.7298
 38.7298
 38.7298
 34.9571
 36.5787
 43.4741
 34.9142
 34.9142
 0
 34.8281
 41.7852
 37.8814
 35.8469
 35.7071
 41.4005
 42.6966
 36.5377
 0
 0
 42.72
 38.2623
 44.5197
 46.2385
 46.2385
 44.4297
 42.0951
 43.6807
 41.2795
 41.2795
 39.4208
 35.9722
 35.7631
 34.8999
 0
 0
 0
 0
 40.0749
 39.0896
 37.3631
 37.5899
 37.5899
 42.6263
 38.2753
 44.3283
 40.8779
 40.8779
 0
 0
 42.6615
 48.1041
 43.5546
 48.8365
 48.8365
 0
 0
 0
 48.775
 55.1271
 42.2137
 42.2137
 0
 0
 43.4741
 47.1487
 38.1707
 42.6966
 42.6966
 0
 0
 46.4327
 44.1475
 42.0833
 34.9142
 0
 0
 0
 45.3982
 48.4252
 40.8289
 42.1782
 0
 0
 0
 46.0652
 45.2106
 49.5177
 51.2933
 51.2933
 51.2933
 51.2933
 51.2933
 51.2933
 52.4023
 44.5197
 48.7545
 48.2908
 0
 0
 0
 44.8553
 47
 46.2061
 49.2443
 0
 0
 0
 42.9535
 39.2301
 44.1022
 41.9404
 0
 0
 0
 47.5815
 46.9787
 48.6518
 45.2438
 0
 0
 49.5883
 47.7912
 52.3259
 48.4149
 56.5243
 55.8301
 54.0278
 48.6518
 48.7442
 58.5064
 43.4626
 48.9387
 50.03
 50.4083
 37.8814
 0
 0
 0
 49
 42.9302
 53.3198
 53.3198
 53.3198
 53.3198
 55.6058
 54.0093
 48.621
 51.4393
 44.486
 53.1695
 49.5984
 54.3231
 55.7315
 50.1398
 55.5608
 46.4758
 45.7165
 45.5192
 44.2154
 0
 46.594
 42.2137
 49.7996
 43.1856
 36.1663
 0
 0
 47.8644
 46.3573
 49.5782
 44.8442
 44.8442
 0
 0
 0
 0
 0
 0
 0
 49.97
 51.2835
 51.2835
 51.2835
 51.2835
 56.4447
 51.049
 57.6368
 54.2494
 54.2494
 54.2494
 54.2494
 50.705
 49.4874
 45.793
 60.8112
 52.1632
 48.9898
 61.0492
 45.1442
 54.5894
 51.4587
 57.7927
 48.3115
 0
 0
 0
 0
 0
 0
 0
 0
 0
 0
 0
 0
 0
 49.94
 56.5685
 58.4038
 43.3128
 52.7162
 43.9204
 43.9204
 49.8598
 52.3546
 49.8799
 51.3128
 51.3128
 51.3128
 53.0754
 55.6597
 48.3011
 54
 54
 55.4256
 57.376
 56.648
 51.449
 51.449
 51.449
 51.449
 51.449
 48.949
 51.5461
 57.2014
 49.5984
 49.5984
 49.5984
 48.9285
 51.3615
 62.5939
 46.1952
 46.1952
 46.1952
 58.532
 55.2992
 65.3146
 48.6004
 48.6004
 0
 0
 0
 0
 0
 0
 0
 0
 0
 0
 49.4065
 61.4085
 50.636
 49.8397
 0
 43.5201
 54.2218
 59.9166
 45.5741
 49.5681
 56.0535
 55.2087
 62.0403
 55.6237
 56.648
 55.6417
 57.6021
 60.0083
 56.7891
 59.9166
 52.5071
 53.619
 52.0769
 54.1849
 60.8933
 56.921
 47.592
 55.7584
 59.3296
 55.7674
 64.6761
 48.9285
 59.3127
 59.0593
 58.3524
 65.2304
 60.7947
 58.2752
 60.5558
 63.5531
 59.4979
 59.5063
 50.5371
 53.7029
 52.0577
 61.0983
 56.5862
 45.9783
 46.8615
 57.0438
 52.5262
 59.3549
 49.4975
 58.3524
 64.436
 58.2409
 55.7225
 57.3934
 57.4369
 61.5386
 60.8194
 50.8724
 51.2348
 62.5939
 56.2939
 56.6039
 52.2015
 44.2606
 62.0322
 60.2412
 49.1223
 55.4527
 60.9016
 61.6685
 62.8967
 54.4702
 57.4195
 58.2666
 59.9833
 61.0328
 66.0757
 54.8544
 53.6936
 50.6952
 65.3605
 56.7186
 63.914
 48.518
 48.7442
 61.1801
 56.3028
 52.2972
 54.3047
 58.2495
 63.1585
 60.9344
 55.1271
 58.0689
 62.5939
 60.7701
 60.7701
 57.1314
 61.7495
 63.3798
 55.7315
 57.836
 51.4198
 56.1961
 57.1927
 56.7979
 62.3137
 56.8771
 50.8134
 58.2323
 56.7362
 57.9828
 59.1354
 61.0737
 61.7333
 60.9426
 59.3043
 55.6058
 64.304
 56.5509
 54.7723
 60.9754
 65.582
 49.3457
 48.7545
 56.9122
 53.0848
 49.98
 52.7352
 57.5934
 55.2901
 58.2323
 59.1608
 59.0678
 67.3498
 60.0083
 61.3677
 55.8659
 65.2533
 56.6745
 61.7171
 58.1636
 62.442
 46.4543
 59.9917
 60.5723
 48.6621
 57.3149
 59.4559
 55.0636
 59.6322
 56.4269
 58.3267
 60.1415
 61.0246
 59.716
 59.9917
 55.3173
 59.8582
 53.301
 61.7171
 62.7057
 47.571
 63.5059
 48.9285
 46.2277
 59.716
 50.309
 48.2804
 57.3934
 60.349
 56.8155
 53.4696
 65.4523
 60.8358
 60.291
 56.4801
 58.5833
 59.2537
 56.9122
 58.3952
 56.9386
 59.127
 51.643
 51.643
 58.6856
 50.5668
 55.7405
 57.3847
 56.9473
 55.6237
 57.4369
 61.9274
 61.4003
 61.6847
 57.0438
 55.4346
 51.0098
 59
 49.7494
 59.2959
 51.342
 47.6655
 57.8878
 55.7225
 51.3517
 60.1166
 55.7136
 62.6578
 62.6578
 59.0931
 59.6238
 57.1752
 55.6237
 51.2055
 48.3735
 61.327
 58.66
 48.4149
 57.6888
 56.0714
 56.9649
 58.5662
 60.9918
 62.1691
 60.8441
 59.1354
 55.6507
 59.3296
 52
 50.8035
 60.9016
 47.0956
 50.4381
 57.9224
 56.745
 50.4579
 50.4579
 57.5674
 60.8441
 56.7803
 57.7927
 60.8851
 58.6856
 50.3289
 58.3267
 49.8799
 59.1861
 59.6574
 49.7594
 57.6108
 60.7289
 50.3289
 57.9914
 62.6179
 58.8133
 62.6179
 61.9031
 60.6712
 62.5939
 54.4059
 56.7539
 51.1762
 63.0872
 54.1572
 59.649
 50.6261
 58.66
 62.2736
 62.538
 54.4334
 57.3585
 62.9682
 61.7171
 58.4294
 64.2806
 56.4269
 63.2614
 54.0555
 62.1932
 58.7792
 53.9722
 64.9692
 64.9692
 58.3781
 57.7754
 60.918
 62.8729
 62.1208
 59.1439
 64.2573
 56.6833
 53.4135
 53.4135
 60.9754
 52.7541
 52.4976
 61.887
 47.5605
 56.4801
 59.5147
 61.7252
 52.8394
 52.8394
 63.5846
 55.7853
 63.7652
 62.6897
 65.8027
 61.8466
 61.8466
 63.7495
 59.8999
 61.5955
 60.4649
 56.6922
 63.0159
 58.5747
 55.3082
 60.8687
 58.4209
 59.4979
 60.7371
 53.4041
 62.6897
 62.8888
 64.8383
 55.5428
 48.156
 52.3163
 52.3163
 52.192
 52.192
 56.6216
 47.9062
 62.9047
 62.6578
 56.0625
 57.0351
 60.8358
 60.9262
 64.2962
 62.0645
 60.696
 66.7832
 58.0689
 63.2851
 63.1823
 61.3433
 54.827
 60.5145
 57.5065
 59.1185
 59.1185
 59.4054
 56.3116
 63.561
 63.561
 63.561
 57.6108
 66.0454
 50
 50.8626
 50.8626
 52.2972
 52.2972
 59.2368
 45.3652
 45.3652
 60.9098
 51.303
 64.436
 53.7215
 59.0593
 64.8845
 63.4665
 57.463
 64.2806
 62.857
 61.1555
 59.0678
 55.4437
 60.0833
 63.3561
 63.4902
 56.3383
 56.3383
 59.7578
 55.2992
 58.6174
 58.6174
 61.7009
 54.6626
 62.6738
 48.9285
 48.9285
 50.8626
 57.81
 46.594
 55.3353
 59.1185
 59.1185
 49.3255
 61.5955
 60.8441
 54.9909
 64.7148
 59.95
 68.3008
 63.4665
 64.1405
 63.6396
 57.3149
 72.1318
 54.4243
 62.9921
 60.291
 53.2823
 61.8061
 54.9272
 52.1632
 63.3325
 54.037
 40.9634
 47.2864
 46.6047
 51.8459
 51.8459
 47.8226
 54.7449
 54.7449
 62.3939
 57.3934
 54.7996
 59.4559
 58.4038
 60.6135
 63.0635
 63.0635
 52.0288
 62.2656
 62.2656
 63.4823
 58.9746
 58.9746
 55.6507
 54.7449
 54.7449
 28.688
 48.3322
 48.3322
 46.3789
 55.109
 55.109
 48.734
 47.0319
 47.0319
 53.9166
 53.9166
 44.587
 48.6724
 58.0345
 57.6021
 50.4678
 56.1783
 50.8429
 45.6837
 45.6837
 31.1609
 31.1609
 40.1248
 54.037
 54.037
 40.8656
 60.4814
 60.4814
 50.6458
 64.1327
 63.4429
 63.4429
 63.4429
 63.4429
 64.5446
 60.8769
 60.8769
 49.163
 38.2623
 45.0999
 45.0999
 39.724
 37.7624
 55.3895
 35.0143
 46.1952
 33.0454
 56.1249
 56.1249
 57.4021
 44.5982
 43.8406
 61.9193
 57.8533
 50.4183
 60.4814
 49.4065
 49.4065
