 0
 1.41421
 1.41421
 2.44949
 0
 0
 0
 2.44949
 2.44949
 3.31662
 2.44949
 2.44949
 1.73205
 2.23607
 1.73205
 0
 0
 0
 0
 0
 0
 0
 0
 1.41421
 0
 2.44949
 3.31662
 0
 0
 2.44949
 1.41421
 0
 1.41421
 1.41421
 0
 0
 1.73205
 0
 1.41421
 0
 0
 1.41421
 0
 0
 0
 2.44949
 0
 0
 1.41421
 2.44949
 2.44949
 0
 0
 0
 0
 0
 2.44949
 1.41421
 1.41421
 0
 0
 0
 2.44949
 2.44949
 0
 0
 0
 0
 1.41421
 3.31662
 2.44949
 0
 0
 0
 1.73205
 1.41421
 0
 2.44949
 1.41421
 0
 2.44949
 2.44949
 0
 0
 0
 1.41421
 0
 0
 0
 0
 0
 2.44949
 0
 0
 0
 0
 0
 0
 2.82843
 0
 0
 0
 0
 0
 0
 3.31662
 0
 0
 0
 0
 2.44949
 0
 0
 0
 1.73205
 1.73205
 1.41421
 0
 0
 0
 0
 0
 0
 1.73205
 0
 2.44949
 0
 0
 0
 3.4641
 1.41421
 0
 0
 3.4641
 1.73205
 9.53939
 0
 0
 2.44949
 0
 0
 2.44949
 0
 0
 2.44949
 3.31662
 0
 0
 0
 3.31662
 0
 1.73205
 1.41421
 3.31662
 0
 0
 2.44949
 1.73205
 1.41421
 2.44949
 0
 0
 1.41421
 0
 2.23607
 0
 3.60555
 0
 0
 0
 0
 0
 0
 4.69042
 0
 0
 0
 0
 1.73205
 1.73205
 4.12311
 0
 0
 3.31662
 2.44949
 1.41421
 1.41421
 0
 3.31662
 0
 0
 2.64575
 0
 3.31662
 2.23607
 0
 1.73205
 1.73205
 2.44949
 2
 0
 1.73205
 0
 0
 1.41421
 3.31662
 3.31662
 2.44949
 0
 1.73205
 0
 4.24264
 0
 3
 0
 0
 2.44949
 0
 1.73205
 0
 2.44949
 0
 3
 3.4641
 0
 0
 2.44949
 3.31662
 1.73205
 0
 0
 1.41421
 0
 3.31662
 0
 0
 0
 2.44949
 3.74166
 1.41421
 0
 0
 0
 0
 0
 2.44949
 3.4641
 2
 0
 0
 2.44949
 3.31662
 1.41421
 0
 0
 0
 2.82843
 1.41421
 3.31662
 2.44949
 0
 0
 0
 3
 1.73205
 2.44949
 2.82843
 0
 0
 0
 2.44949
 1.41421
 4.12311
 0
 0
 0
 0
 1.41421
 1.41421
 2.44949
 4.89898
 0
 0
 0
 1.73205
 3.60555
 2.44949
 1.41421
 0
 0
 0
 2.82843
 4.24264
 0
 2.44949
 0
 0
 0
 0
 0
 2.44949
 4.24264
 4.12311
 1.41421
 0
 0
 0
 2.23607
 3.4641
 4.24264
 2.44949
 0
 0
 0
 3.31662
 2.82843
 1.73205
 2.44949
 0
 0
 0
 0
 0
 0
 2.44949
 0
 1.73205
 0
 1.73205
 0
 1.41421
 0
 2.44949
 3.60555
 1.41421
 1.73205
 1.73205
 1.73205
 3.4641
 0
 1.41421
 0
 0
 0
 4.47214
 3.4641
 1.41421
 3.31662
 0
 0
 0
 4.24264
 4.89898
 1.73205
 2.44949
 1.41421
 4.89898
 3.31662
 3.31662
 3.31662
 0
 2.44949
 3.4641
 3.31662
 3.4641
 0
 0
 4.24264
 2.44949
 3.4641
 1.41421
 1.41421
 0
 0
 4.47214
 4.69042
 4.79583
 3.74166
 0
 0
 0
 0
 0
 0
 3.31662
 2.44949
 1.73205
 4.69042
 0
 0
 0
 2.44949
 5.38516
 2.82843
 1.41421
 0
 0
 0
 3.60555
 3.31662
 4.69042
 3.4641
 3.31662
 2.44949
 3.4641
 3.31662
 3.74166
 0
 3.4641
 1.41421
 0
 0
 0
 3.31662
 5.38516
 3.4641
 4.79583
 3
 3
 2.23607
 1.73205
 3
 1.73205
 1.73205
 3
 4.12311
 3.31662
 4.24264
 3.4641
 0
 3.31662
 4.24264
 1.41421
 3.4641
 0
 0
 2.82843
 3.31662
 4.58258
 2.44949
 0
 2.44949
 1.73205
 2.82843
 1.73205
 0
 0
 0
 0
 2.44949
 3.4641
 1.41421
 1.73205
 0
 0
 3.4641
 4.24264
 4.47214
 3.4641
 0
 0
 4.24264
 3.4641
 4.24264
 2.23607
 0
 0
 1.73205
 2
 4.12311
 4.24264
 4.24264
 2.23607
 3
 1.73205
 0
 5.47723
 4.24264
 5.47723
 3.4641
 0
 2.44949
 4.69042
 3.31662
 3.74166
 1.41421
 3.87298
 4.24264
 1.41421
 3.4641
 0
 2.44949
 3.31662
 3.4641
 2.23607
 0
 3.31662
 0
 3.31662
 3.74166
 1.73205
 0
 2.23607
 3.4641
 3
 2.44949
 2.44949
 3.60555
 1.73205
 3.4641
 4.12311
 2.23607
 1.73205
 4.79583
 4.47214
 1.73205
 1.73205
 2.44949
 4.89898
 4.58258
 1.73205
 3.4641
 4.12311
 0
 2.23607
 1.73205
 2
 4.24264
 2.44949
 1.73205
 4.24264
 2.44949
 3.31662
 3.4641
 2.23607
 1.73205
 1.73205
 3
 3
 0
 2
 3.4641
 3.60555
 2.44949
 4.24264
 3.4641
 3.4641
 3.74166
 3.31662
 0
 1.41421
 4.79583
 3.74166
 4.24264
 4.89898
 2.23607
 1.41421
 4.79583
 5.47723
 6
 1.73205
 3.87298
 3.31662
 2.44949
 2.23607
 3.4641
 4.12311
 2.44949
 3.74166
 2.44949
 1.73205
 1.41421
 1.41421
 4.79583
 2.44949
 2.44949
 0
 1.73205
 1.73205
 0
 3.31662
 1.73205
 2.44949
 0
 4.24264
 4.24264
 4.24264
 2.82843
 3.4641
 2
 1.73205
 2.44949
 1.73205
 2.44949
 4.24264
 2.82843
 2.44949
 1.41421
 4.12311
 1.73205
 3.4641
 1.73205
 5.38516
 1.73205
 1.73205
 1.41421
 4.12311
 3.31662
 4.47214
 2
 0
 0
 2.82843
 1.73205
 0
 0
 1.73205
 4.47214
 2.44949
 1.73205
 2.44949
 1.73205
 4.79583
 0
 4.24264
 2.44949
 2.44949
 3.31662
 3.31662
 3
 1.41421
 4.58258
 2.23607
 0
 1.73205
 3
 4.89898
 4.79583
 2.44949
 3
 3.31662
 3.31662
 2.44949
 4.24264
 2.44949
 1.41421
 1.41421
 2.44949
 1.73205
 1.73205
 2.44949
 0
 3.4641
 3
 0
 3
 4.79583
 4.79583
 3
 3.31662
 3.4641
 3.4641
 4.24264
 1.73205
 0
 4.24264
 3.4641
 3.60555
 3.4641
 2.44949
 3.4641
 1.73205
 2.44949
 4.24264
 3.31662
 4.47214
 4.24264
 3.4641
 4.12311
 4.24264
 2.44949
 3.87298
 3.4641
 3
 3.60555
 4.79583
 3
 4.24264
 3.74166
 0
 3.31662
 3
 3.60555
 4.12311
 2.23607
 4.89898
 2.44949
 2.44949
 4.24264
 5.38516
 3.31662
 3.31662
 3
 4.24264
 3.4641
 1.41421
 4.24264
 3.74166
 2.44949
 4.24264
 2.44949
 3.4641
 3.74166
 0
 2.44949
 3.74166
 2
 0
 3
 1.73205
 0
 2.23607
 0
 2.23607
 3.60555
 0
 1.41421
 2.44949
 4.89898
 2.44949
 4.47214
 3.87298
 3
 3.4641
 2.23607
 1.41421
 4.24264
 0
 2.44949
 1.73205
 4.24264
 2.23607
 2.44949
 1.73205
 3.4641
 3.4641
 3.74166
 3.4641
 1.73205
 3.31662
 3.74166
 3.4641
 0
 0
 3.74166
 1.41421
 1.73205
 1.41421
 4.24264
 1.73205
 4.24264
 2.44949
 4.24264
 0
 3.4641
 3.4641
 3.74166
 3.31662
 3.31662
 1.73205
 3.31662
 4.24264
 1.73205
 0
 1.73205
 0
 4.24264
 4.12311
 4.24264
 0
 3.31662
 4.24264
 2.44949
 0
 4.12311
 4.69042
 1.73205
 1.73205
 2.44949
 4.24264
 0
 2.44949
 0
 0
 4.24264
 2.44949
 1.41421
 3.60555
 4.24264
 3.4641
 1.41421
 4.89898
 1.41421
 5.38516
 3.4641
 2
 2
 3.4641
 4.12311
 3.4641
 1.73205
 4.24264
 2.44949
 3.87298
 4.69042
 4.24264
 3.4641
 4.24264
 0
 1.73205
 4.12311
 3.4641
 2.44949
 3
 4.47214
 1.73205
 3.4641
 2.82843
 4.12311
 1.73205
 3.4641
 4.47214
 0
 3.4641
 2.44949
 3.4641
 2.44949
 0
 0
 3.4641
 3
 3.60555
 3.4641
 2.23607
 3.60555
 3.4641
 3.31662
 3.4641
 4.24264
 3.4641
 2.44949
 3.74166
 2.44949
 1.73205
 1.41421
 3.31662
 4.24264
 5.09902
 2.44949
 1.41421
 1.73205
 1.41421
 2.82843
 3.87298
 3
 2.23607
 0
 0
 0
 2.44949
 0
 3.4641
 2.44949
 2.44949
 3.31662
 2.44949
 2.44949
 0
 2.82843
 2.23607
 1.41421
 4.24264
 1.73205
 1.41421
 2.23607
 1.41421
 3.60555
 3.31662
 2.44949
 1.41421
 1.73205
 1.41421
 4.24264
 0
 1.73205
 0
 2.44949
 1.41421
 1.73205
 4.47214
 0
 3
 3.60555
 1.73205
 4.24264
 3.31662
 3
 0
 3.31662
 3.87298
 1.73205
 2.44949
 3.74166
 1.73205
 2.44949
 2.44949
 0
 2.44949
 3.31662
 0
 4.24264
 2
 3.31662
 3.74166
 8.06226
 1.41421
 2.82843
 0
 4.89898
 2.44949
 0
 2.23607
 4.24264
 0
 6.16441
 3.31662
 0
 4.24264
 1.41421
 4.79583
 2.44949
 0
 3.4641
 4.69042
 2.44949
 2.44949
 0
 0
 3.4641
 1.41421
 0
 3.31662
 3.31662
 3.31662
 1.41421
 0
 1.41421
 1.41421
 1.41421
 0
 0
 2.82843
 0
 3.60555
 3.60555
 2.23607
 3.4641
 1.41421
 1.73205
 0
 5.09902
 0
 1.41421
 0
 2.44949
 3.31662
 0
 0
 3.31662
 3.4641
 3.31662
 3
 1.41421
 2.44949
 4.24264
 4.12311
