 15.8745
 14.7986
 12.2882
 9.27362
 9.8995
 10.4403
 14.7309
 13.2288
 17.4929
 9.48683
 11.0454
 11.6619
 10.3923
 11.225
 3
 15.906
 18.0555
 15.4919
 17.8885
 11.4018
 13.6748
 8.94427
 17.9165
 7.34847
 14.0712
 1.73205
 11.2694
 9.8995
 5.19615
 13.2288
 16.8523
 16.7332
 8.48528
 18.5742
 9.05539
 9.05539
 5.19615
 7.93725
 7.14143
 15.9687
 11.1355
 6.48074
 9.53939
 9.53939
 9.53939
 12.9228
 16.5529
 16.5529
 6.85565
 10.4403
 8.60233
 13.7113
 13.7113
 0
 0
 13.0767
 6
 11.0454
 12.1655
 12.1655
 0
 0
 15.1327
 14.1067
 6.9282
 13
 13
 7.81025
 9.48683
 9.27362
 12.3693
 12.3693
 21.7486
 10.6771
 13
 13
 13
 19.2094
 11.0905
 15.8745
 10.6771
 10.0995
 0
 0
 16
 21.166
 9.84886
 13.2665
 13.2665
 0
 0
 13.9284
 19.6723
 9.48683
 8
 8
 0
 0
 12.2474
 11.2694
 8.18535
 15.1658
 0
 14
 13.9642
 8.77496
 15.1327
 15.1327
 15.1327
 14.1774
 9.79796
 12.8062
 0
 0
 9
 17.4356
 11.2694
 13.8924
 0
 13.4164
 20.8567
 10.3923
 10.3923
 13.9642
 10.3923
 7.93725
 6.9282
 0
 17.3205
 13.5647
 6.9282
 12.3693
 19.0526
 10.5357
 13
 6.55744
 0
 0
 13.9284
 3.60555
 13.5277
 9.21954
 0
 14.2478
 10.4403
 19.0263
 9
 0
 0
 9.53939
 7
 12.2474
 17.8326
 13.5647
 14.7309
 16.6733
 9.64365
 16.5831
 15.4596
 15.1327
 13.7113
 13.7113
 15.6205
 13.5277
 12.53
 12.53
 14.7309
 15.1658
 14.7309
 9.38083
 9.38083
 9.38083
 14.7648
 12.2474
 12.4097
 12.4097
 7.93725
 20.7846
 14.2829
 5.19615
 7.74597
 7.74597
 19.7737
 11.2694
 13.8924
 10.1489
 16.5529
 13.8924
 7.07107
 8.77496
 8.77496
 8.77496
 14.8997
 9.8995
 16
 10.9545
 10.9545
 9.05539
 12.3288
 20.6398
 9.84886
 20.8567
 0
 0
 17.3781
 14.8997
 21.4942
 13.1529
 13.1529
 13.1529
 17.1172
 16.7929
 10.583
 11.7473
 11.7473
 0
 19.2873
 16.6733
 16.8523
 19.5704
 13.5277
 13.5277
 11.3137
 13.9284
 0
 0
 15.0997
 13.2288
 18.303
 12.4097
 0
 20.025
 11.7473
 12.7671
 13.1909
 0
 20.6882
 13.8924
 11.225
 7.74597
 7.74597
 0
 0
 0
 22.6716
 14.6969
 8.83176
 16.4621
 0
 16.6433
 15.1327
 12.1655
 16.5227
 16.5227
 0
 0
 16.3707
 19.1311
 14.7309
 14.7648
 0
 0
 0
 18.2483
 21.3073
 23.0217
 15.1658
 15.1658
 0
 0
 23.0217
 22.2036
 16.5529
 23.2809
 0
 0
 0
 20.3715
 19.7737
 19.7231
 13.9642
 0
 0
 0
 11.3137
 19.4165
 13.8924
 19.0263
 0
 0
 0
 15.9687
 15.6525
 19
 19.8494
 19.8494
 0
 0
 0
 0
 24.8797
 16
 14.9666
 14.7986
 0
 0
 0
 20.2485
 20.9045
 19.1833
 18.2209
 0
 0
 0
 17.4929
 14.7986
 14.7309
 10.4403
 0
 0
 0
 12.2882
 18.2483
 21.7486
 15.2971
 0
 17.3781
 20.8567
 16.3707
 18.1934
 20.664
 20
 21.7025
 26.1343
 24.9199
 23.7065
 24.6577
 14.2127
 25.593
 24.2899
 25.6515
 13.9284
 0
 0
 21.8403
 19.6977
 15.9687
 27.0555
 27.0555
 0
 0
 22.1133
 22.2486
 19.975
 23.388
 23.2809
 21.4942
 19.1833
 21.9773
 20.9045
 20.1742
 19.4936
 22.7596
 21
 15.843
 19.4165
 0
 22.2261
 9.84886
 12.3288
 18.3576
 14.7648
 0
 0
 20
 20.9045
 20.8567
 12.4499
 12.4499
 0
 0
 0
 0
 0
 19.1311
 20.9045
 15.4272
 18.3576
 18.3576
 0
 0
 26.1151
 18.6548
 25.2389
 20
 20
 0
 0
 22.8254
 24.8998
 18.6815
 25.1794
 23.1517
 26.0576
 30.1496
 15.6205
 24.4745
 23.1301
 24.2074
 20.9523
 0
 0
 0
 22.5389
 23.1084
 26.0384
 25.5734
 25.1992
 23.6008
 24.8395
 23.0434
 21.8861
 24.6779
 23.3452
 22.6495
 22.9565
 19.1833
 23.622
 11.2694
 11.2694
 18.2757
 21.7025
 21.6795
 24.6171
 0
 0
 20.9045
 20.9045
 15.3623
 22.2486
 0
 26.0384
 26.7582
 22.0454
 15.1658
 0
 0
 0
 0
 23.8328
 24.4336
 22.7596
 25.2587
 25.2587
 0
 25.5734
 24.1454
 26.1151
 20.2237
 0
 0
 24.5967
 25.5539
 29.5296
 21.0238
 0
 0
 22.1585
 24.3105
 23.0868
 29.6985
 26.0576
 26.0768
 24.3721
 23.388
 0
 23.4307
 25.8457
 23.6643
 23.7487
 0
 20.1742
 22.2036
 22.891
 15.1658
 20.0499
 23.4521
 20.8567
 24.5967
 20.9284
 24.2899
 21.9317
 18.0278
 26.3059
 25.671
 20.8087
 18.6279
 16.5831
 26.1343
 25
 25.2785
 26.9444
 21.0238
 25.7876
 13
 26.7208
 24.3516
 19.7737
 24.5764
 20.6882
 24.3516
 28.0179
 25.7876
 24.4336
 24.5764
 28.0713
 23.388
 26.3059
 24.1868
 11.7047
 22.2486
 20.2237
 23.8537
 21.4942
 13.6015
 27.1477
 20
 19
 17.5499
 26.0192
 24.1247
 22.383
 21.6795
 26.5518
 22.2261
 24.1039
 21.1424
 22.2711
 23.8747
 27.7308
 20.6398
 22.2036
 13.5277
 18.8149
 29.1719
 24.5153
 22.3383
 28.3373
 18.7883
 26.5707
 26.9258
 23.6008
 17.9444
 22.5832
 25.219
 28.2489
 26.9629
 24.0624
 22.5167
 22.7156
 28.9137
 19.8242
 27.2764
 13.7113
 19.799
 27.6586
 24.7386
 20.9762
 15.7162
 23.1084
 19.6977
 25.1794
 20.8567
 22.9347
 23.8537
 27.2397
 20.8327
 27.4408
 27.4408
 24.4949
 22.9565
 26.9444
 22.6274
 24.8395
 22.5832
 26.7955
 23.7276
 20.3224
 22.0907
 21.0476
 20.3961
 18.3848
 22.0454
 21.6795
 23.8956
 26.0768
 23.1733
 26.7208
 25.5343
 25.5147
 23.4947
 23.1517
 28.8617
 19.1833
 12.8062
 26.4764
 23.7276
 18.5203
 20.8327
 26.1916
 20.8327
 24.1454
 20.2731
 22.5389
 26.7769
 20.8327
 24.5764
 23.1301
 24.2899
 22.5832
 25.5734
 23.8747
 26.5141
 20.9523
 26.9815
 24.1039
 21.3073
 26.5895
 24.5357
 21.6795
 22.1811
 23.4734
 23.7487
 26.9258
 22.2486
 25.7488
 23.6643
 23.1733
 18.2757
 25.5539
 25.1595
 24.8596
 9.21954
 9.21954
 18.9209
 22.6274
 27.258
 14.9332
 19.1833
 23.1517
 24.7184
 24.454
 20.0749
 24.8596
 22.5832
 26.0576
 20.6155
 23.4521
 25.5343
 25.5147
 24.8395
 23.2809
 25.318
 21.6564
 21.6564
 22.5832
 21.4709
 26.096
 21.7025
 21.5407
 21
 19.5192
 26.9258
 22.6936
 25.1595
 21.8403
 25.2389
 21.8403
 25.2389
 20.3961
 26.4197
 20
 12.7671
 24.0208
 25.593
 16.5227
 24.5764
 20.4206
 21.9089
 0
 21.7025
 22.2486
 24.2487
 25
 21.9317
 19.8242
 23.1084
 27.4591
 18.735
 20.3224
 18.303
 22.1811
 18.9209
 16.7332
 20.7846
 26
 22.2935
 19.5448
 25.2785
 20.8327
 20.8567
 27.258
 15.5563
 18.2757
 25.807
 22.8692
 15.3948
 0
 20.3715
 22.7156
 21.4243
 23.0217
 20.9523
 23.3024
 22.2261
 21.7256
 18.6011
 25.7294
 22.1811
 17.8885
 25.7876
 25.4755
 18.7083
 18.2757
 25.5343
 19.5448
 20.9045
 26.9629
 19.4422
 26.3249
 26.1343
 23.516
 19.5448
 25.2389
 21.9545
 24.6577
 15.4272
 17.9165
 23.7908
 27.7669
 17.3494
 22.7816
 27
 22.9129
 20.9762
 23.3238
 20.1742
 24.4745
 20.9523
 23.8118
 25.4951
 20
 23.9165
 23.9165
 19.9499
 22.5832
 25.3377
 20.2485
 26.5895
 23.3666
 26.9072
 21.1424
 19.1572
 0
 28.0179
 16.2481
 23.516
 23.4307
 13
 20.8567
 23.4947
 22.561
 20.8327
 20.8327
 27.037
 17.088
 21.7486
 23.4094
 25
 23.1301
 0
 25.4558
 21.1424
 21.0238
 21.7486
 19.5192
 23.6643
 19.8242
 19.105
 22.7156
 17.088
 19.4422
 24.3721
 21.8632
 21.2603
 19.2094
 27.074
 26.4008
 20.8567
 20.025
 24.8998
 25.1396
 24.3105
 21.2838
 17.3781
 23.388
 26.1343
 9.53939
 26.3439
 21.7025
 23.6854
 25.1992
 19.8494
 17.5784
 23.622
 23.0651
 21.5174
 18.8414
 22.6053
 25.1992
 19.8494
 26.9444
 18.2757
 18.2757
 19.105
 22.561
 30.1164
 0
 0
 23.622
 29.6311
 12.9228
 24.5561
 24.2693
 25.1992
 25.3574
 20.567
 15.6205
 24.0832
 28.4077
 29.3087
 26.533
 23.4947
 21.4476
 21.1896
 23.622
 21.166
 20.9284
 21.9089
 24.0624
 27.2764
 22.891
 14.7309
 19.3907
 19.105
 19.105
 0
 18.3576
 26.9815
 23.4947
 0
 20.8327
 24.2693
 24.2693
 22.561
 13.7113
 21
 24.1039
 21.7486
 27.6043
 28.2843
 24.1454
 15.5563
 23.1733
 29.1548
 32.4808
 20.1742
 20.9523
 20.9523
 13.9284
 21.4243
 29.2233
 22.5832
 18.5472
 17.8045
 20.8327
 24.4336
 24.4336
 11.5326
 24.7386
 24.7386
 20.025
 26.4197
 12.1655
 26.1725
 20.8567
 24.6577
 24.6577
 8.7178
 8.7178
 25.7488
 25.7488
 22.8254
 30.5123
 19.3907
 25.1794
 15.1658
 13.8924
 13.8924
 13.8924
 13.8924
 13.8924
 18.3848
 30.3315
 8.88819
 19.2354
 23.388
 23.388
 19.5192
 19.5192
 31.5436
 33.4216
 16.0312
 16.0312
 33.3017
 14
 14
 14
 27.4226
 27.4226
 27.4226
 27.4226
 18.6548
 8.66025
 9
 9
 10.8167
 18.2757
 18.2757
 27.0185
 11.5758
 11.5758
 11.5758
 26.8142
 25.219
 25
 25
 22.4499
 25.7294
 22.1359
 21.1187
 21.1187
 30.6757
 13.6748
 13.6748
 26.0576
 22.2261
 24.7386
 24.7386
 15.3948
 15.3948
 27.9643
 27.9643
 20.2731
 19.0263
 16.7332
 16.7332
 26.8701
 26.8701
 25.3574
 26.0768
 27.8029
 27.8029
 18.2483
 18.2483
 34.7994
