 2.44949
 3.4641
 5.2915
 6.245
 4.24264
 7.34847
 6.32456
 0
 2.44949
 4.3589
 4.24264
 4.47214
 4.69042
 5.38516
 6.7082
 3.74166
 0
 4.58258
 2.44949
 4.58258
 0
 4.58258
 4.58258
 3.4641
 4.12311
 6.9282
 7.34847
 6.16441
 5.09902
 7.93725
 3.4641
 6.245
 4.89898
 3.4641
 6.245
 6.245
 7.14143
 5.38516
 6.245
 0
 3.31662
 6.48074
 6.16441
 6.16441
 0
 6.16441
 1.73205
 1.73205
 6.245
 6.16441
 6.85565
 1.73205
 1.73205
 0
 0
 3.4641
 6.9282
 4.89898
 3.74166
 3.74166
 0
 0
 6.78233
 4.89898
 7.34847
 2.44949
 0
 6.245
 8.18535
 7.28011
 6.7082
 6.7082
 2.44949
 5
 6.9282
 3.4641
 3.4641
 5.65685
 3
 3
 9.69536
 1.73205
 0
 0
 4.89898
 3
 7.93725
 4.47214
 0
 0
 0
 4.58258
 0
 4.3589
 4.24264
 0
 0
 0
 4.89898
 4.89898
 4.24264
 1.41421
 0
 5.09902
 3.4641
 8.48528
 4.24264
 0
 0
 4.24264
 7.93725
 4.3589
 4.3589
 1.73205
 6.08276
 5.38516
 4.3589
 5.38516
 0
 3.87298
 3.87298
 3.87298
 3.87298
 4.3589
 6.245
 7.34847
 6.245
 0
 6.08276
 8.48528
 7.93725
 5.83095
 3
 6.48074
 7.34847
 10.5357
 0
 0
 6.85565
 7
 4.69042
 7.93725
 0
 4.58258
 6.55744
 4.58258
 6.48074
 0
 0
 5.47723
 4.12311
 6.7082
 3
 6.63325
 2.44949
 7.34847
 7.81025
 3.4641
 4.89898
 5.47723
 2.44949
 2.44949
 3.60555
 4.89898
 6.16441
 0
 5.09902
 4.89898
 6.63325
 6.08276
 6.08276
 6.08276
 4.24264
 5.38516
 6.63325
 6.63325
 7
 5.47723
 9.16515
 5.47723
 7.28011
 7.28011
 5
 8.544
 9.11043
 4.89898
 4.89898
 4.24264
 9.11043
 7.48331
 7.48331
 7.48331
 3.60555
 7.68115
 4.24264
 7.34847
 2.64575
 7.68115
 7.34847
 3.87298
 5.47723
 0
 0
 0
 7.34847
 6.7082
 3.4641
 7.2111
 7.2111
 1.73205
 4.58258
 6.16441
 3.4641
 5.47723
 5.47723
 0
 3.74166
 2.23607
 6.7082
 3
 5.74456
 7.48331
 4.89898
 6.245
 0
 0
 5.56776
 6.63325
 6.16441
 4.69042
 0
 3.4641
 6.32456
 6.08276
 5.74456
 0
 5.47723
 7.4162
 7.4162
 7.93725
 0
 0
 0
 0
 3.74166
 8.48528
 8.12404
 5.47723
 5.47723
 3.4641
 7.4162
 8.48528
 8.12404
 8.12404
 0
 0
 5.74456
 7.14143
 7.4162
 6.9282
 0
 0
 0
 7.93725
 5.19615
 6.245
 7.68115
 0
 0
 0
 5.47723
 3.4641
 6
 6.85565
 0
 0
 0
 4.89898
 6.32456
 7
 8.48528
 0
 0
 0
 4.3589
 7.61577
 7.93725
 6.85565
 0
 0
 0
 5.38516
 7.28011
 6.9282
 6.16441
 0
 0
 0
 0
 0
 6.245
 8.60233
 9.64365
 5.74456
 0
 0
 0
 7.34847
 6.9282
 9.48683
 6.9282
 0
 0
 0
 6.08276
 5.47723
 4.24264
 6.9282
 0
 0
 0
 6.08276
 7.07107
 7.74597
 6.55744
 0
 7.14143
 7.74597
 6.55744
 7.07107
 7.14143
 6.85565
 6.9282
 6.9282
 6.85565
 6.08276
 6.9282
 6.16441
 6.08276
 6.9282
 6.08276
 7.14143
 0
 0
 6.9282
 7.81025
 7.4162
 6.08276
 6.08276
 0
 0
 9.48683
 6.9282
 8.60233
 6
 3.4641
 6.9282
 8.06226
 9.48683
 6.08276
 1.73205
 7.81025
 8.12404
 7.81025
 6.9282
 1.41421
 0
 7
 7.07107
 7.81025
 6.9282
 6.9282
 0
 0
 9.48683
 7.34847
 8.77496
 6.85565
 0
 0
 0
 0
 0
 0
 7.74597
 7.74597
 6
 8.42615
 0
 0
 0
 6.9282
 7.93725
 7.34847
 7.07107
 0
 0
 0
 7.34847
 6.9282
 7.28011
 7.81025
 7.07107
 6.08276
 6.9282
 6.9282
 7.87401
 6.9282
 6.32456
 7.07107
 0
 0
 0
 8.66025
 7
 7.81025
 6.55744
 7.2111
 6.9282
 6.9282
 8.60233
 7.93725
 7.14143
 7.74597
 7.81025
 9.48683
 7.74597
 7.87401
 7.93725
 0
 8.48528
 8.66025
 7.81025
 7.14143
 0
 0
 8.18535
 9.53939
 6.9282
 7.34847
 0
 7.07107
 7.81025
 7.93725
 6.85565
 0
 0
 0
 0
 7.14143
 7.14143
 6.9282
 7.81025
 0
 0
 7.81025
 6.9282
 8.66025
 8.66025
 0
 0
 6.9282
 7.81025
 8.66025
 7.07107
 0
 0
 6.9282
 7.87401
 6.9282
 9.53939
 9.53939
 7.74597
 7.93725
 7.81025
 0
 9.84886
 8.66025
 8.48528
 9.53939
 0
 6.9282
 7.34847
 6.9282
 8.18535
 7.74597
 8.48528
 8.66025
 6.9282
 6.9282
 7
 7.4162
 8.66025
 9
 8.7178
 7.74597
 6.9282
 5.19615
 7.81025
 8.66025
 7.81025
 6.9282
 8.66025
 7.81025
 7.74597
 8.60233
 6.08276
 6.9282
 6.9282
 8.66025
 9
 8.60233
 7.74597
 8.18535
 10.3923
 8.66025
 8.66025
 6.9282
 9.27362
 8.60233
 7
 7.81025
 9
 7.74597
 7.81025
 7.81025
 7.81025
 9.53939
 7.14143
 8.66025
 10.3441
 7.34847
 9.48683
 7.68115
 7.81025
 7.81025
 8.60233
 7.07107
 8
 7.81025
 6.9282
 8.83176
 7.81025
 7.07107
 8.66025
 8.60233
 7.93725
 9.21954
 7.74597
 6.9282
 7.74597
 9.27362
 9.21954
 10.5357
 8.18535
 7.81025
 7.81025
 8.66025
 10.6771
 10.9087
 7
 7.81025
 8.66025
 7.81025
 8.60233
 7
 8.12404
 8.66025
 10.3441
 8.18535
 8.60233
 7.81025
 7.93725
 9
 7.81025
 7.81025
 7.81025
 7.74597
 7.81025
 6.08276
 7.74597
 7.74597
 5.19615
 6.9282
 7.74597
 10.3923
 9.53939
 6.9282
 7.81025
 7.87401
 7.81025
 6.55744
 7.81025
 8.18535
 11.225
 7.74597
 8.66025
 7.81025
 10.3923
 7.81025
 8.66025
 7.93725
 11.225
 7.81025
 7.81025
 7.74597
 9.53939
 8.66025
 8.66025
 8.66025
 7
 6.9282
 6.85565
 7.81025
 7.14143
 7.81025
 7
 8.66025
 7.34847
 7
 8.60233
 7.81025
 6.08276
 6.9282
 9.53939
 7.81025
 8.66025
 9.53939
 6.9282
 9
 6.85565
 8.60233
 7.74597
 7
 7.74597
 7.81025
 10.4881
 10.6771
 7.07107
 8.66025
 7.81025
 9.48683
 8.66025
 6.16441
 7.87401
 7.07107
 7.81025
 7.81025
 7.93725
 7.14143
 7.87401
 7.81025
 9.79796
 6.9282
 7.74597
 7.81025
 9.32738
 9.79796
 7.81025
 7.81025
 7.34847
 8.66025
 10.4881
 7
 7
 9.48683
 6.85565
 8.12404
 8.66025
 8.18535
 9.53939
 8.77496
 7.81025
 10.3923
 7.74597
 12.083
 10.3923
 9.53939
 9.64365
 10.3441
 7.87401
 7.74597
 9.48683
 7.93725
 7.81025
 10.6771
 8.83176
 10.9545
 9.53939
 0
 7.14143
 8
 7.93725
 8.60233
 7.81025
 8.7178
 7.81025
 7.81025
 9.69536
 9.53939
 9.48683
 8.66025
 8.66025
 11.225
 9.53939
 7.74597
 11.2694
 7.81025
 7.14143
 11.2694
 7
 8.66025
 10.3923
 7.81025
 6.9282
 8.66025
 7.81025
 0
 7.74597
 8.66025
 7
 7.74597
 7.81025
 8.60233
 7.81025
 7.81025
 7
 7.81025
 8.66025
 7
 10.3923
 9.53939
 7.93725
 10.3923
 8.66025
 6.9282
 11.2694
 7.81025
 8.66025
 7.81025
 10.3923
 8.66025
 7.81025
 8.66025
 9.53939
 9.48683
 8.66025
 11.225
 8.66025
 10.3923
 8.18535
 8.18535
 7.81025
 7.81025
 10.3923
 7.81025
 8.66025
 7.81025
 10.3923
 7.81025
 9.53939
 8.66025
 10.3923
 10.3923
 10.4403
 8.66025
 10.3441
 11.225
 9.48683
 7.81025
 10.3441
 12.083
 7.81025
 7.81025
 7.81025
 7.74597
 11.225
 7.81025
 11.4891
 7
 8.66025
 11.2694
 8.42615
 0
 10.3441
 9.79796
 7.81025
 7.81025
 8
 11.225
 11.225
 10.3923
 7.81025
 7.81025
 10.6771
 6.9282
 7.81025
 11.225
 8.66025
 10.3923
 7.81025
 11.225
 7.14143
 10.3923
 11.225
 7.81025
 7.81025
 11.225
 10.3923
 7.2111
 7.81025
 11.225
 10.3923
 8.66025
 10.6301
 10.3923
 10.3923
 8.12404
 7
 7.81025
 9.53939
 11.225
 7.81025
 8.7178
 10.3923
 7.81025
 8.66025
 9.48683
 9.48683
 7.81025
 9.53939
 10.3441
 6.85565
 7.28011
 8.24621
 9.53939
 8.77496
 0
 0
 7.81025
 8.18535
 10.4403
 7.81025
 7.81025
 10.3441
 10.3923
 8.83176
 7.81025
 10.4881
 9.69536
 6.9282
 8.7178
 8.66025
 7.14143
 6.9282
 7.81025
 7.34847
 10.8628
 7.81025
 8.66025
 7.81025
 7.81025
 5.38516
 9.53939
 7.2111
 7.14143
 7.14143
 7.81025
 7.81025
 6.9282
 6.9282
 9.59166
 7.81025
 7.81025
 8
 6.55744
 8.66025
 6.9282
 7.81025
 7.74597
 7.81025
 9.53939
 7.14143
 7.74597
 8.66025
 7.4162
 9.53939
 7.74597
 7.87401
 7.74597
 7.74597
 7.81025
 10.3923
 10.3923
 7.81025
 6.9282
 7.93725
 4.3589
 8.66025
 9.64365
 5.19615
 12.1244
 10.3923
 7.07107
 7.74597
 8.48528
 7.81025
 5.19615
 9.53939
 10.4881
 7.81025
 9.53939
 8.60233
 7.34847
 7.81025
 8.83176
 7.81025
 7.74597
 7.81025
 7.74597
 10.3923
 6.9282
 8.66025
 9.53939
 8.12404
 7.93725
 9.48683
 3.4641
 9.27362
 7.93725
 6.08276
 7.93725
 7.68115
 6
 11.1803
 8.60233
 5.19615
 8.544
 5.19615
 10.0995
 7.68115
 5.19615
 8.66025
 8.66025
 6.9282
 7.4162
 7.81025
 6.9282
 9.16515
 7.81025
 5.47723
 8.544
 6.9282
 3.60555
 9.79796
 6
 5.74456
 8
 8.18535
 7.34847
 2.44949
 2.44949
 5.19615
 10.0995
 6.55744
 4.24264
 7.34847
 6.7082
 6
 3.87298
 7.93725
 1.73205
 6.245
 6.9282
 7.14143
 6.08276
 4.24264
 6.9282
 6.7082
 8.48528
 8.66025
 7.34847
 6.32456
 6.85565
 10.0995
 7.07107
