 42.4264
 35.242
 37.5899
 33.3916
 42.6028
 46.744
 48.0208
 48.5798
 43.1277
 49.7695
 37.3898
 49.6991
 43.589
 48.1456
 51.1566
 42.0476
 41.2916
 50.3885
 38.8458
 44.2041
 44.1928
 40.05
 37.3497
 48.5798
 38.1182
 44.3058
 54.4426
 50.5668
 41.2916
 56.4269
 40.4475
 52.9622
 55.2268
 48.5901
 53.5164
 44.2606
 49.2037
 47.927
 40.7063
 39.4968
 53.2729
 51.3712
 42.2256
 57.4978
 38.4708
 43.2666
 41.9762
 60.3075
 55.9821
 43.0116
 52.3259
 58.0086
 44.5646
 44.5646
 0
 39.37
 63.435
 49.7896
 50.6162
 49.7594
 49.7594
 0
 0
 38.1576
 52.2494
 55.2178
 36.8239
 55.2087
 54.8361
 36.4143
 46.594
 36.0278
 39.6863
 51.1371
 54.8635
 42.3792
 32.0468
 40.0125
 44.2945
 60.1166
 56.4004
 31.5436
 54.0648
 54.0648
 50.8724
 47.7912
 49.4166
 53.5724
 29.8161
 48.7545
 0
 0
 48.6929
 39.7492
 39.7492
 39.7492
 43.6692
 0
 0
 38.6782
 38.5876
 51.8073
 26.2679
 51.7204
 60.075
 61.9031
 43.2551
 26.8514
 42.638
 58.4038
 45.4753
 61.7981
 61.7981
 61.7981
 65.7191
 49.9199
 43.6692
 52.144
 52.144
 52.144
 64.8845
 55.6776
 55.6417
 46.1736
 62.2415
 58.5235
 57.2014
 57.2014
 42.3792
 57.9051
 55.2449
 47.9583
 45.5082
 63.6475
 46.0109
 62.6578
 62.6578
 62.6578
 63.4508
 53.7401
 53.5444
 49.4166
 0
 0
 38.2623
 45.4973
 36.4006
 36.4006
 0
 35.6791
 38.9358
 62.1852
 47.8435
 50.8626
 63.671
 54.5436
 55.9196
 45.3652
 49.7092
 59.6574
 64.4593
 53.5444
 47.3603
 52.5262
 71.3022
 71.3022
 61.9758
 41.9404
 67.8454
 57.6368
 49.6387
 49.6387
 44.5309
 63.0238
 59.4475
 54.6077
 70.7672
 40.5339
 60.05
 61.5873
 69.419
 55.7494
 47.0213
 61.7171
 63.7809
 63.1427
 53.619
 49.4166
 57.5674
 59.2284
 59.2284
 59.2284
 60.6795
 44.3959
 44.7549
 38.7427
 38.7427
 42.1307
 64.3428
 41.4608
 52.8015
 52.8015
 52.8015
 52.8015
 58.8727
 62.554
 52.4404
 56.9473
 54.8544
 54.8544
 51.3809
 46.7226
 58.9746
 63.2535
 52.5167
 52.5167
 58
 67.3127
 51.6817
 51
 63.7887
 60.597
 69.7567
 42.4146
 42.4146
 0
 0
 0
 0
 0
 45.793
 42.3674
 65.7115
 64.2651
 71.4913
 43.4396
 51.3517
 68.7968
 67.3721
 74.2496
 74.2496
 74.2496
 74.2496
 74.2496
 56.8507
 60.0999
 58.3695
 63.0714
 63.0714
 62.0161
 47.9792
 50.1199
 51.7107
 51.4587
 51.4587
 51.4587
 62.8967
 62.8967
 45.8803
 52.2877
 49.4975
 49.4975
 0
 0
 0
 0
 0
 44.9889
 44.9889
 0
 0
 0
 0
 0
 0
 0
 0
 0
 0
 0
 0
 0
 0
 0
 0
 0
 45.4753
 67.1118
 67.1118
 67.1118
 67.1118
 75.0666
 75.0666
 69.8785
 66.5357
 66.5357
 66.5357
 66.5357
 66.5357
 66.5357
 66.1891
 45.0666
 69.0145
 76.0526
 76.0526
 76.0526
 76.0526
 55.2721
 68.7968
 69.5773
 76.1315
 76.1315
 76.1315
 76.1315
 61.7333
 61.2046
 76.184
 59.5651
 59.5651
 59.5651
 59.5651
 64.0937
 53.0943
 52.1153
 64.4826
 64.4826
 47.4342
 47.4342
 68.2935
 46.9894
 67.8602
 53.8888
 67.6461
 67.2607
 56.9825
 56.8858
 74.29
 56.3915
 65.4446
 58.5235
 70.3847
 62.0322
 62.0322
 62.0322
 64.4903
 70.406
 52.2494
 64.6838
 50.6853
 50.6853
 50.6853
 74.3774
 69.3253
 47.0213
 74.8933
 50.319
 71.631
 61.709
 72.2565
 81.1049
 51.4004
 79.0886
 60.5392
 55.2449
 69.6922
 47.1381
 47.1381
 56.8419
 62.434
 80.9012
 70.6753
 48.9796
 48.9796
 0
 0
 0
 0
 0
 46.6583
 0
 0
 0
 0
 0
 0
 48.1664
 67.4981
 69.814
 41.6413
 41.6413
 0
 0
 0
 0
 0
 40.1248
 40.1248
 0
 0
 0
 0
 0
 0
 0
 0
 0
 0
 0
 0
 0
 0
 0
 0
 0
 0
 47.833
 63.8905
 57.0438
 73.6207
 74.7329
 76.6942
 72.1665
 59.4475
 58.4123
 79.0696
 80.3057
 66.8281
 60.9754
 64.8922
 28.3549
 56.116
 80.5916
 60.3407
 65.2533
 65.2533
 65.2533
 51.449
 52.915
 81.7313
 71.4703
 71.4703
 73.4779
 72.9794
 70.8378
 69.9214
 69.9214
 69.9214
 69.9214
 69.9214
 75.6902
 57.7495
 60.5145
 63.6318
 25.3377
 0
 0
 0
 0
 0
 0
 0
 0
 0
 0
 0
 19.0526
 19.0526
 19.0526
 52.1728
 72.3326
 78.0961
 63.9062
 72.6774
 48.5592
 76.87
 76.87
 72.1526
 75.6042
 56.5332
 77.2205
 77.2205
 70.3207
 56.542
 54.9636
 70.5904
 60.8605
 66.9776
 57.3847
 86.151
 53.9907
 51.4393
 72.2219
 83.7317
 70.9013
 76.0197
 76.0197
 81.9939
 71.9861
 75.4387
 52.8299
 70.4415
 59.9833
 71.8749
 59.1354
 65.521
 72.1388
 59.1016
 64.2028
 73.0137
 77.324
 52.5738
 67.1267
 74.7797
 70.5337
 75.0467
 79.2843
 83.3966
 62.434
 58.3866
 75.7166
 58.3009
 74.793
 61.79
 78.5748
 66.3023
 69.527
 57.4108
 85.2291
 67.0746
 49.7795
 87.0172
 72.1318
 54.8452
 69.7209
 77.4145
 87.983
 52.915
 78.6066
 56.9386
 74.0608
 84.119
 59.95
 76.642
 74.6659
 58.2924
 69.8427
 66.3777
 70.4628
 68.6731
 74.7529
 56.6833
 53.5817
 79.0949
 78.6321
 78.6321
 76.8635
 81.8535
 63.0159
 78.0961
 76.87
 79.1138
 60.9098
 65.4523
 70.3847
 77.9744
 75.6241
 70.5975
 70.4202
 57.9569
 76.5572
 83.6421
 53.0943
 53.6377
 77.7367
 86.0639
 70.8237
 56.6392
 77.026
 75.2263
 88.7017
 54.4334
 57.7927
 74.552
 60.8441
 84.1011
 73
 74.0338
 80.6474
 66.106
 78.2624
 54.8635
 71.6868
 76.4918
 60.4814
 82.0549
 51.2835
 77.756
 52.792
 52.792
 79.8874
 76.7463
 56.6745
 56.6745
 77.7625
 70.1855
 68.9202
 59.0339
 69.5126
 58.3524
 48.9081
 58.4038
 76.883
 70.4486
 75.213
 83.7138
 83.7138
 81.7129
 56.4801
 88.6454
 82.1888
 76.896
 61.79
 87.2525
 77.3499
 60.3075
 70.0999
 68.4544
 72.1526
 86.2844
 80.1748
 82.9156
 60.4152
 76.6942
 48.0208
 74.793
 76.883
 81.0247
 78.6448
 59.6825
 77.2722
 51.6817
 54.4702
 71.3863
 63.9218
 82.3711
 84.5458
 63.5689
 61.7981
 74.0203
 58.3952
 76.1183
 53.3385
 66.4229
 66.4229
 75.0333
 78.2496
 54.1756
 74.1418
 58.6515
 52.0577
 80.287
 57.3324
 57.5674
 74.2496
 85.4283
 69.9428
 69.7424
 65.215
 75.8815
 77.6595
 61.5305
 79.1391
 51.3323
 76.857
 72.904
 81.1172
 80.8703
 83.9821
 83.9821
 99.0101
 65.2074
 60.2246
 74.7395
 71.9514
 52.3832
 69.4478
 75.6835
 54.074
 76.5506
 76.5506
 76.518
 78.492
 72.2634
 59.716
 59.4054
 79.9125
 71.3933
 63.6632
 74.2698
 78.6511
 65.238
 77.9359
 76.7594
 78.4347
 54.5802
 70.4486
 79.6932
 76.7268
 58.3952
 82.3104
 71.4073
 63.498
 81.523
 58
 71.7147
 54.9545
 74.4916
 74.4916
 78.7464
 75.6108
 57.8273
 59.4306
 49.6286
 80.1374
 59.4727
 68.7095
 80.4984
 62.145
 69.9214
 79.1202
 71.6798
 78.7782
 56.0268
 80.1873
 77.608
 59.3212
 83.4146
 49.93
 77.7753
 76.3217
 73.5391
 56.3205
 80.9259
 57.7321
 71.9722
 71.1477
 74.0945
 55.7853
 79.4355
 55.6058
 62.0967
 50.6754
 71.4773
 80.8022
 72.3533
 61.2781
 82.5167
 56.9561
 77.756
 69.2892
 62.7694
 56.356
 76.8765
 76.8765
 78.6066
 62.9682
 75.6108
 83.7616
 52.3068
 78.2688
 70.6045
 80.8764
 80.8641
 60.8851
 57.9483
 73.4439
 83.5584
 62.6658
 78.7591
 58.3695
 77.2658
 54.8088
 71.3162
 71.3162
 74.2226
 58.3866
 82.1827
 73.0548
 55.2449
 48.4045
 0
 0
 0
 0
 0
 0
 0
 0
 0
 0
 0
 0
 0
 0
 0
 0
 0
 0
 0
 0
 0
 0
 0
 0
 0
 0
 0
 0
 0
 0
 0
 0
 0
 0
 0
 0
 0
 0
 0
 0
 0
 0
 0
 0
 0
 0
 0
 0
 0
 0
 0
 0
 0
 0
 0
 0
 0
 0
 0
 0
 0
 0
 0
 0
 0
 0
 0
 0
 0
 0
 0
 0
 0
 0
 0
 0
 0
 0
 0
 0
 0
 0
 0
 0
 0
 0
 0
 0
 0
 0
 0
 0
 0
 0
 0
 0
 0
 0
 0
 0
 0
 0
 0
 0
 0
 0
 0
 0
 0
 0
 0
 0
 0
 0
 0
 0
 0
 0
 0
 0
 0
 0
 0
 0
 0
 0
 0
 0
 0
 0
 0
 0
 0
 0
 0
 37.2425
 79.8937
 79.8937
 72.6154
 72.6154
 72.6154
 58.6259
 72.5879
 72.5879
 73.675
 83.3127
 83.3127
 69.8856
 69.8856
 81.0679
 81.0679
 81.0679
 66.5357
 66.5357
 66.5357
 66.5357
 66.5357
 66.5357
 66.5357
 66.5357
 66.5357
 54.2494
 54.2494
 54.2494
 51.8459
 51.8459
 69.9142
 62.0564
 68.1909
 68.1909
 78.6638
 78.6638
 59.6238
 62.9921
 62.9921
 62.9921
 49.1121
 69.1303
 69.1303
 46.2061
 53.8981
 53.8424
 85.6037
 85.6037
 81.768
 48.7032
 48.7032
 78.0641
 74.1418
 74.1418
 74.1418
 74.1418
 59.8665
 59.8665
 75.1997
 75.1997
