 306.163
 0
 22.383
 20.7364
 27.1109
 31.4325
 33.2716
 33.5559
 28.0179
 36.8103
 25.593
 34.2783
 27.55
 33.9853
 36.2491
 23.6432
 22.2036
 37.4566
 21.4709
 30.6757
 29.4788
 24.3516
 24.1454
 31.5911
 24.5561
 32.619
 33.8083
 36.647
 26.9258
 36.9188
 25.318
 36.8511
 36.9188
 31.8277
 35.0428
 28.3549
 32.1403
 31.3847
 24.5967
 22.1359
 37.3095
 34.8999
 24.5357
 43.4281
 26.5895
 24.8596
 26.1534
 39.7115
 39.4335
 25.2785
 35.1141
 41.0244
 29.3087
 29.3087
 29.3087
 24.1661
 44.9667
 34.4093
 34.8138
 34.7707
 34.7707
 34.7707
 40.0125
 20.3224
 35.8608
 39.5854
 21.8861
 37.7094
 37
 21.4243
 28.688
 22.1133
 24.98
 34.2929
 37.3229
 22.9565
 20.2485
 20.9523
 28.7054
 41.9404
 40.4722
 21.4709
 54.0648
 45.7602
 33.9411
 25.9037
 32.6803
 33.9117
 22.0907
 48.7545
 37.9605
 38.2753
 30.4138
 21.8861
 21.8861
 21.8861
 43.6692
 31
 39.37
 20.2485
 21.7256
 34.9857
 19.4422
 30.5287
 40.7676
 42.5911
 28
 19.0263
 25.2982
 37
 24.1868
 43.3705
 43.3705
 0
 44.699
 31.305
 24.5967
 35.7211
 35.7211
 35.7211
 46.422
 39.5601
 42.4382
 29.5973
 40.5956
 41.7852
 42.8719
 42.8719
 23.3666
 39.3954
 40.7676
 28.8964
 27.6225
 42.0357
 23.4734
 42.6028
 42.6028
 42.6028
 43.4741
 36.2215
 35.8887
 30.8383
 30.8383
 41.5572
 20.347
 22.9783
 21.4709
 21.4709
 21.4709
 17.2337
 21.5407
 41.2311
 26.1534
 33.9264
 43.9318
 33.9264
 37.4166
 28.2843
 28.3725
 40.694
 44.5309
 35.623
 28.9482
 33.0303
 49.8096
 0
 42.1307
 22.9565
 45.9674
 38.3927
 31.0322
 0
 26.1151
 43.2204
 38.3927
 33.121
 49.1935
 19.8242
 39.3954
 42.4264
 46.7654
 32.0624
 27.258
 40.7431
 41.1339
 43.9204
 35.6511
 28.8271
 36.8646
 38.7685
 0
 0
 41.0609
 25.923
 22.2261
 20.9284
 0
 25.2587
 42.6615
 17.5499
 33.5261
 0
 0
 0
 37.7359
 40.8044
 27.4044
 38.5876
 33.0454
 0
 30.315
 23.8118
 35.623
 42.4382
 32.0624
 32.0624
 36.5103
 47.0425
 30.4631
 31.8748
 43.4626
 40.8167
 45.8803
 22.2036
 22.2036
 22.2036
 42.4146
 45.8367
 45.8367
 47.3181
 36.3043
 18.7083
 42.8719
 42.2966
 49.7192
 32.0156
 29.7153
 47.1063
 44.1475
 50.5371
 50.5371
 32.8938
 32.8938
 32.8938
 36.5513
 37.054
 36.2215
 38.6523
 33.1662
 44.3058
 24.8395
 27.1109
 28.3549
 33.8821
 33.8821
 33.8821
 42.1545
 42.1545
 22.5167
 28.0891
 36.1525
 36.1525
 36.1525
 39.8623
 39.4081
 43.4281
 40.7185
 36.1939
 36.1939
 36.1939
 27.4226
 24.2281
 44.2493
 35.2987
 33.4664
 33.4664
 33.4664
 39.0896
 33.0606
 39.975
 35.4683
 35.4683
 35.4683
 35.4683
 45.2438
 40.05
 26.0384
 42.638
 42.638
 42.638
 42.638
 48.8467
 48.8467
 45.8258
 41.821
 41.821
 41.821
 41.821
 41.821
 41.821
 42.1426
 21.9545
 43.6921
 49.96
 49.96
 49.96
 49.96
 31.5911
 42.6849
 44.8553
 50.6754
 50.6754
 50.6754
 50.6754
 37.0675
 38.2492
 51.8266
 35.1852
 35.1852
 35.1852
 35.1852
 41.4849
 31.273
 27.4955
 42.6028
 42.6028
 22.7596
 22.7596
 46.2169
 25.2982
 44.2719
 25.593
 40.5586
 42.0714
 29.7658
 28.0891
 45.7056
 35.4542
 39.975
 30.4302
 42.6146
 40.6202
 40.6202
 40.6202
 37.4299
 43.4741
 31.5119
 35.6371
 29.8831
 29.8831
 29.8831
 47.2758
 43.6463
 24.5764
 46.9468
 29.1548
 45.3431
 39.1408
 45.3211
 50.4579
 26.7955
 52.0481
 36.647
 30.4631
 45.3321
 25.5343
 25.5343
 34.7131
 40.8167
 54.4977
 47.3181
 26.0384
 26.0384
 26.0384
 32.0312
 42.0357
 32.8024
 52.3068
 30.8383
 0
 0
 0
 0
 0
 25.02
 22.2261
 44.1701
 47.0744
 26.0768
 26.0768
 26.0768
 41.7612
 47.4131
 41.4367
 30.133
 28.0357
 28.0357
 28.0357
 23.0651
 28.6705
 47.7912
 30.6594
 31.305
 38.3145
 48.2494
 43
 37.7492
 44.5197
 22.8035
 35.9026
 35.9026
 35.9026
 35.9026
 48.0104
 45.2327
 24.1247
 34.7563
 33.8674
 45.0222
 44.6094
 47.6235
 45.1331
 33.1059
 31.9061
 50.4777
 52.4976
 43.0349
 34.7994
 41.1947
 15.6525
 32.2955
 53.1131
 36.1939
 40.9268
 40.9268
 40.9268
 22.5832
 24.5153
 57.81
 47.8748
 47.8748
 48.2804
 46.0543
 41.845
 46.7547
 0
 0
 0
 0
 0
 27.2397
 38.0526
 36.1248
 15.8745
 15.8745
 31.241
 28.8791
 28.8791
 48.5386
 16.0935
 16.0935
 40.4104
 46.5618
 50.4876
 41.0122
 14.7309
 14.7309
 49.5984
 28.8964
 44.3621
 44.5758
 31.3209
 44.2041
 23.1733
 47.8957
 11
 44.7214
 45.4643
 28.4956
 49.7393
 49.7393
 45.0777
 30.9839
 26.7769
 43.8178
 36.2077
 39.7492
 33.8083
 53.9537
 26.0384
 23.8328
 47.7808
 53.7587
 42.2729
 49.7594
 49.7594
 54.8726
 47.3392
 51.3225
 23.388
 40.7063
 31.4484
 48
 31.3688
 40.5586
 44.4747
 28.4429
 42.1545
 42.3084
 48.6415
 25.632
 38.2623
 45.4313
 42.8135
 45.5741
 49.7996
 54.2586
 31.4325
 29.5466
 48.4458
 31.8434
 43.7035
 35.171
 52.0192
 41.7133
 41.6053
 33.8378
 51.672
 41.2189
 23.3666
 53.0471
 46.1952
 30.2985
 40.8779
 49.1528
 57.9224
 25
 51.7107
 26.3439
 44.9444
 57.9914
 31.9844
 53.6283
 49.7795
 28.9137
 42.5558
 44.317
 42.8135
 47.0106
 45.4863
 26.2679
 29.4449
 48.0937
 49.689
 49.689
 47.7703
 53.066
 34.176
 51.6914
 48.3425
 51.1566
 33.1964
 33.5857
 45.1774
 51.7591
 42.107
 42.8135
 45.0777
 34.6121
 49.4368
 55.0999
 23.6643
 27.1846
 48.8365
 55.6507
 42.2137
 28.7402
 49.8999
 46.0109
 56.9386
 24.4949
 26.5895
 51.6624
 32.0312
 56.0625
 43.8634
 44.2945
 57.1139
 44.8776
 50.8822
 30.1496
 49.1935
 48.9081
 32.4962
 54.0833
 25.0799
 48.7545
 25.807
 25.807
 51.4684
 49.7092
 27.074
 27.074
 50.9411
 45.1996
 39.8873
 28.688
 44.6766
 33.7343
 23.8118
 35.0428
 50.1199
 41.1947
 46.0217
 51.6624
 51.6624
 52.9717
 23.6432
 55.7046
 53.3479
 49.7092
 31.0805
 57.6888
 51.4781
 30.5941
 40.9756
 47.0213
 42.2847
 57.2626
 51.1273
 58.4038
 36.9594
 48.5592
 24.6171
 53.0471
 47.2335
 48.775
 50.05
 39.0896
 49.7695
 22.8035
 26.0576
 48.1456
 35.171
 54.2494
 57.7408
 36.7151
 38.5876
 48.3218
 31.4802
 49.7695
 28.8791
 41.328
 41.328
 45.1996
 49.7192
 26.4197
 46.2601
 30.5614
 19.2614
 55.7494
 26.4197
 28.4605
 49.4065
 60.0083
 39.1024
 49.2138
 38
 48.8774
 50.3885
 39.6989
 50.892
 24.3311
 47.0532
 44.4972
 50.1597
 52.4404
 56.7803
 56.7803
 80.1998
 37.5366
 38.8973
 50.774
 45.3762
 29.4788
 47.0319
 47.1275
 29.1548
 45.31
 45.31
 49.8598
 49.2138
 41.6413
 31.0644
 28.6705
 53.5257
 42.3556
 34.8281
 54.4334
 49.8297
 43.1509
 49.548
 46.9255
 50.2892
 31.8904
 43.6578
 48.0104
 49.3255
 28.9137
 54.0463
 48.6621
 34.3074
 55.3444
 32.1714
 45.0555
 29.2062
 51.8363
 51.8363
 50.4183
 47.3286
 35.5387
 25.5734
 23.8118
 50.5272
 27.8209
 39.6989
 51.8073
 30.4467
 42.1545
 56.5509
 43.4511
 50.01
 31.9844
 52.2781
 47.8121
 37.081
 51.6333
 25.3574
 48.2079
 47
 51.0979
 27.4773
 54.8452
 27.8388
 50.1498
 44.8442
 51.3323
 31.1288
 51.0294
 26.1916
 41.4849
 26.4197
 40.2865
 50.8527
 44.2945
 27.8029
 50.6754
 25.2389
 54.2033
 39.5474
 35.1994
 31.7962
 48.4458
 48.4458
 52.6023
 40.7799
 47.4236
 55.6237
 31.4166
 45.7712
 40.8901
 52.3641
 54.2955
 34.9142
 28.3725
 51.4004
 54.9272
 33.0908
 53.376
 30.692
 49.4469
 25.5539
 51.0098
 51.0098
 44.4522
 36.8239
 50.06
 42.6146
 22.3383
 23.1084
 0
 28.2843
 53.2823
 53.2823
 53.2823
 63.3325
 50.5173
 52.1057
 33.8674
 46.2169
 56.8243
 47.8748
 31.496
 33.5857
 50.5767
 24.8596
 44.3283
 54.2125
 56.0714
 56.0714
 22.7596
 57.1314
 45.8803
 28.2666
 54.037
 53.9907
 43.7264
 41.509
 21.0238
 28.4077
 49.9099
 43.5546
 33.8821
 50.4282
 26.9258
 26.9258
 47.9792
 54.7996
 50.5964
 62.9841
 55.2268
 42.6146
 39.8372
 0
 0
 28.9482
 32.9242
 0
 0
 0
 40.8289
 56.107
 59.95
 23.4521
 23.4521
 39.2683
 39.2683
 61.9193
 50.6063
 45.7275
 56.0892
 52.811
 26.9444
 39.8999
 26.6271
 42.0238
 48.9387
 40.025
 31.1448
 43.7035
 57.4282
 58.6259
 52.915
 49.4267
 50.8134
 50.8134
 50.8134
 56.356
 28.6705
 31.0966
 0
 0
 49.2037
 28.6182
 51.4587
 46.3465
 46.9894
 29.4788
 60.8523
 33.1813
 28.0535
 36.973
 64.6838
 51.817
 33.0908
 44.3058
 23.5372
 53.7029
 28.3196
 43.4856
 35.0571
 49.5379
 88.3742
 88.3742
 49.7192
 33.8378
 51.2835
 51.2835
 55.3082
 49.1121
 49.1121
 57.4021
 45.9021
 48.8057
 33.4365
 52.6118
 51.614
 51.614
 62.8013
 44.3058
 44.3058
 40.398
 20.5913
 43.6921
 22.8692
 50.8626
 40.025
 42.2847
 42.2847
 57.376
 47.2652
 0
 39.4842
 41.0488
 41.0488
 21.2132
 51.449
 51.449
 52.2111
 32.5423
 32.5423
 32.0468
 44.1814
 44.1814
 52.6498
 56.6569
 56.6569
 45.4643
 45.4643
 57.1577
 53.1225
 53.1225
 38.1707
 38.1707
 38.1707
 43.2204
 43.2204
 0
 0
 0
 0
 22.8254
 22.8254
 22.8254
 28.8097
 0
 48.6621
 50.4083
 55.9732
 55.9732
 55.9732
 55.9732
 43.4281
 46.9574
 46.9574
 46.9574
 22.6936
 42.6732
 42.6732
 20.8806
 26.9629
 28.6705
 51.8266
 51.8266
 50.4183
 18.6548
 18.6548
 56.4624
 51.9711
 51.9711
 51.9711
 51.9711
 29.8329
 29.8329
 45.1774
 45.1774
