 38.4318
 30.348
 33.5261
 31.9531
 39.6358
 41.4367
 46.7547
 45.1553
 40.7185
 49.1427
 39.3827
 47.2652
 43.6807
 43.4051
 45.9456
 43.3244
 42.4382
 48.6621
 41.8688
 40.8412
 44.2945
 37.3095
 39.9124
 48.4045
 40.3856
 42.45
 48.6004
 45.6399
 39.8748
 50.04
 42.45
 48.621
 50.9706
 50.547
 49.4166
 38.4578
 45.3872
 45.7712
 41.7732
 35.4401
 50.04
 48.9081
 43.0929
 55.9375
 33.7194
 47.4447
 43.8976
 53.4977
 51.6817
 46.9468
 47.5079
 55.5338
 43.5086
 43.5086
 0
 37.3765
 59.1101
 53.0377
 47.8226
 52.469
 52.469
 52.469
 54.0555
 37.7359
 52.345
 50.5371
 50.5371
 50.7543
 49.8598
 39.0256
 44.7884
 34.8425
 44.9778
 49.4571
 52.259
 41.2674
 30.4631
 39.2173
 48.7647
 55.1815
 51.3907
 29.1719
 54.0648
 54.0648
 52.2111
 50.7346
 47.0425
 47.9792
 47.9792
 48.7545
 0
 0
 0
 37.9473
 37.9473
 37.9473
 43.6692
 0
 0
 36.647
 34.5977
 54.7814
 25.219
 53.3479
 60.8523
 56.1605
 45.2548
 45.2548
 43.4971
 51.8363
 47.3286
 61.8547
 61.8547
 61.8547
 60.9918
 53.9073
 40.4722
 52.5357
 52.5357
 52.5357
 62.1852
 58.2237
 56.4624
 49.6085
 56.8243
 59.2874
 55.6147
 55.6147
 43.4511
 55.9106
 52.345
 47.4552
 46.9042
 57.4369
 45.0555
 56.1694
 56.1694
 56.1694
 65.1613
 49.7192
 55.7763
 47.0425
 0
 0
 37.9078
 47.5605
 36.606
 36.606
 0
 34.6121
 36.0555
 57.931
 51.2835
 53.1319
 58.2666
 56.107
 61.1146
 47.833
 49.3153
 53.7959
 65.4141
 56.9386
 45.0666
 54.9272
 69.6276
 69.6276
 61.9112
 42.8719
 64.4515
 59.2368
 54.5894
 54.5894
 47.8121
 60.8605
 59.0931
 55.0091
 64.1171
 42.2966
 57.0789
 57.8965
 62.0081
 55.7315
 49.8096
 57.4717
 58.4123
 55.0273
 57.8965
 48.3529
 50.951
 51.7301
 51.7301
 51.7301
 61.1637
 42.1426
 44.7325
 34.9857
 34.9857
 45.1996
 62.6099
 40.5832
 50.03
 50.03
 50.03
 50.03
 61.8951
 57.1402
 53.8981
 58.2409
 53.6004
 53.6004
 54.6992
 49.7795
 62.8172
 57.5152
 51.303
 51.303
 62.2093
 69.3397
 58.1378
 47.8017
 65.8559
 62.2254
 69.5917
 40.8167
 40.8167
 0
 0
 0
 0
 0
 43.9773
 43.4971
 60.8523
 61.0164
 67.8233
 43.0465
 55.5968
 62.7774
 59.716
 66.2646
 66.2646
 66.2646
 66.2646
 66.2646
 63.1981
 53.4228
 51.7977
 54.037
 51.517
 66.7458
 38.6005
 46.2277
 44.8442
 48.5489
 48.5489
 0
 0
 0
 42.0238
 51.4684
 46.465
 46.465
 0
 0
 0
 0
 0
 42.3084
 42.3084
 0
 0
 0
 0
 0
 0
 0
 0
 0
 0
 0
 48.7955
 48.7955
 48.7955
 0
 0
 0
 40.4228
 66.7083
 66.7083
 66.7083
 66.7083
 74.6257
 74.6257
 67.283
 66.5357
 66.5357
 66.5357
 66.5357
 66.5357
 66.5357
 61.8789
 46.8935
 63.498
 71.4003
 71.4003
 71.4003
 71.4003
 57.3672
 62.0484
 62.1772
 69.7997
 69.7997
 69.7997
 69.7997
 53.7122
 64.4748
 68.7605
 52.8015
 52.8015
 52.8015
 52.8015
 55.3534
 45.0555
 44.2493
 66.6783
 66.6783
 42.2493
 42.2493
 68.5857
 40.1871
 66.0757
 52.1344
 66.9403
 66.9253
 55.7584
 54.7814
 72.9863
 51.049
 67.4907
 59.716
 67.9485
 53.7587
 53.7587
 53.7587
 65.7951
 72.0972
 44.7214
 65.6201
 47.3286
 47.3286
 0
 0
 0
 47.2864
 75.1931
 45.4092
 68.6149
 64.591
 68.6659
 78.4474
 45.4643
 76.8245
 63.4192
 49.8999
 63.7809
 42.72
 42.72
 62.458
 55.0364
 75.8024
 63.4823
 63.4823
 63.4823
 63.4823
 45.1664
 69.5917
 46.3357
 69.7495
 42.638
 42.638
 42.638
 42.638
 0
 0
 45.5192
 44.5197
 59.5735
 72.9931
 38.0132
 38.0132
 0
 0
 0
 0
 48.3425
 37.3095
 37.3095
 0
 0
 0
 0
 0
 0
 0
 0
 0
 0
 0
 0
 0
 0
 0
 0
 0
 0
 46.1302
 65.4523
 59.0085
 71.4983
 75.2463
 71.2811
 66.5282
 59.1439
 53.1225
 79.1328
 79.8937
 60.1831
 64.6065
 58.2924
 27.9106
 47.0638
 77.324
 50.1298
 69.8069
 69.8069
 69.8069
 47.8226
 48.6724
 75.8551
 72.6017
 72.6017
 71.5821
 72.5603
 70.6329
 62.1932
 62.1932
 62.1932
 62.1932
 62.1932
 70.0857
 55.6687
 52.4786
 62.6817
 23.5584
 0
 0
 0
 0
 0
 22.383
 0
 0
 0
 0
 0
 0
 0
 0
 47.8539
 71.9514
 76.7268
 65.2763
 70.7248
 46.1411
 75
 75
 65.8939
 77.3499
 58.2838
 73.0342
 73.0342
 62.8092
 62.8013
 55.5158
 57.8014
 50.9215
 72.5948
 47.8435
 85.0588
 48.1664
 50.5569
 76.3282
 78.339
 70.6753
 74.9867
 74.9867
 73.885
 64.2806
 72.0278
 52.1632
 67.8086
 62.2174
 63.6396
 61.7738
 56.0089
 75.3658
 56.7098
 55.5608
 72.6361
 78.4474
 51.2933
 69.7209
 74.4177
 71.4913
 71.4003
 77.3628
 81.3326
 62.849
 57.4978
 68.0147
 52.144
 77.1751
 66.0454
 70.6753
 56.4889
 72.904
 47.1487
 83.7138
 54.1202
 45.607
 85.6037
 74.6257
 44.699
 69.8069
 76.0986
 82.6862
 46.1086
 73.4439
 54.8179
 71.3022
 77.4338
 62.9841
 68.1102
 66.5357
 58.6515
 73.1163
 56.9561
 74.8799
 59.0762
 74.6391
 53.3104
 47.2864
 79.2969
 78.4538
 78.4538
 74.1687
 82.3104
 61.7252
 73.973
 69.5054
 76.6877
 63.6632
 65.5515
 60.0167
 66.8281
 77.3951
 75.0333
 60.6465
 47.4868
 80
 85.8429
 50.4678
 44.0568
 77.4468
 85.235
 70.6682
 51.4393
 73.13
 71.2881
 81.9573
 52.1536
 57.6802
 67.1118
 65.6582
 77.6015
 77.3369
 76.1577
 73.4439
 58.6771
 81.1665
 51.8459
 62.5859
 75.4785
 57.7235
 81.7435
 53.9537
 71.5472
 51.3128
 51.3128
 73.885
 68.2129
 61.1228
 61.1228
 70.1783
 58.4209
 74.2226
 57.5152
 60.2412
 50.2892
 43.1972
 48.2597
 81.3757
 73.1847
 75.1266
 84.3919
 84.3919
 81.6088
 54.8908
 86.0291
 75.6637
 73.9527
 65.7191
 86.0581
 70.1926
 58.4551
 74.8665
 61.4817
 75.8815
 79.3158
 83.5524
 74.793
 52.0384
 79.341
 44.5309
 64.9923
 73.0274
 79.7998
 75.591
 51.1664
 70.0428
 51.303
 59.439
 62.3057
 62.7136
 72
 83.4086
 69.606
 52.8394
 62.9841
 56.5332
 80.895
 46.4435
 54.2402
 54.2402
 76.1577
 79.0759
 49.689
 73.1505
 56.921
 51.303
 82.994
 59.6741
 56.6569
 67.0075
 85.6096
 73.9324
 61.4329
 68.7895
 77.801
 82.201
 52.1728
 81
 48.9387
 72.7461
 73.212
 79.2591
 73.1369
 77.2075
 77.2075
 89.3308
 69.8498
 51.5849
 66.0908
 76.7529
 45.111
 59.1354
 77.2722
 42.4971
 77.3886
 77.3886
 77.5306
 75.9737
 68.942
 57.4021
 60.4897
 72.6085
 73.6682
 65.146
 68.0441
 79.2401
 58.0861
 81.388
 73.7292
 81.1295
 46.8081
 71.638
 78.8987
 70.8167
 56.5243
 75.4718
 63.6082
 65.8103
 71.8819
 53.8609
 76.5376
 48.0937
 65.6049
 65.6049
 81.7802
 76.0263
 50.1498
 57.3411
 42.6146
 78.924
 59.1861
 66.0379
 74.98
 62.4179
 72.6223
 70.7319
 75.9342
 80.5171
 51.3323
 84.2793
 76.6029
 52.1632
 84.9117
 44.8999
 71.5961
 74.9066
 66.9627
 52.1536
 74.1957
 59.5147
 62.434
 75.2064
 66.0379
 47.927
 84.119
 55.7853
 54.2863
 43.9773
 69.5557
 79.712
 72.7599
 60.9754
 76.5572
 55.2087
 71.1758
 72.9178
 66.2797
 48.9387
 78.7845
 78.7845
 84.113
 55.2811
 73.5935
 86.5621
 45.8694
 70.4698
 70.8378
 77.6402
 71.7565
 61.7171
 55.5608
 61.1474
 76.302
 65.7039
 67.8086
 50.4083
 83.2106
 51.5073
 64.8691
 64.8691
 74.9333
 50.3984
 83.3247
 71.638
 54.2218
 42.9185
 42.9185
 55.6597
 76.0855
 76.0855
 76.0855
 76.046
 80.4301
 82.9216
 51.0196
 73.4439
 87.2869
 73.5119
 50.2991
 55.7494
 80.6412
 53.9815
 73.0411
 78.1857
 71.5542
 71.5542
 53.7401
 75.1133
 77.0519
 54.7357
 67.8159
 85.1176
 74.3236
 55.4437
 49.679
 46.0435
 79.712
 71.3372
 64.1327
 75.8222
 56.2672
 56.2672
 76.9675
 66.7158
 80.7217
 86.6256
 87.1149
 70.6045
 53.3198
 53.3198
 80.3866
 51.3225
 56.0268
 56.0268
 56.0268
 75.7232
 72.3948
 70.7672
 81.8108
 55.848
 55.848
 70.5408
 70.5408
 79.7872
 80.9197
 73.641
 72.6636
 86.6487
 54.8726
 54.7175
 57.8446
 71.7008
 75.8551
 68.942
 58.6259
 67.7938
 78.4219
 72.3326
 79.8812
 80.287
 74.686
 74.686
 74.686
 86.1858
 53.8702
 55.5878
 55.5878
 78.3645
 66.1665
 56.745
 76.7268
 77.4338
 65.1153
 56.7274
 79.3032
 56.107
 56.4978
 66.5282
 82.4864
 80.8641
 63.498
 63.4192
 52.2972
 82.7949
 52.1344
 72.4914
 64.0469
 78.2304
 102.99
 102.99
 76.6159
 62.466
 75.71
 75.71
 82.0975
 75.2928
 75.2928
 84.3445
 68.1396
 75.71
 54.0648
 76.9675
 75.7298
 75.7298
 81.265
 68.6076
 68.6076
 67.8675
 49.2849
 60.9098
 51.0098
 75.1731
 67.0671
 69.8713
 69.8713
 76.629
 71.7356
 71.7356
 65.8255
 68.8622
 68.8622
 32.6956
 77.7174
 77.7174
 76.7398
 54.9181
 54.9181
 55.6507
 70.562
 70.562
 65.8103
 80.4363
 80.4363
 64.6916
 64.6916
 76.3937
 75.4785
 75.4785
 65.7419
 65.7419
 65.7419
 61.5386
 61.5386
 61.5386
 66.9701
 66.9701
 66.9701
 49.7695
 49.7695
 49.7695
 53.8702
 53.8702
 74.8933
 66.5282
 73.2052
 73.2052
 74.7997
 74.7997
 63.9766
 64.1093
 64.1093
 64.1093
 50.4083
 68.913
 68.913
 43.2088
 51.264
 50.9706
 84.4275
 84.4275
 81.2896
 45.8148
 45.8148
 70.4557
 76.9025
 76.9025
 76.9025
 76.9025
 54.4794
 54.4794
 69.857
 69.857
