 40.1995
 33.7046
 37.4566
 25.1794
 35.6791
 58.9491
 62.6897
 57.8533
 48.8569
 43.1393
 30.9677
 50.4083
 37.4833
 50.3389
 55.8838
 37.47
 42.4264
 42.9185
 43.6234
 41.9047
 42.4617
 33.8378
 34.0588
 48.2804
 30.7571
 39.7744
 55.2901
 44.4522
 40.2368
 62.9921
 39.3319
 44.8107
 49.1833
 43.8406
 45.0444
 45.793
 49.2037
 38.7298
 35.1568
 36.8782
 50.8232
 54.5069
 36.8511
 53.2916
 36.9324
 38.5746
 38.1445
 58.6259
 60.918
 40.05
 43.0813
 52.3068
 42.9535
 42.9535
 0
 33.5857
 69.0724
 44.4185
 50.1498
 41.2795
 41.2795
 0
 0
 30.1662
 46.8188
 55.1725
 28
 51.8556
 45.9565
 31.4006
 38.7427
 28.0357
 35.7071
 44.699
 43.1509
 36.2215
 25.6515
 33.5261
 43.2204
 51.672
 44.441
 26.4953
 54.0648
 54.0648
 48.3011
 41.2795
 41.845
 46.6262
 25.632
 48.7545
 0
 0
 45.1221
 32.573
 32.573
 32.573
 43.6692
 0
 0
 32.5115
 35.6651
 52.2685
 52.2685
 42.4617
 52.5167
 65.3223
 37.8682
 24.1454
 38.1051
 60.5558
 44.1475
 56.701
 56.701
 56.701
 56.7979
 47.8226
 38.5746
 49.7896
 0
 0
 0
 49.5076
 45.913
 37.3497
 54.1572
 51.8073
 52.9717
 52.9717
 38.2753
 44.7214
 51.4198
 40.5586
 43.589
 67.082
 36.8375
 60.9426
 60.9426
 60.9426
 54.1479
 49.7695
 49.8598
 40.6079
 0
 0
 29.5127
 36.3043
 28.931
 28.931
 0
 29.5635
 33.1662
 56.4801
 42.3792
 42.7668
 58.2323
 43.5316
 53.9537
 40.2616
 45.1996
 48.5798
 60.1664
 49.1732
 40.7799
 45.913
 64.3351
 64.3351
 59.3043
 33.8378
 57.9137
 51.2055
 41.7971
 0
 35.3695
 58.643
 49.5278
 48.4355
 64.405
 33.9264
 46.3141
 52.4881
 73.5731
 45.111
 43.8406
 51.1859
 55.2721
 65.5515
 48.949
 42.4853
 48.5798
 62.0806
 62.0806
 62.0806
 56.0268
 36.2353
 35.4683
 31.0966
 0
 34.2053
 59.5735
 31.4006
 43.7493
 43.7493
 43.7493
 0
 48.2701
 54.6992
 45.4533
 45.3982
 43.7607
 0
 44.2945
 41.4849
 58.1378
 63.2693
 46.3465
 46.3465
 50.5074
 62.442
 44.9333
 44.1475
 57.9483
 51.643
 61.6117
 35.6371
 35.6371
 0
 0
 0
 0
 0
 0
 32.6037
 58.1292
 63.3482
 65.6734
 65.6734
 45.5412
 56.4712
 73.2462
 69.5342
 69.5342
 69.5342
 69.5342
 69.5342
 50.4083
 49.8197
 54.8452
 49.7896
 49.7896
 55.254
 35.8329
 41.2795
 43.1277
 45.9565
 45.9565
 0
 0
 0
 34.9571
 41.6053
 41.6053
 41.6053
 0
 0
 48.8876
 56.8155
 56.3915
 47.0744
 47.0744
 0
 42.4735
 40.8534
 74.7262
 46.3681
 46.3681
 46.3681
 0
 0
 48.7237
 55.5968
 47.8435
 47.8435
 47.8435
 0
 0
 0
 38.7943
 58.0861
 58.0861
 58.0861
 58.0861
 63.9296
 63.9296
 62.3458
 55.5698
 55.5698
 55.5698
 55.5698
 55.5698
 55.5698
 50.8626
 36.9459
 63.7887
 69.0362
 69.0362
 69.0362
 69.0362
 49
 54.8726
 60.2661
 70.8378
 70.8378
 70.8378
 70.8378
 52.3163
 56.5066
 79.3347
 63.1585
 63.1585
 63.1585
 63.1585
 67.1863
 43.0929
 39.9875
 58.5064
 58.5064
 36.6197
 36.6197
 59.6574
 37.054
 56.9473
 40.9756
 54.9909
 52.4023
 45.8585
 46.3357
 58.258
 57.1577
 53.0943
 47.2969
 59.127
 73.2598
 73.2598
 73.2598
 52.9906
 62.562
 49.3964
 52.5167
 42.6497
 42.6497
 0
 0
 0
 34.9571
 64.1249
 41.9166
 58.2838
 49.7896
 60.1997
 68.1542
 42.9884
 68.7605
 49.7695
 42.9418
 61.8385
 41.0122
 41.0122
 51.1273
 65.5362
 80.4922
 60.803
 42.1545
 42.1545
 0
 43.7264
 57.9655
 44.9778
 80.9506
 42.9185
 0
 0
 0
 0
 0
 39.0256
 35.6511
 70.3136
 62.1691
 38.8587
 38.8587
 0
 0
 0
 0
 42.45
 42.45
 42.45
 0
 41.7133
 45.4533
 63.7495
 43.1393
 49.7795
 51.8845
 59.649
 67.3201
 52.7352
 58.66
 40.0999
 55.0908
 55.0908
 55.0908
 55.0908
 63.7181
 57.2451
 35.1994
 50.8822
 43.4971
 59.2453
 62.3217
 64
 57.9224
 49.3964
 45.1774
 66.4981
 68.1909
 56.8595
 54.6626
 63.9687
 17.5214
 46.8402
 67.7274
 48.1144
 57.9483
 57.9483
 57.9483
 37.6962
 39.6232
 83.2106
 63.0238
 63.0238
 62.4019
 56.0981
 57.0701
 69.3614
 69.3614
 69.3614
 69.3614
 69.3614
 68.0955
 45.1221
 50.4282
 52.4881
 18.4932
 0
 46.4112
 45.7165
 45.7165
 68.9275
 68.9275
 68.9275
 56.7803
 59.4727
 61.6279
 60.291
 60.291
 60.291
 64.6607
 40.5463
 58.5833
 65.7115
 53.9073
 59.0678
 36.8917
 63.5846
 63.5846
 57.5239
 63.1823
 45.8912
 62.145
 62.145
 57.836
 50.3786
 45.2106
 61.1882
 47.9583
 56.3205
 49.1427
 71.8888
 40.9756
 38.1838
 63.5453
 78.4474
 55.6507
 64.622
 64.622
 76.2234
 70.4202
 65.3682
 44.0114
 59.9083
 46.6047
 69.5485
 51.2152
 66.4906
 58.9067
 45.0888
 59.6992
 60.1914
 67.4685
 39.2173
 50.8232
 59.2537
 56.8858
 59.6992
 68.1029
 70.1427
 51.7397
 45.9239
 77.3305
 46.6369
 68.2862
 53.376
 66.7757
 64.7302
 57.6281
 45.4863
 75.8156
 58.9406
 36.6606
 73.7496
 62.3217
 42.6146
 53.9537
 66.5883
 76.4853
 40.0874
 66.468
 45.8258
 61.5467
 75.4453
 49.1528
 78.2049
 70.3136
 47.4131
 57.3149
 60.1249
 57.81
 63.3009
 59.1777
 40.4722
 40.5832
 68
 65.7875
 65.7875
 59.6574
 66.174
 49.8397
 66.1967
 61.4248
 66.9925
 54.5711
 54.5252
 69.8427
 68.3081
 63.6239
 58.7792
 60.1997
 53.4883
 67.0149
 76.5114
 38.5097
 40.6694
 65.4294
 73.6274
 56.745
 44.2719
 65.0615
 61.3514
 76.3151
 48.6107
 47.4131
 71.0985
 52.0288
 71.9097
 60.6877
 60.8523
 72.6705
 59.0678
 67.1416
 47.4868
 67.0373
 62.554
 48.6107
 68.1469
 37.6298
 63.2614
 41.1825
 41.1825
 63.7887
 61.8547
 48.4768
 48.4768
 68.4544
 74.0338
 56.8419
 47.8121
 60.2495
 47.9166
 34.3802
 47.3181
 65.1613
 63.8357
 61.3433
 67.8454
 67.8454
 68.5711
 46.2169
 75.7958
 70.3278
 62.9603
 49.7494
 74.3034
 70.4273
 50.0999
 57.4108
 61.5873
 59.7076
 74.411
 67.8233
 77.3886
 49.366
 62.554
 35.7351
 68.8549
 59.5231
 65.9242
 65.4217
 53.6563
 60.9918
 39.3954
 46.9787
 72.8423
 72.8423
 72.5534
 69.3686
 54.7723
 57.7668
 64.5136
 47.1063
 66.0379
 39.3192
 54.7357
 54.7357
 61.0246
 64.7225
 39.6863
 59.8999
 45.6837
 38.4708
 72.6705
 46
 47.0425
 72.5328
 74.8999
 56.5509
 66.4379
 52.3259
 62.5939
 66.0681
 54.4151
 68
 37.4166
 62.1691
 60.1831
 66.7832
 64.5291
 71.1407
 71.1407
 94.4034
 57.7495
 50.774
 75.1199
 61.8385
 38.2623
 63.111
 63.6632
 41.0122
 62.554
 62.554
 63.4429
 66.8655
 60.597
 49.8397
 49.7795
 74.3774
 61.7738
 51.672
 69.5701
 66.1513
 59.1101
 66.0606
 66.4906
 69.527
 47.3392
 56.5685
 66.4981
 68.0221
 47.4342
 69.9857
 61.2372
 54.2125
 79.3473
 47.8644
 62.7535
 42.4382
 72.8011
 72.8011
 69.5414
 60.8523
 45.9347
 46.6798
 38.092
 66.888
 49.2138
 55.8301
 75.4387
 51.1371
 59.1523
 73.1779
 57.55
 62.7455
 50.1797
 69.8785
 62.9047
 54.0833
 69.5054
 36.9324
 69.0435
 64.0547
 62.8411
 40.3856
 73.8377
 48.9796
 60.291
 61.7171
 72.5259
 48.8467
 67.164
 40.4722
 57.5934
 38.2099
 57.2189
 67.8307
 59.5903
 50.8626
 74.7997
 45.1331
 74.7997
 57.3585
 49.3153
 45.5741
 62.0967
 62.0967
 67.8822
 52.9528
 58.2409
 70.5124
 41.1218
 68.4909
 56.921
 68.4105
 72.4707
 72.4707
 46.9787
 71.3232
 71.1266
 53.4883
 79.925
 46.6262
 65.4141
 50.1298
 65.3376
 65.3376
 60.4979
 52.1249
 69.9857
 62.0806
 44.8665
 37.47
 0
 46.3141
 75.8947
 75.8947
 75.8947
 79.1202
 64.2884
 67.8159
 48.8876
 60.2827
 72.904
 67.7052
 44.0227
 48.6313
 69.5414
 45
 61.8466
 67.4611
 70.0785
 70.0785
 46.3141
 71.4913
 62.5939
 47.8435
 72.6636
 69.1448
 60
 65.0154
 38.7814
 42.0595
 64.3351
 60.9508
 52.0961
 75.6968
 47.2969
 47.2969
 62.2093
 78.7147
 63.4823
 77.6273
 69.4622
 56.0179
 57.463
 57.463
 67.0969
 51.1273
 43.0929
 0
 0
 0
 0
 0
 0
 44.7772
 44.7772
 55.5968
 55.5968
 83.0482
 64.8383
 59.397
 62.0725
 65.0077
 46.1628
 52.5071
 59.649
 60.8194
 63.4192
 58.2838
 53.1977
 62.1369
 72.7461
 81.8718
 80.8393
 67.2235
 69.8713
 69.8713
 69.8713
 69.4766
 42.3674
 46.6047
 0
 0
 0
 0
 0
 0
 0
 47.6025
 76.3872
 44.3734
 41.3038
 51.3225
 81.8108
 65.0308
 47.8853
 51.3323
 45.6399
 68.5638
 68.5638
 84.729
 53.0471
 63.4429
 101.833
 101.833
 70.0286
 49.6286
 60.9262
 60.9262
 81.1419
 63.2535
 63.2535
 70.6824
 59.5315
 74.7262
 51.1762
 72.5879
 67.2904
 67.2904
 103.537
 103.537
 103.537
 103.537
 103.537
 57.5674
 43.4856
 86.4349
 59.9833
 69.2532
 69.2532
 69.2532
 69.2532
 69.2532
 51.7301
 54.754
 54.754
 40.7431
 69.7854
 69.7854
 61.1474
 61.1474
 61.1474
 54.7905
 64.2573
 64.2573
 70.6824
 79.9625
 79.9625
 79.9625
 79.9625
 79.9625
 79.9625
 79.9625
 58.2752
 58.2752
 58.2752
 58.2752
 58.2752
 58.2752
 58.2752
 58.2752
 58.2752
 58.2752
 58.2752
 58.2752
 37.3765
 37.3765
 37.3765
 48.4252
 52.8772
 52.8772
 73.1847
 73.1847
 46.3033
 72.0902
 72.0902
 72.0902
 37.3497
 51.6333
 51.6333
 36.2629
 36.2629
 35.6931
 35.6931
 35.6931
 69.2532
 39.9875
 0
 0
 0
 0
 0
 0
 0
 0
 0
 0
