 36.8917
 0
 33.4216
 33.4216
 46.7119
 49.7393
 50.3786
 55.0999
 44.6094
 52.8394
 42.0595
 42.0595
 47.655
 50.6261
 50.6261
 46.5725
 44.1022
 44.1022
 44.0341
 48.5077
 48.5077
 48.5077
 43.6807
 51.0979
 44.8442
 42.7668
 52.1344
 52.1344
 52.1344
 54.9818
 46.2385
 61.7414
 55.9196
 53.0754
 54.69
 54.69
 46.2925
 46.2925
 41.7493
 41.7493
 41.7493
 54.3783
 44.4747
 44.4747
 44.4747
 44.4747
 44.3847
 44.3847
 44.3847
 44.3847
 52.2685
 62.9365
 62.9365
 62.9365
 62.9365
 44.9667
 44.9667
 51.0294
 51.0294
 51.0294
 51.0294
 51.0294
 60.349
 43.1045
 43.1045
 43.1045
 43.1045
 49.1019
 54.8726
 41.509
 41.509
 41.509
 47.4763
 47.4763
 56.7979
 47.4868
 47.4868
 44.7549
 50.01
 68.3081
 58.3781
 58.3781
 54.0648
 54.0648
 54.8179
 52.792
 52.9245
 61.5873
 61.5873
 48.7545
 0
 0
 0
 40.8044
 0
 0
 43.6692
 0
 0
 40.5832
 39.3192
 56.8155
 56.8155
 53.8702
 64.1015
 60.4814
 46.9574
 46.9574
 46.9574
 59.7076
 59.7076
 65.4294
 65.4294
 65.4294
 65.4294
 52
 48.0104
 50.5272
 50.5272
 50.5272
 73.5119
 55.6327
 55.6327
 52.3163
 52.3163
 59.6322
 52.3355
 52.3355
 48.7134
 61.0164
 57.1052
 57.1052
 49.5379
 68.8404
 68.8404
 61.9355
 61.9355
 61.9355
 70.1641
 51.8749
 56.5597
 50.4777
 50.4777
 61.7981
 40.6079
 49.4166
 38.1445
 38.1445
 0
 39.4842
 39.4715
 62.145
 53.1319
 54.4426
 66.8356
 59.0678
 59.0678
 48.4355
 52.9622
 64.0703
 64.0703
 64.0703
 52.345
 55.1996
 55.1996
 55.1996
 60.1498
 48.949
 68.5055
 58.0689
 58.0689
 58.0689
 50.5767
 60.0083
 60.0083
 60.0083
 71.5402
 46.6476
 46.6476
 61.2536
 72.0694
 72.0694
 52.792
 63.1823
 63.1823
 59.7829
 57.8273
 55.4617
 56.1338
 56.6922
 56.6922
 56.6922
 62.2093
 47.9792
 50.1797
 41.7493
 0
 0
 0
 46.2601
 52.8583
 52.8583
 52.8583
 52.8583
 65.437
 64.846
 57.2364
 59.2368
 59.2368
 59.2368
 56.2317
 55.8659
 63.6946
 64.1249
 64.1249
 64.1249
 60.8769
 69.5485
 58.3181
 56.0714
 63.4192
 63.7338
 68.3667
 46.744
 46.744
 0
 0
 0
 0
 0
 0
 47.613
 66.1891
 68.7386
 73.6546
 73.6546
 57.7062
 70.7672
 69.5845
 74.9933
 74.9933
 74.9933
 74.9933
 74.9933
 62.7933
 61.3759
 63.1031
 65.5591
 65.5591
 67.8454
 51.9615
 53.0848
 57.6802
 57.6802
 57.6802
 57.6802
 68.6003
 68.6003
 51.6527
 57.7148
 57.7148
 57.7148
 57.7148
 73.1847
 69.5773
 78.0192
 68.2276
 68.2276
 68.2276
 68.2276
 62.4019
 56.6127
 68.4471
 64.9538
 64.9538
 64.9538
 64.9538
 66.9029
 63.5138
 69.4982
 60.8687
 60.8687
 60.8687
 60.8687
 72.1457
 71.2531
 49.8297
 70.4982
 70.4982
 70.4982
 70.4982
 75.7364
 75.7364
 75.1465
 75.7298
 75.7298
 75.7298
 75.7298
 75.7298
 75.7298
 75.7166
 53.8238
 75.0666
 77.9423
 77.9423
 77.9423
 77.9423
 63.8514
 74.2765
 76.6616
 84.3267
 84.3267
 84.3267
 84.3267
 66.5808
 67.082
 81.0617
 65.7951
 65.7951
 65.7951
 65.7951
 70.05
 58.7878
 58.1378
 69.6204
 69.6204
 53.2729
 53.2729
 73.1847
 52.0673
 75.1332
 60.959
 76.8765
 77.3434
 64.1015
 65.5439
 82.0122
 61.0819
 73.0411
 66.9552
 78.2815
 66.0606
 66.0606
 66.0606
 73.885
 78.256
 57.3498
 70.4415
 70.4415
 70.4415
 70.4415
 81.8718
 79.2023
 55.1906
 80.025
 57.376
 80.9938
 71.0493
 79.4796
 84.2912
 54.6535
 84.6581
 71.4633
 62.442
 77.8524
 50.5866
 50.5866
 67.2012
 70.0643
 87.4357
 76.9805
 76.9805
 76.9805
 76.9805
 61.4654
 74.7596
 64.591
 84.1071
 84.1071
 84.1071
 84.1071
 84.1071
 84.1071
 84.1071
 57.463
 56.9737
 73.5799
 80.05
 80.05
 80.05
 80.05
 78.5303
 81.6211
 80.455
 60.6795
 60.6795
 60.6795
 60.6795
 62.6339
 64.8074
 79.4796
 67.9559
 70.406
 73.0342
 89.6047
 74.6391
 77.3305
 79.3095
 61.2127
 65.3146
 65.3146
 65.3146
 65.3146
 83.5105
 81.7007
 59.9583
 72.9726
 70.7955
 83.8928
 84.4808
 84.2971
 81.0802
 71.1196
 64.9692
 88.6566
 91.3838
 73.1163
 73.0685
 73.13
 73.13
 64.6142
 91.4276
 65.8103
 77.3305
 77.3305
 77.3305
 60.7701
 60.7207
 92.0217
 81.7313
 81.7313
 84.7526
 82.0914
 81.5782
 77
 77
 77
 77
 77
 84.7585
 67.6979
 68.2715
 72.0625
 72.0625
 72.0625
 66.0681
 67.8159
 67.8159
 79.712
 79.712
 79.712
 80.1935
 81.9878
 92.5743
 71.3653
 71.3653
 71.3653
 84.3742
 62.6179
 82.6196
 91.1208
 72.2772
 84.6758
 60.2246
 85.2819
 85.2819
 82.4379
 83.7078
 69.0217
 85.5921
 85.5921
 76.3282
 67.8159
 62.45
 75.06
 64.707
 77.5113
 66.0606
 93.9095
 60.2329
 62.8729
 83.3906
 92.1195
 83.5643
 87.55
 87.55
 89.4315
 77.8139
 86.9598
 65.146
 80.181
 68.7532
 80.9012
 72.1457
 72.4638
 81.9329
 71.4913
 72.7393
 82.8372
 86.0465
 65.0769
 80.8517
 85.235
 84.1309
 85.0059
 91.214
 92.2822
 70.7602
 70.0714
 84.1249
 64.9846
 83.6242
 74.7462
 83.7078
 73.5119
 78.4219
 64.1405
 92.4608
 71.239
 61.1392
 95.64
 82.5893
 60.7618
 82.2314
 87.0976
 96.9175
 59.4138
 87.0689
 68.3228
 85.7496
 92.7524
 70.4486
 84.7231
 80.4612
 69.029
 82.0975
 75.2463
 81.8352
 75.8947
 85.3464
 66.8506
 64.9923
 86.1974
 88.8426
 88.8426
 88.295
 94.8262
 74.4849
 88.5381
 86.0697
 93.2684
 70.4202
 75.0866
 77.7174
 83.6122
 84.6168
 81.1973
 76.3806
 66.5282
 88.8988
 92.7362
 64.2962
 59.5483
 88.6961
 93.9574
 83.5165
 64.8691
 88.8482
 85.4751
 95.8645
 64.591
 66.5056
 83.2046
 72.3602
 91.586
 82.8372
 84.664
 88.6566
 74.263
 85.5628
 64.7457
 77.891
 85.3522
 71.1407
 90.5373
 63.9609
 87.5386
 64.9769
 64.9769
 88.1873
 85.235
 67.7938
 67.7938
 82.662
 73.973
 78.9937
 69.4478
 73.8106
 65.8635
 58.7026
 63.7809
 86.1858
 80.3617
 84.6699
 93.9042
 93.9042
 90.3881
 67.335
 96.8917
 89.7552
 86.7986
 71.6519
 99.0858
 82.6438
 69.1158
 81.7435
 76.2365
 81.9512
 96.7884
 88.261
 91.214
 68.942
 88.3572
 59.5063
 82.4742
 88.7356
 89.5433
 90.1332
 69.5342
 86.6603
 64.1015
 68.0294
 78.5748
 74.4446
 88.3233
 93.3113
 76.7984
 69.4118
 79.7747
 69.5989
 88.7243
 62.0081
 72.6911
 72.6911
 85.3639
 89.7162
 63.7417
 86.1742
 70.7531
 62.8808
 90.1388
 66.9403
 69.0362
 83.3307
 83.3307
 80.5419
 76.3348
 76.629
 86.3655
 87.7553
 69.6922
 87.0747
 63.4823
 86.2496
 85.8312
 91.2962
 90.1332
 93.4505
 93.4505
 106.41
 78.4219
 67.4907
 82.6982
 83.4925
 62.2254
 77.1103
 87.0517
 61.1964
 87.1091
 87.1091
 88.6284
 89.7775
 83.678
 71.2741
 68.7532
 88.775
 83.9107
 74.7462
 84.5044
 90.0222
 72.6567
 86.18
 87.8009
 87.2181
 63.6946
 83.4865
 89.1011
 87.0517
 71.0563
 91.2469
 80.5109
 75.6439
 88.2836
 66.3626
 84.4216
 66.6033
 80.9321
 80.9321
 89.9111
 86.0814
 65.3758
 69.5845
 56.8419
 90.4157
 69.606
 78.7337
 89.3812
 71.3933
 82.1584
 86.3018
 82.2679
 90.1776
 66.8281
 88.9213
 89.6549
 68.8622
 91.2688
 61.4166
 87.9261
 89.822
 84.7762
 64.1327
 90.1554
 70.4769
 80.4984
 82.5712
 83.2166
 66.8132
 89.3029
 69.0435
 71.3092
 61.7495
 83.5404
 88.9382
 82.8734
 69.6276
 91.6461
 66.6483
 88.3346
 80.1187
 71.5472
 63.111
 88.1873
 88.1873
 86.4523
 71.1266
 86.954
 92.4284
 65.5134
 87.7667
 84.5163
 90.4212
 90.4323
 90.4323
 70.6824
 80.0562
 92.9893
 75.1399
 84.8882
 67.624
 88.3572
 66.6558
 79.9562
 79.9562
 89.342
 68.2276
 92.2388
 85.2291
 67.5056
 59.3127
 59.3127
 71.0493
 92.3418
 92.3418
 92.3418
 92.5095
 87.9034
 86.4292
 66.5207
 83.7556
 91.2085
 88.9663
 66.873
 71.5402
 71.5402
 66.7308
 89
 94.5727
 90.1721
 90.1721
 65.4217
 65.4217
 83.8928
 69.1809
 86.0988
 91.8586
 87.2238
 87.2238
 64.1794
 63.1189
 89.3588
 86.4986
 72.5603
 72.5603
 69.2748
 69.2748
 84.5518
 83.0963
 88.8819
 101.882
 89.666
 83.7257
 83.7257
 83.7257
 89.5879
 89.5879
 89.5879
 89.5879
 89.5879
 89.5879
 87.1321
 90.1776
 97.5654
 67.3201
 67.3201
 77.7046
 77.7046
 98.1122
 87.2926
 88.8257
 88.8257
 92.5689
 70.406
 70.8096
 70.8096
 70.8096
 70.8096
 70.8096
 76.7138
 83.8451
 96.2185
 96.2185
 82.1523
 82.1523
 91.2414
 91.2414
 91.2414
 88.3402
 70.0428
 70.8943
 70.8943
 89.8721
 84.3505
 84.3505
 84.3505
 92.0706
 80.3119
 67.9853
 67.9853
 70.8167
 70.8167
 70.8167
 96.5142
 86.5101
 86.5101
 86.5101
 65.643
 65.643
 65.643
 84.3623
 74.1283
 96.5919
 121.05
 121.05
 77.608
 77.608
 85.5862
 85.5862
 85.5862
 91.3017
 91.3017
 90.4765
 86.325
 86.325
 86.325
 93.6483
 92.1358
 92.1358
 100.23
 86.666
 86.666
 82.5772
 64.622
 77.1427
 61.9758
 61.9758
 75.04
 82.7224
 82.7224
 95.9583
 78.5111
 78.5111
 71.0422
 83.2346
 83.2346
 49.7695
 94.2444
 94.2444
 94.2444
 70.0214
 70.0214
 70.0214
 70.0214
 70.0214
 70.0214
 70.0214
 70.0214
 70.0214
 70.0214
 70.0214
 70.0214
 70.0214
 80.3617
 80.3617
 80.3617
 80.3617
 80.3617
 80.3617
 77.846
 77.846
 77.846
 77.846
 77.846
 77.846
 77.846
 77.846
 81.8963
 81.8963
 81.8963
 81.8963
 81.8963
 81.8963
 81.8963
 70.1712
 70.1712
 70.1712
 70.1712
 70.1712
 70.1712
 70.1712
 70.1712
 70.1712
 70.1712
 70.1712
 70.1712
 70.1712
 70.1712
 70.1712
 70.1712
 70.1712
 70.1712
 70.1712
 70.1712
 70.1712
 70.1712
 70.1712
