 39.0256
 31.0644
 33.8821
 32.3574
 40.2741
 45.1442
 47.0744
 47.1169
 40.4351
 50.7247
 38.8973
 48.1975
 44.238
 45.793
 48.1975
 43.4051
 41
 50.5074
 38.7556
 42.2019
 42.4382
 38.3145
 37.4833
 48.0833
 38.5097
 44.1928
 50.547
 47.8539
 41.1582
 52.8488
 41.509
 49.9199
 53.2916
 47.8957
 50.7642
 40.5216
 47.0106
 44.5421
 40.0749
 36.524
 51.643
 49.366
 40.8412
 56.2939
 35.9722
 44.5309
 42.0714
 56.3915
 53.0566
 42.8719
 49.94
 56.8155
 43.0697
 43.0697
 0
 38.3536
 59.6238
 49.224
 48.3011
 50.2494
 50.2494
 50.2494
 53.5817
 36.2215
 51.4976
 52.4786
 35.2846
 51.6914
 51.9904
 36.9459
 44.317
 34.9142
 40.4228
 50.1498
 52.9811
 39.6485
 30.4467
 38.1182
 46.0543
 56.6745
 53.2447
 29.7489
 54.0648
 54.0648
 51.1664
 47.0213
 48.1975
 49.8799
 28.5482
 48.7545
 0
 0
 49.0408
 37.2961
 37.2961
 37.2961
 43.6692
 0
 0
 36.4006
 35.819
 51.5364
 25.1396
 51.1762
 60.3656
 58.2924
 43.6692
 24.6577
 42.4735
 54.5711
 44.317
 61.3107
 61.3107
 61.3107
 62.9047
 49.7393
 42.9185
 51.303
 51.303
 51.303
 64.4981
 55.1181
 55.2087
 46.0543
 58.4637
 57.7668
 55.7315
 55.7315
 43.1393
 56.356
 53.0848
 47.085
 46.9787
 60.2163
 43.8748
 59.0931
 59.0931
 59.0931
 63.0714
 50.8527
 54.8908
 47
 0
 0
 36.2353
 44.2832
 34.7419
 34.7419
 0
 33.8526
 36.1248
 60.1664
 47.3498
 50.6261
 60.9754
 56.4624
 56.4978
 46.0109
 50.2295
 55.8122
 64.405
 54.7449
 44.0341
 54.0555
 69.8212
 69.8212
 60.959
 41.9762
 65.4294
 57.5065
 50.5569
 50.5569
 44.3283
 61.3025
 58.7537
 54.7996
 66.5507
 39.8372
 57.836
 59.203
 65.7343
 55.7225
 47.6445
 58.3267
 59.6322
 57.5847
 55.6417
 47.4236
 52.3737
 54.2771
 54.2771
 54.2771
 60.8358
 41.7373
 43.1509
 36.6879
 36.6879
 41.7612
 62.6339
 38.6005
 49.8197
 49.8197
 49.8197
 0
 0
 0
 0
 0
 0
 0
 0
 48.5283
 60
 59.3296
 51.2348
 51.2348
 59.95
 67.8086
 55.6147
 47.5079
 63.435
 61.6604
 68.7968
 39.975
 39.975
 0
 0
 0
 0
 0
 44.4522
 40.7063
 62.5939
 62.3458
 70.1356
 43.0116
 50.3289
 65.4905
 63.773
 70.342
 70.342
 39.8748
 39.8748
 0
 0
 0
 0
 0
 0
 0
 42.6966
 47.4131
 47.697
 49.6588
 49.6588
 0
 0
 0
 43.6692
 50.8232
 47.7074
 47.7074
 0
 0
 0
 0
 0
 43.4396
 43.4396
 0
 0
 0
 0
 0
 38.6005
 38.6005
 0
 0
 0
 0
 0
 0
 0
 0
 0
 0
 42.9185
 65.4523
 65.4523
 65.4523
 65.4523
 73.9189
 73.9189
 67.8822
 66.0833
 66.0833
 33.6303
 33.6303
 0
 0
 0
 46.669
 65.3452
 73.3008
 73.3008
 73.3008
 73.3008
 56.285
 65.123
 66.2948
 73.4234
 73.4234
 73.4234
 73.4234
 56.8419
 60.8933
 72.1318
 55.9643
 55.9643
 55.9643
 55.9643
 58.7452
 48.4768
 47.4342
 64.5291
 64.5291
 44.238
 44.238
 67.7938
 43.2319
 66.4379
 52.7162
 67.2607
 67.0671
 56.1516
 55.0636
 73.2598
 52.5928
 65.4141
 58.4466
 69.1737
 56.8155
 56.8155
 56.8155
 64.6065
 70.7248
 46.6047
 63.6082
 48.4871
 48.4871
 0
 0
 0
 44.5646
 74.1418
 47.4236
 69.0145
 61.7414
 69.9428
 78.3964
 48.734
 77.408
 59.7829
 51.5073
 66.5357
 45.7275
 45.7275
 58.2409
 58.3267
 77.6853
 66.4756
 46.4435
 46.4435
 0
 49.6488
 66.4304
 50.1398
 72.3395
 44.1362
 0
 0
 0
 0
 0
 47.8644
 45.3652
 62.6738
 70.4486
 39.2683
 39.2683
 0
 0
 0
 0
 0
 38.8844
 38.8844
 0
 0
 0
 0
 0
 0
 0
 0
 0
 0
 0
 0
 0
 0
 0
 0
 0
 0
 45.9891
 63.5216
 57.3672
 71.3442
 74.2698
 73.2257
 69.3542
 57.8446
 55.6237
 78.5303
 79.95
 63.3404
 61.7819
 61.4248
 28.6531
 50.892
 78.6003
 54.0185
 67.2978
 67.2978
 67.2978
 48.5901
 49.7594
 77.801
 72.1526
 72.1526
 71.5192
 72.1526
 69.5773
 66.0681
 66.0681
 66.0681
 66.0681
 66.0681
 73.171
 56.1694
 55.7225
 61.8385
 24.9199
 0
 0
 0
 0
 0
 21.3307
 0
 0
 0
 0
 0
 17.4642
 17.4642
 17.4642
 48.2183
 70.7319
 76.2365
 63.4744
 71.3863
 45.9891
 75.6769
 75.6769
 68.775
 76.5114
 55.9911
 75.1332
 75.1332
 66.0152
 57.8187
 54.7631
 62.9841
 56.4801
 68.884
 52.0673
 85.3053
 50.7937
 50.4777
 72.5603
 79.3662
 69.7137
 74.92
 74.92
 76.5506
 67.6683
 73.5731
 51.8749
 69.3037
 60.1747
 67.7348
 59.4222
 60.05
 72.7874
 57.9396
 58.8388
 72.1595
 76.9155
 50.7937
 67.9485
 73.3826
 70.484
 72.2911
 78.1537
 81.6578
 61.7576
 56.9561
 70.7036
 54.5985
 75.4785
 63.0793
 74.0608
 61.0492
 70.214
 51.4101
 83.6002
 60.7865
 46.4543
 86.238
 72.0347
 49.4267
 69.5414
 76.4395
 83.666
 49.3356
 75.4983
 55.1906
 71.9444
 80.1187
 60.597
 71.1899
 69.9285
 57.376
 70.2424
 61.3514
 71.8401
 64.5291
 73.4439
 55.4346
 50.1597
 78.8353
 78.2176
 78.2176
 74.8933
 82.6257
 61.3596
 75.213
 72.6567
 77.5177
 61.0983
 64.304
 64.5058
 71.5961
 75.6175
 71.7914
 65.5362
 52.5642
 77.7367
 84.4512
 50.8134
 48.7134
 77.3499
 85.7146
 70.647
 54.3599
 75.1731
 73.4983
 85.276
 52.4786
 57.4978
 70.0286
 61.4654
 80.963
 74.7061
 74.9867
 76.5768
 62.2174
 79.038
 52.5071
 67.0224
 76.2102
 58.155
 81.6884
 51.5752
 75.8288
 50.8134
 50.8134
 75.1798
 72.6498
 57.7927
 57.7927
 74.3707
 64.6452
 70.8237
 57.6021
 64.4205
 54.0555
 45.8476
 52.6783
 78.8162
 71.1758
 74.7195
 82.6862
 82.6862
 81.1727
 55.0999
 86.0291
 78.6193
 74.8933
 62.7375
 86.1046
 73.7292
 58.2752
 71.4913
 65.5668
 73.0069
 82.994
 81.1542
 78.9177
 55.6956
 77.6466
 46.6262
 69.455
 75.5976
 79.3032
 76.2561
 55.1271
 73.7631
 50.8822
 54.7905
 66.9403
 63.4429
 76.3544
 83.7198
 65.681
 57.5674
 69.4118
 57.0526
 78.2113
 49.7494
 61.5549
 61.5549
 75.5645
 78.1793
 52.0096
 73.1984
 56.5509
 51.5073
 80.6474
 57.8705
 56.0089
 70.3704
 84.7585
 71.2531
 65.1076
 66.1816
 76.8505
 79.4733
 57.0175
 79.6932
 48.734
 75.5712
 72.2357
 79.1581
 77.5887
 80.4922
 80.4922
 94.0532
 67.1416
 55.6507
 70.1783
 73.6139
 48.8979
 65.307
 75.4917
 47.6445
 76.5572
 76.5572
 76.7268
 76.5441
 70.1997
 58.0517
 59.1439
 75.379
 72.1041
 63.8201
 71.2531
 78.1409
 61.3351
 78.8416
 74.7462
 78.6638
 50.2593
 70.6965
 79.0822
 72.9931
 56.9473
 79.2528
 67.2756
 63.7495
 76.4722
 55.5518
 73.5935
 51.2933
 69.9285
 69.9285
 79.9562
 75.9144
 54.2955
 57.8878
 46.2169
 79.3284
 58.3181
 67.2533
 77.0649
 61.7009
 71.2671
 74.263
 73.171
 79.2654
 53.0848
 82.0122
 76.531
 56.0535
 83.1324
 46.3789
 73.6546
 74.9066
 70
 53.3667
 77.6917
 57.5326
 67.4537
 72.904
 70.1926
 52.1536
 80.5978
 55.6866
 58.4123
 47.0638
 70.1997
 79.4103
 72.2011
 59.95
 79.4984
 55.6058
 74.4379
 71.211
 63.9531
 53.376
 77.8588
 77.8588
 80.5854
 59.279
 75.3392
 84.8233
 49.0102
 75
 70.4273
 79.0822
 77.2981
 60.8605
 55.9821
 67.0522
 81.1542
 63.293
 74.027
 55.2087
 79.9938
 52.3355
 68.2129
 68.2129
 74.7462
 53.6656
 83.5643
 71.5612
 53.9259
 45.4423
 0
 0
 0
 0
 0
 0
 0
 0
 0
 0
 0
 0
 0
 0
 0
 0
 0
 0
 0
 0
 0
 0
 0
 0
 0
 0
 0
 0
 0
 49.1732
 78.4283
 72.3257
 62.6019
 78.2432
 56.4801
 56.4801
 74.0135
 71.2741
 79.1644
 88.5325
 84.6699
 70.6258
 56.116
 56.116
 81.3265
 53.8702
 57.4978
 57.4978
 57.4978
 78.0513
 72.9931
 76.5898
 84.3267
 53.9166
 53.9166
 67.335
 67.335
 82.6257
 76.909
 74.135
 73.253
 83.0843
 57.1402
 56.5597
 56.7803
 72.0278
 75.6769
 66.8057
 62.1852
 69.2026
 80.8517
 78.8543
 78.3518
 79.177
 76.9025
 76.9025
 76.9025
 83.8749
 55.9017
 57.3236
 57.3236
 80.1998
 69.1592
 59.3885
 78.8099
 78.5366
 66.7982
 57.376
 83.006
 57.8878
 56.6745
 64.8306
 83.7914
 78.7655
 63.5216
 63.4429
 52.2111
 80.0312
 51.8266
 73.2939
 62.2093
 80.8208
 105.877
 105.877
 74.5654
 61.9597
 74.8732
 74.8732
 81.3757
 75.743
 75.743
 83.2346
 69.3758
 77.3822
 54.1479
 78.7655
 77.1751
 77.1751
 84.1309
 70.214
 70.214
 69.5485
 50.8134
 60.2744
 50.4678
 77.1298
 65.3529
 71.0563
 71.0563
 80.455
 72.3257
 72.3257
 63.9844
 69.5989
 69.5989
 34.4819
 78.9177
 78.9177
 74.8732
 57.5152
 57.5152
 57.6455
 71.6798
 71.6798
 71.1758
 81.2527
 81.2527
 66.7533
 66.7533
 78.2815
 74.4312
 74.4312
 66.8057
 66.8057
 66.8057
 61.4248
 61.4248
 61.4248
 69.5773
 69.5773
 69.5773
 52.144
 52.144
 52.144
 53.066
 53.066
 70.9436
 65.3452
 69.6419
 69.6419
 75.8222
 75.8222
 62.2093
 64.1249
 64.1249
 64.1249
 49.689
 68.942
 68.942
 45.0444
 52.5642
 51.342
 84.9765
 84.9765
 80.5419
 47.5079
 47.5079
 73.8512
 76.4918
 76.4918
 76.4918
 76.4918
 58.6941
 58.6941
 74.1822
 74.1822
