 41.9404
 32.0624
 38.1051
 38.1051
 38.1051
 38.1051
 38.1051
 53.5724
 53.5724
 54.0925
 54.0925
 54.0925
 48.4252
 48.4252
 48.4252
 46.669
 45.5302
 45.5302
 43.6807
 43.6807
 44.2493
 44.2493
 43.7379
 49.2341
 49.2341
 49.2341
 49.2341
 49.2341
 49.2341
 57.4282
 46.2493
 46.2493
 57.1577
 51.4296
 51.4296
 46.2601
 46.2601
 46.2601
 46.2601
 40.8289
 54.7175
 54.7175
 54.7175
 58.8643
 58.8643
 58.8643
 58.8643
 59.95
 59.95
 59.95
 59.95
 63.8201
 63.8201
 63.8201
 63.8201
 63.8201
 63.8201
 53.768
 50.8134
 50.8134
 50.8134
 50.8134
 50.8134
 50.8134
 50.8134
 54.3599
 54.3599
 54.8817
 54.8817
 54.8817
 54.8817
 35.171
 47.4974
 47.4974
 47.4974
 47.4974
 30.7734
 45.913
 45.913
 45.913
 45.913
 45.913
 54.0648
 54.0648
 55.0182
 54.1664
 54.1664
 54.1664
 54.1664
 48.7545
 0
 0
 0
 0
 0
 0
 43.6692
 0
 0
 0
 39.3573
 57.4108
 57.4108
 55.0182
 63.2851
 63.2851
 46.2277
 25.4165
 45.3652
 45.3652
 45.3652
 65.3911
 65.3911
 65.3911
 65.3911
 56.5155
 56.5155
 52.5547
 52.5547
 52.5547
 74.5319
 60.1581
 57.6194
 57.6194
 57.6194
 57.6194
 57.2189
 57.2189
 47.833
 47.833
 47.833
 47.833
 50.1996
 70.0286
 70.0286
 70.0286
 70.0286
 70.0286
 70.0286
 70.0286
 56.7715
 56.7715
 56.7715
 63.2693
 63.2693
 51.6914
 51.6914
 51.6914
 51.6914
 51.6914
 51.6914
 63.0317
 54.5252
 54.5252
 69.5773
 59.4138
 59.4138
 50.03
 54.5436
 54.5436
 66.34
 57.4108
 57.4108
 57.1577
 76.2299
 76.2299
 62.0484
 62.0484
 69.5845
 69.5845
 53.0377
 53.0377
 53.0377
 61.9274
 61.9274
 67.8602
 67.8602
 46.6369
 46.6369
 46.6369
 46.6369
 65.437
 53.3667
 53.3667
 53.3667
 62.434
 62.434
 62.434
 62.434
 62.434
 62.434
 62.434
 62.434
 62.434
 50.2494
 50.2494
 50.2494
 50.2494
 50.2494
 47.4025
 47.4025
 47.4025
 47.4025
 0
 0
 0
 0
 0
 0
 0
 0
 0
 0
 0
 0
 0
 0
 0
 0
 0
 0
 0
 0
 0
 0
 0
 0
 0
 0
 0
 0
 48.2908
 48.2908
 68.4398
 68.4398
 68.4398
 68.4398
 68.4398
 71.1829
 71.1829
 71.1829
 71.1829
 71.1829
 71.1829
 62.8649
 62.8649
 62.8649
 62.8649
 62.8649
 67.0746
 67.0746
 67.0746
 67.0746
 50.7937
 50.7937
 50.7937
 69.2315
 69.2315
 69.2315
 69.2315
 69.2315
 69.2315
 69.2315
 69.2315
 69.2315
 78
 78
 78
 78
 78
 59.3885
 57.6455
 68.9202
 68.9202
 68.9202
 68.9202
 68.9202
 67.8454
 62.7057
 70.3562
 70.3562
 70.3562
 70.3562
 70.3562
 72.2565
 71.3372
 71.3372
 75.6902
 75.6902
 75.6902
 75.6902
 76.642
 76.642
 76.642
 75.8419
 75.8419
 75.8419
 75.8419
 75.8419
 75.8419
 75.9803
 75.9803
 75.9803
 79.0633
 79.0633
 79.0633
 79.0633
 79.0633
 73.7699
 73.7699
 73.7699
 73.7699
 73.7699
 73.7699
 65.4905
 65.4905
 81.6701
 65.4294
 65.4294
 65.4294
 65.4294
 65.4294
 65.4294
 65.4294
 65.4294
 65.4294
 65.4294
 65.4294
 65.4294
 65.4294
 65.4294
 65.4294
 65.4294
 76.5049
 64.5988
 64.1093
 64.1093
 60.597
 73.0069
 73.0069
 77.4274
 77.4274
 77.4274
 77.4274
 73.0205
 73.0205
 73.0205
 70.4415
 70.4415
 70.4415
 70.4415
 70.4415
 78.3199
 78.3199
 79.1581
 58.0259
 79.9875
 70.4557
 70.4557
 84.3386
 54.8908
 85.557
 85.557
 85.557
 85.557
 50.7937
 50.7937
 50.7937
 50.7937
 85.7963
 85.7963
 46.0326
 46.0326
 0
 0
 0
 0
 0
 0
 0
 0
 0
 0
 0
 0
 0
 0
 0
 0
 0
 0
 0
 0
 0
 0
 0
 0
 0
 0
 0
 0
 0
 0
 0
 0
 0
 0
 0
 0
 0
 0
 0
 0
 0
 0
 0
 0
 0
 0
 0
 0
 0
 0
 0
 0
 0
 0
 0
 0
 36.8103
 36.8103
 36.8103
 36.8103
 74.7663
 74.7663
 74.7663
 74.7663
 74.7663
 91.2469
 81.7741
 81.7741
 81.7741
 81.7741
 81.7741
 77.3628
 77.3628
 77.3628
 77.3628
 77.3628
 85.4517
 66.0152
 66.0152
 66.0152
 66.0152
 66.0152
 66.0152
 66.0606
 66.0606
 66.0606
 66.0606
 66.0606
 79.2969
 79.2969
 79.2969
 79.2969
 79.2969
 79.2969
 79.2969
 79.2969
 82.6015
 82.6015
 82.6015
 82.6015
 82.6015
 82.6015
 82.6015
 82.6015
 84.4867
 84.4867
 84.4867
 84.4867
 84.4867
 84.4867
 62.426
 62.426
 62.426
 62.426
 62.426
 93.8669
 93.8669
 93.8669
 93.8669
 93.8669
 93.8669
 93.8669
 93.8669
 89.398
 78.5175
 78.5175
 78.5175
 78.5175
 78.5175
 78.5175
 69.5198
 69.5198
 69.5198
 69.5198
 72.0625
 82.0183
 82.0183
 82.0183
 82.0183
 85.1704
 85.1704
 85.1704
 85.1704
 85.1704
 70.8731
 70.8731
 70.8731
 70.8731
 82.7285
 82.7285
 82.7285
 82.7285
 82.7285
 82.7285
 82.7285
 82.7285
 82.7285
 82.7285
 82.7285
 82.7285
 79.4418
 79.4418
 79.4418
 79.4418
 79.4418
 79.4418
 79.4418
 79.4418
 79.4418
 79.4418
 78.5557
 78.5557
 79.3662
 79.3662
 79.3662
 79.3662
 85.1469
 85.1469
 85.1469
 85.1469
 85.1469
 85.1469
 85.1469
 85.1469
 85.1469
 85.1469
 85.1469
 85.1469
 85.1469
 85.1469
 85.1469
 85.1469
 83.6361
 83.6361
 83.6361
 83.6361
 83.6361
 83.6361
 83.6361
 83.6361
 83.6361
 83.6361
 83.6361
 83.6361
 83.6361
 83.6361
 95.8593
 63.8671
 63.8671
 83.5284
 71.3302
 71.3302
 71.3302
 71.3302
 71.3302
 71.3302
 71.3302
 71.3302
 71.3302
 71.3302
 71.3302
 71.3302
 71.3302
 86.1742
 86.1742
 86.1742
 86.1742
 86.1742
 86.1742
 86.1742
 86.1742
 86.1742
 86.1742
 86.1742
 86.1742
 86.1742
 86.1742
 86.1742
 86.1742
 82.8855
 82.8855
 82.8855
 82.8855
 82.8855
 82.8855
 95.9948
 95.9948
 95.9948
 95.9948
 97.3858
 97.3858
 97.3858
 97.3858
 97.3858
 97.3858
 97.3858
 88.295
 88.3516
 88.3516
 88.3516
 88.3516
 88.3516
 88.3516
 88.3516
 88.3516
 88.3516
 88.3516
 88.3516
 88.3516
 88.3516
 88.3516
 88.3516
 88.3516
 88.3516
 88.3516
 88.3516
 88.3516
 88.3516
 88.3516
 88.3516
 88.3516
 88.3516
 88.3516
 88.3516
 88.3516
 88.3516
 88.3516
 88.3516
 88.3516
 88.3516
 88.3516
 88.3516
 88.3516
 77.2075
 77.2075
 77.2075
 77.2075
 77.2075
 77.2075
 77.2075
 77.2075
 77.2075
 77.2075
 77.2075
 77.2075
 77.2075
 77.2075
 77.2075
 77.2075
 77.2075
 77.2075
 77.2075
 77.2075
 77.2075
 77.2075
 77.2075
 77.2075
 77.2075
 77.2075
 77.2075
 77.2075
 77.2075
 77.2075
 77.2075
 77.2075
 77.2075
 77.2075
 77.2075
 77.2075
 77.2075
 77.2075
 77.2075
 77.2075
 77.2075
 77.2075
 77.2075
 77.2075
 77.2075
 77.2075
 77.2075
 77.2075
 77.2075
 77.2075
 77.2075
 77.2075
 77.2075
 77.2075
 77.2075
 77.2075
 77.2075
 77.2075
 77.2075
 77.2075
 77.2075
 77.2075
 77.2075
 77.2075
 77.2075
 77.2075
 77.2075
 77.2075
 77.2075
 77.2075
 77.2075
 77.2075
 77.2075
 77.2075
 77.2075
 77.2075
 77.2075
 77.2075
 77.2075
 77.2075
 77.2075
 77.2075
 77.2075
 77.2075
 77.2075
 77.2075
 77.2075
 77.2075
 77.2075
 77.2075
 77.2075
 77.2075
 77.2075
 77.2075
 77.2075
 77.2075
 77.2075
 77.2075
 77.2075
 77.2075
 77.2075
 77.2075
 77.2075
 77.2075
 77.2075
 77.2075
 77.2075
 77.2075
 77.2075
 77.2075
 77.2075
 77.2075
 77.2075
 77.2075
 77.2075
 77.2075
 77.2075
 77.2075
 77.2075
 77.2075
 77.2075
 77.2075
 77.2075
 77.2075
 77.2075
 77.2075
 77.2075
 77.2075
 77.2075
 77.2075
 77.2075
 77.2075
 77.2075
 77.2075
 77.2075
 77.2075
 77.2075
 77.2075
 77.2075
 77.2075
 77.2075
 77.2075
 77.2075
 77.2075
 77.2075
 77.2075
 77.2075
 77.2075
 77.2075
 77.2075
 77.2075
 77.2075
 77.2075
 77.2075
 77.2075
 77.2075
 77.2075
 77.2075
 77.2075
 77.2075
 77.2075
 77.2075
 77.2075
 77.2075
 77.2075
 77.2075
 77.2075
 77.2075
 77.2075
 77.2075
 77.2075
 77.2075
 77.2075
 77.2075
 77.2075
 77.2075
 77.2075
 77.2075
 77.2075
 77.2075
 77.2075
 77.2075
 77.2075
 77.2075
 77.2075
 77.2075
 77.2075
 77.2075
 77.2075
 77.2075
 77.2075
 77.2075
 77.2075
 77.2075
 77.2075
 77.2075
 77.2075
 77.2075
 77.2075
 77.2075
 77.2075
 77.2075
 77.2075
 77.2075
 77.2075
 77.2075
 77.2075
 77.2075
 77.2075
 77.2075
 77.2075
 77.2075
 77.2075
 77.2075
 77.2075
 77.2075
 77.2075
 77.2075
 77.2075
 77.2075
 77.2075
 77.2075
 77.2075
 77.2075
 77.2075
 77.2075
 77.2075
 77.2075
 77.2075
 77.2075
 77.2075
 77.2075
 77.2075
 77.2075
 77.2075
 77.2075
 77.2075
 77.2075
 77.2075
 77.2075
 77.2075
 77.2075
 77.2075
 77.2075
 77.2075
 77.2075
 77.2075
 77.2075
 77.2075
 77.2075
 77.2075
 77.2075
 77.2075
 77.2075
 77.2075
 77.2075
 77.2075
 77.2075
 77.2075
 77.2075
 77.2075
 77.2075
 77.2075
 77.2075
 77.2075
 77.2075
 77.2075
 77.2075
 77.2075
 77.2075
 77.2075
 77.2075
 77.2075
 77.2075
 77.2075
 77.2075
 77.2075
 77.2075
 77.2075
 77.2075
 77.2075
 77.2075
 77.2075
 77.2075
 77.2075
 77.2075
 77.2075
 77.2075
 77.2075
 77.2075
 77.2075
 77.2075
 77.2075
 77.2075
 77.2075
 77.2075
 63.9531
 63.9531
 63.9531
 63.9531
 63.9531
 63.9531
 63.9531
 63.9531
 63.9531
 63.9531
 63.9531
 63.9531
 63.9531
 63.9531
 63.9531
 63.9531
 63.9531
 63.9531
 63.9531
 63.9531
 63.9531
 63.9531
 63.9531
 63.9531
