 35.6511
 28.0179
 31.496
 34.4529
 44.2945
 48.5283
 47.927
 51.1664
 44.4185
 50.4381
 42.0238
 52.6308
 45.7384
 49.4368
 55.3444
 44.699
 43.4166
 57.1227
 43.4281
 47.9166
 41.6893
 41.821
 41.9762
 49.5177
 43.1509
 40.8167
 48.6313
 54.3967
 44.3283
 51.5946
 45.5302
 60.9672
 53.2541
 52.8583
 52.8583
 52.8583
 45.1664
 46.669
 41.7373
 39.724
 53.066
 53.3385
 44.4635
 44.4635
 44.4635
 47.1275
 42.6263
 42.6263
 54.3415
 44.9333
 51.6527
 61.4573
 61.4573
 61.4573
 61.4573
 43.7379
 65.3605
 49.6488
 47.0532
 47.0532
 47.0532
 0
 0
 41.2432
 53.619
 50.8134
 50.8134
 48.2597
 54.4518
 40.3485
 49.558
 49.558
 47.085
 54.7449
 54.7996
 46.0217
 46.0217
 43.5546
 48.3839
 65.6049
 54.2679
 29.7489
 54.0648
 54.0648
 53.5817
 50.8724
 51.7591
 59.1608
 59.1608
 48.7545
 0
 0
 0
 40.2741
 40.2741
 0
 43.6692
 0
 0
 39.9625
 38.6005
 56.7627
 56.7627
 52.1824
 62.562
 58.5918
 45.8694
 45.8694
 45.8694
 57.8878
 46.7012
 65.1076
 65.1076
 65.1076
 63.435
 50.7445
 46.7547
 47.0106
 0
 0
 0
 0
 0
 0
 0
 0
 0
 0
 47.55
 58.3095
 55.2268
 52.4976
 48.4458
 59.95
 47.4447
 59.2874
 59.2874
 59.2874
 67.6535
 51.1957
 55.4437
 49.8799
 0
 0
 40.0375
 47.2864
 36.9188
 36.9188
 0
 37.054
 37.7624
 60.7371
 51.0098
 51.7107
 65.6658
 57.7062
 62.857
 46.1519
 51.1859
 62.7774
 65.5668
 65.5668
 51.1175
 54.2402
 73.0342
 73.0342
 56.5774
 47.7284
 67.6757
 57.8619
 57.8619
 57.8619
 49.4469
 57.2014
 60.291
 60.291
 70.342
 46.2169
 60.3987
 56.9473
 69.6707
 69.6707
 51.9038
 60.7783
 65.681
 57.1139
 57.5065
 54.2586
 54.8908
 54.8726
 54.8726
 54.8726
 61.9677
 46.1628
 47.6025
 40.5832
 40.5832
 43.1625
 64.1405
 44.7325
 52.8015
 52.8015
 52.8015
 52.8015
 64.3506
 61.8385
 56
 57.3585
 57.3585
 57.3585
 55.1996
 53.1225
 62.7455
 62.6498
 62.6498
 62.6498
 59.0931
 68.6659
 57.4282
 53.8609
 59.975
 62.7535
 65.6582
 45.5302
 45.5302
 0
 0
 0
 0
 0
 0
 46.1952
 65.123
 65.3452
 73.3553
 73.3553
 56.6833
 68.8186
 66.8431
 73.3553
 73.3553
 73.3553
 73.3553
 73.3553
 62.6259
 61.327
 60.7124
 63.364
 63.364
 66.9104
 48.734
 51.5946
 55.7853
 55.7853
 55.7853
 55.7853
 67.4833
 67.4833
 48.1768
 55.2449
 55.2449
 55.2449
 55.2449
 71.4773
 68.4398
 76.9415
 67.1342
 67.1342
 67.1342
 67.1342
 59.8331
 55.4527
 66.1211
 63.9375
 63.9375
 63.9375
 63.9375
 65.1844
 62.5859
 67.7938
 58.4466
 58.4466
 58.4466
 58.4466
 71.2601
 68.6731
 48.621
 69.5845
 69.5845
 69.5845
 69.5845
 73.0411
 73.0411
 73.3212
 73.0548
 73.0548
 73.0548
 73.0548
 73.0548
 73.0548
 73.6207
 50.03
 72.5603
 76.1183
 76.1183
 76.1183
 76.1183
 62.7933
 73.1163
 75.8222
 84.0417
 84.0417
 84.0417
 84.0417
 64.9692
 64.3739
 79.5927
 64.591
 64.591
 64.591
 64.591
 68.1396
 56.8771
 56.9298
 67.8454
 67.8454
 51.3323
 51.3323
 72.2426
 50.6162
 73.3144
 60.0666
 75.9737
 75.3989
 63.206
 63.2535
 80.9753
 59.9667
 72.1457
 65.215
 76.3872
 64.8537
 64.8537
 64.8537
 71.3092
 76.5637
 55
 69.5126
 69.5126
 69.5126
 69.5126
 80.963
 76.5376
 52.9434
 78.3518
 57.1402
 77.4532
 68.3667
 78.5684
 81.7496
 53.647
 83.6242
 67.9043
 60.7536
 75.1266
 49.8598
 49.8598
 65.3223
 67.4018
 85.3464
 75.4188
 45.111
 45.111
 0
 0
 0
 0
 0
 0
 0
 0
 0
 0
 0
 0
 0
 0
 0
 0
 0
 0
 0
 0
 0
 0
 0
 0
 0
 0
 0
 0
 0
 0
 0
 0
 0
 0
 0
 0
 0
 0
 0
 0
 0
 0
 0
 0
 0
 0
 0
 0
 0
 0
 0
 0
 0
 0
 0
 0
 0
 0
 0
 0
 0
 0
 0
 0
 0
 0
 0
 0
 0
 0
 0
 0
 0
 0
 0
 0
 0
 0
 0
 0
 0
 0
 0
 0
 0
 0
 0
 0
 0
 0
 0
 0
 0
 0
 0
 0
 0
 0
 0
 0
 0
 0
 0
 0
 0
 0
 0
 0
 0
 0
 0
 0
 0
 0
 0
 0
 0
 0
 0
 0
 0
 0
 0
 0
 0
 0
 0
 0
 0
 0
 0
 0
 0
 0
 0
 0
 0
 0
 0
 0
 0
 0
 0
 0
 0
 0
 0
 0
 0
 0
 0
 0
 0
 0
 0
 0
 0
 0
 0
 0
 0
 0
 0
 0
 0
 0
 0
 0
 0
 0
 0
 0
 0
 0
 0
 0
 0
 0
 0
 0
 0
 0
 0
 0
 0
 0
 0
 0
 0
 0
 0
 0
 0
 0
 0
 0
 0
 0
 0
 0
 0
 0
 0
 0
 0
 0
 0
 0
 0
 0
 0
 0
 0
 0
 0
 0
 0
 0
 0
 0
 0
 0
 0
 0
 0
 0
 0
 0
 0
 0
 0
 0
 0
 0
 0
 0
 0
 0
 0
 0
 0
 0
 0
 0
 0
 0
 0
 0
 0
 0
 0
 0
 0
 0
 0
 0
 0
 0
 0
 0
 0
 0
 0
 0
 0
 0
 0
 0
 0
 0
 0
 0
 0
 0
 0
 0
 0
 0
 0
 0
 0
 0
 0
 0
 0
 0
 0
 0
 0
 0
 0
 0
 0
 0
 0
 0
 0
 0
 0
 0
 0
 0
 0
 0
 0
 0
 0
 0
 0
 0
 0
 0
 0
 0
 0
 0
 0
 0
 0
 0
 0
 0
 0
 0
 0
 0
 0
 0
 0
 0
 0
 0
 0
 0
 0
 0
 0
 0
 0
 0
 0
 0
 0
 0
 0
 0
 0
 0
 0
 0
 0
 0
 0
 0
 0
 0
 0
 0
 0
 0
 0
 0
 0
 0
 0
 0
 0
 0
 0
 0
 0
 0
 0
 0
 0
 0
 0
 0
 0
 0
 0
 0
 0
 0
 0
 0
 0
 0
 0
 0
 0
 0
 0
 0
 0
 0
 0
 0
 0
 0
 0
 0
 0
 0
 0
 0
 0
 0
 0
 0
 0
 0
 0
 0
 0
 0
 0
 0
 0
 0
 0
 0
 0
 0
 0
 0
 0
 0
 0
 0
 0
 0
 0
 0
 0
 0
 0
 0
 0
 0
 0
 0
 0
 0
 0
 0
 0
 0
 0
 0
 0
 0
 0
 0
 0
 0
 0
 0
 0
 0
 0
 0
 0
 0
 0
 0
 0
 0
 0
 0
 0
 0
 0
 0
 0
 0
 0
 0
 0
 0
 0
 0
 0
 0
 0
 0
 0
 0
 0
 0
 0
 0
 0
 0
 0
 0
 0
 0
 0
 0
 0
 0
 0
 0
 0
 0
 0
 0
 0
 0
 0
 0
 0
 0
 0
 0
 0
 0
 0
 0
 0
 0
 0
 0
 0
 0
 0
 0
 0
 0
 0
 0
 0
 0
 0
 0
 0
 0
 0
 0
 0
 0
 0
 0
 0
 0
 0
 0
 0
 0
 0
 0
 48.621
 93.1558
 93.1558
 79.1202
 68.8549
 68.8549
 69.7639
 80.1499
 80.1499
 71.5472
 92.3526
 92.3526
 73.1369
 73.1369
 91.5969
 87.327
 87.327
 76.844
 76.844
 76.844
 75.0067
 75.0067
 75.0067
 71.3442
 71.3442
 71.3442
 61.2536
 61.2536
 61.2536
 59.0847
 59.0847
 77.8524
 64.3817
 69.4838
 69.4838
 85.1234
 85.1234
 75.2197
 65.4523
 65.4523
 65.4523
 53.8424
 73.7089
 73.7089
 51.6817
 60.1581
 61.5549
 96.4469
 96.4469
 88.1363
 56.0535
 56.0535
 84.2971
 86.7756
 86.7756
 86.7756
 86.7756
 69.5126
 69.5126
 75.7958
 75.7958
