 21.4476
 26.0384
 21.7025
 24.1868
 27.2213
 34.2053
 39.6358
 37.5766
 47.8644
 39.2301
 33.8969
 35.6791
 40.9023
 34.9142
 37.2827
 45.2438
 48.6724
 39.7115
 48.2597
 33.2866
 45.6837
 31.305
 40.9023
 42.72
 38.223
 35.0143
 34.1174
 37.8814
 39.6989
 36.5513
 47.9479
 37.7094
 41.4608
 51.9711
 35.0571
 28.9828
 36.318
 30.7246
 39.0768
 26.096
 42.5676
 37.4967
 41.7013
 49.6286
 27.258
 50.5371
 50.547
 41.845
 42
 51.4684
 37.7889
 45.111
 55.2901
 55.2901
 55.2901
 27.6225
 45.8476
 56.1249
 51.9134
 53.4509
 53.4509
 53.4509
 38.6135
 29.6311
 50.1298
 41.7133
 41.7133
 38.3797
 36.6197
 40.05
 36.4829
 21.8403
 52.2015
 37.7492
 38.7943
 34.8855
 21.7256
 35.6371
 54.0555
 42.7434
 41.0488
 21.8861
 54.0648
 54.0648
 51.0196
 57.7754
 36.8782
 34.6699
 34.6699
 48.7545
 0
 45.288
 63.7338
 32.187
 32.187
 32.187
 43.6692
 0
 41.4367
 30.4631
 26.9444
 60.1664
 18.2483
 57.4717
 58.8133
 45.0555
 46.3897
 46.3897
 50.1398
 39.0384
 54.3139
 51.5073
 51.5073
 51.5073
 47.5815
 57.3149
 27.4955
 60.7701
 60.7701
 60.7701
 53.0283
 56.2672
 56.7627
 50.1298
 45.1885
 48.7852
 46.1411
 0
 47.833
 41.4608
 42.1663
 40.694
 50.5964
 44.5309
 37.3631
 43.9204
 43.9204
 0
 0
 36.1525
 56.6922
 37.6298
 0
 0
 29.5804
 47.8017
 22.6495
 22.6495
 0
 28.8964
 25.2587
 50.4777
 58.6259
 49.1935
 46.4543
 60.3656
 70.3847
 51.1371
 55.7405
 42.3792
 69.1448
 63.498
 30.05
 60.2993
 61.887
 61.887
 63.6003
 33.1662
 51.2543
 59.925
 61.5792
 61.5792
 43.2088
 54.6352
 54.3323
 47.2335
 50.6261
 43.2551
 42.0714
 44.7549
 47.1487
 47.3498
 55.2992
 45.1885
 44.5421
 43.4281
 61.3677
 39.1152
 36.9594
 37.7227
 0
 0
 0
 32.3419
 39.1791
 23.388
 0
 40.0874
 55.9643
 38.3927
 41.5692
 0
 0
 0
 0
 43.9773
 58.6089
 56.0535
 46.4758
 46.4758
 55.7315
 56.1872
 69.95
 44.7102
 44.5646
 44.5646
 66.5207
 72.3049
 63.2218
 31.9374
 67.8749
 65.6506
 64.7148
 26.2107
 26.2107
 0
 0
 0
 0
 0
 43.9204
 45.3542
 47.8539
 46.9255
 54.6809
 37.9868
 61.1555
 49.1732
 47.1275
 50.6952
 50.6952
 50.6952
 50.6952
 50.6952
 67.0969
 40.4722
 40.0375
 40.8412
 43.2088
 64.9153
 23.9165
 34.8425
 32.8481
 41.4729
 41.4729
 0
 0
 0
 31.6544
 43.2319
 43.2319
 43.2319
 0
 0
 0
 0
 46.0652
 46.0652
 46.0652
 0
 0
 0
 47.1275
 59.607
 59.607
 59.607
 59.607
 71.5052
 65.8483
 68.5638
 34.3074
 34.3074
 34.3074
 0
 0
 0
 26.7955
 67.7864
 67.7864
 67.7864
 67.7864
 73.1232
 73.1232
 60.7289
 59.95
 59.95
 59.95
 59.95
 59.95
 59.95
 45.4643
 46.4758
 50.448
 57.9396
 57.9396
 57.9396
 57.9396
 64.0469
 48.7032
 48.0937
 54.8817
 54.8817
 54.8817
 54.8817
 39.6737
 70.2282
 53.9166
 40.4846
 40.4846
 40.4846
 0
 39.8873
 29.4958
 29.7321
 68.9855
 68.9855
 28.6356
 28.6356
 63.5216
 25.0599
 53.4977
 43.2782
 59.8916
 58.3352
 53.3479
 55.8032
 68.0441
 38.7169
 69.7639
 64.5368
 68.2276
 42.1189
 42.1189
 0
 0
 0
 30.5123
 70.5337
 33.9264
 33.9264
 0
 0
 0
 35.4119
 77.3563
 33.1361
 52.5833
 59.9083
 56.8683
 73.4507
 31.3209
 63.1031
 64.9461
 36.1525
 48.9796
 32.1092
 32.1092
 67.1714
 45.9021
 60.3075
 50.5371
 50.5371
 50.5371
 50.5371
 29.5635
 70.342
 33.0303
 56.6745
 37.55
 37.55
 37.55
 37.55
 0
 0
 31.3847
 35.426
 43.6005
 69.527
 31.3209
 31.3209
 0
 0
 0
 0
 31.0322
 31.0322
 31.0322
 0
 49.548
 54.2494
 52.7257
 44.8888
 64.6993
 69.9857
 69.7567
 48.4252
 69.2459
 71.5612
 53.2823
 35.5106
 35.5106
 0
 0
 0
 0
 35.8329
 73.6885
 52.9245
 55.0454
 79.7559
 56.1516
 49.7594
 58.5662
 39.1663
 80.075
 68.1396
 47.4025
 67.2978
 45.913
 23.0217
 32.8329
 58.2409
 35.4401
 68.0955
 68.0955
 68.0955
 36.8782
 34.1321
 61.3188
 66
 66
 59.5231
 63.5059
 61
 47.0319
 47.0319
 47.0319
 0
 0
 0
 0
 33.8526
 59.6741
 16.5227
 0
 0
 0
 0
 0
 0
 0
 0
 0
 0
 42.0833
 42.0833
 42.0833
 75.1931
 32.3265
 65.7647
 73.3076
 70.3847
 52.8678
 36.4555
 62.0564
 62.0564
 49.3052
 83.1625
 56.1605
 58.2237
 58.2237
 49.6991
 66.5958
 55.9375
 47.7493
 37.3095
 73.089
 33.8378
 76.3675
 32.2335
 40.939
 70.0357
 60.2993
 59.4727
 63.2535
 63.2535
 58.643
 47.9062
 56.9122
 47.1699
 62.6179
 65.6887
 53.3292
 65.261
 36.1939
 77.7882
 38.7556
 40.398
 71.6031
 76.0197
 40.4969
 61.0492
 67.2681
 61.0164
 56.3383
 74.1552
 67.838
 65.4217
 53.4977
 53.7215
 35.7631
 82.134
 70.7531
 57.1489
 46.9894
 74.3438
 33.5261
 33.5261
 41.7373
 34.0441
 77.2917
 69.1954
 26.2488
 59.397
 63.8827
 64.6761
 33.6006
 56.0714
 51.049
 63.5138
 63.4114
 66.3174
 54.8726
 55.2268
 60.2993
 73.9256
 43.6234
 77.4274
 40.2492
 65.7267
 36.7015
 30.7571
 79.1138
 68.4105
 68.4105
 54.3507
 70.9295
 57.1139
 58.2495
 52.6023
 69.5773
 67.6757
 70.5124
 50.8331
 53.6563
 82.807
 78.4092
 45.5302
 33.5559
 77.7303
 87.0517
 39.3192
 27.6043
 66.5432
 78.224
 60.9672
 34.9142
 56.5332
 64.9076
 67.3276
 47.0532
 56.5155
 57.2975
 66.6108
 60.3324
 80.8579
 73.9392
 59.4811
 46.7974
 79.3914
 35.6511
 47.4974
 66.8506
 40.8289
 72.8697
 40.2119
 55.1815
 45.6618
 45.6618
 59.3464
 52.8204
 64.1171
 64.1171
 57.6108
 49.93
 75.9408
 58.7878
 47.4974
 36.1109
 27.7669
 30.249
 77.6402
 78.905
 64.8074
 87.8977
 87.8977
 68.9202
 47.8539
 83.9524
 60.8687
 64.5291
 67.0373
 68.8331
 57.4891
 58.7367
 73.5391
 52.345
 79.2654
 60.4318
 82.7829
 58.7197
 33.5261
 71.5052
 28.6356
 48.2079
 56.4801
 71.8401
 60.9344
 32.5423
 53.3479
 43.589
 59.8331
 52.0769
 50.8035
 57.2887
 70.5691
 74.1687
 40.9878
 54.827
 54.2586
 80.8332
 80.8332
 42.4146
 42.4146
 63.7809
 71.1196
 34.8855
 63.4665
 41.8091
 42.8369
 88.3233
 61.7495
 57.4543
 53.0848
 87.1608
 74.4648
 53.9907
 73.8918
 71.617
 86.0349
 36.0416
 78.5939
 32.619
 57.5674
 62.426
 66.4154
 56.701
 63.364
 63.364
 84
 75.591
 41.7732
 57.28
 81.2773
 81.2773
 44.8665
 71.1758
 27.6586
 61.5386
 61.5386
 65.1076
 62.3939
 56.0981
 51.8941
 59.2199
 57.5674
 75.4255
 68.8113
 60.075
 75.4983
 45.607
 85.6154
 58.5064
 80.4487
 80.4487
 61.9031
 67.0969
 53
 51.6914
 58.3095
 53.2916
 71.2741
 59.3212
 42.332
 81.0062
 32.4037
 54.074
 54.074
 77.9038
 60.5475
 34.6554
 46.2061
 24.6779
 63.0159
 59.9083
 57.3062
 56.7539
 63.7887
 74.2967
 62
 83.4805
 77.923
 41.845
 88.9888
 64.2962
 38.0789
 78.543
 78.543
 52.8678
 61.3759
 57.3585
 34.1321
 60.3158
 61.0655
 56.6304
 82.4015
 57.7495
 33.8526
 83.4386
 40.9878
 42.2137
 27.6225
 55.7225
 70.8378
 62.145
 55.5968
 62.7615
 54.8999
 60.2246
 73.1642
 74.0338
 40.8289
 75.9737
 75.9737
 90.4102
 41.833
 61.8304
 87.0517
 87.0517
 52.1824
 58.8473
 62.562
 60.2827
 60.2827
 49.1935
 58.4209
 61.3433
 70.2282
 58.4038
 39.2938
 86.2322
 37.9868
 53.1977
 53.1977
 61.5549
 31.305
 80.5357
 59.925
 45.8912
 24.8596
 24.8596
 50.6754
 57.3585
 57.3585
 57.3585
 63.4192
 79.0127
 90.1443
 41.9404
 65.1537
 89.6772
 54.8635
 36.6333
 41.4488
 74.3841
 38.1838
 61.0164
 62.9047
 64.0156
 64.0156
 53.8331
 63.671
 83.2887
 40.1871
 62.2254
 87.2754
 59.5147
 41.0244
 39.8497
 31.0805
 71.5402
 59.8749
 65.7115
 60.1581
 55.1906
 55.1906
 77.6981
 56.5862
 74.263
 74.2496
 89.9444
 52.5357
 47.0213
 0
 0
 36.2767
 37.47
 0
 0
 0
 0
 0
 0
 48.6004
 48.6004
 73.4847
 73.4847
 70.0857
 83.1084
 59.9583
 61.4248
 85.8836
 44.8442
 41.5452
 55.7853
 61.0328
 61.8628
 67.1863
 46.8508
 53.0471
 64.1015
 62.3939
 76.4591
 88.476
 64.0937
 64.0937
 64.0937
 89.0056
 89.0056
 42.4264
 42.4264
 68.6222
 56.4889
 42.5558
 56.4447
 66.0833
 59.5903
 46.594
 67.2309
 40.7308
 41.1582
 59.0339
 78.0961
 76.184
 46.744
 50.1498
 45.9565
 73.8715
 35.0143
 60.9754
 67.0895
 63.0476
 89.5879
 46.6583
 72.1734
 70.7178
 63.7887
 63.7887
 89.3476
 55.1906
 55.1906
 83.8272
 56.4801
 63.6082
 48.0208
 62.9841
 65.6506
 65.6506
 73.1574
 48.2701
 48.2701
 47.7703
 37.7227
 48.5901
 47.4447
 60.9262
 65.7951
 55.9106
 55.9106
 61.8223
 67.2533
 67.2533
 72.3118
 54.7083
 54.7083
 22.7816
 64.304
 64.304
 71.645
 45.793
 45.793
 46.8081
 55.6327
 55.6327
 52.2972
 64.3584
 64.3584
 46.465
 46.465
 66.2646
 62.522
 62.522
 52.3259
 52.3259
 52.3259
 46.6798
 46.6798
 46.6798
 55.4437
 55.4437
 55.4437
 36.3043
 36.3043
 36.3043
 36.3043
 0
 0
 0
 0
 0
 0
 0
 0
 0
 0
 0
 47.7179
 48.6724
 48.6724
 33.4216
 36.5787
 34.9285
 64.0937
 64.0937
 63.8436
 29.95
 29.95
 55.6956
 61.7981
 61.7981
 61.7981
 61.7981
 35.4542
 35.4542
 56.9122
 56.9122
