 17.9165
 12.2882
 17.2337
 15.9374
 18.4391
 16
 13.5647
 13.0384
 20.2485
 16.2788
 22.6936
 23.6854
 19.1311
 17.1756
 19.105
 16.7033
 17.088
 22.1133
 19.2094
 20.445
 15.1327
 21.7945
 21.7945
 20.025
 21.7715
 14
 19.6723
 17.1756
 8.66025
 17.3494
 19.2094
 21.5174
 16.1555
 18.2483
 22.3383
 21.7945
 20.2978
 19.4165
 21.7486
 16.7033
 16.6733
 17.1756
 23.516
 16.7631
 16.7631
 18.303
 19.3907
 19.7231
 18.303
 18.303
 19.8242
 19.0263
 27.7128
 0
 0
 21.7486
 19.7231
 19.1572
 15.4919
 16.0312
 0
 0
 25.7488
 23.9792
 20.6155
 12.2474
 0
 18.4391
 21.6795
 21.8861
 27.2397
 13.3041
 20.2731
 19.7737
 20.6882
 26.1343
 8.94427
 15.7162
 23.8118
 24
 21.7025
 7.54983
 0
 0
 20.664
 20.8567
 21.3307
 25.5147
 0
 0
 0
 19.2614
 20.567
 22.7156
 18.2757
 18.2757
 0
 0
 19.6469
 22.7376
 17.8606
 15.7162
 15.7162
 17.6918
 20.6155
 15.5242
 20.8327
 0
 15.906
 19.0526
 21.4476
 22.6274
 4.69042
 4.69042
 20.2978
 18.2209
 22.561
 19.1833
 0
 22.2935
 20.8806
 19.2354
 17.6918
 26.1151
 21.5639
 20.4939
 17.1172
 0
 22
 21.6564
 18.5203
 20.2978
 20.1494
 19.975
 23.622
 19.8242
 0
 0
 21.7715
 19.1311
 20.2978
 17.5214
 0
 20.567
 25.0599
 15.6205
 22.891
 0
 0
 25.6905
 23.8747
 17.8326
 18.7083
 18.412
 21
 20.8327
 24.0208
 17.4356
 20.2485
 22.891
 21.7486
 18.5472
 23.8747
 19.1311
 22.7376
 22.7376
 18.1934
 26.9444
 22.9347
 21.2603
 20
 0
 24.6779
 15.5563
 20.5183
 20.4206
 21.2132
 22.6053
 22.9129
 19.0263
 24.7992
 18.5472
 20.8327
 18.0831
 25.3969
 16.6733
 22.7816
 26.1343
 20.9045
 20.2485
 20.2485
 0
 21.7256
 25.7682
 24.2281
 20.7605
 20.7605
 28.0179
 19.1311
 24
 19.799
 19.799
 0
 0
 23.8328
 20.9762
 22.6716
 21.7715
 10.0499
 27.037
 18.2483
 20.8327
 19.5704
 20.3224
 8.88819
 0
 19.105
 20.0998
 16.6132
 23.4734
 19.0788
 22.3159
 21.7025
 27.5681
 0
 0
 19.975
 17.0587
 24.2074
 20.3961
 20.3961
 26.1725
 20.2731
 23.6432
 20.199
 20.199
 21.9545
 21.4476
 21.4942
 25.7488
 0
 0
 0
 0
 20.025
 25.9808
 20.9762
 21.3776
 9.53939
 21.9773
 25.807
 27.7128
 24.1661
 8.88819
 0
 0
 24.1247
 25.0998
 25.8844
 27.2947
 0
 0
 0
 24.4949
 23.6854
 28.6007
 24.4745
 0
 0
 0
 22.561
 22.6274
 20.9762
 21.1896
 0
 0
 0
 17.4069
 20.2731
 20.0499
 25.219
 0
 0
 0
 20.8087
 23.4094
 26.7021
 19.8746
 0
 0
 0
 20.3224
 24.3311
 20.2731
 24
 24
 0
 0
 0
 0
 30.7571
 26.1534
 23.7065
 23.6854
 0
 0
 0
 26.0768
 23.1733
 24.6982
 27.7308
 0
 0
 0
 22.8035
 24.4131
 24.2281
 21.4709
 0
 0
 0
 25.7099
 25.318
 25.04
 21.9545
 0
 24.3926
 26.4953
 21.5639
 24.779
 24.5764
 22.7816
 27.1293
 26.4575
 23.1084
 23.9165
 27
 21.4476
 21.7256
 22
 24.2074
 21.1896
 0
 0
 22.1359
 20.2485
 25.7876
 20.567
 24.96
 0
 0
 20.9045
 25.807
 28.3019
 19.4679
 23.2164
 27.9643
 26.7395
 23.7697
 22.9129
 22.6716
 24.8395
 27.1846
 22.561
 24.8797
 18.3303
 0
 23.3238
 20.4206
 23.7276
 22.8035
 0
 0
 0
 25.632
 25.219
 25.2389
 22.6274
 22.6274
 16.7332
 0
 0
 0
 0
 26.2869
 27.6225
 26.1151
 22.2711
 22.2711
 0
 0
 28.2312
 24.9199
 28.2666
 27.4408
 0
 0
 0
 24.1039
 24.1247
 24.2487
 27.0924
 20.1742
 21.7256
 29.0345
 22.1359
 20.5183
 21.0238
 28.8444
 26.2107
 0
 0
 0
 23.6432
 28.2843
 29.4788
 21.0713
 29.4958
 29.5296
 20.9523
 29.189
 27.2947
 28.7054
 23.4094
 20
 26.5707
 21.5407
 26.4008
 23.1084
 23.1084
 26.9258
 28.9482
 24.8998
 23.4947
 0
 0
 27.7849
 26.533
 25.0998
 25.4165
 0
 27.9643
 25.9422
 28.8791
 26.4008
 26.4008
 0
 0
 0
 26.7395
 27.2764
 29.2062
 25.7682
 25.7682
 0
 21.7715
 22.9347
 28.9828
 22.2711
 0
 0
 25.3377
 20.9762
 28.931
 25.7294
 0
 0
 22.7376
 28
 27.6586
 22.7816
 23.622
 30.5778
 28.2843
 28.775
 0
 29.7489
 19.5192
 29.6142
 25.4951
 0
 23.2164
 28.3373
 23.388
 25.1396
 23.1517
 24.6374
 26.9072
 25.5147
 28.8791
 29.6648
 27.6043
 31.3847
 30.5778
 28.7576
 26.7769
 28.2489
 25.923
 27.7489
 29.5466
 25.923
 22.1585
 22.5167
 24.5967
 29.5635
 19.8494
 32.9697
 27.5681
 27.0555
 22.2261
 27.8029
 25.5343
 27.4955
 32
 28.8617
 26.0768
 26.8887
 23.0651
 30.9193
 27.2947
 28.2489
 21.4476
 25.6905
 24.3311
 23.4734
 24.8797
 24.6982
 22.4054
 25.8457
 27.3313
 26.0768
 28.7924
 28.3373
 32.0936
 26.9629
 31.1609
 27.2397
 27.8029
 31.0966
 26.4575
 26.1151
 25.318
 25.3772
 21.4942
 26.0576
 27.7669
 26.096
 22.6274
 30.3645
 29.6142
 30.4138
 31.273
 19.8494
 26.7582
 31.5911
 32.8634
 34.0147
 29.4109
 28.3019
 30.3974
 34.5977
 26.1343
 26.6083
 24.3105
 27.0185
 22.2261
 28.3019
 25.8844
 27.1846
 28.2666
 24.5967
 30.3809
 27.1846
 30.0832
 28.2666
 29.1719
 30.7083
 31.1448
 27.6406
 28.8964
 31.4484
 23.8747
 22.3159
 25.04
 28.7054
 20.2485
 26.3818
 24.4336
 22.8035
 21.7025
 27.7669
 28.5657
 31.0483
 30.8383
 25.318
 31.6386
 30.3809
 30.0832
 30.4467
 29.4958
 27.9464
 29.5466
 30.7734
 22.6053
 21.7256
 26.4953
 27.2029
 22.7596
 23.9165
 29.0517
 28.7228
 27.0555
 22.2935
 28.9482
 24.5967
 31.1288
 30.6105
 30.8545
 27.1109
 28.0713
 28.3725
 25.0599
 32.2335
 21.9773
 25.04
 27.1477
 19.2873
 21.7486
 32.45
 20.3715
 30.3809
 28.775
 25.6125
 30.1164
 29.4958
 30.545
 26.7208
 27.7669
 32.3265
 27.8388
 31.9531
 27.2764
 22.561
 33.9411
 26.7395
 33.1964
 26.7955
 23.4094
 25.1992
 32.3265
 27.7308
 26.3059
 24.7588
 27.5862
 30.249
 30.3974
 29.6816
 29.0517
 29.6985
 30.0998
 27.1846
 26.5141
 25.3574
 26.3818
 30.8545
 27.4773
 19.1311
 23.7487
 27.1293
 24.1039
 28.2312
 24.1661
 32.45
 30.1993
 31.496
 26.6083
 28.6705
 24.5153
 28.4781
 23.8747
 27.1846
 22.0454
 24.5561
 26.8142
 26.4575
 26.9629
 29.2233
 28.3019
 31.1609
 0
 29.189
 29.8998
 31.9844
 25.8263
 28.2135
 28.1069
 31.7648
 24.1039
 20.8567
 26.4386
 22.8692
 21
 30.3809
 21.7256
 30.282
 29.189
 27.4591
 29
 28.8964
 28.0713
 25.219
 28.3549
 26.096
 20.9523
 26.8328
 26.4197
 24.8797
 24.8797
 28.8964
 31.4643
 26.0576
 29.4788
 29.6648
 31.4802
 28.775
 27.6948
 28.7054
 29.1376
 29.4109
 21.7945
 24.7588
 27.6948
 22.561
 24.0832
 31.0644
 26.6646
 28.3019
 30.282
 32.4191
 32.2955
 27.2947
 29.7489
 26.9815
 27.5136
 25.5147
 27.9821
 25.2587
 26.9258
 28.931
 30.7083
 27.5862
 29.1719
 33
 32.9848
 26.2679
 28.9828
 28.5657
 31.1609
 26.1916
 29.7321
 25.7682
 22.1133
 28.9482
 15.843
 25.807
 26.4386
 30.7083
 26.4764
 31.3209
 32.3728
 30.2985
 31.9061
 27.7489
 27.7489
 31.9844
 24.2074
 27.1477
 29.9165
 28.931
 25.1992
 27.6948
 29.5466
 27.4226
 0
 30.2985
 31.8748
 30.1828
 30.692
 30.7083
 29.189
 41.1947
 31.3688
 33.0303
 30.1662
 27.2213
 25.6905
 30.7083
 25.865
 22.6274
 30.6757
 27.9821
 33.5708
 24.7386
 25.2587
 30.133
 27.7669
 32.2955
 28.4253
 24.8998
 25.1992
 31.3209
 27.7308
 28.8964
 26.8328
 27.0185
 30.1662
 30.315
 29.3939
 36.4692
 25.3772
 28.0357
 31.3369
 30.9193
 30.3809
 31.607
 27.0555
 31.9687
 27.2947
 30.282
 26.0192
 27.258
 34.5977
 26.0384
 26.0384
 28.931
 28.7576
 31.1769
 0
 0
 33.0454
 28.3725
 27.55
 25.0599
 28.8444
 26.1725
 20.2978
 29.0861
 29.5296
 23.3666
 29.1376
 28.9482
 24.6374
 27.4773
 30.2324
 30.7896
 31.0966
 27.9643
 33.1813
 31.3369
 29.1033
 29.5296
 31.0483
 27.037
 26.4953
 29.189
 29.189
 24.4745
 25.2785
 34.1467
 23.6643
 21.4709
 35.0286
 26.1916
 27.4773
 32.7109
 24.4745
 23.6432
 22.1133
 27.8029
 27.2764
 29.5635
 22.9565
 26.3249
 23.8118
 32.1092
 29.4788
 28.9482
 23.7487
 27.6043
 25.4951
 31.8591
 29.9666
 26.3818
 32.5576
 24.6779
 29.9165
 25.04
 28.0179
 29.9165
 32.4654
 21.7256
 35.6791
 27
 30.133
 27.8029
 27.8209
 25.2389
 20.9762
 28.0357
 33.4963
 24.4336
 35.4401
 29.0689
 29.6985
 27.6406
 27.4773
 28.8271
 26.1151
 26.1151
 30.6105
 28.3901
 28.3901
 30.282
 29.7658
 29.7658
 24.5967
 27.7849
 27.7849
 27.6767
 27.1846
 22.8035
 27.0924
 29.1719
 21.1424
 27.0555
 30.2985
 20.347
 33.7491
 28.2489
 27.9464
 26.7021
 26.5518
 22.9347
 24.6982
 28.7402
 28.1603
 27.9821
 29.4958
 28.4781
 30.7246
 27.6043
 28.9137
 29.0861
 21.1187
 21.1187
 21.1187
 23.7276
 28.1425
 25.3377
 24.8596
 24.8596
 24.8596
 24.2693
 24.2693
 22.7816
 26.9629
 22.1133
 32.0312
 28.6705
 19.8242
 32.0468
 27.7669
 31.3528
 22.3159
 27.6586
 27.6586
 25.3969
 26.4953
 25.2587
 28.8271
 26.9629
 28.6705
 31.9531
 26.2488
 29.4788
 28.9482
