 37.4032
 30.7083
 35.4824
 37.9078
 45.3652
 50.1896
 51.4296
 50.636
 42.3792
 53.1789
 43.3935
 52.0865
 46.9574
 50.4975
 55.4256
 45.0777
 43.9886
 55.3263
 43.2088
 46.3897
 42.45
 40.4846
 40.4846
 51.0882
 43.5546
 44.8442
 51.4296
 52.3163
 42.9069
 53.301
 44.2719
 58.5918
 55.5968
 52.9717
 56.1605
 44.5646
 49.93
 47.5079
 45.8803
 39.3954
 52.7731
 52.9056
 46.7547
 57.1489
 57.1489
 50.8134
 43.9886
 58.8982
 58.1034
 49.2849
 53.9073
 62.6498
 44.699
 44.699
 0
 44.1588
 64.9923
 53.507
 44.7772
 50.2792
 50.2792
 50.2792
 60.0833
 42.9535
 56.0981
 51.1566
 51.1566
 53.2823
 56.1338
 42.0119
 51.4198
 34.3657
 48.1041
 54.827
 58.8727
 46.9681
 30.2985
 43.7493
 50.3786
 65.6049
 59.4222
 29.4109
 54.0648
 54.0648
 55.3353
 52.9056
 53.507
 57.8446
 57.8446
 48.7545
 0
 0
 0
 40.5216
 40.5216
 0
 43.6692
 0
 0
 40.5093
 37.3363
 57.4717
 57.4717
 55.6327
 62.9762
 60.6218
 45.5631
 45.5631
 44.0227
 57.6975
 50.5866
 64.9461
 64.9461
 64.9461
 65.9318
 55.7225
 46.4866
 52.1249
 52.1249
 52.1249
 72.2911
 57.6975
 52.5357
 52.3355
 65.123
 62.2174
 56.0981
 56.0981
 48.2701
 61.5711
 59.0931
 51.6043
 50.2991
 64.1327
 49.3153
 63.7417
 63.7417
 63.7417
 69.9929
 53.9815
 58.4466
 51.6236
 51.6236
 64.4515
 43.1856
 50.8429
 40.2244
 40.2244
 0
 40.2368
 39.0384
 64.5058
 53.3667
 55.7046
 66.5357
 62.3859
 62.6977
 49.4065
 54.4151
 63.9296
 66.2193
 57.3847
 51.4976
 58.3438
 75.8419
 75.8419
 61.7171
 47.7912
 70.7178
 61.79
 52.1536
 52.1536
 50.9902
 61.1065
 64.405
 67.5278
 71.0211
 45.9021
 63.8905
 61.2862
 71.5052
 64.8074
 55.4166
 62.9682
 66.9477
 58.3267
 60.8358
 54.7905
 56.9298
 57.1489
 57.1489
 57.1489
 64.3817
 49.3761
 48.949
 41.2674
 41.2674
 48.3529
 68.374
 45.111
 53.3667
 53.3667
 53.3667
 53.3667
 67.164
 64.4748
 56.5597
 61.4492
 53.4696
 53.4696
 56.1694
 57.1139
 63.4823
 64.5368
 50.8822
 50.8822
 62.6099
 70.4698
 61.8304
 53.7587
 65.2304
 66.9179
 68.8041
 47.4763
 47.4763
 0
 0
 0
 0
 0
 0
 47.8853
 65.7951
 68.6659
 74.3909
 74.3909
 57.3149
 70.6045
 68.4763
 76.1971
 76.1971
 76.1971
 76.1971
 76.1971
 64.3739
 63.0079
 60.9754
 62.2174
 51.6817
 67.8528
 48.7442
 54.0833
 53.6843
 49.1528
 49.1528
 0
 0
 0
 49.99
 56.9561
 56.9561
 56.9561
 56.9561
 71.4283
 68.7823
 77.4532
 68.8694
 68.8694
 68.8694
 68.8694
 60.5805
 57.6975
 68.1322
 63.5059
 63.5059
 63.5059
 63.5059
 68.0147
 64.5446
 69.8355
 59.3127
 59.3127
 59.3127
 59.3127
 72.2842
 72.6085
 50.1099
 70.9154
 70.9154
 70.9154
 70.9154
 76.5637
 76.5637
 73.885
 74.8866
 74.8866
 74.8866
 74.8866
 74.8866
 74.8866
 74.7864
 53.5724
 72.5672
 78.3199
 78.3199
 78.3199
 78.3199
 64.0156
 71.8749
 72.5534
 81.8657
 81.8657
 81.8657
 81.8657
 62.2174
 67.7938
 78.0513
 61.5549
 61.5549
 61.5549
 61.5549
 65.2687
 54.7631
 54.0925
 70.7178
 70.7178
 50.6162
 50.6162
 74.7329
 48.621
 74.1418
 59.6406
 75.921
 75.6439
 63.4586
 62.2415
 81.037
 59.8749
 73.328
 65.5744
 76.2234
 62.9682
 62.9682
 62.9682
 72.5534
 78.032
 55.0182
 70.7248
 58.0775
 58.0775
 58.0775
 80.9506
 76.5506
 55.6147
 79.6869
 56.0268
 77.5113
 72.1665
 77.5048
 82.9518
 53.3292
 84.3682
 70.9225
 58.6771
 73.8444
 49.5782
 49.5782
 68.6731
 65.7191
 84.0536
 73.2462
 73.2462
 73.2462
 73.2462
 55.1906
 75.1864
 58.3009
 78.6702
 78.6702
 78.6702
 78.6702
 78.6702
 78.6702
 78.6702
 54.4243
 55.4076
 69.7137
 80.0625
 80.0625
 80.0625
 80.0625
 76.5049
 79.1454
 79.3914
 57.2975
 57.2975
 57.2975
 57.2975
 60.4649
 62.6019
 76.896
 65.9621
 68.9202
 72.7805
 86.2786
 70.5479
 76.4395
 79.278
 59.3464
 61.3677
 61.3677
 61.3677
 61.3677
 82.8674
 80.0875
 57.5934
 72.374
 69.5198
 80.8332
 82.7345
 82.6136
 77.0519
 69.8713
 62.3298
 86.908
 88.0227
 68.6294
 73.1505
 68.6003
 68.6003
 59.4895
 86.954
 60.2744
 77.2269
 77.2269
 77.2269
 57.8705
 57.28
 86.4349
 82.061
 82.061
 83.4446
 80.8703
 79.0822
 73.3076
 73.3076
 73.3076
 73.3076
 73.3076
 82.0122
 65.5591
 62.9524
 70.4415
 70.4415
 70.4415
 66.5883
 66.5432
 66.5432
 75.9803
 75.9803
 75.9803
 79.4292
 82.3286
 90.4268
 67.5426
 67.5426
 67.5426
 85.0059
 58.2838
 81.3204
 88.4816
 71.5472
 81.7007
 57.6021
 84.4926
 84.4926
 78.8987
 84.1427
 67.9043
 82.988
 82.988
 72.8148
 69.0941
 61.2046
 70.5053
 60.407
 78.5812
 60.6218
 93.5575
 57.9569
 61.7333
 83.7437
 90.4378
 82.553
 86.8735
 86.8735
 86.908
 73.6614
 84.214
 62.7296
 77.5693
 68.5784
 75.7166
 71.7565
 65.7495
 81.4739
 66.453
 68
 82.1706
 85.0588
 62.514
 78.4347
 84.463
 82.5712
 83.4686
 88.9719
 89.5489
 69.5414
 68.7968
 80.9691
 62.8808
 83.7317
 75.4652
 79.7433
 68.4617
 78.6575
 57.9137
 91.3674
 66.8356
 57.1314
 93.8083
 83.2827
 54.074
 81.6823
 84.3386
 94.689
 57.0263
 83.7496
 65.3758
 82.8915
 89.2805
 70.739
 79.0506
 76.4918
 67.838
 82.3832
 69.2748
 83.0301
 70.4202
 85.276
 63.7809
 60.5062
 86.4697
 87.0632
 87.0632
 86.0349
 93.8989
 70.6045
 85.7088
 82.3772
 90.2497
 69.8999
 73.9189
 72.45
 79.467
 83.9166
 81.4862
 70.2922
 60.2744
 90.1166
 92.4229
 62.0081
 54.8088
 87.983
 93.6643
 82.6317
 62.6897
 87.3041
 83.5524
 94.7154
 62.6977
 65.2074
 79.4544
 72.4293
 88.7919
 83.3547
 84.3267
 82.7829
 69.1809
 86.5852
 60.9672
 75.4586
 85.2702
 68.4617
 89.6995
 62.7615
 84.3327
 63.616
 63.616
 86.296
 80.3928
 68.352
 68.352
 79.177
 68.8259
 79.6743
 66.0757
 68.4471
 59.9083
 53.6097
 58.5406
 86.8735
 79.6241
 83.4326
 92.7739
 92.7739
 89.1908
 63.5846
 94.3345
 88.0114
 84.3564
 71.5052
 95.8228
 79.196
 67.8012
 80.3866
 70.0357
 82.6317
 92.9032
 89.9611
 87.1206
 62.2415
 85.7788
 55.3353
 76.5768
 84.5399
 89.2637
 87.1263
 64.846
 80.3243
 62
 67.0373
 71.6589
 73.9797
 83.8272
 92.3688
 77.9102
 63.3798
 75.7958
 67.4092
 89.5712
 56.3915
 65.8255
 65.8255
 83.4686
 88.9101
 61.1637
 84.3801
 67.838
 60.1332
 91.3838
 66.8506
 66.9477
 79.2717
 94.3398
 79.6932
 71.1829
 75.8881
 85.2056
 87.6869
 63.3877
 87.1665
 60.4897
 84.4512
 84.3564
 87.761
 84.8882
 87.8749
 87.8749
 97.7753
 78.5621
 61.0492
 75.8024
 84.1309
 56
 69.6563
 87.6185
 54.8452
 85.276
 85.276
 87.1034
 87.7952
 80.2683
 68.1469
 67.1937
 85.5921
 81.7985
 72.6567
 78.9873
 88.176
 66.1967
 86.4754
 83.6481
 87.1091
 58.7963
 83.6242
 86.9943
 82.0122
 69.0072
 86.2786
 75.5712
 75.4785
 80.895
 62.8729
 83.4805
 58.7622
 76.1709
 76.1709
 88.9944
 84.5695
 60.5392
 66.4003
 53.4135
 88.21
 66.2344
 75.0267
 85.2936
 69.6276
 79.5424
 80.7032
 81.6211
 90.3881
 63.6632
 89.7051
 88.8988
 64.591
 91.225
 57.7148
 85.2936
 87.6299
 79.2465
 62.0242
 85.3346
 69.8069
 73.3076
 84.7054
 76.433
 60.3407
 90.9725
 66.1287
 65.681
 56.8155
 82.134
 89.9778
 80.9691
 68.0074
 89.7106
 63.4586
 83.5763
 79.2654
 72.3257
 59.4138
 87.1894
 87.1894
 88.0227
 65.7647
 84.5931
 92.3418
 60.2246
 84.3564
 83.4446
 88.6397
 86
 70.4698
 68.0294
 73.2257
 88
 72.9931
 79.278
 63.5925
 88.261
 63.4744
 76.1118
 76.1118
 86.9022
 62.2334
 92.4121
 84.5872
 63.4429
 53.4135
 53.4135
 67.9264
 90.0222
 90.0222
 90.0222
 88.3346
 88.459
 87.4243
 62.4099
 84.7231
 92.1575
 87.0115
 61.3759
 66.6483
 90.7359
 63.4823
 86.3829
 91.3455
 81.2588
 81.2588
 63.5453
 87.8692
 86.2844
 64.6838
 79.4292
 93.9574
 85.2526
 67.3201
 62.5859
 56.4181
 87.1436
 84.3742
 72.9452
 89.5377
 67.7495
 67.7495
 85.2056
 77.1298
 87.5386
 99.3227
 92.0598
 83.5464
 68.5201
 68.5201
 89.37
 64.9076
 68.6659
 68.6659
 68.6659
 87.8977
 81.7435
 84.3564
 92.5635
 65.1767
 65.1767
 79.643
 79.643
 90.0278
 88.1306
 83.5524
 81.7741
 91.8858
 67.4463
 66.3476
 68.0294
 84.1962
 86.0291
 76.7594
 69.8713
 82.0122
 92.5473
 85.5745
 84.7762
 87.7724
 85.5512
 85.5512
 85.5512
 90.2829
 67.1118
 66
 66
 89.5545
 77.8524
 69.0941
 88.7299
 88.3006
 73.5731
 65.192
 90.6642
 66.5282
 68.1616
 73.9324
 93.0537
 88.0114
 76.5114
 74.5587
 64.3584
 90.5097
 61.7333
 83.7198
 73.4847
 88.9438
 114.652
 114.652
 81.939
 71.2461
 85.7146
 85.7146
 88.5042
 87.4471
 87.4471
 91.1318
 80.2621
 87.9318
 66.5582
 90.5207
 87.3327
 87.3327
 92.6229
 81.6456
 81.6456
 80.8641
 61.3922
 71.8749
 60.9016
 85.4459
 76.3282
 80.5171
 80.5171
 87.9545
 80.3617
 80.3617
 72.6636
 81.7374
 81.7374
 44.5309
 91.4877
 91.4877
 84.5872
 67.1267
 67.1267
 67.6609
 82.0183
 82.0183
 77.3757
 93.2684
 93.2684
 76.5637
 76.5637
 87.8635
 83.8988
 83.8988
 74.8599
 74.8599
 74.8599
 72.4914
 72.4914
 72.4914
 76.5963
 76.5963
 76.5963
 62.1932
 62.1932
 62.1932
 63.2376
 63.2376
 79.1075
 70.0071
 75.0999
 75.0999
 83.5105
 83.5105
 71.3022
 70.4486
 70.4486
 70.4486
 57.5674
 77.5822
 77.5822
 50.7543
 63.0793
 62.1289
 95.4568
 95.4568
 91.1702
 56.6922
 56.6922
 79.8436
 85.8254
 85.8254
 85.8254
 85.8254
 66.9253
 66.9253
 81.6762
 81.6762
