 1.73205
 1.73205
 3.4641
 3.87298
 4.12311
 6.63325
 5.19615
 2.44949
 2.44949
 0
 2.44949
 2.44949
 2.82843
 2.82843
 5.74456
 2.44949
 0
 4.24264
 3.74166
 4.47214
 0
 3.4641
 3.4641
 1.73205
 3.60555
 4.24264
 5.38516
 6
 4.24264
 5.65685
 1.73205
 6
 3.4641
 3.4641
 5.38516
 5.38516
 5.38516
 4.12311
 4.89898
 0
 3.4641
 6
 5
 5
 0
 3.4641
 0
 0
 5
 3.4641
 4.69042
 0
 0
 0
 0
 2.82843
 5.19615
 2.82843
 2.82843
 2.82843
 0
 0
 4.89898
 2.82843
 6.16441
 6.16441
 0
 5.09902
 6.7082
 5.38516
 4.89898
 4.89898
 1.41421
 4.58258
 4.89898
 2.44949
 2.44949
 5.09902
 1.73205
 2.44949
 6.9282
 6.9282
 0
 0
 4.47214
 1.73205
 7.2111
 4.24264
 0
 0
 0
 1.41421
 0
 3.87298
 3.4641
 0
 0
 0
 1.73205
 4.24264
 3.31662
 0
 0
 3.87298
 2.44949
 5.74456
 3.4641
 0
 0
 3.74166
 5.38516
 3.4641
 3.4641
 0
 4.89898
 3.31662
 3.4641
 4.24264
 0
 3.4641
 2.44949
 2.44949
 2.44949
 3.4641
 5.38516
 5.65685
 5.38516
 0
 4.89898
 5.74456
 6.245
 5.65685
 1.41421
 3
 6.16441
 6
 0
 0
 5.19615
 6.245
 3.4641
 6.16441
 0
 3.74166
 4.24264
 0
 5.38516
 0
 0
 2.44949
 3
 4.89898
 0
 3.87298
 0
 6.63325
 5.19615
 1.41421
 3
 3.87298
 2.44949
 2.44949
 2.44949
 3.74166
 3.74166
 0
 1.73205
 4.47214
 6.08276
 4.79583
 4.79583
 4.79583
 2.82843
 0
 5.47723
 5.47723
 5.74456
 4.3589
 7.4162
 3.87298
 3.16228
 3.16228
 3.74166
 6.48074
 7.68115
 3
 3
 3.74166
 6.245
 6.245
 6.245
 6.245
 3
 4.24264
 1.73205
 6.63325
 3.4641
 5.65685
 4.89898
 1.73205
 4.89898
 0
 0
 0
 5.74456
 5.09902
 5.09902
 4.89898
 4.89898
 2.44949
 4.24264
 2.44949
 2.44949
 2.44949
 2.44949
 0
 0
 0
 5.65685
 1.41421
 2.82843
 6.16441
 1.41421
 3.87298
 0
 0
 3
 4.24264
 5.38516
 3.4641
 0
 1.73205
 5.19615
 3.4641
 5.38516
 0
 5.09902
 6.16441
 4.3589
 6
 0
 0
 0
 0
 2.44949
 6.16441
 4.47214
 3.4641
 3.4641
 2.44949
 5.47723
 6.48074
 6.9282
 6.9282
 0
 0
 2.44949
 6.85565
 5.19615
 6
 0
 0
 0
 5.19615
 3.4641
 3.4641
 4.69042
 0
 0
 0
 4.24264
 1.73205
 1.73205
 6
 0
 0
 0
 3.31662
 5.09902
 4.24264
 3.74166
 0
 0
 0
 2.44949
 5.19615
 6.16441
 5.09902
 0
 0
 0
 2.44949
 5.09902
 6
 5.09902
 0
 0
 0
 0
 0
 4.24264
 6
 6.08276
 3.74166
 0
 0
 0
 5.19615
 3.4641
 5.19615
 4.24264
 0
 0
 0
 2.64575
 2.64575
 2.44949
 4.24264
 0
 0
 0
 5.19615
 6
 6.85565
 5.19615
 0
 6
 6.85565
 6
 6
 6
 6
 4.3589
 3.4641
 5.09902
 4.24264
 5.19615
 4.24264
 2.64575
 6
 4.3589
 6
 0
 0
 2.64575
 4.24264
 5.74456
 2.44949
 2.44949
 0
 0
 5.19615
 3.4641
 6.85565
 3.31662
 1.73205
 3
 6
 6
 2.64575
 0
 5.09902
 6.08276
 4.3589
 4.58258
 0
 0
 3.4641
 6
 4.24264
 6.08276
 0
 0
 0
 5.19615
 3.4641
 5.47723
 3.87298
 0
 0
 0
 0
 0
 0
 4.3589
 6
 4.24264
 4.24264
 0
 0
 0
 4.3589
 3.74166
 5.19615
 6
 0
 0
 0
 5.19615
 3.4641
 3.4641
 4.24264
 6.16441
 3.4641
 5
 3.4641
 6.16441
 6
 3.4641
 6
 0
 0
 0
 5.19615
 3
 4.3589
 2.44949
 5.19615
 5.38516
 5.47723
 6.85565
 6
 6.08276
 6
 6.16441
 6.48074
 4.24264
 4.24264
 5.19615
 0
 6.85565
 5.47723
 6.08276
 4.3589
 0
 0
 6.08276
 6.08276
 3.4641
 6
 0
 6
 6
 6.08276
 5.09902
 0
 0
 0
 0
 6
 4.3589
 6.245
 6
 0
 0
 4.24264
 3.74166
 4.58258
 5.09902
 0
 0
 3.87298
 4.3589
 4.24264
 5.19615
 0
 0
 5.19615
 6.08276
 3.74166
 5.19615
 5.19615
 6.48074
 5.19615
 6.08276
 0
 5.19615
 4.3589
 3.4641
 6
 0
 4.3589
 3.4641
 3.4641
 6.08276
 6
 6
 4.3589
 5.19615
 3.4641
 6.08276
 6.08276
 5.19615
 6
 6.85565
 6.85565
 3.4641
 4.24264
 4.3589
 5.19615
 6
 6
 6.85565
 4.24264
 6.85565
 6
 5.74456
 3.4641
 5.19615
 5.19615
 5.19615
 7.07107
 6
 4.24264
 6.08276
 6.85565
 6.85565
 4.3589
 5.09902
 4.24264
 5.19615
 4.24264
 6
 6.85565
 6.08276
 6
 6.08276
 6.245
 6.08276
 6.85565
 6.08276
 6.08276
 6
 6
 6.08276
 6
 6.85565
 5.19615
 6
 6.85565
 5.38516
 6
 4.58258
 6
 4.3589
 6.16441
 5.19615
 6.85565
 4.24264
 6
 7.07107
 5.19615
 6.85565
 6.9282
 4.3589
 6.245
 6.08276
 5.74456
 6.08276
 6.08276
 5.19615
 4.24264
 5.19615
 6
 6.85565
 3.4641
 4.3589
 6.08276
 6.85565
 6.85565
 6.85565
 6.08276
 6.85565
 5.09902
 5.19615
 5.09902
 6.85565
 6
 6.08276
 5.19615
 4.24264
 6
 2.44949
 6
 3.4641
 6
 5.19615
 5.74456
 4.3589
 6
 6
 5.19615
 6.08276
 6.9282
 6.9282
 5.19615
 6
 6.08276
 7.14143
 6.08276
 5.19615
 6.85565
 7.61577
 6.08276
 6.08276
 6.08276
 6.245
 5.19615
 4.58258
 7.07107
 6.08276
 6
 5.2915
 6
 6.245
 6.85565
 5.19615
 4.47214
 5.47723
 5.19615
 6
 6
 4.12311
 6
 5.19615
 6.48074
 6.08276
 6.08276
 6.48074
 6
 5.47723
 4.58258
 6.48074
 6.08276
 6
 6.48074
 6.08276
 6.9282
 6.08276
 6.55744
 4.3589
 6
 6
 6.08276
 6.08276
 6.08276
 6.08276
 5.19615
 6.85565
 6.08276
 6.85565
 6.85565
 6.85565
 4.24264
 6.85565
 6.245
 5.19615
 6.08276
 6.48074
 4.3589
 4.24264
 5.09902
 6.85565
 5.38516
 5.38516
 5.19615
 4.47214
 6
 5.19615
 6.85565
 6
 6.85565
 5.19615
 6.08276
 4.3589
 7.74597
 6
 7.07107
 6.08276
 6
 6.85565
 4.47214
 7.34847
 6
 4.58258
 6.9282
 6.85565
 6.9282
 6
 0
 6.245
 6
 6.245
 5.47723
 6
 4.24264
 6.55744
 7.28011
 6.08276
 5.74456
 6
 5.19615
 6.48074
 6.9282
 6
 6.08276
 6.9282
 6.55744
 6.08276
 6.9282
 6.245
 6.245
 7.07107
 6.85565
 6.245
 7.68115
 6.08276
 0
 6.245
 6.9282
 6.08276
 6
 6.9282
 6.85565
 4.58258
 6.85565
 6.08276
 5.19615
 5.47723
 6.55744
 6.245
 6
 6.08276
 6.9282
 6.85565
 6
 6.9282
 6.85565
 6.85565
 6.08276
 6.08276
 7.07107
 7.07107
 6.85565
 6.08276
 6
 7.34847
 7.74597
 6.85565
 7.14143
 6.08276
 6.9282
 6.85565
 6.85565
 6.9282
 6.08276
 6.9282
 6.85565
 6.08276
 6.16441
 5.19615
 6.08276
 6.32456
 6.32456
 6.9282
 5.19615
 7.07107
 7.74597
 6
 6.08276
 6.85565
 7.74597
 6.08276
 6.08276
 6.08276
 6.85565
 6.9282
 6.16441
 7.74597
 6.08276
 5.19615
 7.07107
 6.85565
 0
 7.07107
 6.08276
 6.08276
 6.08276
 7
 6.9282
 6.9282
 7.74597
 7
 7.07107
 6.9282
 6.245
 6.08276
 7.87401
 5.74456
 6.9282
 6.08276
 7.07107
 7
 6.55744
 7.74597
 6.245
 6.32456
 7.74597
 8.48528
 6.245
 6.245
 6.9282
 7.74597
 7.68115
 6.9282
 6.08276
 8.12404
 7
 6.08276
 7.07107
 6.9282
 7.74597
 6.08276
 7.68115
 6.08276
 6.245
 5.47723
 6.9282
 6.55744
 6.08276
 6
 6.08276
 6
 5.2915
 6.9282
 6.08276
 6.245
 0
 0
 7.34847
 7.93725
 6.9282
 7.34847
 6.48074
 6.9282
 6.85565
 5.47723
 7.34847
 6.55744
 8.12404
 4.24264
 8.12404
 6
 6.08276
 5.47723
 8.06226
 6.245
 6.7082
 7.68115
 6.9282
 6.245
 6.08276
 2.64575
 6.16441
 6.7082
 6.245
 6.245
 6.9282
 7.07107
 7
 7
 6.9282
 7.61577
 5.47723
 7.07107
 4.69042
 7.28011
 6
 6.55744
 6.16441
 6.08276
 5.19615
 6.08276
 6.32456
 6.85565
 6.08276
 6.08276
 4.47214
 5.19615
 6
 6.245
 7.07107
 6.08276
 9.48683
 6.245
 6
 6.9282
 4.47214
 6.9282
 8.18535
 4.24264
 10.9087
 7.14143
 6.08276
 6.9282
 6.9282
 5.38516
 4.24264
 6.08276
 6.9282
 6.08276
 6.9282
 5.74456
 6.08276
 5.47723
 6.08276
 6.9282
 5.19615
 7.74597
 6.85565
 6.08276
 5.19615
 5.19615
 6.55744
 3.4641
 6.85565
 6.9282
 2.44949
 5.19615
 6
 6
 6.08276
 6.08276
 6.16441
 6.85565
 6.245
 5.19615
 5.19615
 5.09902
 6
 6.08276
 5.09902
 6.245
 6.7082
 4.24264
 5.38516
 6.9282
 5.74456
 5.38516
 6.245
 4.89898
 7.07107
 3.4641
 3.4641
 7.93725
 6
 5.09902
 6.9282
 6.55744
 6.7082
 2.44949
 1.41421
 4.3589
 7.14143
 7.14143
 2.44949
 4.47214
 4.79583
 5.19615
 3.31662
 4.24264
 1.73205
 4.69042
 5.65685
 4.69042
 4.24264
 4.24264
 6
 5.38516
 6.48074
 5.19615
 4.3589
 5.19615
 4.3589
 6.7082
 3.4641
