 9.53939
 8.60233
 8
 4.58258
 3.4641
 5.09902
 5.19615
 9.84886
 4.58258
 6.32456
 6.245
 6.7082
 6.85565
 8.48528
 6
 8.60233
 9.21954
 5.38516
 7.4162
 5.74456
 6.9282
 3.4641
 3.4641
 6
 6.9282
 4.89898
 9.53939
 2.64575
 1.73205
 9.64365
 7.4162
 7.81025
 7.34847
 8.544
 4.24264
 7.87401
 3.60555
 4.12311
 6
 7.68115
 6.245
 6.63325
 6
 7.14143
 7.14143
 8.77496
 6.78233
 8.88819
 2.44949
 7.4162
 3.74166
 7.74597
 2.44949
 0
 0
 6.9282
 7.28011
 8.66025
 8.88819
 5.38516
 0
 0
 10.3441
 7.93725
 6.63325
 9.59166
 9.59166
 5.19615
 8.88819
 6.9282
 7.14143
 7.74597
 10.6771
 5.47723
 8.544
 7.34847
 6.85565
 10.3923
 7.07107
 7.93725
 7.4162
 7.81025
 0
 0
 9.21954
 10.4403
 7.34847
 6
 6
 0
 0
 8.60233
 9.21954
 3.4641
 4.58258
 4.58258
 0
 0
 8.94427
 6.16441
 4.3589
 10.3923
 10.3923
 8.544
 8.83176
 7.34847
 7.48331
 7.48331
 8.544
 6.245
 8.12404
 8.66025
 13
 8.544
 6.55744
 9.79796
 5.47723
 8.66025
 0
 7.07107
 13.5647
 8.48528
 7.93725
 7.14143
 5.74456
 7.28011
 6.9282
 0
 10.8167
 8
 7.93725
 4.3589
 9.8995
 8.12404
 8.544
 8.66025
 0
 0
 9.84886
 5.56776
 9.11043
 6.16441
 0
 9.38083
 6.08276
 11.1355
 6.245
 0
 0
 7.14143
 4.24264
 12.0416
 9.79796
 9.74679
 9.79796
 12.49
 7.14143
 9.27362
 10.4403
 7.14143
 7.28011
 8.94427
 8.18535
 10.4403
 11.2694
 8.94427
 9.48683
 7.87401
 10.0995
 9.27362
 5
 5
 8.544
 11.2694
 7.34847
 18.735
 7.68115
 10.583
 8.60233
 3.4641
 8.544
 15.1327
 13.2288
 9.79796
 9.84886
 7.81025
 10.3923
 8.12404
 6.85565
 7.34847
 26.9444
 26.9444
 7.48331
 6.9282
 10.9545
 6.85565
 21
 6.85565
 11.3137
 11.0905
 5.47723
 11.1355
 0
 0
 12.4499
 12.8062
 9.21954
 9.11043
 11.2694
 17.4929
 11.0905
 14.3178
 9.38083
 9.16515
 11.2694
 0
 10.8628
 10.0995
 14.1067
 10.5357
 9.69536
 11.7898
 7.87401
 8
 0
 0
 11.7047
 11.8322
 9.64365
 8.66025
 8.66025
 11.1355
 11.5326
 11.7898
 8.66025
 8.66025
 10.4881
 11.2694
 12.0416
 9.11043
 9.11043
 0
 0
 0
 11.0454
 8.66025
 11
 10.8167
 10.8167
 9.84886
 9.16515
 9.84886
 11
 6.9282
 0
 0
 11.6189
 11.0454
 9.16515
 9.74679
 9.74679
 0
 0
 12.2882
 11.6619
 11.6619
 11.6189
 11.6189
 0
 0
 14.6969
 11.7047
 11.7898
 14.6969
 0
 0
 0
 12.4097
 14.1774
 14.7309
 11.0454
 0
 0
 0
 7.81025
 15.4596
 10.4403
 12.6095
 0
 0
 0
 10.583
 10.0499
 13.9642
 14.9332
 14.9332
 0
 0
 0
 0
 16
 12.49
 13.5277
 11
 0
 0
 0
 12.53
 12.53
 13.6382
 11.6619
 0
 0
 0
 11.3137
 11.0905
 11.2694
 11.1355
 0
 0
 0
 11.7898
 11.6189
 12.2882
 12.0416
 0
 11.0905
 12.2474
 12.49
 10.4403
 12.3288
 11.6189
 12.3693
 13.4907
 16.3095
 13.0767
 11.0454
 11.7898
 15.1987
 14.6969
 14.9332
 11.7898
 0
 0
 14.4222
 13.9642
 13.5277
 15.1327
 12.6491
 0
 0
 14.7309
 15.1658
 14.3875
 14.4914
 12.0416
 14.4568
 14.2478
 14.0357
 14.8661
 13.3791
 15.1327
 14.4222
 12.5698
 12.3693
 12.5698
 0
 14.4222
 12.2474
 11.6619
 12.2882
 12.2882
 0
 0
 13.0384
 13.5647
 14.1067
 14.7309
 14.7309
 14.7309
 0
 0
 0
 0
 11.1355
 13.0767
 14.1421
 14.6629
 14.6629
 0
 0
 11.7473
 14.9332
 14.7986
 12.3288
 12.3288
 0
 0
 16.0312
 15.9374
 15.4596
 15.2643
 15.4596
 15.1987
 13.7113
 12.9228
 16.5831
 14.7309
 16
 16.5529
 0
 0
 0
 15.5242
 16.1555
 15.6205
 16.3707
 15.1658
 16.3401
 14.7986
 15.9374
 14.9332
 14.9332
 15.8745
 14.7309
 15.1987
 11.7898
 15.4272
 12.2882
 12.2882
 14.0712
 14.4568
 13.6748
 16.5529
 0
 0
 14.7648
 13.7113
 13.5277
 16.6733
 0
 17.8885
 15.6205
 15.4596
 12.8452
 0
 0
 0
 0
 17.3205
 15.3297
 14.0712
 15.6844
 15.6844
 0
 15.6205
 13.6015
 12.9228
 14.6969
 0
 0
 15.4596
 15.1987
 15.4596
 15.3297
 15.3297
 0
 15.1658
 17.1756
 16.3401
 17.2047
 15.9374
 17.9722
 16.6132
 15.1987
 15.1987
 15.3297
 17.8606
 16.0935
 16.3401
 0
 12.53
 14.8997
 15.0997
 14.7309
 14.6969
 15.3297
 14.6969
 16.2788
 13.0384
 15.9687
 15.9374
 14.4568
 17.7764
 18.3848
 15.1327
 14.9332
 13.3041
 15.9687
 16.5529
 16.8226
 15.1987
 17.2047
 16.5529
 14.4222
 16.6433
 11.8322
 13.5647
 15.906
 14
 16.1245
 15.906
 16.3707
 16.1555
 16.8523
 17.7482
 16.2788
 16.3707
 16
 13.5647
 15.9374
 16.6433
 17.72
 14.6969
 12.2882
 15.2315
 13.7113
 16.1864
 14
 16.5529
 17.5784
 15.9687
 13.9642
 16.6733
 15.9374
 15.906
 15.1327
 15.6525
 14.6969
 17.2047
 14.9332
 15.4596
 14.2127
 15.6205
 16.6433
 16.6433
 15.3297
 18.5203
 11.7473
 16.8226
 12.3288
 16.0935
 14.3527
 15.6525
 15.4596
 17.3781
 13.9642
 14.7986
 16.6733
 16.1864
 15.6205
 12.9228
 16.8523
 13
 15.1327
 16.3401
 14.1421
 14.4568
 15.9374
 17.72
 15.4596
 15.3297
 14.2127
 17.3494
 14.7648
 16.6132
 12.2882
 18.3576
 16.6433
 14.7986
 15.3297
 16.3401
 16.5529
 16.6733
 13
 18.6279
 14.8997
 13.6748
 14.6969
 15.4596
 16.5529
 13.5277
 15.906
 12.49
 15.8745
 15.6525
 15.9374
 16.6132
 12.2882
 15.6205
 14.4222
 17.1756
 14.8997
 14.7309
 14.3527
 15.6525
 15.5885
 13.5647
 13
 12.9228
 11.1355
 15.1658
 15.1658
 12.8841
 15.4919
 11.0905
 14.8324
 13.5647
 14.5602
 15.2315
 14.2127
 15.1658
 16.4621
 13.9642
 17.1172
 15.1658
 14.7648
 17.1172
 16.1245
 15.906
 16.6733
 12.9228
 15.4919
 14
 16.6433
 15.9374
 17.4356
 16
 12.7671
 15.4919
 14.8997
 17.7482
 13.9642
 10.9545
 12.083
 11.1355
 17.7764
 11.6619
 10.3923
 12.53
 17.1756
 12.2474
 15.4272
 14.7309
 12.8452
 16.8523
 12.3288
 14.7648
 17.3781
 12.9228
 14.7648
 14.2127
 17.1756
 14.7986
 12.3288
 13.7477
 17.3205
 16.1245
 13.7113
 15.8745
 15.3623
 15.4272
 14.4222
 15.1658
 14.4222
 15.1658
 15.1658
 15.5885
 17.1464
 14.2127
 17.1464
 11.7047
 11.7473
 14.7309
 12.3288
 14.6969
 17.3205
 13.5277
 12.2882
 0
 12.9615
 17.3205
 13.5277
 14.1067
 14.4222
 14.7986
 15.6205
 16.3095
 15.3297
 13.7113
 13.5277
 14.3875
 14.7309
 14.6969
 14.1067
 15.1327
 15.0997
 14.9332
 14.4914
 14.4222
 11.7047
 17.2047
 12.7671
 11
 16.1245
 11.6619
 9.21954
 9.21954
 15.843
 11.6619
 10.583
 12.2474
 10.4403
 15.906
 13.3041
 12.3693
 14.4568
 13.7477
 13.7113
 12.49
 14.4568
 15.4272
 14.1774
 13.9642
 17.2047
 13
 14
 14.4222
 15.3297
 15.1987
 16.5529
 13
 11.6619
 17.1464
 14.0712
 16.5227
 10.4403
 15.2643
 15.6205
 13.2288
 10.8628
 11.2694
 14.4222
 15.906
 12.8452
 14.7648
 14.2127
 14.4222
 16.5529
 13.7113
 14.4222
 13.6382
 13.7113
 9.79796
 13.2665
 11.7047
 15.1327
 13.2665
 13.1909
 15.1658
 15.0997
 14.2127
 11.6619
 9.53939
 16.0624
 12.49
 15.3948
 14.9666
 13.6382
 10.4403
 15.1327
 15.9687
 12.3693
 12.3693
 14.7309
 10.7703
 13.7113
 14.7986
 15.4596
 10.583
 10.583
 14.6969
 15.4272
 13.9642
 14.7986
 13.4907
 14.6969
 13.9642
 12.2474
 14.3875
 11.7473
 16.5529
 10.0499
 15.4272
 11.6189
 9.8995
 14.7309
 14.3527
 9.79796
 12.0416
 14.2829
 11.225
 16.5529
 9.64365
 11.7898
 15.9374
 12.6095
 7.81025
 13.2288
 7.2111
 13.7113
 13.1909
 13.5277
 14.1421
 14.7309
 13.0767
 13
 13.9284
 10.583
 13.6748
 12.2474
 13.9642
 14.6969
 14.6969
 9.84886
 13.5647
 11.2694
 11.2694
 11.2694
 9.69536
 10.6301
 10.3441
 10.6301
 13.7113
 12.2474
 17.1464
 10.3923
 8.66025
 14.2127
 9.64365
 8.12404
 12.9615
 11.2694
 7.07107
 13.9642
 13
 9.53939
 11.7898
 9.79796
 14.8661
 13.2288
 12.49
 7.93725
 12.8841
 10.4881
 8.42615
 8.42615
 9.8995
 12.4499
 9.32738
 9.32738
 9.59166
 10.8167
 7.81025
 10.0995
 9
 9.84886
 13.7113
 8.94427
 9.05539
 12.1244
 13.0384
 7
 11.0905
 12.9228
 12.4097
 13.2288
 12.2882
 9.74679
 12.2474
 13.6748
 7.81025
 14.7309
 10.4403
 10.583
 12
 11.225
 8.12404
 9.79796
 10.7238
 6.9282
 10.0499
 12.6095
 8.66025
 12
 12.2474
 10.5357
 8.60233
 17.2047
 10.4881
 9.84886
 12.1244
 9.74679
 12.3693
 12.0416
 9.84886
 13.1909
 8.66025
 8.66025
 9.84886
 8.88819
 8.88819
 12.0416
 11.5758
 8.12404
 12.2474
 12.083
 12.083
 12.083
 12.083
 9.64365
 9.74679
 9.53939
 9.53939
 9.84886
 10.4881
 10.4881
 12.3288
 13.1909
 6.7082
 6.7082
 11.5758
 8.66025
 8.94427
 11.5758
 11.5758
 9.84886
 13.0384
 13.0384
 12.8062
 7.81025
 9.32738
 11.3578
 9.16515
 11.3578
 10.3923
 9.32738
 9.69536
 10.0499
 11.7898
 9.05539
 9.05539
 11.7473
 8.88819
 9.05539
 10.583
 8.88819
 11.7047
 10.4403
 5.47723
 11.3137
 11
 13.9284
 11.8322
 13
 8
 6.9282
 9.8995
 13.8924
 10.0499
 10.8628
 10.6771
 13
 9
 14.9332
 10.4881
