 21.5174
 20.4939
 26.0768
 26.0768
 28.7924
 34.5977
 35.4683
 36.1525
 24.7386
 35.9861
 35.9305
 36.5513
 36.5103
 35.4542
 38.7814
 29.0345
 27.8209
 39.3065
 27.074
 35.8469
 22.4054
 31.3688
 31.3688
 35.1852
 36.5513
 28.5482
 34.8999
 31.607
 29.1204
 37.3095
 26.9815
 41.4246
 40.398
 32.5269
 40.7799
 33.8969
 39.2556
 29.8998
 37.3898
 37.6563
 35.623
 37.0945
 35.4683
 34.9428
 34.9428
 33.2566
 27.1477
 40.2616
 41.9047
 32.4191
 41.6773
 44.8665
 25.5539
 25.5539
 0
 42.8836
 45.4753
 32.2645
 23.4734
 28.8791
 28.8791
 0
 42.9418
 42.1426
 35.426
 29.8496
 29.8496
 33.8526
 39.8246
 36.1939
 41.4729
 15.8114
 29.1719
 36.565
 40.9634
 43.5316
 14.9332
 39.1663
 29.95
 48.0208
 41.9285
 13.2665
 42
 0
 34.4674
 35.6791
 40.4228
 42.2019
 42.2019
 34.1906
 0
 37.1618
 34.7563
 38.0789
 39.6485
 0
 27.5862
 0
 38.5746
 37.7889
 37.108
 35.609
 35.609
 36.5513
 41
 40.5216
 31.0322
 31.0322
 27.7849
 41.7373
 33.0303
 41.6413
 41.6413
 41.6413
 44.7214
 33.8821
 43.2088
 27.8209
 0
 44.1475
 52.5452
 34.9428
 29.8831
 42.8135
 47.0425
 39.4081
 34.1174
 0
 36.2905
 43.1393
 40.6694
 45.2106
 32.7109
 48.2286
 46.7974
 42.6263
 42.6263
 0
 49.1223
 41.9881
 36.8646
 40.0874
 0
 43.6234
 44.7772
 42.5793
 45.0444
 45.0444
 0
 42.0238
 41.9881
 43.8178
 35.7071
 37.6829
 45.7275
 44.3847
 38.4838
 31.289
 33.9117
 48.6724
 41.8569
 33.9264
 50.2792
 35.6371
 48.7852
 48.7852
 36.524
 47.4236
 46.6798
 40.0874
 30.4138
 0
 46.1519
 35.9305
 43.6119
 50.892
 49.558
 39.8748
 44.0454
 42.0476
 53.4041
 50.8527
 35.6511
 45.6399
 53.4041
 40.7922
 38.2753
 53.591
 45.6289
 45.4313
 45.4313
 0
 42.8952
 49.0306
 50.774
 47.0532
 47.0532
 44.7884
 45.5192
 43.8862
 45.6727
 45.6727
 45.6727
 0
 46.1302
 47.0319
 39.9875
 43.4626
 38.6911
 38.6911
 35.6931
 40.7799
 41.0366
 47.4658
 35.2704
 35.2704
 35.7491
 43.4396
 40.0999
 52.9339
 40.8901
 45.1774
 46.0652
 53.647
 53.647
 53.647
 45.5192
 41.833
 51.9519
 49.4874
 49.4874
 44.911
 44.1928
 47.1805
 47.9166
 47.9166
 36.565
 48.4458
 50.892
 57.4456
 57.4456
 57.4456
 57.4456
 57.4456
 40.8167
 56.1338
 52.192
 50.8527
 36.7287
 42.6497
 52.3355
 58.8303
 51.4393
 33.121
 33.121
 0
 45.5082
 51.7107
 52.2877
 56.285
 56.285
 56.285
 56.285
 51.2445
 50.4579
 56.5243
 51.817
 51.817
 51.817
 51.817
 44.5309
 44.4972
 50.8232
 42.638
 42.638
 42.638
 0
 42.4146
 42.0595
 42.9884
 53.0943
 53.0943
 53.0943
 53.0943
 46.0652
 49.7695
 55.8122
 47.0425
 47.0425
 0
 0
 0
 0
 49.558
 52.9811
 52.9811
 52.9811
 52.9811
 52.9811
 52.9811
 52.1824
 49.2544
 51.5267
 54.7814
 54.7814
 54.7814
 54.7814
 44.3283
 54.8452
 53.8331
 57.7927
 57.7927
 57.7927
 57.7927
 53.1413
 42.5676
 57.1577
 55.263
 55.263
 55.263
 55.263
 58.1378
 57.9828
 56.9122
 48.734
 48.734
 58
 56.2228
 49.5379
 59.9083
 55.0273
 58.8982
 56.4447
 55
 48.6724
 45.4423
 57.376
 48.9183
 46.5725
 43.3359
 50.5866
 52.2781
 52.2781
 52.2781
 49.8999
 52.3068
 56.1249
 47.8853
 45.3211
 45.3211
 0
 0
 0
 0
 0
 42.5793
 51.5655
 53.507
 54.9545
 56.6216
 48.8876
 55.6507
 48.6826
 55.7225
 56.0803
 43.4281
 43.4281
 47.0106
 57.3236
 56.7098
 55.6597
 55.6597
 55.6597
 55.6597
 58.6515
 50.4579
 60.4566
 57.3324
 57.3324
 57.3324
 57.3324
 57.3324
 57.3324
 57.3324
 58.6856
 59.649
 62.546
 53.9073
 53.9073
 53.9073
 53.9073
 55.8122
 58.3009
 59.0931
 64.2495
 64.2495
 64.2495
 64.2495
 51.5946
 48.0937
 55.2178
 65.123
 46.594
 47.4658
 59.975
 56.9649
 53.4416
 55.1634
 52.3355
 62.3217
 62.3217
 62.3217
 62.3217
 55.8301
 53.9351
 62.6897
 48.9285
 56.7979
 57.4021
 55.4437
 57.4021
 57.0088
 50.3786
 59.6238
 58.532
 60.0999
 56.1605
 48.0625
 58.6003
 58.6003
 62.1772
 60.8441
 59.2368
 53.2916
 53.2916
 53.2916
 59.5903
 62.6019
 61.887
 55.8659
 55.8659
 60.7783
 57.55
 58.2065
 63.0476
 63.0476
 63.0476
 63.0476
 63.0476
 60.3656
 49.1732
 65.7799
 48.7647
 48.7647
 0
 45.9891
 45.2106
 68.6076
 62.6658
 62.6658
 62.6658
 53.7029
 56.2494
 64.3273
 63.8514
 63.8514
 63.8514
 58.2666
 62.2415
 57.6628
 70.4344
 51.4684
 59.0762
 56.0179
 58.2838
 58.2838
 60.291
 55.4256
 50.4183
 57.4021
 57.4021
 57.4456
 47.3181
 60.4649
 60.803
 57.9741
 54.4518
 62.562
 62.8649
 63.0714
 63.0317
 56.4978
 63.4823
 61.8789
 61.6847
 61.9677
 67.2309
 62.5859
 62.3217
 53.1789
 59.1608
 47.0213
 61.8789
 49.3153
 64.9923
 55.8928
 70.8802
 63.0793
 55.7763
 59.3296
 64.9846
 67.8012
 60.3573
 61.0492
 60.8441
 63.561
 60.8523
 55.6417
 52.2303
 60.2661
 55.8391
 55.848
 51.6333
 58.3181
 61.0082
 55.3263
 63.1585
 64.591
 61.3188
 62.7933
 64.7843
 60.1332
 64.0937
 59.9416
 57.4195
 65.1997
 63.7809
 58.5235
 49.7695
 61.7009
 63.5689
 47.0213
 62.57
 60.349
 50.448
 54.6168
 65.0999
 55.3895
 65.6734
 61.3433
 70.4486
 66.1211
 61.2372
 59.1439
 65.3146
 60.8276
 68.6804
 53.0283
 59.1693
 61.2536
 64.467
 47.2546
 56.6833
 62.0081
 61.1555
 57.81
 52.8583
 61.7171
 62.442
 61.2127
 63.0555
 63.8905
 63.6867
 64.3894
 63.6318
 60.8851
 66.1438
 62.53
 60.8441
 65.1844
 56.0268
 51.8459
 63.4271
 49.7795
 66.2344
 54.3875
 56.701
 64.5678
 63.4586
 61.2944
 63.3482
 68.9057
 59.4811
 68.542
 61.7495
 62.8649
 60.959
 55.5878
 67.2978
 61.1065
 61.1555
 50.5964
 65.4294
 60.6053
 61.5711
 53.9444
 58.8048
 57.6281
 63.3325
 62.8252
 64.4515
 59.7829
 53.9166
 57.4891
 62.4179
 63.1269
 61.1065
 51.4781
 65.7495
 61.6928
 60.8605
 49.8899
 65.215
 61.2127
 51.0294
 53.9073
 62.7375
 53.1037
 62.6259
 61.9839
 66.7308
 64.467
 58.0345
 65.5591
 67.9926
 59.3885
 61.8789
 60.9098
 69.5342
 60.0417
 55.9017
 51.8556
 60.696
 68.352
 62.2013
 67.0522
 53.0943
 63.7103
 61.7414
 58.7707
 62.0322
 62.0806
 63.0872
 59.1354
 60.075
 61.2454
 67.3127
 60.9262
 61.7333
 54.626
 58.0259
 48.0937
 55.0273
 62.0161
 62.2093
 54.1941
 61.2046
 53.1037
 57.4717
 59.439
 64.1327
 59.397
 68.0955
 61.8385
 61.7171
 62.57
 61.8466
 59.6322
 55.2268
 60.1914
 53.5817
 63.1189
 59.8415
 56.7539
 64.4593
 62.5779
 62.4179
 68.1102
 63.6082
 63.6082
 65.3223
 61.7009
 58.9915
 55.7763
 53.0848
 62.8331
 54.1849
 52.5357
 63.0476
 60.1831
 64.4593
 57.5587
 59.4138
 62.0806
 67.4907
 63.4271
 61.7009
 60.8769
 56.1872
 58.0517
 60.531
 55.5338
 60.349
 63.111
 55.5428
 64.0156
 61.5955
 61.5955
 60.4897
 61.709
 66.5132
 59.649
 64.8306
 62.9444
 52.6688
 57.4978
 62.5939
 51.7397
 53.3479
 59.3633
 54.461
 61.2046
 64.9461
 62.8967
 64.6452
 68.4251
 62.8331
 68.644
 66.9477
 63.0635
 62.434
 61.1637
 62.4019
 54.1941
 64.2495
 56.3205
 61
 67.5796
 60.9016
 63.498
 65.4446
 67.5426
 63.2218
 62.9524
 59.2199
 56.205
 66.9104
 53.9444
 63.2614
 53.3292
 53.5724
 63.9062
 59.1101
 59.1101
 58.8473
 66.5056
 62.0242
 62.8649
 69.1086
 62.546
 65.3376
 59.9917
 63.2772
 58.2495
 61.0328
 63.8905
 63.9375
 56.0535
 63.6396
 65.146
 60.0083
 61.709
 65.9545
 65.9545
 62.9047
 67.2756
 63.6396
 62.9682
 56.3915
 62.7057
 62.7057
 58.4551
 68.6877
 52.8394
 54.5527
 62.8967
 58.5662
 56.9298
 65.4599
 60.663
 63.1506
 60.3904
 67.1789
 59.2368
 62.5939
 62.6259
 62.4099
 64.7765
 60.1914
 67.2904
 58.9406
 64.4748
 59.8164
 64.5136
 65.7191
 62.9206
 63.0397
 69.491
 59.9667
 66.4981
 62.7455
 62.9285
 53.2823
 63.4586
 59.4306
 59.4306
 57.2975
 57.8273
 59.2453
 71.4353
 61.9839
 59.2959
 69.8069
 69.8069
 61.6847
 56.0535
 68.2862
 68.2862
 68.2862
 62.9603
 62.9047
 63.6239
 66.4304
 61.0492
 64.5058
 57.1052
 68.6877
 69.2459
 58.6941
 61.79
 70.3065
 63.3009
 58
 68.9855
 56.8243
 63.1506
 64.3972
 51.7107
 60.6877
 62.546
 68.2276
 63.726
 57.5065
 56.6657
 61.2209
 61.2209
 61.2209
 59.5315
 60.8358
 64.9923
 64.9923
 62.562
 61.5873
 69.7352
 65.7419
 67.0298
 60.959
 59.716
 64.8768
 66.0379
 62.9603
 56
 69.2387
 59.7495
 62.506
 69.7065
 58.8133
 61.3677
 69.9786
 62.9444
 52.8867
 62.6498
 91.5041
 58.1893
 53.4228
 52.9528
 58.1206
 47.0106
 60.7124
 59.0762
 56.7186
 61.7414
 61.3351
 61.9758
 62.6498
 65.123
 64.0703
 36.4692
 65.7115
 65.1076
 65.1076
 60.8687
 60.0833
 70.1855
 54.8908
 61.0737
 51.9423
 61.3433
 61.3433
 64.1093
 55.9285
 55.9285
 52.792
 59.1185
 59.1185
 60.5145
 62.8888
 62.8888
 60.8441
 58.7452
 58.7452
 59.3549
 59.5315
 59.5315
 53.5724
 65.4217
 65.4217
 53.9073
 53.563
 68
 67.2533
 67.2533
 56.8595
 52.1824
 52.1824
 68.1029
 38.2492
 38.2492
 52.9906
 52.9906
 39.5727
 53.9073
 55.5878
 55.263
 48.3735
 48.3735
 56.7803
 46.5618
 51.2835
 51.2835
 63.7887
 63.7887
 64.4826
 49.8598
 39.3954
 40.8289
 45.3652
 53.3198
 53.3198
 47.2546
 61.8708
 49.98
 67.513
 52.2303
 69.6491
 50.9608
 50.9608
 54.4702
 67.1193
 45.6727
 42.8602
 62.7136
 66.3626
 50.4083
 57.5239
 60.4401
