 18.0278
 17.0587
 15.5242
 13.7477
 13.0384
 11.3578
 12.9228
 14.1421
 19.5192
 13.8924
 12.8841
 16
 14.2829
 16.7631
 9.79796
 19.2354
 19.2873
 15.8114
 15.1658
 14.3527
 14.8324
 10.4881
 10.4881
 11.0905
 16.4621
 8.94427
 17.0587
 9.59166
 8.60233
 18.2209
 19.0788
 16.6132
 13.5277
 21.4942
 14.7309
 18.3848
 9.21954
 10.583
 12.9615
 16.5831
 14.4568
 13.1529
 14.9666
 14.9666
 14.9666
 19.0263
 18.4662
 16.3707
 8.18535
 16.6733
 13.0767
 15.6844
 14
 0
 0
 15.5885
 12.6095
 15.9687
 15.6525
 13.2665
 0
 0
 21.7715
 18.2209
 12.4097
 15.5885
 15.5885
 11.2694
 15.4919
 13.9642
 17.4356
 12
 24.0832
 13.1149
 19.2094
 15.9687
 10.7703
 23.6854
 14.2478
 17.3781
 19.1311
 11.5326
 0
 0
 20.9762
 24.3105
 13.8924
 13.9284
 13.9284
 0
 0
 17.8885
 19.6977
 12.3693
 10.6301
 10.6301
 0
 0
 17.2047
 15.1658
 11.6619
 17.088
 0
 19.0526
 16.6433
 15.3623
 18.4662
 18.4662
 19.1572
 18.6011
 17.7482
 16.0624
 16.0624
 16.0624
 14.7309
 21.6795
 14.1421
 16.4924
 0
 14.7986
 23.6854
 14.1067
 12.2474
 16.5831
 15.7797
 14.6969
 10.6301
 0
 22.5167
 18.2483
 14.8997
 13.8924
 22.1585
 13.7113
 18.6815
 16.5831
 0
 0
 18.3576
 10.8628
 18.412
 13.0384
 0
 18.8149
 14.5602
 23.6854
 14.7309
 0
 0
 14.7986
 11
 19.0263
 20.9523
 20.199
 17.1172
 23.5797
 14.1067
 19.7231
 20.4939
 18.3848
 16.3707
 18.1108
 18.4391
 18.5472
 18.4391
 18.4391
 16.4621
 17.3781
 21.166
 15.4596
 17.8045
 0
 17.5499
 16.7332
 18.6815
 31.0483
 13.7113
 24.454
 20.199
 10.7238
 14.3527
 27.1662
 24.8596
 18.1108
 21.1424
 13
 21.5174
 16.7033
 14.4914
 13.6382
 27.8029
 0
 18.6279
 14.9666
 19.4936
 15.7162
 15.7162
 15.6205
 19.6977
 23.4307
 13.1149
 22.1585
 0
 0
 22.8035
 21.5639
 19.2873
 19.4936
 19.3907
 19.3907
 21.0713
 22.891
 14.0712
 17.2337
 18.4391
 0
 22.8254
 19.0263
 23.4521
 21.9545
 17.8885
 20.4695
 16.1864
 19.2873
 0
 0
 20.2485
 19.9499
 21.9773
 17.088
 0
 23.388
 17.2337
 18.7083
 18.4391
 0
 25.2587
 19.2094
 17.6635
 15.6844
 15.6844
 0
 0
 0
 26.4197
 21.4009
 15.6205
 18.735
 18.735
 19.6723
 19.2354
 18.9473
 20.2978
 12.0416
 0
 0
 21.5639
 21.7025
 19.7737
 19.2354
 0
 0
 0
 21.7715
 23.7487
 26.4764
 21.6795
 21.6795
 0
 0
 26.8328
 25.8263
 21.4942
 27.1293
 0
 0
 0
 25.3969
 25.1794
 26.0576
 20.3961
 0
 0
 0
 15.5563
 26.0192
 20.4206
 25.04
 0
 0
 0
 21.5174
 21.2603
 24.7992
 24.3311
 24.3311
 0
 0
 0
 0
 28.3725
 23.2809
 22.891
 20.5183
 0
 0
 0
 26.096
 23.4094
 22.5832
 21.5174
 0
 0
 0
 19.4165
 20.347
 18.6815
 16.3401
 0
 0
 0
 17.4642
 21.1187
 23.9165
 21.6795
 0
 20.6398
 22.8035
 22.1359
 21.1187
 25.5734
 21.9773
 23.9374
 29.5466
 29.5466
 26.7955
 27.6043
 20.2237
 30.1496
 28.8271
 29.7153
 20.9523
 0
 0
 26.5141
 26.0192
 22.6495
 32.0624
 24.5357
 0
 0
 27.6225
 25.5147
 25.8844
 28.6705
 24.6779
 24.8797
 25
 26.6271
 26.0768
 21.2603
 25.1595
 29.4788
 23.3238
 19.105
 20.6155
 0
 28.8617
 16.4012
 19.0526
 21.0238
 21.0238
 0
 0
 22.5832
 27.7128
 23.8747
 18.9737
 18.9737
 18.9737
 0
 0
 0
 0
 21.8174
 25.2982
 20.9523
 25.865
 25.865
 0
 0
 28.7924
 24.5967
 29.1376
 22.8035
 22.8035
 0
 0
 28
 28.9482
 24.7184
 27.1293
 28.9137
 30.7409
 32.311
 20.347
 30.2324
 28.2489
 28.4956
 26
 0
 0
 0
 27.7308
 27.6948
 28.0179
 31.4166
 28.2666
 27.2397
 29.5466
 27.2764
 25.671
 29.1719
 26.4953
 28.2666
 28.2843
 21.4009
 30.0832
 17.2047
 17.2047
 23.0434
 26.2107
 23.0651
 30.8383
 0
 0
 25
 23.7276
 20.2731
 28.8964
 0
 31.4325
 29.5466
 26.0192
 19.6723
 0
 0
 0
 0
 29.5127
 28.7576
 24.4949
 29.5973
 29.5973
 0
 31.3369
 28.9655
 26.9815
 25.807
 0
 0
 29.5127
 31.3369
 31.0644
 26.0576
 0
 0
 27.074
 27.4226
 27.0185
 33.5112
 32.7109
 28.3901
 27.7308
 27.313
 0
 28.0357
 32.1092
 29.95
 27.5681
 0
 22.9783
 28.8444
 27.1293
 20.7364
 22.9347
 31.3209
 22.9347
 29.5127
 23.4307
 26.3439
 28.3019
 24.1454
 31.1127
 31.5436
 24.2693
 22.7376
 20.5183
 29.2233
 29.8831
 29.6311
 31.305
 27
 30.7083
 18.3303
 32.5576
 25.0799
 23.388
 28.8791
 26.4764
 28.0179
 30.282
 29.3428
 28.5832
 28.775
 32.28
 27.1846
 31.3688
 30.692
 19.0526
 25.593
 26.2488
 31.3209
 24.5764
 19.0263
 32.7414
 22.2486
 27.2397
 22.383
 27.4408
 30.1496
 28.8444
 23.7065
 31.9061
 27.6948
 28.8444
 24.8797
 27
 28.8791
 31.289
 24.1454
 28.8964
 19.5192
 24.5357
 34.3948
 30.1496
 26.8142
 36.7967
 21.9317
 29.5973
 27.7849
 27.5681
 26.4764
 29.5804
 29.1719
 30.6757
 28.4253
 28.0535
 29.3598
 28.8097
 31.5119
 25.9422
 32.5576
 19.799
 24.3105
 32.8786
 31.9844
 23.7276
 20.4695
 30.05
 25.7682
 25.8844
 23.6008
 29.7321
 28.8791
 30.315
 23.0868
 31.5119
 30.8058
 28.2489
 27.6406
 31.9218
 25.8263
 29.5127
 26.4575
 33.9117
 28.9137
 23.6008
 24.8797
 27.6767
 23.388
 23.388
 26.3059
 25.7682
 29.5466
 28.0891
 26.4953
 30.2324
 26.7395
 27.9464
 25.671
 29.5127
 32.2335
 22.9129
 20.0499
 32.6956
 29.5804
 21.9089
 22.9129
 26.7769
 22.7376
 28.9655
 26.2298
 24.1868
 29.0517
 21.9545
 28.931
 27.2947
 27.1477
 26.1343
 29.3598
 28.8964
 30.1993
 25.1794
 33.1662
 28.2843
 24.6577
 33.9117
 28.6705
 29.4449
 25.2785
 25.0599
 27.1846
 28.4429
 26.0384
 28.3549
 30.7571
 29.6479
 20.9045
 27.6225
 26.6458
 30.1828
 16.3401
 16.3401
 23.1301
 25.5539
 33.1813
 18.0831
 22.9129
 27.1846
 31.3847
 24.8596
 23.8956
 29.5804
 23.8956
 31.3847
 23.7065
 28.0357
 28.9137
 27.9821
 32.0468
 28.2666
 32.1403
 25.9422
 27.074
 27.6948
 26.4197
 33.1813
 25.5539
 28.8617
 24.8596
 26.3818
 27.5862
 26.0576
 26.6458
 26.4953
 27.9643
 25.6125
 32
 24.8395
 33.3617
 21.1896
 19.2094
 30.8221
 25.4755
 22.1811
 31.3209
 24.2074
 23.6854
 0
 24.7184
 27.4591
 28.775
 29.8831
 27.6406
 26.4008
 27.6767
 32.5423
 24.3721
 25.8844
 21.4476
 29.2575
 22.2036
 24.7184
 23.2809
 27.9643
 27.2397
 24.1661
 29.5466
 23.7276
 23.4094
 33.8526
 22.2486
 20.664
 31.8434
 23.1517
 19.799
 0
 26.5707
 24.2074
 21.7486
 26.4008
 22.5389
 28.8791
 27.0555
 22.6495
 24.0416
 30.7083
 27.0924
 21.587
 32.5883
 30.5287
 23.3238
 24.6374
 29.0689
 22.9347
 24.6374
 27.5862
 23.388
 29.2062
 28.775
 24.4949
 23.3666
 30.1164
 22.5389
 32.1092
 20.3715
 18.6815
 29.4618
 26.2679
 21.4476
 24.3311
 29.6142
 28.2666
 24.9199
 27.6406
 25.1992
 29.5635
 27.0185
 28.2843
 32.5883
 22.4722
 28.3901
 21.095
 27.2947
 23.9165
 28.3196
 24.8193
 26.4008
 28.2312
 28.5307
 22.6053
 21.3542
 21.3542
 30.4467
 20.2237
 27.5862
 29.0345
 23.0651
 21.9773
 29.7489
 28.9482
 25.5147
 25.5147
 30.6594
 19.8242
 26.4197
 26.533
 27.2764
 23.4094
 23.4094
 28.7576
 24.1868
 26.0576
 30.0998
 23.6432
 27.6043
 28.178
 21.3073
 26.0192
 22.1359
 24.8596
 23.1301
 26.096
 21.9545
 20.0499
 28.8791
 27.7669
 23.2809
 24.6171
 28.931
 27.9821
 31.4643
 24.5561
 22.4944
 30.1662
 25.3772
 14.9332
 28.3549
 20.9762
 28.2666
 27.5681
 24.6982
 21.5407
 29.1719
 26.0768
 24.3516
 25.923
 24.1868
 26.5895
 25.7682
 29.6311
 20.1246
 20.1246
 22.7816
 27.6948
 27.9106
 0
 0
 23.4521
 27.4591
 20.2485
 27.6225
 26.533
 28.3725
 32.8177
 23.8747
 18.2209
 30.5778
 24.3721
 22.7816
 31.3528
 24.4336
 21.7025
 26.8142
 24.8998
 22.6053
 24.6374
 23.3238
 27.2029
 28.7576
 27.6225
 19.975
 25.1794
 21.587
 21.587
 21.587
 22.9347
 26.7582
 23.4094
 23.4094
 21.9317
 24.6577
 24.6577
 25.2587
 19.1833
 22.9565
 28.2489
 22.561
 26.9815
 26.9444
 30.9031
 15.7162
 27.7308
 28.6356
 26.7769
 24.1661
 22.4944
 22.4944
 21.7256
 24.6577
 26.1534
 24.4745
 22.9129
 16.7033
 23.8118
 25.1595
 25.1595
 20.2237
 25.2389
 25.2389
 21.7486
 26.7769
 15.1327
 20.9762
 25.5147
 24.5764
 24.5764
 18.2483
 18.2483
 17.8885
 17.8885
 22.3383
 23.4307
 21.4476
 16.5529
 20.2731
 17.1172
 17.1172
 17.1172
 17.1172
 17.1172
 22.1585
 27.1109
 16.5529
 23.2594
 23.6854
 23.6854
 23.4521
 23.4521
 26.9444
 26.1151
 18.2757
 18.2757
 26.1151
 19.7231
 19.7231
 19.7231
 29.6985
 29.6985
 29.6985
 29.6985
 17.3781
 12.2882
 15.8745
 15.8745
 16.6733
 22.8254
 22.8254
 28.0713
 6.9282
 6.9282
 6.9282
 30.6594
 26.5707
 20.2485
 20.2485
 24.454
 26.9629
 19.0526
 21.7256
 21.7256
 26.0384
 21.6795
 21.6795
 22.9347
 22.6053
 26.8142
 26.8142
 14.7648
 14.7648
 28.0179
 28.0179
 19.4679
 23.3452
 19.4422
 19.4422
 27.8029
 27.8029
 25.7488
 28.2666
 26.4386
 26.4386
 19.8242
 19.8242
 32.665
