 2.23607
 0
 4.24264
 4.24264
 5.74456
 7.28011
 6.78233
 5.38516
 4.24264
 4.89898
 4.24264
 4.24264
 4.47214
 5.65685
 5.65685
 6
 2.44949
 2.44949
 0
 5.38516
 5.38516
 5.38516
 5.38516
 2.44949
 5.38516
 6
 6.32456
 6.32456
 6.32456
 7.14143
 5.19615
 5.19615
 6.9282
 4.24264
 4.89898
 4.89898
 7.74597
 7.74597
 6.245
 6.245
 6.245
 5.09902
 6.245
 6.245
 0
 0
 3.4641
 3.4641
 3.4641
 3.4641
 6.245
 2.44949
 2.44949
 0
 0
 3.87298
 3.87298
 6.16441
 6.16441
 6.16441
 0
 0
 5
 4.24264
 4.24264
 4.24264
 0
 5.38516
 8.83176
 7.4162
 7.4162
 7.4162
 2.82843
 2.82843
 7.87401
 2.44949
 2.44949
 6.245
 1.73205
 6
 9.8995
 9.8995
 0
 0
 6.245
 5.47723
 7.93725
 6
 0
 0
 0
 4.58258
 1.73205
 4.89898
 4.89898
 0
 0
 0
 6.245
 5.38516
 4.24264
 1.73205
 0
 6.245
 6.85565
 8.06226
 5.19615
 0
 0
 5.47723
 5.47723
 5.19615
 5.19615
 0
 0
 6
 3.4641
 2.82843
 0
 4.24264
 4.24264
 4.24264
 4.24264
 5.47723
 5.47723
 7.34847
 4.58258
 0
 6.48074
 7.74597
 9.32738
 9.32738
 3
 7.07107
 7.07107
 9.11043
 0
 0
 6.08276
 6.245
 5.74456
 8.48528
 0
 4.79583
 7
 6.16441
 6.245
 0
 0
 4.89898
 4.89898
 7.4162
 4.24264
 5.74456
 2.64575
 8
 8
 3.87298
 6.16441
 4.24264
 4.24264
 4.24264
 3.87298
 4.89898
 4.89898
 1.41421
 3
 5.38516
 6.245
 6.7082
 6.7082
 6.7082
 4.58258
 5.38516
 5.38516
 5.38516
 7.34847
 6.32456
 6.32456
 2.44949
 7.68115
 7.68115
 6.7082
 8.83176
 8.83176
 7.28011
 6.9282
 4.47214
 9.16515
 8
 8
 8
 5
 7.93725
 6
 7.4162
 7.4162
 7.4162
 8.83176
 5.19615
 5.38516
 0
 0
 0
 7.74597
 7.14143
 0
 6.9282
 6.9282
 6.9282
 5.19615
 7.68115
 4.24264
 7.34847
 7.34847
 0
 3.87298
 4.24264
 7
 6.16441
 3.87298
 7.81025
 4.3589
 6.08276
 0
 0
 6.55744
 6
 5.47723
 5.19615
 0
 4.69042
 6.9282
 7.87401
 6.48074
 0
 6.08276
 7.34847
 9
 8.66025
 0
 0
 0
 0
 6.16441
 8.544
 9
 7.81025
 7.81025
 5.19615
 6.9282
 7.4162
 8.60233
 8.60233
 0
 0
 7.07107
 7.74597
 6.85565
 6
 0
 0
 0
 7.81025
 6.9282
 6.85565
 8.18535
 0
 0
 0
 8.66025
 4.69042
 6.48074
 7.74597
 0
 0
 0
 5.19615
 7.81025
 6.9282
 8.83176
 0
 0
 0
 4.3589
 8.66025
 7.93725
 6.9282
 0
 0
 0
 6.9282
 6.48074
 7.74597
 8.60233
 0
 0
 0
 0
 0
 8.66025
 8.77496
 9.53939
 6.08276
 0
 0
 0
 7.87401
 7.81025
 9.53939
 7.74597
 0
 0
 0
 7.74597
 6.9282
 6
 7.81025
 0
 0
 0
 7.14143
 7.81025
 8.60233
 8.66025
 0
 7.74597
 8.60233
 7.07107
 6.9282
 7.74597
 6.9282
 7
 8.60233
 6.9282
 8.77496
 7.81025
 6.9282
 6.9282
 7.93725
 6.9282
 7.81025
 0
 0
 7.14143
 8.66025
 9.27362
 6.9282
 6.9282
 0
 0
 9.53939
 8.12404
 11.1803
 7.81025
 6.08276
 8.18535
 7.93725
 9.53939
 7.07107
 6
 9.53939
 7.81025
 8
 7.93725
 5.09902
 0
 7.93725
 7.81025
 9.64365
 7
 0
 0
 0
 9.69536
 7.81025
 9.64365
 7.68115
 0
 0
 0
 0
 0
 0
 7.81025
 7.81025
 8.66025
 8.66025
 0
 0
 0
 7.14143
 8.83176
 7.81025
 7.74597
 0
 0
 0
 7
 7.14143
 7.74597
 8.66025
 7.93725
 6.9282
 7.4162
 7.74597
 10.4403
 6.9282
 6.9282
 7.81025
 0
 0
 0
 10.3923
 8
 8.66025
 6.9282
 7.81025
 8.18535
 7.4162
 8.66025
 9.64365
 7.81025
 8.66025
 9.84886
 10.9087
 8.66025
 8.60233
 8.66025
 0
 8.66025
 10.9545
 7.93725
 9.48683
 0
 0
 9.53939
 10.3923
 8.42615
 10.3923
 0
 8.66025
 9.48683
 9.59166
 6.9282
 0
 0
 0
 0
 8.66025
 7.81025
 7.93725
 7.81025
 0
 0
 8.66025
 8
 8.77496
 8.66025
 0
 0
 8
 8.66025
 8.83176
 7.81025
 0
 0
 7.81025
 10.3441
 7.2111
 9.53939
 10.3923
 8.94427
 9.53939
 8.66025
 0
 10.3441
 9.53939
 8.66025
 10.3923
 0
 7.81025
 7.81025
 7.14143
 8.7178
 9.48683
 8.66025
 9.53939
 7
 7.81025
 8.66025
 7.87401
 10.3923
 11.225
 10.3441
 8.60233
 6.9282
 7.07107
 7.87401
 10.3441
 7.93725
 7.81025
 10.3923
 8.66025
 8.48528
 9.64365
 7.74597
 7.81025
 7.87401
 9.59166
 10.3923
 8.12404
 9.59166
 8.66025
 11.2694
 9.48683
 9
 7
 9.48683
 8.66025
 7.81025
 8.66025
 11.225
 8.60233
 8
 9.53939
 9.69536
 10.6771
 7.81025
 10.3923
 10.6771
 7.81025
 10.4881
 7.87401
 8.24621
 9.69536
 10.3441
 7.93725
 8.83176
 8.7178
 8
 10.3923
 9.64365
 7.81025
 9.48683
 11.3137
 9.53939
 10.3923
 7.93725
 7.81025
 8.60233
 10.3441
 9.53939
 11.3578
 9.48683
 9.69536
 6.9282
 9.84886
 11.225
 11.3137
 8.06226
 8.66025
 8.7178
 8.77496
 8.66025
 7.93725
 7.81025
 10.3923
 11.2694
 9.48683
 8.7178
 8.7178
 9.48683
 9.53939
 7.81025
 9.53939
 8.66025
 9.48683
 8.66025
 6.9282
 7.81025
 9.48683
 7.74597
 7.81025
 7.74597
 10.3923
 9.69536
 7.74597
 8.66025
 7.81025
 9.53939
 6.08276
 7.87401
 6.9282
 11.225
 8.60233
 10.6301
 8.66025
 12.1655
 7.87401
 9
 7.81025
 11.7047
 7.81025
 8.06226
 7.81025
 9.84886
 9.53939
 9.69536
 8.88819
 7.81025
 7.81025
 7.07107
 8.66025
 8.18535
 8.7178
 7.93725
 9.79796
 7.81025
 7.81025
 8.83176
 9.69536
 7.74597
 7.81025
 10.3923
 10.0995
 10.4403
 10.4403
 8.18535
 10.3923
 7.14143
 9
 10.3923
 7.81025
 10.3441
 10.4403
 11.2694
 10.4881
 7
 10.4403
 7.81025
 10.3923
 10.6771
 5.09902
 8
 7.81025
 8.66025
 8.83176
 7.74597
 7.81025
 8.60233
 8.83176
 11.225
 8.66025
 8.77496
 7.93725
 9.48683
 9.53939
 9
 7.93725
 7.81025
 9.48683
 11.225
 8
 8
 9.84886
 7.87401
 7.93725
 9.84886
 8.77496
 10.3923
 8.66025
 7.81025
 11.4018
 7.81025
 12.3288
 11.5326
 10.6771
 9.53939
 11.3137
 7.81025
 8.77496
 9.79796
 7.87401
 8.24621
 11.2694
 11.225
 11.2694
 10.5357
 0
 7.93725
 7.93725
 8
 8.83176
 9.69536
 8.66025
 8.48528
 8.18535
 10.4403
 10.0995
 10.3923
 9.64365
 10.4403
 11.3578
 10.3923
 7.81025
 12.2066
 8.544
 7.81025
 12.1655
 8
 9.53939
 10.6771
 8.66025
 8.18535
 10.9545
 7.81025
 0
 8.18535
 9.69536
 7.87401
 8.83176
 7.81025
 9
 8.48528
 9
 8.24621
 8
 10.3923
 8.24621
 10.6771
 10.4881
 7.81025
 11.3137
 11.225
 7.81025
 11.3137
 7.81025
 8.7178
 7.81025
 11.2694
 7.87401
 8
 7.74597
 11.2694
 10.3441
 9.64365
 12.1244
 10.3441
 10.4881
 8.66025
 7.81025
 8.66025
 8.66025
 11.3578
 8.77496
 9.53939
 8.94427
 11.2694
 8.18535
 10.3923
 8.66025
 10.9545
 10.9545
 10.4403
 8.66025
 11.7473
 11.3578
 9.48683
 9
 8.60233
 12.083
 8.06226
 8.06226
 7.14143
 9
 12.083
 8.544
 12.083
 8.06226
 9
 12.2474
 7.93725
 0
 11.3137
 10.3923
 8
 7.81025
 9.38083
 11.2694
 11.2694
 10.4881
 6.9282
 8.77496
 11.225
 6.245
 8
 11.3137
 5.74456
 12.083
 7.81025
 12.2066
 6.85565
 11.5326
 11.5326
 8.18535
 7.14143
 12.083
 11.225
 8.18535
 7.14143
 7.14143
 10.3923
 7.68115
 11.2694
 10.3923
 10.5357
 10.5357
 7.81025
 8.18535
 7.68115
 11.2694
 7.81025
 7.81025
 10.3923
 7.81025
 8.7178
 8
 10.1489
 7
 9.53939
 10.4403
 10.4403
 9.16515
 7.81025
 7.81025
 7.81025
 0
 0
 0
 8.60233
 12.083
 7.93725
 7.14143
 12.083
 11.225
 9.69536
 9.32738
 10.6771
 11.5758
 11.5758
 9.32738
 10.3923
 6.08276
 6.08276
 6.08276
 6.08276
 6.08276
 9.27362
 6.9282
 7.14143
 7.14143
 7.81025
 7.81025
 9.16515
 9.16515
 9.16515
 8.66025
 8.77496
 6.85565
 6.85565
 10.3923
 8.42615
 8.42615
 8.42615
 4.24264
 9
 7.34847
 7.34847
 7.81025
 7.81025
 7.81025
 7.2111
 7.81025
 7.81025
 7.81025
 11.2694
 11.2694
 11.2694
 6.9282
 7.87401
 9.74679
 10.5357
 11.4018
 9.69536
 9.69536
 7
 7
 7
 9.64365
 9.64365
 13
 9.84886
 9.84886
 9.84886
 7.81025
 7.93725
 5.19615
 13.0384
 12.1244
 12.1655
 10.3923
 8.60233
 7.87401
 8.66025
 8.66025
 8.66025
 7.81025
 7.81025
 8.60233
 11.225
 7.74597
 8.66025
 9.59166
 6.55744
 7.74597
 10.3441
 10.3441
 10.3441
 8.7178
 10.3923
 10.3923
 10.3923
 10.3923
 10.3923
 10.3923
 10.3923
 10.3923
 4.69042
 4.69042
 4.69042
 4.69042
 9.84886
 9.84886
 6.85565
 6.85565
 8.66025
 7.68115
 10.3441
 6.245
 6.55744
 6.55744
 6.55744
 6.55744
 6.55744
 7.93725
 10.3923
 10.3923
 10.3923
 8.18535
 8.18535
 3.4641
 3.4641
 12.1244
 12.1244
 12.1244
 12.1244
 12.1244
 12.1244
 12.1244
 12.1244
 12.1244
 12.1244
 12.1244
 12.1244
 12.1244
 12.1244
 12.1244
 12.1244
 12.1244
 12.1244
 12.1244
 12.1244
 12.1244
 12.1244
 12.1244
