 8.12404
 6.32456
 6.9282
 10.3923
 8
 9.32738
 6.9282
 6.48074
 8.83176
 6.9282
 8.66025
 8.83176
 8.66025
 7.93725
 10.8167
 6.9282
 6.08276
 9.53939
 6.9282
 8.66025
 8.12404
 7.81025
 7.81025
 7.81025
 7.81025
 8.66025
 7.81025
 11.4018
 7.74597
 6.9282
 6.85565
 11.6189
 7.14143
 5.47723
 8.18535
 8.18535
 10.3923
 5.38516
 10.3923
 5
 8.60233
 7.07107
 10.3441
 6.9282
 6.9282
 7.87401
 7.93725
 10.0995
 11.2694
 8.77496
 10.3441
 9.64365
 11.2694
 0
 0
 10.4881
 8.18535
 6.08276
 6.85565
 3.4641
 0
 0
 9.74679
 8.60233
 8.12404
 5.19615
 0
 11.2694
 11.225
 7.81025
 12.2474
 4.24264
 8.66025
 9.69536
 8.88819
 11.3578
 2.44949
 7.34847
 10.3441
 12.0416
 11.225
 2.44949
 0
 0
 6.55744
 6.9282
 9
 10.5357
 0
 0
 0
 7.74597
 6.85565
 10.5357
 8.66025
 8.66025
 0
 0
 7.34847
 9.48683
 8.66025
 6.55744
 6.55744
 7.74597
 8
 7.07107
 7.74597
 0
 6.08276
 8
 7.93725
 8.83176
 0
 6.08276
 9.79796
 7.07107
 9.53939
 6.9282
 0
 9.53939
 11.7473
 6.85565
 8.12404
 11.2694
 11.7473
 8
 11.225
 0
 7.4162
 9.32738
 8.60233
 8.7178
 7.07107
 8.06226
 9.59166
 8.66025
 0
 0
 9.64365
 8.66025
 9
 7.81025
 0
 9.27362
 11.2694
 7.07107
 7.81025
 0
 0
 11.225
 11.4018
 9.32738
 7.14143
 7.07107
 9.21954
 8.60233
 10.4881
 6.85565
 8.42615
 11.5758
 9.53939
 6.9282
 10.3923
 7.68115
 11.225
 6.9282
 7.81025
 8.83176
 10.0995
 8.18535
 7.93725
 0
 9.69536
 6.9282
 11.1803
 12.6095
 12.5698
 7.93725
 10.0499
 11.225
 11.225
 9.48683
 8.88819
 8.18535
 11.2694
 7.74597
 9.27362
 10.7238
 8.18535
 7.87401
 2.44949
 0
 10.0995
 12.1655
 8.18535
 8.24621
 13.6015
 13
 9.38083
 8.18535
 9.53939
 17.1464
 0
 0
 8.88819
 9.16515
 8
 8.18535
 4.24264
 13.1909
 6.08276
 10.4881
 7.74597
 8.12404
 1.73205
 0
 6.9282
 7.14143
 7.48331
 7.4162
 6.9282
 8.60233
 7.81025
 10.583
 0
 0
 8.12404
 8.48528
 10.0995
 9.69536
 9.69536
 11.4891
 8.88819
 9.16515
 8.66025
 8.66025
 7.81025
 9.21954
 9.79796
 12.7279
 0
 0
 0
 0
 7.14143
 12.3288
 9.74679
 8.544
 2.44949
 7.93725
 12
 10.0499
 10.8628
 2.44949
 0
 0
 10.583
 10.1489
 11.2694
 8.94427
 8.94427
 0
 0
 10.4403
 10.4403
 10.4403
 12.2066
 12.2066
 0
 0
 9.21954
 8.48528
 9.74679
 8.60233
 0
 0
 0
 6.32456
 8.66025
 8
 11.0454
 0
 0
 0
 8.48528
 9.69536
 10.5357
 8
 0
 0
 0
 7.34847
 10.583
 9.79796
 9.32738
 9.32738
 0
 0
 0
 0
 15.0997
 9.8995
 11.0454
 9.79796
 0
 0
 0
 10.5357
 10.583
 10.4403
 13.2288
 0
 0
 0
 8.66025
 10.3923
 9.8995
 9.21954
 0
 0
 0
 10.3441
 9.84886
 10.3923
 9.38083
 0
 9.79796
 10.4403
 11
 9.21954
 10.4881
 9.84886
 11.6189
 10.583
 9.32738
 9.21954
 10.4403
 9.84886
 9.74679
 9.21954
 9.32738
 9.79796
 0
 0
 9.84886
 8.66025
 11.0905
 8.48528
 11.2694
 0
 0
 9.21954
 10.5357
 10.4403
 6.78233
 11.225
 11.0905
 11.0454
 10.6301
 7.34847
 8.48528
 8.94427
 10.4403
 9.8995
 11.0905
 7.34847
 0
 10.3923
 11.0454
 8.94427
 10.3923
 0
 0
 0
 10.4403
 10.3923
 12.3288
 9.38083
 9.38083
 5.19615
 0
 0
 0
 0
 10.4403
 12.8452
 10.0995
 10.4403
 10.4403
 0
 0
 10.4881
 11.3137
 12.2882
 9.79796
 9.79796
 0
 0
 11.0905
 9.8995
 12.0416
 9.32738
 10.3923
 9.74679
 11.7473
 10.583
 11.225
 9.74679
 10.583
 11.0905
 0
 0
 0
 10.5357
 12
 14.0357
 9.79796
 14.7309
 11.7898
 10.0499
 12.8062
 11.7898
 12.9228
 10.0995
 9.64365
 10.1489
 8.66025
 11.7473
 10.583
 10.583
 12.53
 10.8628
 10.4403
 10.5357
 0
 0
 12.2474
 11
 10.8628
 12.0416
 0
 13.5277
 10.583
 11.6619
 11.2694
 11.2694
 0
 0
 0
 12.4097
 11.7473
 10.583
 10.3923
 10.3923
 0
 9.84886
 11.0905
 11.0454
 11.6189
 11.6189
 0
 11.9583
 9.79796
 10.5357
 11.7047
 0
 0
 10.9545
 11.0905
 12
 12.4097
 8.66025
 12.8452
 13.5277
 13.0384
 0
 13.5647
 8.48528
 11.7473
 11.225
 0
 10.5357
 11.0454
 9.16515
 12.7279
 9.84886
 10.3923
 12.7279
 11.225
 11.0905
 13.6382
 11.6619
 13.5647
 14.3875
 13.5647
 11.7473
 13.5277
 9.32738
 12.7671
 12
 11.7898
 9.84886
 12.0416
 12.7671
 9.94987
 9.84886
 11.6189
 12.4499
 12.7671
 9.79796
 12.9615
 11.3137
 12.4097
 14.2127
 12.6491
 12.7671
 11.1355
 9.16515
 13.6748
 13.1909
 12.0416
 9.32738
 13.6382
 9.38083
 12
 11
 11.0454
 9.32738
 12.6886
 12.53
 9
 12.9228
 9.43398
 14.3527
 11.0905
 13.1909
 12.0416
 11.3137
 12.4499
 12.8062
 12.0416
 11.2694
 10.9545
 10.0995
 10.4881
 12.4097
 12.3693
 10.8628
 11.3137
 13.5277
 11.7898
 13.7113
 10.583
 12.2474
 14.2127
 13.9642
 13.9284
 11.7047
 12.4499
 13.1909
 14.6629
 11.6619
 10.0995
 12.4097
 12.7671
 9.38083
 11.6189
 9.79796
 12.8062
 13.9284
 8.94427
 13.6382
 11.0454
 12.8062
 11.225
 14.3875
 12.49
 14.7648
 13.4907
 14.2829
 12.0416
 8.94427
 12.3288
 11.0454
 11.6189
 7.81025
 10.4403
 9.32738
 10.4881
 9.21954
 10.4881
 12.9615
 12.7671
 12.3288
 10.583
 11.1355
 14.3875
 13.9284
 11.3137
 13.9642
 12.4499
 11.0905
 9.38083
 9.38083
 10.5357
 10.4403
 10.1489
 8.18535
 9.8995
 11.0905
 10.3923
 10.4403
 9.38083
 11.0905
 12
 12.53
 11.0905
 11.0905
 10.8167
 13.9284
 12
 9.84886
 12
 9.38083
 9.84886
 9.84886
 8.48528
 8.544
 14.3527
 8.88819
 12.3693
 10.4881
 9
 11.6619
 12.2474
 13.2288
 11.6189
 12.4499
 13.6748
 10.9087
 13
 11.6189
 9.32738
 14.2127
 12.0416
 11.0905
 12.4499
 10.583
 12.7671
 12.49
 13.1909
 10.4403
 11.6189
 12.3693
 10.5357
 12.7671
 13
 13.7113
 12.4499
 11.1355
 12.53
 10.583
 12.0416
 12.4097
 12.53
 9.8995
 9.84886
 10.583
 9.69536
 10.4403
 11.2694
 10.3923
 12.9615
 12.9228
 13.7113
 11.1355
 11.7898
 11.2694
 12.7671
 9.11043
 12.0416
 9.43398
 9.8995
 11.3137
 11.0905
 10.9087
 13.5647
 12.3693
 11.6619
 0
 12.49
 13.5647
 12.53
 12
 10.4403
 13.1909
 12.4097
 10.583
 10.9545
 11.1803
 8.24621
 8.66025
 11.3137
 9.84886
 12.0416
 14.6629
 11.0905
 12.0416
 13.9642
 12.2882
 12
 13.2288
 8.94427
 9.8995
 11.7047
 11.0905
 10.5357
 10.5357
 11.2694
 11.7898
 10.3923
 10.5357
 11.6189
 12.49
 9.8995
 10.6301
 11.7473
 9.8995
 10.0995
 10.0995
 9.84886
 11.7473
 12.8062
 9.84886
 13.9642
 12.4097
 11
 13.2288
 14.3527
 13.6015
 12.4097
 12.3288
 11.3137
 12.8062
 11.4891
 13.5277
 10.4403
 12.3693
 11.3137
 12.53
 11.6189
 12.9228
 13.9642
 13.9284
 10.1489
 9.8995
 14.3527
 11.0905
 12.4499
 10.583
 9.27362
 10.5357
 11.225
 6.08276
 10.3923
 10.4881
 12.8841
 10.3923
 14.3178
 15.0997
 14
 13.7113
 14.3178
 9.74679
 13.9642
 12
 12.0416
 11.7473
 12.2066
 13.5277
 9.94987
 13.5647
 11.225
 0
 13.1909
 11.7898
 13.9284
 15.0997
 11.2694
 10.4403
 22.9129
 13.1529
 14.7309
 10.583
 12.49
 12.4499
 12.7671
 9.27362
 11.6189
 13.6015
 11
 14.5602
 11.3578
 11.5758
 13.7113
 10.8628
 14.3178
 13.9642
 9.8995
 12.49
 12.53
 12.7279
 13.4907
 11.8322
 12.5698
 13.4907
 12.083
 12
 14
 10.4403
 11.7898
 13.4164
 13.1909
 15.4919
 14.3875
 14.3178
 12.7671
 10.4881
 11.7898
 12.8062
 12.2066
 15.8745
 15.3297
 15.3297
 15.2971
 14.3875
 12.6095
 0
 0
 14.7309
 10.8628
 13.6748
 11.0905
 10.8167
 12.083
 10.4881
 14
 10.4403
 11.6189
 11.6189
 9.69536
 11.1355
 13.1529
 11.6189
 13.2288
 15.1327
 12.49
 12.0416
 12.0416
 15.0997
 14.3527
 13.2288
 11.0454
 12.49
 14.3875
 8.66025
 8.66025
 10.3923
 14.0357
 10.8628
 8.18535
 15.3948
 11.6619
 12.3693
 13.5277
 12.0416
 8.88819
 9.32738
 11.6189
 10.583
 13.1909
 10.4881
 10.583
 12
 14
 11.225
 13.1909
 10.4403
 9.69536
 13.4907
 12.7671
 12.0416
 11.7898
 13.5277
 9.32738
 13.2288
 12
 10.4881
 11.7473
 12.8452
 8.77496
 13.4536
 12.083
 14.9332
 13.1149
 14.1774
 11.5758
 7.87401
 11.7898
 13.1909
 9.84886
 13.6748
 12.4499
 11.2694
 11.6619
 10.583
 12.7279
 11.2694
 15.0997
 11.3137
 11.6619
 11.6619
 11.7473
 14
 7.34847
 11.7898
 13.9642
 9.38083
 14.1067
 12.3693
 7.93725
 12.9615
 14.1067
 7.81025
 12.1244
 13
 11.4018
 12.5698
 12.7279
 12.083
 10.6301
 8.66025
 9.05539
 11
 9.74679
 11
 11.7898
 9.21954
 11.2694
 11.225
 9.69536
 12.53
 12.3288
 13.1909
 12.2474
 11.225
 11.5326
 13.5647
 13.5277
 13.1909
 8.66025
 8.66025
 10.3441
 13.6748
 11.7898
 11.225
 13.5277
 13.2288
 12.1244
 9.84886
 15.1658
 11.225
 11.0454
 10.4403
 9.84886
 11.0454
 8.544
 9.38083
 8.88819
 11.6189
 9.64365
 12.8841
 13
 9.84886
 12.8452
 14.0712
