 1.41421
 0
 1.41421
 6.48074
 5.65685
 5
 4.24264
 4.3589
 2.44949
 2.23607
 4.89898
 3.74166
 2.82843
 5.19615
 7.28011
 1.73205
 3.4641
 4.89898
 4.3589
 4.24264
 0
 2.44949
 2.44949
 3
 5.38516
 1.73205
 0
 5
 2.44949
 0
 2.44949
 8.66025
 2.44949
 5.09902
 5.38516
 4.24264
 4.24264
 2.82843
 6.85565
 3.4641
 0
 3.4641
 6
 0
 0
 6.245
 1.73205
 2.44949
 5.74456
 6.85565
 4.58258
 5.74456
 4.24264
 0
 0
 6.16441
 5.38516
 4.24264
 3.31662
 0
 0
 0
 6.48074
 6.7082
 4.47214
 2.44949
 2.44949
 2.44949
 4.24264
 5
 7.34847
 1.73205
 7.61577
 4.89898
 6
 7.34847
 0
 6.08276
 5.38516
 8.88819
 6.08276
 1.73205
 0
 0
 4.24264
 6.08276
 5.38516
 7.93725
 7.93725
 0
 0
 2.44949
 4.24264
 3.74166
 1.73205
 1.73205
 0
 0
 4.24264
 4.12311
 1.73205
 6
 6
 4.3589
 2.44949
 2.44949
 1.73205
 1.73205
 1.41421
 2.82843
 6.16441
 3.4641
 6
 6
 2.82843
 6
 3.87298
 0
 0
 5.47723
 8
 2.44949
 2.44949
 7.28011
 6.7082
 4.3589
 1.41421
 1.41421
 5.19615
 5.19615
 6
 5
 3.4641
 4.3589
 5.38516
 5.19615
 0
 0
 6.85565
 3
 3.4641
 4.58258
 0
 4.24264
 7.4162
 6.85565
 5.47723
 0
 0
 6.63325
 4.24264
 5.74456
 6
 5.09902
 6.08276
 6.08276
 7.34847
 3.4641
 4.3589
 8.06226
 1.73205
 2.44949
 7.4162
 4.24264
 6
 6
 1.41421
 6.08276
 5.19615
 4.24264
 2.82843
 2.82843
 6.9282
 2.44949
 6.08276
 14
 4.79583
 6.08276
 6
 4.24264
 6
 10.1489
 7.74597
 5.19615
 7.34847
 0
 5.19615
 7.34847
 4.47214
 3.31662
 13
 0
 3.4641
 7.87401
 6
 4.58258
 13.6015
 7.87401
 6.245
 6.9282
 3.4641
 10.583
 0
 0
 6
 6.55744
 5.19615
 5.09902
 3.4641
 13.5277
 4.69042
 8.60233
 3.4641
 6
 4.24264
 0
 2.64575
 2.44949
 6.55744
 7.74597
 2.44949
 5.19615
 0
 7.48331
 0
 0
 5.19615
 4.89898
 8.12404
 2.44949
 2.44949
 7.07107
 3.74166
 7.34847
 4.3589
 4.3589
 6.9282
 6.16441
 6.55744
 6.08276
 0
 0
 0
 0
 6
 7.28011
 7.74597
 5.38516
 2.44949
 3.4641
 6.245
 6.85565
 6.9282
 1.73205
 0
 0
 6.9282
 7.81025
 6.245
 6.08276
 6.08276
 0
 0
 8.66025
 7
 7.81025
 7.74597
 7.74597
 0
 0
 9.84886
 7.74597
 6.9282
 7.68115
 7.68115
 0
 0
 5.47723
 8.18535
 7.28011
 7.74597
 0
 0
 0
 4.24264
 10.7703
 7.34847
 5.74456
 0
 0
 0
 3
 7.34847
 6.9282
 9.64365
 9.64365
 9.64365
 0
 0
 0
 12.53
 6.9282
 8.48528
 5.65685
 0
 0
 0
 7.81025
 8.18535
 8.48528
 8.7178
 0
 0
 0
 7.14143
 6.85565
 7.07107
 7.14143
 0
 0
 0
 7.74597
 7.74597
 7.81025
 6.16441
 0
 6.9282
 7.81025
 6.9282
 6.08276
 7.81025
 6.9282
 8.66025
 8.83176
 9.84886
 8.48528
 7.74597
 7.74597
 7.93725
 7.14143
 8.88819
 6.9282
 0
 0
 7.93725
 7.68115
 9.53939
 7.34847
 10
 0
 0
 7.74597
 8
 11.225
 6.245
 9.27362
 8.83176
 10.3923
 8.48528
 5
 7.07107
 8.12404
 11.225
 8
 7.87401
 6.32456
 0
 10.3923
 8.66025
 7.68115
 7.74597
 7.74597
 0
 0
 8.18535
 8.66025
 10.4881
 8.48528
 8.48528
 8.48528
 0
 0
 0
 0
 6.9282
 10.3923
 10.0995
 9.69536
 9.69536
 0
 0
 7.81025
 9.05539
 10.4403
 7.74597
 7.74597
 0
 0
 10.3441
 8.18535
 9.84886
 9.79796
 9.79796
 7.93725
 10.4403
 9.64365
 11.5326
 8.12404
 9.69536
 10.3923
 0
 0
 0
 8.24621
 10.6301
 12.083
 9.05539
 12.1244
 9.64365
 9.38083
 9.84886
 9.32738
 12.083
 9.38083
 9.32738
 9.32738
 7.34847
 11.3578
 8.83176
 8.83176
 10.3923
 9.64365
 7.81025
 10.1489
 0
 0
 9.53939
 7.81025
 9.69536
 10.8167
 0
 13.1529
 9.32738
 9.48683
 8.77496
 0
 0
 0
 0
 12
 9.53939
 8.66025
 8.83176
 8.83176
 0
 8.18535
 8.83176
 8.7178
 10.9087
 10.9087
 0
 10.4881
 8.18535
 9.69536
 10.3441
 10.3441
 0
 7.74597
 11.2694
 10.6771
 13.4164
 8.94427
 11.5758
 12.1244
 8.88819
 8.88819
 11.7047
 8.18535
 12.1655
 10.0499
 0
 7.93725
 11.225
 7
 9.84886
 8.60233
 9.69536
 11.4891
 9.79796
 7.93725
 11.2694
 11.225
 12.0416
 13.1529
 13.1529
 7.93725
 11.4891
 8.544
 11.4018
 11.7898
 9.74679
 9.32738
 12.3288
 12.3288
 8.24621
 9.84886
 8.66025
 11.225
 10.1489
 8.42615
 12.1244
 10.4403
 12
 12.2474
 12.4097
 11.7473
 8
 8.24621
 12.3693
 11.4891
 9.05539
 8.544
 12.3693
 7.4162
 8.66025
 8.88819
 7.81025
 8.66025
 9.32738
 11.2694
 9.16515
 11.225
 8.88819
 12.1655
 8.06226
 12.7279
 9.64365
 8.88819
 10.4881
 11.5326
 11.2694
 10.4403
 10.9087
 9.27362
 10.9545
 12.3288
 11.5326
 12
 8
 12.3693
 8.66025
 12.2066
 8.60233
 9.64365
 12.1244
 12.4499
 11.2694
 9.84886
 12
 12.4097
 12.9615
 8.83176
 9.84886
 9.69536
 9.79796
 8.544
 9.64365
 10
 12
 12.3288
 9.16515
 11.225
 8
 10.9545
 7.93725
 12.3693
 8.66025
 13.9284
 10.9545
 10.4881
 10.5357
 9.84886
 11.4891
 11.2694
 8.94427
 9.38083
 9.64365
 9.59166
 9.8995
 8.12404
 9.84886
 10.3923
 9.27362
 10.3441
 8.88819
 11.2694
 10.5357
 12.9228
 9.53939
 11.225
 9
 10.4881
 9.69536
 8.60233
 8.12404
 8.83176
 9.64365
 8.12404
 8.24621
 8.7178
 7.74597
 8
 8.88819
 8.66025
 10.1489
 7.81025
 8.06226
 9.05539
 8.544
 9.69536
 9.69536
 9.32738
 10.1489
 7.81025
 10.8167
 9.32738
 8.94427
 10.4881
 10.6771
 9.79796
 12.7671
 8.88819
 9.21954
 9.53939
 12.4097
 10.1489
 10.8167
 11.7473
 11.2694
 9.38083
 11.2694
 12.3693
 9.27362
 10.6771
 8.83176
 8.66025
 12.2066
 8
 7.81025
 10.3923
 11.3578
 7.81025
 9.64365
 11.4891
 7.87401
 10.7238
 9.53939
 11.3578
 11.5326
 8.7178
 10.6771
 9
 12
 11
 9.53939
 8.48528
 12
 9.69536
 8.544
 8.18535
 11.1803
 8.12404
 12.083
 10.0995
 12.1244
 9
 10.0499
 9.27362
 11.7898
 9.64365
 11.4018
 8.06226
 8.18535
 10.5357
 8.7178
 9.64365
 12.7279
 10.6301
 8.7178
 0
 10.3923
 11.5326
 10.3923
 10.5357
 8.544
 11.4891
 9.64365
 8.83176
 10.9545
 10.0995
 9.64365
 7.74597
 10.0499
 8.83176
 10.5357
 12.9228
 8.88819
 9.69536
 12.1244
 8.18535
 9.53939
 12.0416
 7.68115
 7.81025
 9.79796
 8.66025
 7.74597
 7.74597
 8.94427
 8.66025
 7.81025
 8.66025
 7.81025
 9
 8
 7.87401
 8.83176
 8
 8.30662
 8
 8.544
 11.225
 11.225
 7.81025
 13.1149
 10.5357
 8.18535
 12.1244
 12.2474
 12.9615
 12.8452
 8.66025
 8.66025
 12.3288
 10.1489
 11.7898
 8.77496
 10.6771
 10.3923
 10.4403
 9.53939
 10.4403
 12.083
 10.5357
 8.77496
 8.88819
 10.6771
 7.81025
 12
 8
 8.48528
 8.88819
 9.32738
 6.9282
 7.34847
 8.88819
 9.64365
 7.68115
 12.1244
 9.84886
 12.9615
 9.53939
 9.53939
 9.84886
 12.1655
 7.81025
 9.64365
 9.69536
 9.59166
 8.66025
 8.18535
 11.5326
 10.3441
 10.3441
 12.1244
 9.64365
 8.83176
 12.9615
 9.84886
 8.66025
 8.66025
 11.3578
 12.1655
 8.18535
 10.0995
 9.53939
 8.94427
 7.74597
 9.59166
 10.8628
 6.9282
 12.6095
 9.48683
 10.1489
 8.66025
 7.87401
 13
 12.083
 7.93725
 10.3923
 11.3137
 9.48683
 12.5698
 8.7178
 11.225
 11.7473
 11.225
 10.0995
 12.1244
 7.4162
 8.7178
 12.083
 10.3923
 11.2694
 11.2694
 11.3137
 11.3137
 7.74597
 8.7178
 11.225
 7.74597
 12.9615
 13.8564
 13.8564
 9.27362
 11.2694
 11.2694
 11.2694
 0
 9.84886
 8.7178
 8.66025
 8.66025
 11.225
 9.64365
 12.3693
 11.2694
 8.66025
 11.1803
 9.69536
 8.94427
 8.88819
 10.3923
 9.84886
 11.2694
 12.1244
 10.9087
 10.3923
 7.81025
 12.9615
 12.1244
 7.81025
 8.48528
 8.66025
 8.66025
 8.60233
 8.60233
 6.9282
 11.3137
 8.7178
 8.7178
 10.0995
 9.53939
 9.69536
 9.84886
 9.84886
 7.81025
 8.88819
 7.93725
 8.83176
 11.5326
 9
 9.21954
 9.53939
 13.0384
 11.0905
 12.1244
 10.4881
 9.8995
 10.3441
 11.3137
 8.94427
 11.4891
 10.3441
 7.81025
 9.53939
 11.225
 10.1489
 7.81025
 11.7473
 8.77496
 9
 11.3137
 10.9545
 12.3693
 11.7047
 10.0995
 6.9282
 8.544
 11.4891
 9.84886
 11.8322
 10.5357
 11.5758
 10.3923
 9.32738
 11.225
 9.69536
 7.74597
 8.7178
 8.88819
 8.88819
 9.59166
 12.3693
 3.4641
 11.4891
 12.5698
 8.12404
 11.6189
 9.59166
 9.27362
 10
 11.2694
 7.14143
 9.38083
 12
 7.93725
 12
 11.2694
 10.1489
 10.0499
 7.81025
 8
 7.93725
 6.9282
 11
 8.48528
 7.81025
 9.16515
 10.4403
 7.74597
 10.4403
 9.48683
 11.225
 11.7473
 9.27362
 10.3923
 9.84886
 10.4403
 10.583
 8.18535
 8.18535
 9.32738
 9.79796
 11
 9.38083
 9.79796
 13.1909
 10.6771
 6.55744
 13.2665
 11.5758
 12.0416
 9.38083
 11.7473
 9.16515
 6.9282
 7.81025
 9.84886
 11.0454
 8.66025
 10.4403
 12.2474
 7.81025
 12.083
 10.583
