 304.939
 0
 14.7648
 17.2337
 18.3576
 18.7883
 20.025
 21.7715
 14.3875
 17.1172
 17.9444
 19.2614
 19.3649
 19.105
 20.2978
 21.4243
 21.7486
 18.0555
 21.7025
 16.2788
 13.0384
 16.0935
 16.0935
 19.5704
 19.0788
 12.4097
 18.3576
 15.6205
 16.4012
 18.2209
 19.0263
 22.6053
 20.9762
 21.1187
 21.3776
 19.2354
 18.412
 16.1245
 21.3073
 20.8327
 16.5227
 19.9499
 22.2036
 14.8997
 14.8997
 26.0768
 17.8885
 21.8861
 19.4936
 24.1868
 19.0263
 24.3311
 15.3948
 0
 0
 20
 22.7156
 19.1833
 10.5357
 16.6733
 0
 0
 22.1133
 22.891
 20.2485
 13.6748
 13.6748
 16.4621
 19.975
 20.6882
 22.9347
 16.3401
 23.0868
 20.6398
 22.0907
 24.0208
 14
 22.8254
 21.6333
 24.7588
 20.2731
 12.8841
 0
 45.7602
 21.7025
 26.9444
 21.4709
 24.1039
 24.1039
 0
 37.9605
 20.8087
 23.1517
 18.6548
 16.0312
 16.0312
 0
 31
 21.7025
 20.5913
 16.6733
 22.561
 22.561
 25.0599
 22.561
 20.8567
 17.6068
 17.6068
 19.1311
 22.7596
 26.5518
 22.6495
 12.2474
 12.2474
 22.561
 24.4131
 22.2261
 16.5529
 16.5529
 21.4709
 28.7576
 18.2757
 10.5357
 24.1661
 26.7208
 20.8327
 13.8924
 13.8924
 25.2982
 22.3159
 20
 23.4307
 22.9783
 25.219
 26.9258
 24.3105
 0
 0
 26.9072
 20.2978
 22.561
 21.4476
 21.4476
 23.4521
 22.9783
 28.2135
 19.4936
 0
 0
 23.2594
 17.8885
 26.2298
 27.1846
 21.8174
 26.096
 28.4253
 26.1343
 21.7025
 26.4197
 26.1343
 21.7486
 21.7486
 26.1725
 25.318
 27.2213
 27.2213
 20.2485
 24.8193
 27.2764
 23.4307
 22.3159
 0
 25.6515
 20.0499
 26.1151
 37.2022
 24.3311
 26.1534
 25.2389
 19.2873
 28.688
 34.3948
 28.775
 25.2389
 29.0345
 16.5529
 25.1992
 29
 22.8473
 21.8632
 21.8632
 0
 23.4521
 25.4951
 27.8568
 21.4709
 21.4709
 23.0868
 27.1477
 28.3549
 20.347
 20.347
 0
 0
 29.6311
 27.2947
 29.1376
 22.8473
 22.4277
 22.4277
 26.1151
 33.9706
 27.8209
 27.7669
 20.2237
 0
 26.1343
 24.2487
 31.3528
 28.775
 21.8632
 26.096
 23.7065
 26.9629
 0
 0
 26.1534
 23.388
 29.6648
 28.0179
 28.0179
 29.3087
 24.7184
 27.8747
 28.1603
 28.1603
 27.8927
 26.0384
 28.8097
 30.4138
 0
 0
 0
 0
 27.8029
 31.3209
 29.5296
 27.9285
 21.5407
 23.516
 27.4226
 32.1248
 29
 18.1384
 0
 0
 27.9106
 29.6479
 28.0891
 29.5973
 29.5973
 0
 0
 31.5753
 29.5635
 34.7707
 29.5804
 29.5804
 0
 0
 33.9264
 33.8969
 30.6105
 29.1719
 29.1719
 0
 0
 29.0172
 31.4802
 30.315
 30.5778
 0
 0
 0
 27.0185
 32.665
 29.1376
 28.8964
 0
 0
 0
 28.6007
 28.8791
 29.7489
 33.5112
 33.5112
 0
 0
 0
 0
 34.5543
 32.1248
 30.8707
 30.5778
 0
 0
 0
 33.0303
 34.2345
 33.3467
 34.4093
 0
 0
 0
 33.0908
 29.5635
 34.7419
 33.9853
 0
 0
 0
 34.2783
 31.273
 33.8526
 28.3196
 0
 31.305
 33.0454
 29.3258
 33.9411
 31.8904
 34.7563
 35.6371
 34.0147
 35.2278
 35.7491
 35.623
 30.2985
 33.7343
 35.2987
 35.9861
 29.6648
 0
 0
 35.2704
 35.171
 32.1714
 35.4401
 33.1662
 0
 0
 35.4965
 33.9264
 32.9697
 33.541
 32.6803
 34.7707
 33.0303
 35.0571
 33.8378
 31.6386
 34.8712
 34.7707
 33.5857
 33.4664
 29.3258
 0
 33.9559
 35.1426
 34.6121
 33.2866
 33.2866
 0
 0
 32.28
 33.1512
 34.7994
 34.1614
 34.1614
 34.1614
 0
 0
 0
 0
 32.249
 36.4829
 39.1663
 33.8674
 33.8674
 0
 0
 34.8999
 34.1614
 38.223
 36.606
 36.606
 0
 0
 38.2623
 35.2846
 33.9559
 37.4166
 37.8286
 34.6121
 38.2099
 34.9428
 38.6782
 34.9571
 37.4166
 35.6651
 0
 0
 0
 36.5513
 35.609
 35.609
 37.8418
 35.6371
 37.1483
 38.1969
 37.51
 36.1248
 37.3363
 34.6121
 36.8782
 37.6563
 34.322
 38.3406
 35.9026
 35.9026
 38.2361
 37.108
 34.8568
 36.4966
 0
 0
 36.4966
 33.9117
 35.8329
 35.7491
 35.7491
 38.1707
 34.9714
 37.3898
 37.1753
 0
 0
 0
 0
 36.2905
 39.1024
 39.5474
 34.9428
 34.9428
 34.9428
 35.6371
 37.6431
 40.0749
 36.9459
 36.9459
 36.9459
 39.0256
 35.8469
 40.0625
 36.606
 36.606
 0
 35.623
 35.6511
 37.3095
 46.2277
 40.5463
 39.1408
 37.3631
 37.5766
 37.5766
 38.6911
 39
 39.9249
 36.428
 0
 35.4119
 38.2753
 35
 38
 35.2846
 38.833
 38.3797
 41.1704
 35.7071
 38.1969
 36.2629
 39.8999
 41.1218
 39.5854
 35.7631
 38.5227
 38.8072
 38.1707
 41.0731
 38.7556
 37.1483
 38
 40.398
 38.7814
 37.6165
 40.8656
 37.5366
 39.8497
 37.1349
 39.1024
 40.2616
 39.1918
 39.9625
 40.6694
 41.2432
 36.9324
 39.8623
 40
 39.1918
 34.8138
 40.2244
 40.2616
 35.4401
 38.6782
 37.054
 35.8887
 40.1123
 37.8153
 38.3014
 42.0357
 37.2693
 34.9571
 40.8534
 36.7015
 40.3856
 36.1248
 36.4966
 40.05
 39.3192
 39.281
 38.7685
 39.6232
 37.2693
 39.5474
 39.8999
 39.2938
 40.4475
 40.7308
 39.8497
 40.9268
 39.975
 38.5616
 38.6005
 39.1535
 40.0125
 40.8167
 37.51
 37.2961
 40.05
 41.0609
 36.7015
 41.5692
 39.8246
 36.2629
 41.9166
 38.704
 37.6962
 38.5876
 40.6571
 37.9342
 39.0768
 37.3497
 40.4846
 38.5487
 40.939
 35.609
 42.0476
 38.3536
 40.9268
 40.2989
 39.6863
 38.3797
 40.4104
 39.37
 39.6358
 40.0125
 39
 38.8587
 35.805
 36.9188
 40.3113
 36.4829
 40.1248
 37.3765
 38.3014
 37.7094
 39.2301
 39.2428
 37.108
 37.5366
 41.2674
 40.3361
 35.4542
 35.5246
 39.8497
 38.7298
 35.327
 35.805
 37.4433
 35.609
 36.7287
 38.5616
 37.4299
 41.0974
 34.8281
 36.9459
 41.0122
 39.5727
 37.55
 34.8281
 40.5709
 40.1373
 35.6511
 37.8418
 39.7618
 36.2077
 40.4228
 40.2492
 38.9872
 41.7732
 36.6197
 37.3631
 38.223
 42.3438
 39.0256
 41.7133
 40.025
 40.8779
 37.1618
 39.9625
 40.9878
 36.9188
 40.3361
 34.9428
 37.5366
 41.2553
 35.7351
 37.4433
 38.6394
 39.8623
 35.6651
 39.1152
 39.5854
 38.2623
 39.4462
 35.6791
 38.2492
 39.4208
 41.7373
 40.2492
 40.4104
 39.3192
 39.6232
 35.8469
 41.1461
 39.8372
 37.8682
 36.318
 37.3095
 38.5616
 36.2905
 39.0896
 38.3536
 39.9375
 38.833
 37.3497
 36.1525
 41.0366
 37.5233
 41.1218
 35.7771
 36.9594
 38.8587
 35.6931
 38.4448
 40.939
 34.7419
 39.9875
 0
 37.3765
 39.8623
 40.9145
 38.3014
 38.704
 39.3827
 39.5601
 37.9605
 39.6106
 38.3145
 39.5727
 36.9053
 37.3363
 36.8917
 38.4838
 39.975
 39.8748
 37.3497
 40.8289
 36.0139
 38.0657
 41.1704
 35.0714
 35.9444
 38.7169
 36.4829
 35.6651
 0
 38.5487
 37.3363
 36.5513
 41.6653
 36.5103
 39.2938
 38.6135
 35.6791
 37.1618
 39.1663
 37.3898
 37.1618
 38.6135
 40.5339
 39.7115
 37.8946
 41.4005
 39.4335
 39.5854
 39.1024
 41.5211
 41.7493
 41.0974
 35.7211
 37.4833
 42
 39.5348
 40.3856
 36.565
 40.05
 40.5216
 40
 38.2361
 37.6298
 42.5441
 39.1791
 36.7015
 40.4351
 41.7133
 38.223
 40.6817
 39.8748
 37.6032
 40.4228
 39.0256
 33.2566
 36.0555
 39.37
 37.1753
 36.8375
 40.0625
 40.6694
 42.7434
 36.7696
 40.7185
 35.6651
 42.0357
 38.1707
 39.5474
 39.9124
 38.6394
 39.4462
 39.2173
 38.3275
 39.9375
 0
 42.6966
 38.2753
 42.5911
 42.4146
 42.0357
 36.4966
 36.4966
 39.9625
 41.5692
 39.0384
 39.3446
 39.8999
 38.8201
 36.0555
 39.2173
 38.6523
 36.5787
 39.9124
 37.4833
 38.3406
 40.1622
 39.2938
 42.5441
 39.1152
 36.0555
 38.2623
 41.0974
 40.1497
 41.8688
 36.5377
 39.9249
 41.2916
 41.6653
 38.4057
 41.6653
 36.0278
 37.229
 40.8044
 40.0375
 40.7554
 40.8412
 40.0749
 40.025
 39.598
 38.3014
 41.5331
 38.3406
 40.9512
 42.107
 42.107
 34.7563
 40.5586
 40.1622
 0
 0
 37.4166
 40.9023
 40.5216
 37.4166
 41.7013
 39.3065
 41.3401
 39.2428
 37.47
 40.2119
 38.3145
 38.704
 41.845
 40.8656
 39.8623
 41.7013
 42.1545
 37.8418
 38.3275
 39.9625
 41.5452
 41.4246
 41.2553
 35.805
 39.3573
 35.7911
 38.3667
 38.3667
 36.5103
 39.1024
 39.2683
 39.2683
 39.1408
 38.5876
 40.8779
 38.3275
 41.9524
 38.3927
 37.51
 36.4829
 36.7967
 40.0999
 38.4708
 37.7757
 39.9875
 43.3935
 38.3797
 40.8534
 39.975
 38.8072
 40.3856
 39.9625
 39.598
 35.2704
 39.0896
 35.5949
 39.9375
 38.8458
 38.2361
 36.4692
 38.4708
 38.2623
 35.7211
 39.064
 39.1152
 39.9375
 39.5474
 37.7227
 28.2312
 36.5924
 38.1445
 11.6619
 41.6293
 41.8688
 38.5876
 38.2361
 37.5633
 39.1535
 38.6135
 35.1283
 40
 38.8973
 38.8973
 37.4967
 41.0609
 23.7065
 38.833
 40.2616
 28.4605
 36.0278
 36.1109
 27.8029
 36.2767
 37.8286
 28.4781
 37.3363
 37.9342
 27.5681
 39.2938
 27.8029
 38.0263
 37.7359
 32.0468
 36.7151
 35.6511
 36.6333
 36.524
 34.322
 34.322
 30.8383
 33.0908
 31.4006
 39.7618
 34.1321
 31.4325
 38.8587
 38.8587
 33.5261
 42.6146
 38.3014
 30.2655
 30.2655
 30.2655
 35.6511
 39.1408
 35.7491
 34.6699
 36.606
 38.1051
 36.318
 29.9165
 40.0999
 36.8782
 43.6348
 34.4384
 41.2068
 38.2623
 28.9137
 33.9411
 37.2022
 37.2693
 34.9285
 38.5487
 37.0945
 35.1283
 43.0581
 36.5513
