 298.727
 0
 13.4907
 5.74456
 4.24264
 3.4641
 14.3527
 12.8062
 26.0384
 11.6189
 15.9687
 19.8746
 19.5448
 13.9284
 10.4403
 24.1868
 29.3939
 15.3623
 29.5466
 16.6433
 21.587
 16.5529
 24.3721
 19.7231
 22.2711
 10.8628
 11.7898
 7.4162
 13.0384
 10.4403
 25.6905
 9.21954
 15.3623
 24.8596
 8.60233
 20.2485
 16.6733
 8.88819
 21.8861
 17.2916
 17.088
 13.7113
 24.1661
 19.4679
 13.5277
 27.4955
 27.2947
 17.088
 12.2474
 27.9464
 12.2474
 16
 32.619
 0
 0
 11.6619
 13
 27.7128
 23.388
 19.8242
 0
 0
 19
 19.0788
 22.0681
 13.6748
 13.6748
 13.7113
 12.4097
 25.7488
 21.0238
 12.2474
 30.8221
 10.4403
 8.12404
 20.8567
 10.4881
 18.303
 30.545
 11.7898
 15.5242
 9.38083
 0
 45.7602
 25.8844
 34.6554
 15.3623
 10.5357
 10.5357
 0
 37.9605
 19.0788
 34.6699
 19.6469
 15.1327
 9.59166
 0
 31
 14.6969
 20.3715
 16.8523
 28.931
 8.7178
 30.0167
 27.0924
 9.21954
 25.7876
 25.7876
 29.189
 11.1355
 34.9571
 22.5167
 10.583
 0
 14
 28.9137
 12.2474
 30.133
 30.133
 14.0712
 18.4662
 24.6982
 23.622
 23.5797
 16
 17.8606
 16.4621
 16.4621
 31.4166
 8.83176
 13.1529
 21.4243
 29.6648
 13.6015
 24.6982
 11.0905
 0
 0
 21.6795
 13.7113
 27
 14.4914
 14.4914
 22.9347
 19.0526
 28.8444
 14.6969
 0
 0
 21.4942
 17.8326
 21.5407
 34.5832
 21.5174
 16.0935
 30.7083
 34.5977
 29.1719
 33.4066
 15.906
 31.3847
 31.6386
 17.8326
 30.1164
 24.8395
 0
 29.4618
 19.6723
 20.1742
 28.2843
 31.0644
 0
 20.347
 23.388
 22.6716
 19.6469
 14
 28.8964
 10.8628
 11.6189
 15.6205
 20.347
 34.7131
 13.5277
 20.3961
 13.6015
 31.9687
 27.6406
 13.7113
 14.4222
 0
 0
 25.5343
 22.7156
 27.6043
 12.8841
 0
 23.6008
 23.4521
 29.0861
 18.4391
 0
 0
 0
 32.7414
 15.1987
 35.0286
 23.9374
 19.6214
 19.6214
 30.6268
 38.0526
 36.9459
 17.8045
 17.2627
 0
 34.0588
 33.9264
 35.1568
 20.8806
 30.0998
 30.7246
 29.8831
 19.1572
 0
 0
 23.4947
 26.6833
 24.779
 20.445
 10.7703
 32.8481
 16.3095
 15.5242
 16.1555
 15.1327
 37.0945
 10.5357
 11.0454
 16.3401
 0
 0
 0
 0
 34.0588
 23.9792
 14.7648
 11.7047
 16.8523
 27.3313
 14.4568
 28.4956
 20.2485
 14.7986
 0
 0
 25.2982
 24.0208
 19.2354
 26.7395
 26.7395
 0
 0
 26.4953
 25.3772
 36.8782
 15.1987
 15.1987
 0
 0
 35.327
 39.2938
 16.5831
 33.2415
 33.2415
 0
 0
 35.9861
 36.3868
 35.0571
 17.2627
 0
 0
 0
 35.1283
 32.7719
 21
 32.8024
 0
 0
 0
 33.3317
 22.1585
 25.807
 26.2298
 15
 0
 0
 0
 0
 16.1555
 32.5269
 17.1464
 21.0476
 0
 0
 0
 40.6694
 15.2971
 12.8452
 17.4642
 0
 0
 0
 14.7648
 37.4967
 17.2916
 15.1987
 0
 0
 0
 22.6053
 16.8226
 19.6723
 33.3766
 0
 18.5742
 22.4277
 27.037
 22.8035
 21.7945
 24.0416
 27.7669
 25.5539
 33.2716
 37.47
 31.4006
 17.5214
 36.3318
 38.6911
 38.7427
 19.1311
 0
 0
 34.3948
 35.7211
 22.2711
 39.9875
 18.303
 0
 0
 31.6228
 29.9333
 24.3105
 37.55
 17.6068
 21.7256
 27.7849
 23.8118
 33.9853
 17.6068
 24.0624
 37.51
 16.5529
 13.4907
 18.5472
 0
 36.973
 17.5784
 16.8226
 15.9374
 15.9374
 0
 0
 17.5784
 33.2716
 17.8045
 14.7648
 17.2047
 17.2047
 0
 0
 0
 0
 19.5192
 27.0924
 22.9565
 31.5753
 18
 0
 0
 26.9444
 23.7065
 28.2489
 23.622
 23.622
 0
 0
 33.4515
 35.1994
 16.8523
 25.923
 37.5633
 36.8917
 30.1496
 19.7231
 34.4819
 32.7109
 39.3319
 22.2261
 0
 0
 0
 29.6311
 30.315
 25.02
 43.2319
 26.2679
 21.3542
 39.3319
 22.1585
 13.5277
 35.0714
 17.2627
 35.6651
 29.1033
 16.6433
 37.51
 16.1555
 25.807
 17.2337
 16.3095
 17.8045
 33.4216
 0
 0
 23.4947
 17.9165
 18
 30.3315
 30.3315
 26.0384
 24.8395
 27.2764
 18.6011
 18.6011
 0
 0
 0
 18.6011
 32
 25
 32.7567
 16.7033
 16.7033
 38.1707
 37.5233
 28.3373
 20.8806
 20.8806
 20.8806
 35.7911
 38.092
 28.3725
 22.7816
 22.7816
 0
 32.1714
 22.4054
 30.3974
 38.1314
 44.238
 18.6279
 26.5518
 25.219
 25.219
 12.8841
 42.3792
 36.2353
 19.2354
 0
 17.1464
 38.6782
 36
 14.4914
 19.0526
 37.51
 18.3848
 33.1662
 21.4243
 24.1247
 31.5753
 20.664
 27.4226
 27.5681
 23.622
 17.5499
 20.4939
 20.664
 34.6121
 33.9559
 38.092
 20.3715
 38.0657
 23.4094
 39.3954
 25.0799
 21.0476
 34.7563
 35.2846
 25.7876
 27.6406
 28.9137
 27.4408
 22.1585
 36.9053
 25.6905
 43
 34.1174
 17.1756
 17.8885
 43.0697
 39.3065
 12.49
 16.6733
 36.9865
 17.2627
 39.4968
 17.2047
 25.219
 34.4529
 31.8904
 14.4568
 26.1343
 26.8514
 21.4243
 23.3452
 17.088
 35.3129
 28.9482
 17.8885
 37.5766
 19.0526
 20.2978
 38.7427
 35.4542
 20.2978
 40.0125
 23.3238
 27.2947
 23.4734
 24.3311
 35.6371
 29.6648
 25.0599
 17.088
 25.7682
 34.6987
 19.0788
 12.8452
 36.6333
 38.7556
 46.0326
 16.6433
 12.8841
 44.8442
 40.1373
 16.5831
 17.8326
 34.2199
 40.694
 24.1661
 18.3848
 30.3315
 33.0303
 27.1109
 17.8885
 20.199
 28.9828
 22.9347
 35.6791
 37.4566
 20.9045
 37.4967
 15.4919
 41.1825
 34.7563
 19
 21.5639
 33.9706
 23.8747
 19.6723
 28.0891
 24.3721
 31.1609
 24.5967
 17.8606
 31.0805
 26.2488
 21.3542
 14.2127
 41.9166
 32.573
 14.4222
 14.7986
 39.4715
 40.0874
 14.8997
 17.2047
 24.779
 16.1555
 33.5261
 42.4028
 26.0384
 40.6448
 17.0587
 28.8617
 34.1028
 39.2683
 19.0788
 23.9165
 38.1314
 26.6646
 17.2627
 35.7071
 35.2846
 18.7083
 41.1339
 15.5242
 36.2905
 16.1555
 18.1108
 29.9333
 25.318
 21.8632
 20.5913
 33.1964
 22.4277
 22.4499
 12.3288
 30.4302
 38.0789
 15.6844
 30.282
 12.9228
 34.6987
 40.6079
 15.6205
 12.4097
 39.5601
 35.5106
 20.9045
 18.303
 41.833
 24.8395
 31.0644
 17.3494
 24.7386
 22.5389
 31.4166
 50.9215
 38.7685
 36.8103
 19.105
 43.2551
 37.4833
 22.5832
 39.3446
 28.5132
 39.3827
 17.9165
 33.4365
 22.6936
 20.2485
 25.9808
 26.096
 11.7047
 17.7764
 38.7298
 13.7113
 41.1704
 15.1658
 12.4097
 39.5095
 17.1756
 16.5529
 33.4216
 11.0454
 21.0238
 0
 19.1572
 24.1039
 29.8831
 30.1496
 37.2559
 17.3494
 38.2884
 39.3065
 20.664
 31.305
 19.0526
 39.3446
 21.7486
 35.1568
 21.4709
 22.2036
 28.6531
 14.4222
 31.3528
 15.6844
 14
 41.2068
 9.38083
 16
 38.8587
 17.8045
 12.8062
 12.8062
 33.8231
 18.3303
 17.9444
 28.8617
 19.2614
 26.6833
 38.923
 26.5895
 11.7047
 38.1838
 37.8814
 16.3707
 41.8091
 31.607
 18.2757
 38.7169
 24.5561
 19.6214
 33.5559
 19.7484
 14.8324
 26.096
 14
 15.1658
 11.5758
 38.1314
 14
 40.025
 11.2694
 17.3205
 35.426
 19.7231
 12.4097
 16.0312
 25.3574
 30.05
 23.4734
 34.7131
 22.891
 35.8748
 15.6205
 37.5633
 40.5832
 18.3848
 31.5753
 18.6815
 39.975
 15.6205
 21.8403
 35.7631
 16.6433
 14.4568
 24
 21.7486
 14.4222
 14.4222
 34.9571
 13.9642
 15.4272
 41.6893
 9.64365
 15.1327
 39.7618
 18.5742
 14
 0
 23.3452
 15.4272
 34.4819
 25.0799
 32.3419
 17.8606
 17.8606
 30.9031
 12.3693
 35.4683
 39.3573
 21.0476
 31.9061
 39.9875
 17.1172
 23.7065
 35.1568
 15.1327
 17.3494
 15.9687
 31.0322
 18.4391
 25.8844
 13.7477
 11.3137
 13.1149
 38.3927
 12.8841
 38.7814
 15.3948
 13.0767
 35.4965
 17.9165
 12.0416
 26.8514
 15.906
 27.2764
 22.1359
 34.0588
 18.0555
 34.6121
 16.5831
 31.1288
 42.45
 26.2298
 16.2788
 36.2629
 15.906
 16.2481
 0
 27.4773
 14.2127
 14.1067
 0
 0
 12.49
 20.9284
 13
 14.0712
 29.5127
 13.1149
 34.5543
 12.4499
 9
 32.6343
 16
 9.64365
 33.2415
 22.9565
 10.5357
 31.9531
 24.2899
 13.6015
 29.9833
 27.1293
 17.8045
 13.7113
 43.2666
 24
 40.5586
 15.3297
 15.3297
 15.3297
 33.2866
 7.87401
 19.4936
 19.4936
 24.5764
 12.4097
 16.7033
 12.3288
 21.166
 15.9374
 24.6374
 8.66025
 9.59166
 15.5885
 22.2261
 14.2478
 24.3516
 16.0935
 8.88819
 27
 20.1742
 12.1655
 20.9045
 33.9117
 15.6205
 13.5647
 30.6105
 22.6936
 37.4566
 13.9284
 10.7238
 35.0571
 8.18535
 17.8606
 31.1609
 12.083
 20.2731
 15.1987
 12.1244
 14
 10.4403
 10.5357
 5.38516
 18.3576
 7.4162
 24.1247
 8.88819
 27.0185
 10.4403
 26.4008
 17.4642
 17.4642
 34.4819
 19.975
 0
 33.1813
 14.2478
 14.2478
 28.7924
 12.8452
 12.8452
 19.975
 13.6015
 5.19615
 15.9687
 14.8997
 7.81025
 14.7309
 7.74597
 7.74597
 7
 20.664
 10.4403
 11.225
 23.3666
 14.7986
 22.2261
 31.3847
 9.53939
 29.5127
 29.5127
 3.4641
 24.8797
 30.9516
 13.8924
 11.7047
 21.4942
 21.4942
 0
 25.9037
 28.6705
 22.7596
 18.9473
 0
 0
 14.7986
 14.7986
 24.6779
 12.3693
 25.0998
 6.245
 12.083
 14.7309
 9.69536
 16.7033
 12.2882
 12.4499
 13.5277
 11.2694
 14.8997
 29.5127
 12
 13.4536
 27.7128
 20.9523
 6.08276
 25.9037
 13.7477
 11.7898
