 18.1108
 6.08276
 5.19615
 3.4641
 2
 5.47723
 10.5357
 9.64365
 18.6011
 7.34847
 9.64365
 11.6189
 14.3527
 6.16441
 6
 18.303
 25.2389
 9.69536
 25.6905
 6.55744
 12.8452
 6
 18.9737
 13.2665
 15
 0
 1.73205
 0
 14.3178
 2.44949
 20.2978
 6.16441
 9.53939
 19.0526
 2.44949
 11.6189
 9
 0
 14.9666
 10.0995
 9.84886
 8.12404
 20.445
 11.0454
 5.74456
 22.7156
 22.7376
 9.16515
 6.9282
 23.1517
 7.74597
 10.3923
 27.9643
 27.9643
 0
 6.08276
 7.74597
 22.0907
 18.2757
 14.0357
 14.0357
 0
 7.4162
 9.69536
 16.3401
 5.47723
 5.47723
 2.44949
 2.44949
 18.9473
 13.9642
 4.89898
 26.9444
 5.19615
 3.4641
 14.3527
 6.48074
 14.7648
 23.0651
 7
 7.68115
 5.47723
 38.8587
 0
 17.2047
 28.0535
 9.84886
 5.09902
 5.09902
 31.9061
 0
 11.6619
 31
 14
 7
 2.82843
 23.2379
 0
 6.16441
 13.5277
 8.12404
 23
 2.23607
 26.3059
 20.4206
 7
 15.9687
 15.9687
 21.3073
 7.74597
 31.1448
 15.9687
 2.44949
 0
 7.34847
 21.7715
 5.38516
 23.2809
 23.2809
 6.85565
 13.4164
 18.5742
 16.6733
 16.7929
 12.2066
 10.4403
 7.28011
 0
 25.8457
 4.24264
 6
 15.6525
 23.8956
 8.7178
 17.8885
 6
 6
 0
 14.5258
 7.74597
 19.4165
 12.1244
 0
 13.9642
 14.5258
 22.6274
 3.74166
 3.74166
 0
 13.5647
 7.4162
 13.6748
 29.2746
 14.8661
 8.18535
 26.0768
 29.1376
 23.0651
 29.4449
 9.64365
 24.8998
 26.7582
 9.74679
 24.6982
 17.7482
 0
 24.2487
 12.3693
 11.225
 20.2731
 26.1151
 0
 14.5602
 15.4596
 17.4069
 14.8324
 7.81025
 22.7596
 5.19615
 6.08276
 8.83176
 16.4621
 28.0357
 10.3923
 14.3178
 6.9282
 24.5967
 20.2978
 7.81025
 7.81025
 0
 0
 18.0278
 15.6844
 19.0263
 7.87401
 0
 14.7648
 15.5242
 22.9347
 12.4097
 0
 0
 0
 25.3574
 7.81025
 31.0161
 16.2788
 14.5258
 14.5258
 23.4094
 33.0757
 31.8748
 11.5326
 13.7113
 13.7113
 26.4197
 25.7876
 27.4591
 12.8841
 24.3105
 24.3516
 21.0476
 12.0416
 12.0416
 0
 17.5784
 20.4206
 18.0831
 13.5647
 8.24621
 26.9072
 8.18535
 8.12404
 12
 8.60233
 31.0322
 6
 8.88819
 11.3578
 0
 0
 0
 0
 27.1846
 15.4919
 11.2694
 8.88819
 12.2882
 21.0476
 8.18535
 18.3848
 14.3178
 9.59166
 9.59166
 0
 17.7764
 16.3401
 12.0416
 17.5784
 17.5784
 17.5784
 0
 21.0238
 16.6733
 28.4781
 9.27362
 9.27362
 9.27362
 0
 29.5296
 30.8545
 10.4881
 25.04
 25.04
 25.04
 0
 29.7658
 29.5635
 27
 10.1489
 10.1489
 10.1489
 0
 30.249
 25.7876
 14.3527
 25.865
 25.865
 0
 0
 25.02
 14.5602
 19.0788
 19.6469
 12.2882
 12.2882
 12.2882
 0
 0
 7.2111
 22.5389
 10.4403
 12.2882
 12.2882
 12.2882
 0
 32.2335
 11.2694
 8.66025
 8.60233
 8.60233
 8.60233
 0
 11.225
 30.8383
 10.4403
 13.1149
 13.1149
 13.1149
 0
 14.3178
 10.3923
 12.6491
 26.5707
 26.5707
 11.5326
 15.5242
 18.8149
 16.7033
 13.2665
 19.4679
 21.0238
 17.5499
 24.3516
 30.249
 26
 9.64365
 28.688
 30.7409
 31.3688
 12.8452
 12.8452
 0
 26.5141
 27.4773
 14.7648
 34.2491
 10.5357
 10.5357
 0
 22.6274
 20.2978
 14.7309
 30.9516
 10.583
 11.7898
 19.105
 15.4272
 27
 9.94987
 15.9374
 30.8545
 12.1244
 10.3923
 12.4499
 12.4499
 31.4802
 14.9666
 11.3578
 11.3137
 11.3137
 11.3137
 0
 12.3693
 27.2397
 12.1244
 12.1655
 11
 11
 11
 11
 0
 0
 12.0416
 18.2483
 15.1658
 21.9317
 11.7473
 11.7473
 0
 19.6469
 15.1658
 21.9089
 15.906
 15.906
 15.906
 0
 29.5127
 26.2869
 10.1489
 17.9165
 30.7083
 29.3769
 23.0868
 15.1658
 28.7402
 25.3772
 32.8024
 14.3527
 14.3527
 0
 0
 19.799
 20.2731
 15.906
 36.8782
 16.4012
 11.8322
 33.2265
 12.53
 9.48683
 27.9821
 12.3693
 27.7489
 19
 13
 30.4302
 13.9284
 19.7737
 13.1149
 8.18535
 12.3693
 24.8797
 24.8797
 0
 17.8326
 12.8062
 12.3693
 20.2978
 0
 16.5831
 17.088
 20.4695
 13.2288
 13.2288
 13.2288
 0
 0
 10.0995
 25.6125
 16.6733
 25.5734
 11.8322
 0
 30.3974
 31.1448
 20.1742
 15.1658
 15.1658
 0
 27.9106
 29.6311
 18.3848
 15.1658
 15.1658
 15.1658
 24.1247
 14
 23.3666
 31.5436
 37.0675
 11.7473
 17.1172
 16.3401
 16.3401
 9.53939
 34.7131
 27.6948
 12.083
 12.083
 12.1655
 31.0805
 29.4958
 14.7986
 13
 27.4773
 13.8924
 23.4094
 13.1909
 17.1172
 22.1359
 11.3137
 18.3303
 18.412
 16.3095
 13.1529
 13.4536
 12.0416
 28.9137
 24.3516
 31.3369
 16.8523
 32
 14.7648
 30.5941
 17.3781
 14.0357
 28.2843
 26.9815
 18.1934
 20.664
 21.4709
 17.5784
 13.9642
 30.5941
 15.6844
 35.9166
 25.4362
 12.083
 8.48528
 36.4006
 33.0151
 11.6189
 16.2173
 30.249
 13.0384
 32.078
 13.0384
 18.6011
 26.4008
 23.9583
 8.66025
 19.8494
 17.2627
 11.7898
 14.3527
 10.0995
 28.3196
 20.2978
 13.0767
 31.6228
 13.8924
 15.7797
 29.7489
 28.8444
 14.7648
 31.1609
 13.9284
 20.2978
 17.8326
 14.7986
 29.189
 20.9762
 15.9687
 8.66025
 19
 25.8844
 11.6619
 8.66025
 28.2666
 33.5559
 37.5766
 15.6525
 9.27362
 37.0945
 31.496
 12.1244
 13.0384
 27.5862
 30.7409
 17.5499
 12.2474
 20.2978
 25.7488
 19.799
 9.05539
 12
 19.9499
 14.6969
 28.8791
 28.688
 17.0294
 32.1714
 10.5357
 31.607
 26.4764
 13.0384
 17.5214
 27.2947
 14.7648
 13.4536
 20.6882
 15.9687
 21.0713
 16.8523
 10.5357
 24
 17.3494
 12.0416
 9.53939
 34.0294
 24
 12.8452
 15.8745
 30.8383
 32.7261
 12.1655
 13.8564
 17.0587
 9.84886
 25.8263
 36.1386
 20.9523
 33.4216
 10.0499
 20.4695
 27.6767
 28.8791
 11.7898
 17.8885
 31.496
 16.1555
 13.3041
 28.3373
 28.8617
 17.3781
 31.1127
 10.0499
 26.9815
 10.4403
 10.5357
 20.8567
 17.0587
 13.2288
 12.49
 23.4094
 14.3178
 15.6525
 8.77496
 21.9089
 32.0156
 15
 19.0263
 10.3923
 25.7876
 34.6266
 13.8924
 14.7309
 31.3688
 29.4788
 14.2829
 14.7309
 35.242
 18.6011
 22.7816
 12.6491
 17.4642
 13.7113
 26.5707
 37.47
 31.6544
 29.6479
 13.7113
 32.8481
 30.8058
 19.0526
 33.2566
 20.9762
 32.8024
 12.4097
 25.5734
 14.3875
 13.7113
 17.4356
 18.2209
 8.77496
 12.9615
 31.6544
 14.7309
 36.4143
 15.0997
 15.5885
 31.6386
 12.1655
 12.1244
 23.9165
 9.69536
 15.4919
 15.4919
 14
 15.9687
 23.9165
 24.1661
 31.9531
 12.1244
 32.6803
 33.5261
 17.3494
 23.3666
 16.4924
 31.5911
 14.7648
 27.6586
 13.2288
 17.1464
 21.8861
 8.66025
 26.7395
 8.7178
 13.4907
 36.318
 13.4164
 16.2173
 33.8378
 13.4164
 12.8452
 12.8452
 25.9037
 12.5698
 13.8924
 23.6432
 12.4097
 17.2916
 32.5883
 21.0238
 10.3923
 32.7261
 28.9482
 14.9666
 35.4542
 25.2389
 17.4069
 33
 18.3848
 14.7309
 25.3969
 14.3178
 8.66025
 20.3961
 14.3527
 8
 12
 33.3617
 16.6733
 34.4384
 14.2478
 14.8324
 29.4449
 15.5242
 12.7279
 13.0384
 20.347
 22.4277
 17.088
 29.4958
 14.8661
 30.133
 14.5258
 32.619
 35.2987
 18.9473
 25.7682
 21.8403
 34.0441
 13.8924
 16.0312
 27.9285
 11.3137
 8.66025
 17.8606
 13.2288
 14.1067
 14.1067
 27.6586
 20.199
 12.083
 36.8917
 15.9374
 16.7332
 35.0143
 13.4536
 14
 14
 19.0526
 9.69536
 27.6767
 19.6723
 27.6406
 12.4097
 12.4097
 24.6982
 9.59166
 30.8221
 34.5977
 14.5945
 26.4953
 34.6121
 18.1108
 19.0263
 28.5307
 9.32738
 15.6205
 12.1655
 23.5372
 14.9666
 20.5183
 11.5326
 15.1987
 15.9687
 33.1964
 14.4222
 35.0999
 13.1529
 17.7764
 30.1662
 15.1987
 10.9545
 22.2711
 13.9284
 21.4942
 17.8606
 30.1164
 13.9642
 30.1164
 13.8924
 28.2843
 36.4829
 21.4709
 14.7648
 30.249
 9.32738
 19.799
 0
 20.7123
 11.3578
 12.1655
 12.1655
 0
 7.81025
 17.6068
 15.906
 14.7309
 26.7395
 17.3205
 32.0156
 13.2665
 14.9666
 31.496
 14.9666
 12.3693
 26.5518
 21.4243
 12.49
 29.4958
 17.1172
 13.0384
 26.6458
 24.0832
 14.0712
 13.0384
 34.5543
 22.9783
 35.426
 14.5258
 14.5258
 14.5258
 28.0535
 6.48074
 18.2209
 18.2209
 19.0263
 15.6205
 15.6205
 8.83176
 19.1311
 21.5639
 19.0526
 11.7047
 14.9332
 13
 17.1172
 21.0476
 24.0832
 15.1658
 12.9615
 24.8193
 19.1833
 14.7648
 17.8606
 30.692
 15.6205
 9
 26.4575
 21.5639
 35.2562
 14.8324
 11
 32.0312
 8.18535
 18.6815
 25.807
 15.4272
 16.0312
 19.1311
 15.9687
 19.7484
 6.245
 15.6525
 8.12404
 8.12404
 7.81025
 22.9129
 10.8628
 24.1454
 13
 24.2899
 19.1833
 19.1833
 28.4605
 20.5426
 0
 32.0468
 12.9615
 12.9615
 24.7386
 16.5529
 16.5529
 19.799
 19.0788
 7.2111
 18.303
 13.1149
 13
 10.4403
 13.0384
 7.07107
 6.08276
 12.9615
 16.5529
 14.8324
 19.0788
 14.7986
 19.3907
 39.064
 12.7671
 22.9347
 26.4575
 9.64365
 11.7898
 26.0192
 13.9284
 7.81025
 18.2757
 18.2757
 0
 22.5832
 32.0156
 22.7376
 19.1311
 19.1311
 0
 14.0712
 14.0712
 25.5343
 9.21954
 23.4521
 9.16515
 10.0995
 13.9642
 13.1909
 11.7047
 12.8841
 10.3923
 15.6525
 11.7898
 9.32738
 24.8193
 13.5647
 11.3137
 25.9422
 16.4621
 8.94427
 24.8596
 14.2829
 9.53939
