 4.3589
 14.7648
 11.2694
 14.7309
 12.1655
 19.2354
 24.1868
 23.0868
 35.2136
 22.8254
 28
 25.3377
 32.3883
 20.7846
 21.1424
 33.6155
 37.3497
 24.8596
 36.5377
 23.6008
 26.9629
 21.7025
 32.9848
 29.4109
 32.4346
 20.0998
 18.303
 18.2757
 26.9258
 20.3224
 34.0881
 21.1187
 26.7208
 33.8674
 20.2978
 27.2029
 27.8029
 15.6205
 34.7275
 25.1794
 27.7849
 22.5832
 40.0874
 31.1769
 22.5389
 37.4566
 38.2492
 24.5357
 26.3439
 36.606
 26.7208
 28.0179
 40.9756
 40.9756
 0
 26.5707
 26.6083
 37.6829
 33.1059
 34.3657
 34.3657
 0
 22.6274
 30.3974
 32.2645
 21.2603
 21.2603
 19.105
 20.8806
 36.2353
 27.1662
 2.44949
 38.2492
 20.0749
 21.1424
 33.8969
 6.08276
 36.0139
 36.1939
 25.5147
 24.3516
 5.74456
 42
 0
 31.8748
 46.6905
 27
 20.9523
 20.9523
 34.1906
 0
 26.7021
 48.5798
 31.686
 27.7669
 27.7669
 27.5862
 0
 22.8035
 33.121
 27.9643
 40.5093
 2.44949
 42.9302
 39.2556
 25.02
 34.6121
 34.6121
 36.9053
 23.9165
 42.72
 30.8221
 30.8221
 0
 26.9258
 37.7094
 25.593
 38.5227
 0
 29.6142
 34.2199
 35.7351
 35.4824
 38.3275
 28.3196
 26.9629
 25.0599
 0
 41.7253
 23.4734
 24.3311
 35.6931
 37.4566
 28.8617
 36.8917
 23.1733
 23.1733
 0
 42.0119
 25.5539
 36.1801
 28.688
 0
 34.1174
 35.2846
 43.9431
 28.6356
 28.6356
 0
 36.8239
 29.7321
 30.5123
 45.0555
 31.4643
 26.3439
 47.1169
 47.4552
 36.9188
 41.9524
 28.6356
 46.3141
 41.5812
 30.8869
 40.025
 36.6333
 0
 40.0375
 33.2866
 28.4429
 39.6232
 41.6053
 0
 36.4555
 30.249
 34.1467
 30.5287
 29.3258
 40.9756
 22.6053
 26.096
 30.0167
 33.541
 41.1947
 28.4077
 33.8969
 26.5707
 40.5709
 41.2795
 27.8209
 27.3861
 0
 0
 36.973
 36.8782
 42.3438
 30.692
 0
 37.0945
 34.3948
 39.5854
 37.4166
 0
 0
 0
 46.6798
 26.9444
 47.8748
 36.6742
 31.7017
 31.7017
 38.5097
 45.8367
 50.5272
 28.4605
 29.0345
 29.0345
 42.0714
 46.6262
 43.1161
 33.9559
 45.0666
 45.4092
 44.2606
 35.6791
 35.6791
 0
 35.7771
 37.108
 41.3884
 33.3017
 27.4044
 43.4281
 26.2298
 26.7769
 28.688
 23.4094
 45.0666
 27.2397
 29.3939
 32.6956
 0
 0
 0
 0
 45.0444
 36.5103
 31.8591
 29.6985
 28.178
 40.8901
 29.6311
 41.1461
 35.0856
 25.4362
 25.4362
 0
 33.4216
 37.7624
 34.4093
 42.1426
 42.1426
 42.1426
 0
 45.4643
 36.8646
 53.301
 29.6985
 29.6985
 29.6985
 0
 46.2925
 49.96
 30.133
 41.6773
 41.6773
 41.6773
 0
 48.734
 45.7821
 44.3396
 30.545
 30.545
 30.545
 0
 0
 45.0333
 36.5513
 44.2832
 44.2832
 0
 0
 48.156
 39.37
 37.1483
 38.1051
 38.1051
 38.1051
 38.1051
 0
 0
 23.3666
 42.4264
 29.8496
 34.9714
 34.9714
 34.9714
 0
 49.4368
 31.7017
 29.1204
 31.4166
 31.4166
 31.4166
 0
 30.348
 47.7179
 32.9393
 33.7639
 33.7639
 33.7639
 0
 34.7707
 34.0294
 34.8138
 47.8435
 47.8435
 36.4829
 36.9459
 38.6005
 39.1408
 34.8138
 42.2847
 44.7102
 37.921
 41.7253
 46.0109
 48.1871
 27.9106
 46.076
 45.7712
 49.7092
 33.0303
 33.0303
 0
 45.7821
 47.0638
 35.7351
 51.1371
 21.8403
 21.8403
 0
 43.566
 40.4351
 38.8587
 53.376
 19.975
 27.0185
 40.1871
 34.5543
 47.833
 26.9629
 34.9285
 48
 33.2415
 31.1769
 26.0384
 26.0384
 48.4252
 36.8782
 33.0606
 32.909
 32.909
 32.909
 0
 34.1321
 46.0652
 36.4829
 34.8425
 25.318
 25.318
 25.318
 25.318
 0
 0
 35.7351
 39.7366
 37.3631
 43.9545
 23.4734
 23.4734
 0
 38.8844
 37.47
 44.6542
 39.975
 39.975
 39.975
 0
 47.4658
 44.1814
 31.305
 44.0227
 45.0999
 46.7761
 47.4131
 35.7491
 47.0638
 47.8539
 52.1057
 39.0896
 39.0896
 0
 0
 40.7922
 39.5221
 40.8656
 54.2033
 38.5616
 32.1403
 53.7959
 31.6228
 29.7153
 44.3621
 36.5103
 52.0769
 41.1704
 34.5977
 45.8039
 35.4401
 10.8628
 35.7911
 32.2645
 35
 44.911
 44.911
 0
 38.5746
 39.2683
 36.8375
 41.3038
 0
 37.6032
 39.2938
 42.7668
 36.8103
 36.8103
 36.8103
 0
 0
 33.8969
 43.1161
 39.0768
 42.5206
 11.7898
 0
 46.4327
 45.6508
 46.8081
 40.9145
 40.9145
 0
 47.0638
 54.461
 46.0109
 40.8412
 40.8412
 40.8412
 47.8435
 40.0874
 43.8292
 57.3672
 56.0446
 30.7571
 36.7831
 35.4965
 35.4965
 30.5287
 56.3915
 44.4972
 33.4365
 33.4365
 34.2637
 47.9687
 55.2721
 36.0416
 35.0999
 49.8899
 36.4829
 46.6047
 37.47
 40.4722
 43.2204
 33.9411
 42.9185
 39.0512
 41.0609
 39.128
 36.7423
 35.6371
 46.7333
 47.8121
 46.9681
 39.4842
 47.9375
 37.3765
 53.535
 42.9185
 37.4032
 47.5605
 50.5173
 43.2435
 48.4768
 43.6578
 39.7366
 34.5977
 54.0463
 39.8372
 58.2495
 43.2319
 33.0303
 28.8791
 57.7408
 51.0882
 34.6266
 37.7359
 51.8459
 39.1152
 58.8558
 35.4401
 42.3556
 49.3457
 46.5081
 35.9583
 40.5586
 38.1576
 35.8469
 40.5709
 31.257
 46.8722
 45.913
 37.4166
 47.3498
 37.1618
 38.8716
 48.6621
 48.5489
 39.4462
 52.6878
 36.4966
 42.7434
 43.6692
 39.6232
 53.6656
 40.5339
 42.638
 29.5296
 46.2601
 44.3058
 32.7261
 31.0483
 52.8299
 50.448
 60.9262
 38.4318
 34.3511
 60.1415
 51.7591
 35.805
 35.6931
 48.949
 59.2368
 40.4722
 37.5633
 43.9204
 48.9796
 42.7668
 38.3927
 32.7109
 45.8476
 38.3406
 50.3984
 49.3153
 41.1582
 48.5798
 37.4967
 53.7401
 48.1664
 40.2492
 41
 54.0555
 39.4715
 40.5586
 42.2137
 40.9268
 45.8694
 39.9249
 32.9545
 40.5093
 44.0568
 34.4529
 33.1964
 52.9622
 51.1468
 38.1576
 40.2368
 52.8583
 61.4573
 34.9714
 40.0125
 42.0238
 36.6333
 49.9199
 57.3672
 42.1663
 59.1185
 35.2846
 42.19
 47.634
 56.1338
 35.426
 44.317
 51.3128
 38.6264
 39.2428
 48.6004
 50.448
 43.4396
 52.5071
 30.4467
 55.2721
 36.6879
 37.3765
 45.1774
 44.4972
 38.5616
 32.6037
 45.0777
 35.2704
 39.95
 32.3265
 38.5357
 51
 38.7814
 43.6692
 35.4401
 51.5558
 53.4977
 40.3609
 37.7492
 54.8908
 53.9166
 40.6571
 38.3927
 52.8583
 42.9185
 44.317
 40.8901
 41.0122
 36.0139
 47.4025
 59.649
 50.0799
 52.4976
 35.7211
 56.4889
 52.2015
 42.3438
 54.8635
 45.2659
 58.5577
 36.5377
 51.0098
 42.3674
 35.8469
 42.7785
 42
 33.1512
 35.5949
 53.4883
 38.8973
 55.9553
 41.0853
 38.0395
 54.9818
 39.95
 35.609
 46.7654
 40.1497
 41.6053
 41.6053
 41.3038
 37.4166
 46.7226
 44.911
 54.4518
 34.7851
 53.0471
 54.1849
 42.5911
 48.4871
 41.5812
 57.8965
 36.1525
 54.3967
 40.3361
 40.7431
 41.7971
 32.1559
 47
 30.4467
 36.3043
 59.1185
 36.1663
 42.3792
 56.5597
 40.0625
 37
 37
 50.4975
 37.7227
 41.4488
 49.2138
 39.8748
 39.37
 57
 44.8442
 33.8969
 54.8179
 53.7401
 38.7814
 60.2246
 49.5883
 42.8952
 61.4248
 42
 42.5323
 50.6754
 43.1741
 34.7131
 45.4092
 37.4032
 33.2716
 36
 54.9818
 41.9404
 58.4294
 38.5746
 40.939
 54.111
 38.7814
 37.9605
 40.9145
 45.6837
 44.2154
 41.5933
 53.9166
 41.0853
 54.8179
 38.4187
 54.461
 59.607
 44.3959
 50.3786
 50.3786
 61.3433
 40.05
 41.5452
 56.4712
 39.1918
 31
 42.72
 34.9857
 36.0832
 36.0832
 55.4346
 43.4971
 36.756
 60.8276
 38.6264
 40.2244
 61.5142
 36.5513
 38.9358
 38.9358
 43.4626
 36.5924
 52.8961
 40.0999
 52.792
 38.7685
 38.7685
 50.3984
 35.6511
 53.0471
 59.2284
 37.1753
 52.6688
 62.1128
 43.9773
 43.0697
 58.8133
 29.9165
 42.7785
 33.9411
 46.2385
 37.3497
 47.9583
 36.5513
 38.4968
 42.5911
 60.663
 38.1445
 62.4179
 40.4104
 42.9418
 57.8014
 40.1248
 40.0874
 52.6118
 43.4396
 47.9375
 43.8634
 56.8155
 34.7563
 61.2209
 61.2209
 54.9636
 47.8853
 47.9062
 47.4025
 58.8982
 30.3974
 45.0444
 0
 48.5798
 27.4044
 37.4166
 0
 0
 32.7261
 41.9762
 40.9756
 41.3401
 54.7905
 40.8044
 55.4346
 40.0625
 45
 56.6833
 39.2683
 43.4166
 56.8683
 46.0977
 38.7427
 56.1783
 41.4005
 40.0625
 50.9706
 50.9804
 34.2929
 38.8716
 47.6865
 51.0196
 60.2827
 41.7013
 0
 0
 0
 27.4408
 41.4367
 41.4367
 42.9418
 37.7227
 43.589
 34.9428
 47.571
 42.4735
 47.4447
 38.9358
 38.833
 35.9722
 45.7384
 49.2341
 49.7896
 37.5766
 40.8534
 53.3479
 44.3847
 43.0233
 41.0244
 56.9473
 39.4081
 65.5286
 53.6936
 46.8295
 59.6322
 36.5513
 20.0749
 61.5711
 29.3769
 35.6371
 53.1319
 36.1525
 37.9605
 42.5558
 37.2961
 41.7971
 15.7162
 42.7434
 31.7017
 31.7017
 28.6182
 48.5798
 40.8167
 52.144
 37.3898
 48.4665
 43.5316
 0
 42.6732
 44.2832
 0
 0
 32.6803
 0
 43.4511
 35.7211
 0
 46.2925
 37.0675
 37.0675
 37.6298
 34.7994
 34.7994
 28.0713
 35.4119
 35.4119
 24.1247
 35.171
 43.1277
 41.1339
 41.1339
 35.8469
 45.7384
 45.7384
 40.025
 28.0179
 28.0179
 30.5614
 30.5614
 34.1906
 39.3954
 32.6497
 41.5933
 41.5933
 0
 0
 0
 48.3425
 48.3425
 48.3425
 0
 44.3283
 44.3283
 36.1248
 14.2829
 43.1393
 25.923
 25.923
 31.3688
 35.623
 23.0651
 36.973
 30.3315
 41.9762
 24.1247
 24.1247
 35.6791
 41.9285
 23.0434
 39.3065
 41.6413
 36.0139
 42.2256
 36.2767
 35.5949
