 19.799
 13.1149
 16.1864
 9.38083
 13.0384
 10.9545
 9.84886
 9.84886
 18.5742
 14
 18.1934
 20.6155
 16.4924
 13.9284
 11.8322
 17.0294
 19.4422
 17.4356
 20.2237
 16.5529
 15.0997
 19.1311
 16.7033
 17.6635
 17.72
 12.49
 18.9737
 12.0416
 6
 17.1756
 19.3649
 13.0384
 14.7309
 18.735
 16.8226
 19.5959
 15.9374
 16.3401
 15.8745
 15.4919
 15.4919
 14.2127
 20.0499
 16.4924
 10.3923
 18.2209
 19.4936
 17.8606
 12.49
 16.6733
 15.1327
 13.5647
 24.0416
 0
 0
 15.6525
 14.8324
 20.0499
 15.1658
 16.0312
 0
 0
 20.6398
 19.1572
 18.2483
 14.7309
 14.7309
 15.9687
 18.412
 20.2731
 21.0238
 14.3527
 20.8806
 14.8997
 15.3297
 20.8567
 9.27362
 14.7986
 20.6398
 15.6525
 15.9374
 8.12404
 0
 0
 20.8327
 23.3666
 17.8326
 17.8606
 17.8606
 0
 0
 17.9165
 22.9347
 19.0788
 16.2788
 7.34847
 0
 0
 16.6733
 19.1572
 15.906
 18.2209
 7.74597
 18.2757
 20.0749
 13.2288
 20.1494
 20.1494
 17.4356
 16.0312
 22.1585
 20.1742
 7.68115
 0
 17.2047
 19.2094
 18.6011
 20.2978
 20.2978
 17.0587
 14.7309
 19.105
 18.2209
 21.1187
 14.9666
 17.4356
 15.6525
 15.6525
 22.5167
 17.1172
 13.5647
 15.6205
 20.9045
 16.5831
 20.8327
 15.4596
 0
 0
 19.1572
 16.1245
 19.1311
 14.3178
 0
 18.9737
 18.3303
 16.7631
 17.8606
 0
 0
 20
 19.4936
 17.0587
 21
 17.4069
 16.6132
 21.4709
 22.1585
 18.1659
 21.4476
 15.4919
 20.9762
 20
 17.1464
 20.4206
 19.3649
 0
 19.9249
 21.4709
 18.412
 20.8327
 18.2209
 18.2209
 20.0499
 17.8885
 15.3623
 10.4881
 16.3707
 22.3383
 17.3494
 15.6205
 19.5959
 12.8841
 21.8174
 14.1067
 19.4422
 16.1864
 22.6274
 20.3224
 16.7332
 18.0278
 18.0278
 0
 19.7484
 18.5742
 22.7376
 17.0587
 17.0587
 21
 17.5784
 23.516
 16.6733
 16.6733
 0
 0
 22.6936
 17.2337
 23.5797
 20.8327
 12.7279
 25.5734
 20.2731
 21.7945
 21.4243
 16.1864
 12.2474
 0
 20.2978
 20.9045
 19.5704
 19.4679
 20.8327
 22.5832
 21.7025
 21.0713
 0
 0
 18.3848
 19.3649
 19.9499
 18.4391
 6.9282
 24.6982
 18.4662
 19.5448
 16.3401
 9
 23.2809
 16.8523
 16.6733
 20.2978
 0
 0
 0
 0
 21.4709
 20.1742
 15.3297
 17.8606
 11.6189
 21.1424
 20.347
 23.8537
 20.5913
 10.1489
 0
 0
 21.4009
 21.7025
 21
 23.9374
 23.9374
 0
 0
 22.7376
 21.1896
 27
 18.4391
 18.4391
 0
 0
 24.5764
 24.1868
 15.4596
 23.4307
 23.4307
 0
 0
 21.3073
 23
 21.7486
 19.2614
 0
 0
 0
 21.2603
 25.2982
 20.9523
 21
 0
 0
 0
 21.3307
 18.735
 19.3907
 22.1359
 12.0416
 12.0416
 0
 0
 0
 21.2132
 24.4131
 19.0788
 20.9045
 0
 0
 0
 26.6833
 16.6733
 18.2483
 20.199
 0
 0
 0
 17.1172
 25.5343
 18.2483
 15.4272
 0
 0
 0
 20.2485
 19.6977
 19.6723
 22.561
 0
 19.6977
 21.9089
 17.9165
 20.3715
 19.0263
 18.3576
 22.6274
 22.5832
 25.632
 26.0192
 23.7065
 15
 21.7486
 22.6274
 26.9629
 16
 0
 0
 21.1187
 21.095
 19.4165
 22.6495
 16.7033
 0
 0
 19.8746
 22.561
 21.4942
 21.7486
 15.6525
 21.5639
 22.3159
 19.6469
 22.9565
 19.799
 21.4709
 26.2869
 15.9687
 17.5214
 16.5529
 0
 23.7908
 12.4499
 17.9165
 15.9374
 15.9374
 0
 0
 20.8567
 23.5797
 17.8045
 15.6525
 10.6301
 10.6301
 0
 0
 0
 0
 21.4942
 21.7945
 19.7231
 19.6469
 11.4891
 0
 0
 24.0624
 19.6977
 22.5832
 22.1359
 22.1359
 0
 0
 21.8174
 23.8537
 16.4012
 22.891
 20.8327
 21.7256
 23.9374
 15.3297
 21.7715
 21.7025
 28.6356
 19.2873
 0
 0
 0
 21.9089
 24.1247
 22.891
 24
 22.6053
 22.2486
 24.2899
 22.2036
 19.8494
 25.2785
 18.5742
 21.9773
 24.1247
 15.9374
 25.1992
 15.4596
 12.3288
 18.0278
 21.7486
 18.6279
 22.3607
 0
 0
 21.9089
 20.9045
 16.7631
 23.2809
 0
 21.7715
 22.9347
 23.7276
 19.0526
 19.0526
 0
 0
 0
 19.7484
 23.6643
 22.7156
 24.0624
 8.83176
 0
 22.6053
 22.5832
 23.8537
 15.3623
 15.3623
 0
 22.3607
 21.7025
 24.1247
 18.6011
 18.6011
 0
 19.5448
 20.7605
 23.3238
 20.9284
 26.9258
 23.1301
 21.7945
 22.7156
 22.7156
 19.5448
 22.6495
 27.1293
 20.2978
 0
 16.3401
 26.8887
 24.2074
 15.9687
 19.6977
 22.891
 18.4662
 24.5561
 23.8956
 21.9317
 21.4942
 22.6495
 23.388
 23.1084
 22.2261
 18.2483
 19.799
 18.5742
 27.1846
 25.5343
 25.219
 15.3297
 23.4734
 24.5561
 23.4734
 26.3629
 19.105
 25.04
 21.6795
 20.5913
 19.4936
 24.8797
 25.593
 21
 24.7184
 21.5639
 24.3516
 27.8029
 17.1172
 21.4009
 23.4947
 25.219
 17.4929
 14.9332
 26.4008
 17.8606
 24.2281
 19.0263
 20.2978
 25.7682
 22.9347
 23.1517
 24.5357
 22.1133
 23.1084
 23.4307
 20.1742
 28.0179
 21.7715
 16.8226
 26.2488
 16.3095
 14.8997
 26.1725
 27
 17.8045
 25.219
 24.2693
 25.0799
 23.9165
 23.5797
 21.4942
 23.8118
 23.8328
 24.1039
 26
 27.8209
 20.3961
 20.025
 29.1376
 26.096
 27.8029
 14.8324
 18.1384
 24.3311
 27.074
 20
 19.105
 23.9165
 27.5136
 22.4499
 21.5407
 24.779
 24.6171
 22.9129
 24.0208
 21.166
 24.5153
 21.9545
 27.7489
 26.533
 13.0384
 25.4558
 20.5913
 23.4947
 25.2587
 17.088
 15.4596
 22.5167
 22.2486
 19.5192
 27.2397
 22.1585
 23.388
 24.3516
 24.5357
 23.9165
 23.4947
 20.3715
 19.8242
 28.0179
 29.1204
 16.7332
 15.3297
 24.8998
 28.8791
 17.1172
 18.0278
 23.6008
 22.4277
 24.0832
 25.219
 23.8537
 24.6171
 24.8596
 25.807
 28.3901
 26.096
 19.8494
 23.4094
 26.7021
 25.9037
 16.2481
 26.4197
 27.7128
 13.1909
 25.219
 22.8035
 22.3159
 20.2978
 22.2486
 25.02
 23.7908
 21.2132
 24.5357
 24.1454
 19.7484
 22.7376
 20.4206
 26.4386
 26.1151
 15.3623
 24.6779
 19.0526
 27.7308
 25.219
 16.6733
 17.3494
 28.4253
 23.6854
 20.9045
 19.1311
 27.7669
 25.2982
 25.04
 22.7156
 22.9347
 21.0476
 25.6515
 26.9444
 25.7294
 26.096
 17.4069
 27.8209
 27.1662
 11.1355
 23.516
 24.5967
 24.454
 20.9523
 24.6982
 23.4521
 24.7992
 23.4094
 21.6333
 20.8806
 18.1108
 28.0357
 14.7648
 26.096
 14.8324
 16.4924
 25.318
 19.6469
 20.6882
 26.4008
 20.025
 24.0208
 0
 20.9284
 22.1133
 26.0576
 22.0227
 28.0535
 17.9165
 29.1033
 23.5372
 11.225
 23.3238
 15.9374
 22.6716
 25.8263
 22.3159
 22.6936
 19.1833
 24.779
 20.0749
 22.8254
 21.7256
 15.6525
 29.5804
 19.2614
 13.2665
 26.3059
 19.6469
 17.3205
 13.6748
 25.6515
 24.1454
 19.6214
 24.5561
 23.3452
 25.3574
 27.6225
 23.7487
 20.2978
 28.3019
 28.3373
 13.8924
 26.9629
 24.8998
 11.4455
 25.4165
 24.6577
 18.0831
 26.0576
 20.2731
 20.9045
 23.8747
 14.7986
 21.8174
 18.3848
 25.4755
 15.5885
 27.9106
 16.5227
 18.2757
 27.7308
 22.0907
 18.412
 19.7231
 24.8395
 26.6083
 21
 28.3901
 20.4695
 28.9137
 14.8997
 27.2947
 27.8029
 13.8564
 26.0768
 9.32738
 27
 18.3576
 25.807
 26.8887
 19.8494
 23.6008
 20.2731
 24.0416
 18.1934
 18.1934
 26.1534
 16.4317
 19.799
 28.2843
 19.9499
 16.4924
 26.9444
 21.4942
 17.2916
 17.2916
 20.8327
 22.6936
 25.807
 20.3224
 26.7955
 22.1133
 22.1133
 26.9072
 20.8567
 27.9464
 27.9106
 16.7033
 27.2764
 27.8388
 13.0384
 24.5764
 26.0768
 22.9129
 15.5563
 16.4317
 24.5561
 20.5183
 23.1517
 16.7929
 16.8523
 14.7648
 27.6043
 18.2209
 28.0535
 18.7617
 16
 27.4773
 20.4939
 19.2354
 28.6531
 18.0555
 22.2711
 22.9565
 26.6646
 19.5448
 26.3818
 16
 27.2397
 26.1916
 24.1454
 14.7648
 24.2693
 22.1585
 12.2066
 0
 21.0238
 17.5499
 20.025
 20.025
 0
 23.2594
 21
 19.1833
 16.4621
 22.9347
 16.4924
 20.199
 18.6279
 20.9523
 22.2935
 20
 20.8087
 21.4476
 19.8494
 21.1424
 25.02
 21.4942
 17.1464
 26.8701
 26.2679
 16.7929
 17.3781
 28.4605
 19.5192
 25.2785
 22.1585
 22.1585
 22.1585
 22.2036
 23.1301
 15.1658
 15.1658
 25.923
 16.6733
 17.8885
 22.891
 14.9666
 16.2788
 18.3848
 19.9499
 18.3848
 18.3303
 17.2047
 21.3542
 17.3205
 19.4422
 19.975
 21.3542
 15.9687
 18.1384
 16.3401
 27.8388
 20.9523
 16.3095
 26
 19.3132
 27.1477
 14.0357
 19.5192
 26.5895
 20.664
 14.4568
 29.2233
 15.8114
 19.6977
 19.8242
 16.0624
 16.4317
 14.1067
 21.1187
 21.9773
 18.2209
 23.5797
 20.4939
 20
 22.561
 18.1384
 22.561
 16.4012
 16.4012
 26.5895
 21.0238
 0
 25.5734
 17.5499
 17.5499
 18.3576
 15.8745
 15.8745
 17.4356
 20.1742
 13.4907
 20.1742
 17.8606
 14
 19.2614
 19.1311
 12.4499
 22.1133
 21
 18.2757
 16.9411
 22.5832
 15.1327
 19.0526
 26.9258
 17.9444
 22.1811
 26.7582
 19.2873
 24.1454
 23.4521
 18.412
 20.445
 10.4403
 10.4403
 10.4403
 16
 20.0749
 16.5831
 15.6205
 15.6205
 0
 17.2627
 17.2627
 13.8924
 19.3907
 13.2288
 20.8806
 18.412
 13.1909
 19.0263
 18.412
 21.3542
 13.6382
 18.6548
 18.4662
 19.6214
 23.3238
 17.9165
 17.8606
 23.388
 20.2978
 23.2379
 21.9545
 18.7617
 18.3848
