 17.1464
 13.1149
 15.9687
 15.7797
 18.3303
 15.9687
 13.8924
 13.6382
 22.1359
 15.8745
 25.1396
 26.9258
 22.7376
 18.6279
 21.4709
 20.445
 18.2757
 26.1343
 16.4621
 24.454
 16.2481
 26.0768
 11.2694
 21.9545
 25.3377
 15.6525
 20.5913
 21.9773
 13.8564
 18.6279
 22.561
 25.3377
 16.5227
 21.7256
 21.1424
 21.1424
 20.8327
 21.2368
 24.0416
 17.3494
 19.4679
 20.567
 27.8029
 27.8029
 27.8029
 22.7816
 21.0476
 21.0476
 17.72
 22.7816
 21.7486
 18.5203
 18.5203
 0
 0
 23.3666
 22.2036
 22.4944
 18.1384
 18.1384
 0
 0
 27.4591
 26.0576
 26.0192
 13.7113
 0
 16.7631
 23.8328
 28
 30.5287
 30.5287
 22.561
 22.1359
 18.5472
 28.1603
 28.1603
 20.1742
 26.1151
 24.8998
 22.1811
 8.12404
 0
 0
 24.4336
 23.388
 24.5561
 28.3373
 0
 0
 0
 18.7617
 20.5913
 26.0576
 21.9773
 21.9773
 0
 0
 19.975
 26.096
 21.6795
 17.5499
 17.5499
 21.4709
 23.8328
 15.1987
 25.219
 0
 0
 20.2731
 28.3373
 25.9808
 25.9808
 25.9808
 20.6882
 20.6398
 24.7588
 22.9347
 0
 25.0799
 22.383
 20.8327
 20.8327
 29.5466
 21.7945
 22.8035
 16.7332
 0
 27.7669
 22.1359
 18.6011
 25.1992
 22.3383
 17.3781
 27.8568
 17.8326
 0
 0
 26.533
 19.2614
 23.4734
 20.9523
 0
 20.6882
 26.9629
 17.72
 23.1301
 0
 0
 26.9629
 25.5734
 18.7083
 21.1424
 21.7256
 20.8327
 25.7099
 31.8591
 18.9737
 23.8956
 23.7065
 24.3721
 24.3721
 24.8797
 22.1133
 25.1992
 25.1992
 19.7484
 30.315
 23.6008
 25.1595
 25.1595
 25.1595
 27.3861
 17.5784
 22.9565
 22.9565
 22.9129
 27.8209
 22.9129
 17.1172
 24.8395
 24.8395
 24.0416
 18.6815
 28.5832
 17.9165
 26.0576
 28.7054
 22.2711
 20.6398
 0
 0
 23.388
 27.8568
 26.7955
 23.4094
 23.4094
 30.3809
 21.1424
 27.1662
 23.4734
 23.4734
 0
 0
 29.5296
 20.3224
 19.1833
 26.0576
 26.0576
 25.8844
 22.6053
 24.8998
 23.1733
 20
 20
 0
 21.2368
 21.7256
 21.8632
 24.5764
 22.0907
 27.8029
 24.4745
 28.8617
 0
 0
 22.2486
 20.9284
 28.2666
 22.2935
 22.2935
 28.6705
 22.7156
 22.7376
 20.9284
 20.9284
 27.4226
 20.9284
 19.975
 24.6779
 0
 0
 0
 0
 23.4734
 28.4956
 22.2261
 22.7816
 22.7816
 25.0599
 27.6948
 30.8058
 29.5466
 29.5466
 0
 0
 27.1662
 30.3974
 28.7576
 31.3209
 0
 0
 0
 31.0322
 27.6406
 33.9264
 25.807
 0
 0
 0
 27.313
 25.219
 19.6977
 27.8029
 0
 0
 0
 21.8632
 26.1151
 26.4008
 26.0768
 0
 0
 0
 25.1794
 28.3019
 28.5832
 26.096
 0
 0
 0
 23.7065
 26.6646
 25.04
 27.258
 27.258
 0
 0
 0
 0
 31.4643
 31.5911
 27.6586
 24.5967
 0
 0
 0
 32.9545
 24.8596
 27.9643
 31.5278
 0
 0
 0
 25.2982
 28.6531
 25.671
 24.1039
 0
 0
 0
 29.4958
 28.2843
 29.4788
 27.2764
 0
 27.7308
 31.6228
 25.2982
 28.5307
 27.6406
 27.4408
 32.3265
 31.1448
 28.7054
 29.7489
 32.665
 22.9565
 27.1846
 28.688
 29.7489
 24.6779
 0
 0
 28.0179
 26.9444
 28.0179
 26.3818
 26.3818
 0
 0
 28.4253
 31.0966
 31.1127
 25.04
 24.8998
 30.9354
 30.7734
 29.4449
 27.6043
 23.3238
 28.3373
 33.2114
 25.7682
 26.4197
 19.0263
 0
 28.775
 21.4709
 26.0384
 25.0799
 25.0799
 0
 0
 30.6757
 30.7571
 28.8964
 24.1661
 24.1661
 24.1661
 0
 0
 0
 0
 30.7083
 31.1929
 28.2312
 27.2764
 27.2764
 0
 0
 33.4963
 28.2666
 32.2955
 30.7409
 0
 0
 0
 29.4109
 30.3315
 24.5764
 32.1559
 26.1343
 27.2213
 34.7419
 25.9037
 26.4764
 26.4386
 34.1174
 29.4958
 0
 0
 0
 29.5804
 32.3265
 34.7563
 26.9072
 33.7787
 32.2955
 27.4408
 33.4664
 28.0179
 34.3657
 26.5141
 26.4764
 32.5883
 24.5764
 32.9393
 24.5561
 24.5561
 27.8209
 30.7246
 29.0345
 28.3725
 0
 0
 31.6702
 32
 28.3549
 28.5482
 0
 30.2985
 31.496
 33.7639
 29.2062
 29.2062
 0
 0
 0
 27.5862
 32.249
 33.3017
 32.6497
 32.6497
 0
 28.8964
 29.1548
 35.3129
 25.9422
 0
 0
 30.7083
 28.0713
 35.242
 28.8964
 0
 0
 28
 32.0624
 32.1248
 30.692
 32.8481
 34.2199
 33.0454
 33.2716
 0
 29.9165
 27.8209
 35.1568
 29.2062
 0
 24.9399
 34.1028
 29.8664
 24.1868
 26.0768
 30.249
 31.0966
 29.4788
 32.5576
 33.8526
 31.6228
 34.5688
 34.4819
 32.5576
 31.9687
 30.2985
 27.6586
 31.305
 36.2077
 32.3419
 28.6356
 25.5343
 31.5119
 34.5977
 27.7308
 36.8917
 30.7896
 32.5576
 29.5127
 32.3419
 31.3847
 32.573
 35.9722
 32.5269
 33.4515
 32.6037
 29.4958
 36.5377
 29.1376
 31.1127
 28.8964
 32.7261
 25.5539
 24.4949
 31.9374
 27.4955
 30.348
 26.8142
 33.2716
 33.8969
 32.5115
 32.5423
 34.5688
 31.3209
 33.7639
 31.8904
 28.7924
 36.9053
 32.1714
 27.4773
 32.4346
 27.5681
 22.6936
 33.8674
 34.2929
 28.5132
 29.1033
 34.2199
 33.8378
 35.0999
 34.4819
 25.8457
 32.8329
 35.1426
 35.3553
 38.7169
 36.5513
 30.9354
 29.189
 40.3237
 33.3017
 34.9285
 24.7184
 28.3901
 28.8964
 34.5543
 29.1719
 31.0644
 32.8177
 32.573
 35.609
 30.1828
 33.8083
 34.0441
 33.8231
 34.5109
 33
 33.5708
 31.1127
 37.7757
 30.6757
 24.0624
 31.0966
 29.6816
 29.9666
 33.9706
 26.096
 26.2488
 27.5862
 32.573
 28.8964
 35.6511
 33.8083
 33.4664
 36.2767
 33.4515
 35.6511
 37.0675
 33.5112
 29.9833
 35.9722
 39.5348
 24.2074
 23.0651
 33.0454
 35.7211
 25.219
 27.9643
 35.1141
 31.6544
 32.5423
 28.6531
 34.5832
 31.5278
 35.327
 35.0428
 37.855
 34.1906
 30.7246
 34.6121
 31.8748
 35.1568
 24.0416
 33.4066
 33.9853
 22.1811
 30.1993
 33.3167
 26.4953
 32.187
 33.3766
 31.3688
 34.6266
 32.2335
 33.4664
 32.8024
 30.8221
 35.0856
 29.6985
 38.0526
 35.7911
 23.8956
 35.1994
 28.775
 37.4299
 33.541
 26.4953
 24.6982
 37.7624
 33.121
 31.3847
 27.1477
 33.7787
 35.6931
 35.0571
 32.619
 34.2345
 33.2716
 36.1248
 32.6956
 34.2199
 34.0588
 29.1548
 29.1548
 35.7211
 19.8242
 30.348
 33.3916
 30.5778
 31.7805
 30.7083
 37.4032
 34.8999
 36.9053
 33.9853
 30.7734
 28.0179
 36.3043
 24.2074
 33.8083
 24.4949
 25.0599
 33.2566
 30.8221
 29.2062
 33.9411
 30.249
 36.2767
 0
 31.9844
 32.665
 36.6606
 32.3265
 34.6554
 29.1204
 38.8716
 31.3369
 21.7486
 33
 26.0576
 28.9137
 35.426
 31.0966
 35.6511
 33.1964
 35.1283
 30.348
 33.541
 33.0303
 25.2785
 36.0139
 27.7849
 22.1585
 32.7567
 31.4166
 26.8328
 26.8328
 34.2345
 35.7351
 29.4958
 34.7275
 33.8526
 35.2987
 35.819
 34.2783
 29.1719
 36.318
 37.3095
 22.3383
 34.7707
 34.2345
 22.561
 33.7787
 35.171
 28.9137
 37.3898
 34.5543
 33.8674
 36.8917
 27.5862
 33.7639
 27.7489
 35.0286
 25.6905
 36.2629
 25.3377
 31.8119
 35.8887
 37.47
 28
 31.9061
 37.51
 37.4833
 32.7109
 35.6511
 32.5423
 37.8153
 27.2213
 36.6879
 34.7131
 22.1133
 37.1753
 37.1753
 35.819
 29.1376
 36.3868
 36.5513
 35.6651
 34.3366
 36.2491
 39.2683
 28.8271
 0
 38.6005
 24.3516
 29.9333
 36.9324
 26.9629
 26.4197
 35.3412
 36.3456
 26.8142
 0
 35.609
 35.0999
 35.9026
 34.7994
 37.6165
 36.1663
 36.1663
 39.7618
 35.171
 36.8917
 36.0694
 27.1846
 37.0675
 36.6333
 23.6432
 36.8646
 34.6699
 36.524
 29.2404
 27.1846
 38.7814
 31.3528
 37.4967
 32.0312
 24.8797
 24.7184
 38.4578
 29.1548
 38.092
 31.4802
 25.5539
 38.5746
 35.805
 30.5941
 41.1704
 30.1164
 35.0856
 38.7556
 36.9594
 34.2053
 40.0125
 29.6479
 39.3065
 36.0416
 37.0405
 26.9629
 35.5387
 38.3145
 26.5141
 26.5141
 33.8969
 30.8221
 35.6931
 0
 0
 36.1386
 34.7563
 25.5734
 27.258
 35.2704
 26.3629
 28.7924
 34.2345
 29.2575
 32.7872
 35.8329
 30
 32.1248
 33.2265
 31.607
 36.8511
 36.0139
 29.5973
 43.2551
 37.7624
 31.8904
 31.6228
 38.223
 30.133
 35.4965
 34.6554
 34.6554
 34.6554
 32.2025
 36.7967
 27.313
 27.313
 40.9756
 27.4408
 31.5911
 34.9285
 29.8831
 23.516
 25.923
 29.0861
 29.5466
 33.5559
 28.3196
 24.5561
 29.4618
 35.1994
 29.5466
 35.4542
 28.4956
 30.282
 28.8964
 38.9358
 34.5109
 30.6757
 40.9512
 27.4955
 36.3043
 26.5141
 27.8029
 37.6431
 34.7131
 20.025
 46.6369
 28.3019
 33.2114
 23.4521
 27.7669
 25.8457
 22.2935
 27.5681
 36.3868
 24.2693
 39.3319
 35.6931
 29.95
 34.2491
 29.8831
 34.4384
 30.1496
 30.1496
 37.2827
 35.9583
 35.9583
 37.921
 34.9714
 34.9714
 30.8383
 28.8964
 28.8964
 31.4484
 25.4165
 25.318
 25.5343
 30.7246
 24.5561
 26.096
 28.0357
 22.6936
 33.9411
 31.6702
 27.2029
 26.8514
 31.1288
 27.0924
 32.3574
 35.0143
 28.8964
 34.8999
 33.7935
 29.4109
 37.0405
 31.3847
 31.5119
 33.4813
 18.5742
 18.5742
 18.5742
 28.7228
 33.9117
 30.8383
 29.5466
 29.5466
 29.5466
 24.8395
 24.8395
 28.1425
 26.7395
 25.5734
 30.7409
 28.4253
 22.2711
 33.0606
 26.9444
 32.7872
 24.3516
 24.2899
 28.4956
 28.8444
 32.5883
 25.0599
 30.2655
 34.2637
 33.4365
 35.4683
 32.218
 29.189
 32.8634
