 35.0428
 36.8646
 26.4008
 13.5647
 12.8841
 29.3769
 26.4197
 22.7376
 34.2053
 34.2053
 25.1794
 34.641
 36.3043
 27.5681
 24.5153
 29.189
 31.305
 24.6779
 32.7414
 26.5707
 29.0861
 28.3019
 25.2587
 25.2587
 37.5233
 17.9444
 17.9444
 21.5639
 22.4944
 16.8226
 26.8514
 19.0788
 18.2483
 31.305
 18.3576
 33.8231
 20.1494
 16.7033
 28.9655
 27.9821
 28.8271
 27.6225
 33.5559
 31.1448
 22.5832
 29.95
 33.8526
 27.1846
 27.1846
 29.9333
 29.9333
 17.5784
 43.566
 0
 0
 24.1868
 24.1868
 32.2955
 31.4643
 36.2491
 0
 0
 37.3898
 34.4674
 26.9444
 20.2731
 20.2731
 26.9258
 22.5389
 34.5688
 34.9428
 10.3923
 34.4093
 20.6155
 17.8606
 34.9285
 8.66025
 28.6531
 38.4838
 20.664
 25.3377
 8.66025
 0
 0
 35.4683
 36.2629
 20.5426
 21.3307
 21.3307
 0
 0
 30.8545
 45.0666
 31.273
 24.8998
 9.53939
 0
 0
 25.5147
 33.5708
 25.7876
 34.5688
 34.5688
 34.6121
 36.4966
 24.5357
 35.0143
 0
 30.2324
 30.2324
 37.4166
 31.4484
 31.4484
 0
 19.1311
 39.0256
 23.3238
 34.3511
 0
 30.1993
 27.2397
 30.6757
 34.0734
 34.9285
 22.7816
 22.7816
 22.7816
 0
 38.0789
 17.8045
 18.2483
 26.9444
 36.3456
 23.4947
 33.7343
 19.5448
 0
 0
 29.5635
 19.1572
 37.6298
 19.8242
 0
 32.3574
 24.8395
 30.5123
 25.02
 0
 0
 33.2716
 28.8444
 26.4575
 37.6563
 29.4958
 22.8692
 33.3916
 36
 31.5753
 30.8058
 30.8058
 39.7744
 30.8545
 23.4734
 33.4066
 33.5261
 0
 33.0606
 33.5261
 27.9821
 35.1852
 34.9857
 0
 34.4529
 27.8568
 27.7128
 23.2164
 19.0526
 36.0139
 17.2047
 16.6733
 16.6733
 20.6155
 36
 20.2731
 27.8388
 27.8388
 38.1576
 33.7491
 33.7491
 33.7491
 0
 0
 36.1525
 25.2785
 35.819
 24.1247
 0
 36.3318
 33.8526
 34.7994
 29.1548
 0
 0
 0
 37.8682
 22.3159
 41.1825
 30.2159
 18.6548
 18.6548
 31.1609
 30.5287
 40.4104
 23.4094
 17.5784
 0
 34.7707
 38.2492
 30.7409
 24.3311
 38.5227
 37.054
 38.9102
 31.8904
 0
 0
 29.5466
 32.9697
 37.5633
 26.9444
 26.9444
 26.9444
 18.2483
 26.0576
 27.258
 27.258
 36
 15.9374
 24.6374
 24.6374
 24.6374
 0
 0
 0
 34.8138
 28.4956
 28.4956
 28.4956
 28.4956
 37.4967
 22.2486
 32.3265
 27.7489
 15.3948
 0
 0
 36.2905
 31.9374
 29.189
 33.1059
 0
 0
 0
 35.3695
 28.7576
 41.5692
 41.5692
 0
 0
 0
 34.0734
 37.1618
 28
 34.0441
 0
 0
 0
 37.1349
 32.6037
 40.8901
 40.8901
 0
 0
 0
 37.9342
 35.1426
 28.0179
 39.3573
 0
 0
 0
 41.3038
 32.3419
 35.819
 32.6343
 13.8924
 0
 0
 0
 0
 25.2389
 38.5357
 26.0768
 28.7402
 0
 0
 0
 42.3202
 19.1311
 26.5707
 29.1719
 0
 0
 0
 13.0384
 44.2945
 29.4449
 24.6779
 0
 0
 0
 31.8591
 21.7025
 23.6008
 40.9268
 0
 24.4745
 30.7409
 37.3363
 26.1534
 28.4781
 31.1288
 35.2136
 30.4467
 37.3765
 35.8608
 37.3765
 25.6905
 38.0132
 35.6371
 40.9268
 29.9833
 0
 0
 33.1361
 38.7814
 26.6083
 39.3446
 15.3948
 0
 0
 38.1576
 35.4542
 35.7771
 38.2361
 16.7033
 23.6854
 35.6791
 25.9808
 44.4072
 19
 33.4216
 42.1307
 19.2873
 19.2873
 17.8326
 0
 38.6652
 22.7816
 26.4953
 26.4953
 0
 0
 0
 23.6008
 44
 18.735
 25.9037
 25.9037
 25.9037
 0
 0
 0
 0
 26.1534
 31.9218
 31.3369
 40.1373
 14.4914
 0
 0
 33.8674
 30.5614
 33.0303
 26.8514
 26.8514
 0
 0
 33.9559
 40.7554
 40.7554
 31.496
 32.218
 41.4005
 36.5377
 36.5377
 33.0454
 37.5899
 42.6497
 42.6497
 0
 0
 0
 36.1663
 37.3497
 34.7419
 37.0135
 35.5387
 26.0768
 39.37
 28.0535
 20.9762
 39.1024
 22.2036
 45.4863
 36.7831
 36.7831
 40.0749
 23.3238
 2
 18.3303
 20.8327
 22.9347
 41.0974
 0
 0
 32.6343
 28.3725
 28.3725
 39.3954
 0
 34.1321
 31.273
 35.1852
 26.2869
 26.2869
 0
 0
 0
 27.9821
 35.7211
 29.3087
 36.5787
 4.24264
 0
 39.9124
 35.6651
 33.8821
 33.8821
 0
 0
 35.0286
 41.509
 34.7563
 31.273
 0
 0
 40.4228
 29.9666
 36.6197
 35.7071
 45.5631
 22.7816
 33.0606
 32.1092
 0
 18.0831
 51.1468
 41.8688
 24.5764
 0
 18.5472
 43.6234
 45.6289
 45.6289
 23.7908
 38.2623
 38.2623
 43.4051
 29.1204
 31.6228
 44.0341
 31.3209
 30.8869
 36.4829
 30.5778
 24.8395
 24.8395
 29.1376
 39.5348
 39.281
 40.3361
 40.3361
 37.3765
 34.4674
 39.8873
 31.4006
 31.4006
 34.8999
 37.1349
 35.171
 30.1828
 36.2905
 37.6165
 24.4949
 41.0853
 31.9531
 42.8719
 42.0951
 42.0951
 23.1517
 45.1774
 42.5793
 42.5793
 22.7156
 40.8167
 17.6068
 44.6878
 44.6878
 32.6343
 47.5184
 43.7035
 21.5639
 33.9117
 36.2767
 27.3679
 28.6531
 22.561
 39.4588
 33.8969
 24.5967
 39.1408
 25.807
 25.807
 40.8779
 39.4462
 28.7402
 42.1545
 42.1545
 34.1174
 26.1916
 31.1288
 38.2099
 38.1445
 38.5357
 23.8537
 35.5809
 42.1426
 21.7715
 18.6279
 44.8776
 43.5431
 47.8748
 47.8748
 21.0238
 45.8476
 42.5676
 19.7737
 19.7737
 48.6621
 49.7594
 29.6816
 22.2261
 41.4849
 46.4112
 30.4631
 27.1846
 24.5357
 37.3765
 27.4226
 40.1123
 40.8779
 40.8779
 37.7624
 20.8567
 41.7852
 37.1887
 37.1887
 24.3516
 40.4475
 28.0891
 25.5147
 37.7094
 29.7153
 39.6863
 36.647
 22.5389
 38.0132
 33.8083
 24.5357
 20.567
 47.3181
 43.5086
 10.1489
 10.1489
 43.9318
 45.4092
 45.4092
 45.4092
 30.282
 18.7083
 40.1248
 36.565
 34.7131
 46.7119
 26.8887
 43.4281
 40.5586
 40.5586
 28.688
 34.7851
 39.5727
 29.5635
 29.5635
 40.8289
 39.6106
 22.6936
 42.4264
 19.8746
 38.1707
 38.1707
 20.2237
 35.6371
 38.4057
 38.4057
 25.02
 39.6358
 25.671
 24.2281
 15.906
 38.7427
 42.5676
 42.5676
 42.5676
 14.7648
 37.51
 45.2769
 45.2769
 45.2769
 42.9069
 39.37
 23.2809
 21.4709
 47.7808
 34.322
 44.0341
 26.1534
 33.2265
 30.4138
 37.3631
 56.4889
 39.5854
 42.5441
 31.0483
 48.1768
 39.8497
 39.8497
 43.7035
 34.8138
 43.1277
 22.2486
 42.7902
 31.9531
 23.8956
 36.2767
 30.7734
 20.9284
 22.6053
 44.3283
 44.3283
 46.1194
 46.1194
 46.1194
 40.0125
 40.0125
 40.0125
 46.3789
 20.6398
 28.8791
 0
 27.9106
 34.1321
 36.318
 38.3145
 40.7431
 40.7431
 42.0238
 44.4185
 44.4185
 36.4417
 36.4417
 42.0714
 25.5147
 39.0256
 39.0256
 30.2985
 35.4683
 35.4683
 40.4228
 13.9284
 13.9284
 49.6588
 23.9374
 23.9374
 44.441
 44.441
 22.383
 22.383
 47.5395
 29
 21.4476
 40.8044
 28.9655
 35.2136
 42.2966
 37.6165
 37.6165
 48.0104
 41.4488
 41.4488
 44.6542
 36.8782
 36.8782
 43
 28.8271
 28.8271
 40.9756
 30.6594
 30.6594
 33.9706
 33.9706
 19.3907
 17.088
 47.0213
 47.0213
 48.2494
 20.347
 20.347
 47.8017
 25.5343
 25.5343
 21.9545
 37.3631
 44.8665
 31.289
 38.7685
 34.3802
 49.5782
 49.5782
 40.9878
 47.7598
 47.7598
 37.7359
 37.7359
 42.7785
 42.7785
 35.1426
 41.6893
 21.3307
 21.3307
 32.0156
 24.2074
 24.2074
 0
 48.7134
 48.7134
 48.7134
 48.4045
 19.0788
 13.0767
 43.7607
 46.1952
 46.1952
 46.1952
 34
 15.6205
 45.5192
 34.4529
 38.5487
 27.1477
 27.1477
 43.4396
 43.4396
 43.4051
 46.0977
 18.0831
 37.3497
 44.3058
 44.3058
 34.7275
 43.3013
 43.3013
 13.9284
 13.9284
 29.5296
 29.5296
 39.1918
 14
 14
 14
 48.0208
 20.025
 47.7284
 47.7284
 16.2788
 41.6173
 23.0217
 23.0217
 42.6849
 19.2354
 36.5787
 41.9285
 41.9285
 41.9285
 47.244
 47.244
 40.9268
 54.9909
 29.6479
 29.6479
 47.2335
 28.3725
 28.3725
 0
 36.1386
 20.9762
 20.9762
 0
 0
 19.4936
 24.8797
 24.8797
 6.48074
 47.833
 47.833
 35.1852
 35.1852
 35.1852
 37.9605
 18.3848
 15.6525
 58.5577
 29.6311
 29.6311
 44.7437
 27.8209
 18.2483
 48.621
 43.5546
 27.1662
 27.1662
 74.8465
 74.8465
 44.5646
 36.9188
 0
 0
 49.8297
 14.3875
 14.3875
 14.3875
 14.3875
 14.3875
 14.3875
 20
 44.7325
 44.7325
 32.3265
 32.3265
 32.3265
 19.799
 29.5466
 29.5466
 29.5466
 18.735
 18.735
 41.1096
 24.3721
 24.3721
 24.3721
 42.6615
 42.6615
 42.6615
 43.8406
 43.8406
 43.9773
 15.9687
 15.9687
 15.9687
 15.9687
 15.9687
 53.7215
 12.6491
 29.3087
 35.0143
 22.5389
 22.5389
 22.5389
 22.5389
 22.5389
 34
 34
 34.8281
 34.9857
 40.694
 40.694
 40.694
 33.7639
 0
 0
 0
 0
 45.3211
 45.3211
 0
 44.0681
 44.0681
 0
 26.3439
 26.3439
 26.3439
 26.4008
 25.6515
 25.6515
 11.4018
 21.1424
 21.1424
 21.1424
 45.8803
 45.8803
 45.8803
 45.8803
 45.8803
 36.6333
 50.1697
 50.1697
 50.1697
 50.1697
 50.1697
 50.1697
 50.1697
 50.1697
 50.1697
 22.0227
 22.0227
 0
 0
 0
 24.4949
 3.4641
 0
 0
 0
 0
 0
 0
 0
 15.5242
 15.5242
 16.0935
 16.0935
 16.0935
 16.0935
 10.8167
 14.4914
 14.4914
 14.4914
 14.4914
 14.4914
 14.9332
 38.1576
 38.1576
 38.1576
 36.7696
 36.7696
 36.7696
