 18.3576
 0
 17.5214
 17.5214
 21.0238
 17.088
 16.4924
 17.8045
 24.0832
 18.5742
 25.1396
 25.1396
 23.4521
 19.7737
 19.7737
 22.8254
 19.8242
 19.8242
 18.8944
 25.2982
 25.2982
 25.2982
 14.7309
 22.2935
 27
 16.6733
 23.1301
 23.1301
 23.1301
 21.166
 24.2074
 25.5734
 20.025
 22.5832
 22.561
 22.561
 22.6053
 22.6053
 24.0624
 24.0624
 24.0624
 20.6882
 27.8029
 27.8029
 27.8029
 27.8029
 22.9347
 22.9347
 22.9347
 22.9347
 21.8403
 20.347
 20.347
 0
 0
 24.4131
 24.4131
 24.8395
 24.8395
 24.8395
 0
 0
 28.4077
 27.037
 27.037
 27.037
 0
 17.1172
 24.5764
 28.6007
 28.6007
 28.6007
 23.3452
 23.3452
 21.166
 28.4605
 28.4605
 21.1896
 25.7294
 28.1957
 26.1343
 26.1343
 0
 0
 26.2869
 26.3439
 25.5147
 30.6757
 0
 0
 0
 22.1585
 22.1359
 26.8887
 26.8887
 26.8887
 0
 0
 23.1301
 26.9444
 21.9545
 17.5784
 17.5784
 23.6432
 27.3679
 16.8523
 26.0192
 0
 0
 22.2261
 22.2261
 26.8142
 26.8142
 26.8142
 26.8142
 22.9783
 25.3377
 22.2486
 0
 26.1343
 23.622
 22.5832
 22.5832
 31.257
 31.257
 23.8747
 17.1172
 0
 28.4605
 24.2693
 21.2838
 21.2838
 23.0217
 25.7682
 25.7682
 19.975
 0
 0
 27.2213
 19.5448
 25.219
 21.8174
 0
 22.5832
 27.8029
 20.9762
 24.1661
 0
 0
 28.688
 27.4044
 20.664
 23.1517
 22.8473
 22.0681
 27.2764
 27.2764
 21.1187
 26.1534
 24.4336
 24.4336
 24.4336
 26.0384
 22.8692
 22.8692
 22.8692
 20.9045
 31.3847
 24.1247
 26.0576
 26.0576
 26.0576
 28.4429
 19.7484
 19.7484
 19.7484
 24.1454
 28.7228
 28.7228
 20.2731
 27.258
 27.258
 26.6083
 21.0238
 21.0238
 21.4243
 28.6531
 29.7321
 23.4307
 22.5832
 0
 0
 25.0599
 29.6479
 29.7153
 24.4336
 0
 0
 23.8747
 29.0172
 23.516
 23.516
 0
 0
 30.4302
 23.388
 21.7025
 27.037
 27.037
 27.037
 23.4734
 28.0179
 23.8328
 22.2036
 22.2036
 0
 22.6936
 24.3311
 22.6936
 27.5862
 22.561
 28.7576
 25.7294
 29.9165
 0
 0
 24.2281
 22.5167
 28.6705
 23.4947
 23.4947
 30.4138
 23.9583
 26.9815
 21.4942
 21.4942
 28.1247
 22.8035
 22.9347
 26.5707
 0
 0
 0
 0
 26.0576
 28.5307
 24.6577
 25.1794
 25.1794
 26.9629
 30.348
 31.3688
 31.0644
 31.0644
 0
 0
 29.1033
 31.8748
 31.0966
 32.2955
 0
 0
 0
 31.6702
 29.5973
 34.9714
 27.0555
 0
 0
 0
 31
 26.9629
 22.1359
 28.8791
 0
 0
 0
 22.6053
 27.9285
 26.7955
 28.4253
 0
 0
 0
 25.1794
 30.8221
 29.6648
 26.4197
 0
 0
 0
 26.7582
 28.3901
 26.7395
 30.8707
 30.8707
 0
 0
 0
 0
 34.2637
 33.9117
 29.6142
 26.4764
 0
 0
 0
 33.8231
 26.0768
 28.775
 32.0312
 0
 0
 0
 26.9444
 31.289
 27.2029
 25.2982
 0
 0
 0
 31.3369
 30.1164
 30.7409
 30.133
 0
 29.5296
 32.8634
 26.4197
 29.6311
 29.4449
 28.0179
 32.8481
 33.5112
 29.1548
 32.6956
 33.8378
 24.1868
 28.2843
 29.95
 31.0966
 25.9037
 0
 0
 29.1376
 28.3901
 30.7246
 27.4044
 27.4044
 0
 0
 28.9482
 33.3617
 34.5977
 27.1662
 25.7294
 34.2199
 32.619
 30.133
 29.6648
 25.3969
 30.1496
 34.5977
 27.2947
 29.1204
 20.8567
 0
 30.6757
 24.1454
 28.3725
 26.5518
 0
 0
 0
 32.5883
 32.4037
 32.0156
 27.4226
 27.4226
 27.4226
 0
 0
 0
 0
 31.9374
 33.2716
 30.4631
 29.5466
 29.5466
 0
 0
 34.5977
 31.4166
 34.4384
 32.5423
 0
 0
 0
 30.7896
 31.0966
 27.9821
 33.3766
 28.0713
 28.5657
 36.2077
 27.1109
 30.2985
 27.2764
 35.6931
 31.3209
 0
 0
 0
 31.4484
 35.171
 35.9861
 28.1247
 35.9861
 35.6371
 28.4253
 34.2491
 31.8748
 35.7911
 27.7669
 29.5466
 35.6791
 25.807
 34.3366
 27.2213
 27.2213
 31.7805
 35.327
 30.4467
 31.8591
 0
 0
 35.1568
 33.7935
 31.0483
 32.8634
 0
 33.3617
 33.3766
 37.1618
 30.0167
 30.0167
 0
 0
 0
 30.692
 34.2637
 35.171
 33.0757
 33.0757
 0
 29.9666
 30.8221
 36.428
 26.6458
 0
 0
 32.7872
 29.3939
 36.3868
 30.7083
 0
 0
 29.189
 35.1426
 33.8674
 31.1769
 33.8969
 36.1663
 35.4683
 34.5109
 0
 33.4365
 28.931
 37.2827
 31.0966
 0
 26.8701
 35.426
 30.315
 27.7308
 27.8388
 32.311
 32.3265
 30.7246
 33.8083
 35.7071
 33.7343
 36.2215
 38.1182
 35.0143
 33.2114
 31.1448
 29.9165
 32.0936
 38.5357
 33.2866
 29.7321
 27.9643
 32.665
 36.6606
 29.189
 40.025
 32.6803
 34.2345
 31.0966
 35.2562
 32.5576
 35
 38.7814
 34.4674
 34.6266
 33.9411
 30
 38.8973
 30.7409
 32.3265
 29.95
 35.9861
 26.6833
 26.9258
 33.8969
 30.6268
 32.6497
 29.5127
 35.171
 35.0856
 34.7131
 34.4964
 37.4967
 33.8378
 36.1109
 33.7935
 32.249
 39.3192
 33.8821
 29.4109
 35.0143
 29.8664
 25.3377
 35
 37.8286
 31.6228
 31.9374
 35.6371
 35.0999
 36.318
 38.0395
 28.3901
 35.6791
 38.6652
 37.6829
 39.2938
 38.923
 34.2345
 33.5261
 41.9762
 34.6554
 35.2136
 27.4226
 30.0167
 30.2324
 35.7911
 30.8545
 33
 35.6511
 32.9697
 36.8646
 32.6343
 36.8239
 34.6266
 35.7351
 35.7491
 34.6121
 34.7851
 32.311
 38.3145
 32.6343
 26.0384
 32.28
 31.289
 30.2655
 34.9714
 29.3598
 27.4591
 28.3725
 34.4384
 30.4138
 36.8917
 35.7211
 34.0147
 37.51
 36.5513
 36.8782
 40.0375
 34.2637
 32.4346
 36.6742
 41.5572
 25.0599
 24.7386
 33.8231
 36.9594
 26.4197
 29.8998
 36.318
 33.5261
 33.7491
 29.4449
 35.819
 32.6803
 37.1618
 36.8511
 39.9875
 34.7563
 31.9218
 35.7351
 34.2053
 38.5487
 25.2389
 34.5832
 36.8646
 23.8747
 31.6228
 36.8375
 29.1548
 33.0606
 35.4683
 35.0286
 36.3593
 34.2783
 38.0789
 35.1141
 34.2199
 37.054
 33.2866
 38.6005
 36.9324
 26.9072
 37.4566
 31.0644
 39.128
 34.6843
 28.4605
 26.4008
 39.6611
 35.1852
 33.2265
 30.282
 35.9722
 37.51
 36.8511
 35.623
 36.4006
 35.9026
 37.1887
 34.3511
 35.3553
 35.805
 30.315
 30.315
 36.9594
 22.5832
 31.6386
 35.6931
 32.7261
 33.6601
 31.9061
 38.0657
 36.8646
 37.5366
 36.3043
 33.5261
 31.3688
 37.3363
 26.1343
 34.7131
 26.4575
 27.5862
 34.2637
 32.8786
 32.5269
 37.5766
 33.5559
 38.7685
 0
 35.1283
 35.426
 38.8587
 33.7343
 37.3229
 31.4802
 40.2119
 32.311
 24.454
 35.6651
 27.2764
 30.4959
 38.7814
 32.218
 36.2767
 33.8821
 36.9053
 34.3802
 35.609
 34.9285
 28.0535
 37.4566
 30.2324
 24.1039
 34.9571
 35.1426
 27.6225
 27.6225
 36.4143
 38.2753
 30.7571
 37.0135
 34.4819
 38.092
 37.3229
 36
 32.7109
 37.0135
 39.7492
 25.0599
 35.4683
 36.4829
 24.96
 35.1283
 38.1707
 30.8383
 37.8814
 35.2562
 35.5246
 38.092
 28.7054
 34.0588
 30.249
 34.6699
 26.9815
 37.3765
 28.0357
 33.0454
 37.8286
 38.1314
 30.7083
 34.4674
 38.7298
 38.7169
 35.0571
 36.8917
 33.7639
 40.025
 28.3019
 37.6431
 35.9722
 23
 38.8201
 38.8201
 36.0416
 29.9333
 39.6232
 37.2425
 36.3456
 37.0945
 35.819
 39.8873
 30.545
 0
 38.4318
 26.1916
 31.8591
 38.4708
 28.8617
 28.3373
 36.524
 37.5766
 28.3901
 0
 38.1314
 36.9594
 37.027
 35.5246
 39.3954
 36.8375
 36.8375
 40.694
 34.9571
 38.0657
 37.6298
 29.1719
 37.6298
 37.0945
 25.4362
 38.6782
 35.3553
 39.2173
 30.282
 30.7083
 30.7083
 33.5112
 38.1051
 33.2716
 29.1376
 29.0689
 38.1838
 38.1838
 38.1445
 33.2566
 27.4773
 39.0384
 37.1887
 37.1887
 42.4028
 32.078
 35.1141
 39.3827
 37.8946
 37.8946
 40.8044
 29.7153
 39.7618
 35.2136
 39.37
 27.6586
 35.8329
 39.1152
 39.1152
 39.1152
 35.6651
 35.6651
 35.6651
 0
 0
 0
 36.3868
 27.6043
 29.5127
 35.1568
 28.5307
 29.95
 34.7275
 33.6452
 33.2265
 39.0768
 39.0768
 33.6006
 35.0714
 32.6956
 32.6956
 32.6956
 32.6956
 32.6956
 40.5093
 31.9374
 32.249
 32.249
 32.7719
 32.7719
 38.0526
 0
 0
 33.2866
 37.921
 29.1204
 29.1204
 42.72
 30
 30
 30
 28.775
 25.2785
 27.9643
 27.9643
 30.3315
 30.3315
 30.3315
 24.5764
 29.4788
 29.4788
 29.4788
 37.3631
 37.3631
 37.3631
 29.2233
 39.3573
 39.5095
 31.4643
 42.6615
 30.6268
 30.6268
 28.3725
 28.3725
 28.3725
 37.6962
 37.6962
 47.4342
 30.5614
 30.5614
 30.5614
 30.7083
 27.55
 23.0868
 29.4279
 38.7556
 27.313
 40.4846
 35.7211
 31.9061
 34.9428
 34.9428
 35.623
 30.8058
 0
 39.2556
 36.6197
 36.6197
 38.2361
 35.0143
 35.0143
 31.4643
 30.0167
 0
 0
 26.3818
 28.5307
 28.5307
 28.5307
 28.5307
 28.5307
 28.5307
 28.5307
 28.5307
 32.6343
 32.6343
 32.6343
 32.6343
 30.2655
 30.2655
 34.9857
 34.9857
 36.2905
 34.6266
 35.7491
 36.2629
 33.1964
 33.1964
 33.1964
 33.1964
 0
 0
 34.0588
 34.0588
 34.0588
 31.257
 0
 0
 0
 0
 0
 0
 0
 0
 0
 0
 0
 0
 0
 0
 0
 0
 0
 0
 0
 0
 0
 0
 0
 0
 0
 0
