 24.5153
 16.4924
 22.1811
 22.1811
 22.1811
 22.1811
 22.1811
 17.1464
 17.1464
 21.7715
 21.7715
 21.7715
 23.4947
 23.4947
 23.4947
 22.891
 23.0651
 23.0651
 20.8567
 20.8567
 19.2873
 19.2873
 17.4356
 21.166
 21.166
 21.166
 21.166
 21.166
 21.166
 23.622
 24.2281
 24.2281
 21.1424
 22.6716
 22.6716
 23.7276
 23.7276
 23.7276
 23.7276
 19.5192
 20.1742
 20.1742
 20.1742
 20.347
 20.347
 20.347
 20.347
 22.1811
 22.1811
 22.1811
 22.1811
 22.6716
 22.6716
 0
 0
 0
 0
 25.2785
 19.1833
 19.1833
 0
 0
 0
 0
 0
 16.5529
 0
 21.9089
 21.9089
 21.9089
 21.9089
 16.2788
 23.388
 23.388
 23.388
 23.388
 10.247
 22.1811
 22.1811
 22.1811
 22.1811
 22.1811
 0
 0
 27.1293
 27.7669
 27.7669
 27.7669
 0
 0
 0
 24.8395
 25.671
 25.671
 25.671
 25.671
 0
 0
 24.3105
 24.3105
 21.9545
 21.8403
 21.8403
 24.1868
 27.2213
 27.2213
 26.1151
 26.1151
 21.6795
 21.6795
 21.6795
 26.7769
 26.7769
 26.7769
 26.7769
 24.3105
 24.3105
 24.2074
 0
 0
 26.0768
 24.6779
 22.5832
 22.5832
 22.5832
 22.5832
 21
 0
 26.7395
 26.7395
 26.7395
 26.7395
 24.7588
 27
 27
 27
 0
 0
 0
 0
 26.0768
 26.0768
 0
 25.2982
 25.2982
 22.561
 22.561
 0
 0
 0
 0
 24.4336
 25.4951
 25.4951
 25.8263
 28.0891
 28.0891
 23.5797
 25.7294
 25.7294
 23.4947
 21.166
 21.166
 24.3926
 25.4951
 25.4951
 22.5832
 22.5832
 25.3574
 25.3574
 21.4243
 21.4243
 21.4243
 21.1424
 21.1424
 22.2935
 22.2935
 28.7054
 28.7054
 28.7054
 28.7054
 21.4476
 28.2666
 28.2666
 28.2666
 23.3024
 23.3024
 23.3024
 23.3024
 23.3024
 23.3024
 23.3024
 23.3024
 23.3024
 29.7825
 29.7825
 0
 0
 0
 30
 30
 30
 0
 0
 0
 24.1661
 24.3516
 25.5734
 16.4621
 36.6742
 23.4947
 27.4591
 23.8328
 25.3377
 16.0935
 0
 26.0384
 26.9444
 23.4947
 27.6043
 26.8887
 28.8791
 25.5734
 25.5734
 0
 0
 25.7876
 25.2587
 25.2587
 25.2587
 25.2587
 32.1403
 32.1403
 27.6948
 27.6948
 27.6948
 27.6948
 27.6948
 24.6982
 24.6982
 24.6982
 0
 0
 0
 26.9072
 26.9072
 26.9072
 26.9072
 26.9072
 27.5862
 27.5862
 27.5862
 27.5862
 13.0384
 0
 0
 28
 28
 28
 28
 0
 0
 0
 0
 0
 34.9571
 34.9571
 0
 0
 0
 31.4006
 27.8209
 22.7816
 22.7816
 0
 0
 0
 25.1992
 28.7402
 26.9815
 26.9815
 0
 0
 0
 21.7715
 34.0441
 34.0441
 26.8142
 0
 0
 0
 27.8388
 27.8388
 27.8388
 32.2645
 22.2036
 0
 0
 0
 0
 35.1426
 35.1426
 35.1426
 28.3019
 0
 0
 0
 0
 25.807
 25.807
 25.807
 0
 0
 0
 25.8263
 25.8263
 27.9464
 25
 0
 0
 0
 0
 0
 0
 0
 0
 0
 0
 0
 0
 0
 0
 0
 33.0303
 32.2335
 33.0908
 33.0908
 24.1039
 28.3196
 28.3196
 33.9411
 33.9411
 0
 0
 29.5127
 29.5127
 29.5127
 27.4591
 27.4591
 0
 0
 0
 32.8634
 32.8634
 27.8029
 26.5141
 33
 33.8526
 33.8526
 30.3974
 25.8844
 31.3528
 31.3528
 31.3528
 31.3528
 21.3542
 0
 0
 0
 26.9072
 26.9072
 26.9072
 0
 0
 0
 0
 0
 28.5482
 28.5482
 28.5482
 0
 0
 0
 0
 0
 0
 31.496
 31.496
 31.496
 0
 0
 0
 30.8383
 30.8383
 30.8383
 0
 0
 0
 0
 31.1609
 26.5518
 26.5518
 26.5518
 28.0535
 28.0535
 28.0535
 31.4802
 31.4802
 35.9583
 35.9583
 0
 0
 0
 0
 35.9583
 35.9583
 28.775
 28.775
 34.7419
 28.3725
 28.3725
 28.3725
 28.3725
 28.3725
 28.3725
 28.3725
 28.3725
 28.3725
 28.3725
 16.3707
 16.3707
 16.3707
 16.3707
 31.4802
 0
 0
 0
 0
 30.315
 34.2053
 0
 0
 0
 0
 30.4138
 30.4138
 0
 0
 0
 31.9844
 33.4664
 33.4664
 33.4664
 33.4664
 0
 0
 30.249
 30.249
 30.249
 0
 0
 32.3574
 32.3574
 32.3574
 32.3574
 0
 0
 0
 0
 34.4819
 34.4819
 34.4819
 34.4819
 34.4819
 34.4819
 0
 0
 29.9666
 29.9666
 29.9666
 0
 0
 0
 30.315
 30.315
 30.315
 30.315
 30.315
 31.9531
 31.9531
 31.9531
 31.9531
 31.9531
 31.9531
 31.9531
 31.9531
 31.1127
 30.8545
 30.8545
 30.8545
 30.8545
 30.8545
 30.8545
 31.686
 31.686
 31.686
 31.686
 32.0624
 33.7935
 33.7935
 33.7935
 33.7935
 36.9188
 36.9188
 36.9188
 36.9188
 36.9188
 30.8058
 30.8058
 30.8058
 30.8058
 30.545
 30.545
 30.545
 30.545
 30.545
 30.545
 30.545
 30.545
 30.545
 30.545
 30.545
 30.545
 38.7556
 38.7556
 38.7556
 38.7556
 38.7556
 38.7556
 38.7556
 38.7556
 38.7556
 38.7556
 23.6643
 23.6643
 38.0789
 38.0789
 38.0789
 38.0789
 37.4433
 37.4433
 37.4433
 37.4433
 37.4433
 37.4433
 37.4433
 37.4433
 37.4433
 37.4433
 37.4433
 37.4433
 37.4433
 37.4433
 37.4433
 37.4433
 30.7571
 30.7571
 30.7571
 30.7571
 30.7571
 30.7571
 30.7571
 30.7571
 30.7571
 30.7571
 30.7571
 30.7571
 30.7571
 30.7571
 32.3265
 38.5227
 38.5227
 26.4386
 34.2491
 34.2491
 34.2491
 34.2491
 34.2491
 34.2491
 34.2491
 34.2491
 34.2491
 34.2491
 34.2491
 34.2491
 34.2491
 36.4006
 36.4006
 36.4006
 36.4006
 36.4006
 36.4006
 36.4006
 36.4006
 36.4006
 36.4006
 36.4006
 36.4006
 36.4006
 36.4006
 36.4006
 36.4006
 30.3645
 30.3645
 30.3645
 30.3645
 30.3645
 30.3645
 34.1906
 34.1906
 34.1906
 34.1906
 37.5766
 37.5766
 37.5766
 37.5766
 37.5766
 37.5766
 37.5766
 29.1548
 29.9333
 29.9333
 29.9333
 29.9333
 29.9333
 29.9333
 29.9333
 29.9333
 29.9333
 29.9333
 29.9333
 29.9333
 29.9333
 29.9333
 29.9333
 29.9333
 29.9333
 29.9333
 29.9333
 29.9333
 29.9333
 29.9333
 29.9333
 29.9333
 29.9333
 29.9333
 29.9333
 29.9333
 29.9333
 29.9333
 29.9333
 29.9333
 29.9333
 29.9333
 29.9333
 29.9333
 23.2809
 23.2809
 23.2809
 23.2809
 23.2809
 23.2809
 23.2809
 23.2809
 23.2809
 23.2809
 23.2809
 23.2809
 23.2809
 23.2809
 23.2809
 23.2809
 23.2809
 23.2809
 23.2809
 23.2809
 23.2809
 23.2809
 23.2809
 0
 0
 0
 0
 0
 0
 0
 0
 0
 0
 0
 0
 0
 0
 0
 0
 0
 0
 0
 0
 0
 0
 0
 0
 0
 0
 0
 0
 0
 0
 0
 0
 0
 0
 0
 0
 0
 0
 0
 0
 0
 0
 0
 0
 0
 0
 0
 0
 0
 0
 0
 0
 0
 0
 0
 0
 0
 0
 0
 0
 0
 0
 0
 0
 0
 0
 0
 0
 0
 0
 0
 0
 0
 0
 0
 0
 0
 0
 0
 0
 0
 0
 0
 0
 0
 0
 0
 0
 0
 0
 0
 0
 0
 0
 0
 0
 0
 0
 0
 0
 0
 0
 0
 0
 0
 0
 0
 0
 0
 0
 0
 0
 0
 0
 0
 0
 0
 0
 0
 0
 0
 0
 0
 0
 0
 0
 0
 0
 0
 0
 0
 0
 0
 0
 0
 0
 0
 0
 0
 0
 0
 0
 0
 0
 0
 0
 0
 0
 0
 0
 0
 0
 0
 0
 0
 0
 0
 0
 0
 0
 0
 0
 0
 0
 0
 0
 0
 0
 0
 0
 0
 0
 0
 0
 0
 0
 0
 0
 0
 0
 0
 0
 0
 0
 0
 0
 0
 0
 0
 0
 0
 0
 0
 0
 0
 0
 0
 0
 0
 0
 0
 0
 0
 0
 0
 0
 0
 0
 0
 0
 0
 0
 0
 0
 0
 0
 0
 0
 0
 0
 0
 0
 0
 0
 0
 0
 0
 0
 0
 0
 0
 0
 0
 0
 0
 0
 0
 0
 0
 0
 0
 0
 0
 0
 0
 0
 0
 0
 0
 0
 0
 0
 0
 0
 0
 0
 0
 0
 0
 0
 0
 0
 0
 0
 17.3494
 0
 0
 0
 0
 0
 0
 0
 0
 23.0434
 0
 0
 0
 0
 0
 0
 0
 0
 0
 0
 0
 0
 0
 0
 0
 0
 0
 0
 0
 0
 0
 0
 0
