 9.16515
 7.68115
 8.544
 12.4097
 11.2694
 12.1244
 8.88819
 8.66025
 8.66025
 7.81025
 11.2694
 11.2694
 11.4018
 9.32738
 14.9332
 9.48683
 6.9282
 13.8924
 3.87298
 13.0384
 9.32738
 11.4455
 2.44949
 9.53939
 11.4455
 11.7473
 13
 17.3494
 12.1244
 12.2882
 8.66025
 17
 9.53939
 9.53939
 9.8995
 9.8995
 13.1909
 9.32738
 13.6748
 5.56776
 12.1244
 13
 14
 14
 14
 10.3923
 9
 9
 14.2829
 11.2694
 14.0357
 10.1489
 10.1489
 0
 0
 13
 13.1149
 8.12404
 8.12404
 8.12404
 0
 0
 13.9284
 11.225
 13
 13
 0
 13.2288
 15.6205
 13.1149
 16.4621
 16.4621
 10.3441
 13.8924
 10.4403
 13.8564
 13.8564
 12.3288
 12.1244
 14
 13.9642
 13.9642
 0
 0
 10.3923
 8.66025
 14.0357
 13.9642
 0
 0
 0
 8.7178
 7.87401
 14.2829
 12.1244
 12.1244
 0
 0
 8.83176
 13.4536
 12.1244
 7.14143
 7.14143
 9.84886
 10.3923
 12.083
 11.225
 0
 0
 11.2694
 12.2882
 12.2474
 12.2474
 6.08276
 13.8564
 7.93725
 13.0384
 8.88819
 0
 13.0384
 13.5647
 8.48528
 8.48528
 14.7309
 14.7648
 13.0384
 14.3178
 0
 11.3137
 13.8924
 10.3923
 14.1067
 7.87401
 8.83176
 14.9666
 14.3178
 0
 0
 14.2829
 13.1529
 11.3137
 13.2288
 0
 10.3923
 14.3178
 7.74597
 10.9087
 0
 0
 13.0384
 13.7113
 11.3578
 7.81025
 10.4403
 9.43398
 11.2694
 15.6844
 6.9282
 9.53939
 14.2829
 12.1244
 12.1244
 13.0384
 8.7178
 13.6748
 7.81025
 7.14143
 13.0384
 13.9284
 11.2694
 11.2694
 11.2694
 12.1655
 6.9282
 13.8564
 13.8564
 17.3205
 12.2066
 14.7986
 13.2288
 12.8841
 12.8841
 9.59166
 13.8564
 17.3205
 9.84886
 10.4403
 13.9284
 13.0384
 11.7898
 11.7898
 11.7898
 12.2474
 14.8324
 9.69536
 13.1909
 15.1658
 16.1864
 12.3693
 9.84886
 14.2478
 17.6352
 0
 0
 13.1529
 13.1529
 13.1529
 12.1244
 12.1244
 14.2478
 10.3923
 12.3693
 10.3923
 9
 9
 0
 7.81025
 7.81025
 11.3578
 8.88819
 9
 12.2882
 9.05539
 13.8924
 0
 0
 8.83176
 12.3288
 14.8324
 12.6491
 12.6491
 13.0767
 13.4536
 11.3137
 12.6095
 12.6095
 13
 13.6748
 12.8062
 15.7162
 0
 0
 0
 0
 9.53939
 16.5529
 12.4097
 11.2694
 11.2694
 10.4881
 16.1555
 14.9332
 17.0294
 17.0294
 0
 0
 12.4097
 16.4317
 15.6205
 14.2478
 14.2478
 0
 0
 14.7309
 13.2288
 12.8452
 14.7309
 14.7309
 0
 0
 13.2288
 9.84886
 10.5357
 13.9642
 0
 0
 0
 9.53939
 13.1529
 11.2694
 13.1529
 0
 0
 0
 10.9087
 12.8841
 14.1421
 12.4499
 0
 0
 0
 9.64365
 14.7986
 14.7309
 12.8452
 12.8452
 0
 0
 0
 0
 17.7764
 14.8661
 16.1245
 11.6619
 0
 0
 0
 14.8661
 12.8841
 13.5277
 16.5831
 0
 0
 0
 10.5357
 12.6095
 12.2474
 13
 0
 0
 0
 14.8997
 14
 15.8745
 14.0357
 0
 14.6969
 15.906
 15.8745
 14.0357
 15.1658
 14.7309
 14.9332
 13.4907
 13
 13
 14.4568
 12.53
 11.7473
 14.4222
 12.3693
 14.3527
 0
 0
 12.2882
 11.8743
 14.4914
 10.583
 10.583
 0
 0
 13.7477
 14.1774
 14.3178
 9.38083
 12.1655
 14.1421
 15.4596
 15.4596
 9.43398
 9
 12.3288
 15.1987
 13.6015
 15.3297
 7.74597
 0
 13.2288
 16.0935
 12.2474
 15.5885
 0
 0
 0
 14.9332
 13.6748
 17.2337
 12.8841
 12.8841
 12.8841
 0
 0
 0
 0
 13.7477
 17.088
 12.3693
 13.7113
 13.7113
 0
 0
 14.2829
 14.7648
 16.1555
 14.7309
 14.7309
 0
 0
 15.4919
 12.8841
 14.7648
 12.4097
 16.0624
 12.49
 16.5529
 13.5277
 15.9374
 14.6629
 13.5277
 15.5885
 0
 0
 0
 14.7986
 14.9332
 17.3494
 12.2474
 19.105
 16.5831
 14.6969
 17.7764
 16.6433
 17.3205
 14.7648
 14.6969
 16
 12.2882
 15.2971
 14.7648
 14.7648
 17.3494
 15.3623
 15.6205
 14.0712
 0
 0
 16.8523
 15.9687
 14.4914
 16
 0
 17.7482
 15.4596
 16.8523
 15.2971
 15.2971
 0
 0
 0
 16.5227
 15.2971
 16
 15.6205
 15.6205
 0
 12.9615
 14.7309
 15.4919
 14.6969
 14.6969
 0
 15.3948
 13.2665
 14.1067
 15.4272
 0
 0
 15.1658
 15.6525
 15.4596
 16
 13.0384
 18.4662
 17.3205
 17.8885
 0
 17.2047
 11.6619
 14.1421
 15.4596
 0
 13.5277
 14.2127
 12.3288
 17.1464
 14.4222
 15.1987
 16.0312
 14.7309
 13.5647
 17.8885
 16.3707
 17.2627
 18.4391
 17.8045
 16.8226
 16.1245
 12.3693
 16
 15.9374
 16.6433
 14.4222
 16.5227
 15.9687
 16.5831
 14.9332
 17.2337
 15.3297
 16.5529
 13.7113
 16.6733
 17.1756
 16.6132
 17.7764
 16.1864
 17.7482
 16.8523
 12.53
 17.2047
 16.1555
 15.9687
 12.3288
 18.3848
 14.8997
 16.5831
 16.3095
 16.1555
 14.1067
 17.088
 17.8606
 12.9615
 17.2916
 14.2829
 18.3848
 16.1245
 17.2337
 16.6433
 15.3623
 17.2047
 17.7764
 16.0935
 15.9374
 14.4568
 14.7309
 13.6015
 17.2047
 15.9687
 15.4272
 14.7309
 17.7764
 17.8606
 17.2337
 15.5885
 17.9722
 17.7764
 19
 17.8326
 17.2047
 16.6132
 17.2047
 18.412
 15.6205
 14.1067
 16.6132
 17.7482
 12.3288
 14.9332
 13.5277
 17.7764
 18.412
 14.2127
 18.3848
 16.3095
 16.5529
 15.3297
 17.7764
 17.3494
 17.8606
 17.7764
 17.8326
 15.3623
 13.5647
 14.3875
 16.0935
 13.5647
 12.4097
 14.1067
 14.2478
 13.5647
 14
 15.6525
 16.6132
 16.6132
 17.5499
 16.1245
 15.4596
 18.4932
 17.8606
 17.2337
 18.412
 16.0312
 16.3401
 16.0312
 14.2127
 15.4596
 15.2315
 15.3948
 11.7047
 14.1774
 17.3494
 15.1658
 15.6205
 14.0357
 16.1245
 17.1464
 17.8606
 15.4919
 15.3297
 16.1245
 17.7482
 16.5831
 14.9332
 16.3401
 13.7113
 13.0384
 15.9687
 12.8841
 12.3288
 19.7737
 12.49
 15.906
 14.7986
 14.7309
 16.3707
 15.1987
 18.6011
 15.9374
 17.2047
 18.412
 16.5831
 16.5831
 16.8226
 13.5277
 19.105
 16.6132
 15.6205
 16.6733
 14.7986
 17.1756
 16.6733
 18.3576
 16.3707
 16
 15.4272
 16.3707
 17.7764
 16.6733
 18.4391
 17.8885
 14.7648
 15.3623
 14.2478
 17.2047
 16.6433
 16.6433
 14.2478
 13.2288
 15.4272
 13.4907
 15.906
 14.7648
 15.4919
 17.2047
 16.6733
 17.2047
 17.5784
 15.4596
 17.2047
 17.1464
 12.9615
 17.1756
 13.5277
 15.4596
 16
 15.3623
 15.2971
 18.3303
 15.9687
 16.8523
 0
 17.8045
 17.7764
 17.8326
 16.5529
 15.6525
 16.1245
 18.3576
 17.2047
 14.7648
 16.0935
 12.2882
 12.53
 16.7033
 15.1658
 16.0312
 18.412
 16.9115
 17.8326
 18.3848
 18.0555
 17.1756
 18.3576
 14.7986
 15.1658
 17.1464
 18.4391
 15.3948
 15.3948
 16.5529
 16.8819
 15.1658
 15.4272
 17.088
 17.8606
 14.1421
 16.1245
 16.6433
 14.2478
 15.4272
 15.906
 15.4272
 15.3948
 17.1756
 15.6205
 18.3848
 16.5227
 16.7033
 17.8885
 19
 17.2337
 15.6525
 18.5742
 17.2337
 17.7764
 14.9332
 17.1464
 16.5529
 17.8045
 16.1555
 18.4662
 15.9374
 18.4932
 18.4391
 18.412
 15.4596
 14.9666
 19.0263
 16.7929
 15.6844
 16
 12.53
 13.7113
 16
 16
 16.3095
 14.1421
 17.8885
 17.088
 18.4391
 19.105
 17.8606
 19.799
 18.4391
 18.4391
 18.4391
 17.2047
 16.7033
 17.8045
 15.4596
 17.8045
 14.2829
 19
 15.6205
 0
 18.412
 16.6733
 18.412
 19.0788
 17.8326
 15.3623
 15.3623
 18.3848
 20.2237
 16.6733
 17.3205
 17.7482
 17.2627
 16.3707
 16.6733
 17.8326
 15.9374
 19.2614
 17.8326
 17.2047
 19.7484
 15.9687
 19.0788
 19.1311
 16.7033
 17.8045
 17.8045
 17.2047
 18.4391
 19.0526
 16.6132
 17.7764
 18.4662
 17.7482
 17.8885
 16.8226
 18.412
 17.8606
 17.8045
 22.2036
 19.0263
 19.0526
 17.2337
 16.4012
 17.8045
 16.6433
 17.088
 20.2731
 18.0831
 18.0831
 20.6882
 18.4932
 16.8523
 0
 0
 21.5407
 18.5742
 17.2047
 17.8885
 16.5831
 16.6132
 14.1774
 18.1108
 16.5831
 17.2047
 19.105
 12.3288
 19.0263
 17.2047
 16.3401
 17.8326
 22.3607
 17.8045
 18.5742
 19.0526
 19.6977
 19.1311
 17.8326
 13.0384
 17.7482
 21
 13.2288
 13.2288
 16.2788
 19.1311
 17.2337
 17.2337
 20.9762
 18.412
 15.9374
 19.7737
 16.7929
 14.2478
 13.4536
 17.8606
 15.9687
 17.8045
 14.1774
 14.8997
 17.2047
 18.4391
 14.8997
 17.2047
 14.2127
 12.3693
 17.7482
 17.7482
 17.7482
 15.4596
 20.3224
 12.8062
 17.2047
 16.5227
 13.4907
 16.8523
 19.6469
 10.5357
 23.8328
 17.2627
 19.1572
 16.3095
 19.2354
 15.9687
 9.84886
 14.7648
 16.1245
 12.8841
 17.9165
 17.3494
 14.9332
 16.0312
 12.4097
 17.2337
 14.7648
 21.6795
 16.6132
 16
 16
 15.4596
 19.2354
 11.0454
 16.8819
 18.4391
 11.7047
 17.8606
 14.9332
 11.6189
 14.7309
 19.2614
 11.8322
 15.0997
 16.3707
 13.9642
 14.9332
 16.5227
 15.3297
 12.8452
 12.53
 13.6015
 17.7764
 13.6748
 14.3875
 17.8606
 12.6886
 12.083
 16
 13.1529
 16.3707
 14.8661
 14.8661
 15.1987
 12.8062
 16.5227
 18.3848
 18.5203
 17.3494
 10.9545
 10.9545
 12.3693
 19.1833
 19.1833
 12.3288
 17
 15.1987
 14.3178
 13.1149
 18.7083
 11.4455
 13.6015
 13.1909
 9.64365
 14
 11.7047
 14.2127
 13.2288
 15.0997
 12.9228
 16
 17.4356
 13.6015
 14.8324
 17.3494
