 35.9166
 29.4958
 32.6037
 36.3043
 45.5192
 49.1223
 48.0208
 53.2916
 53.2916
 53.0189
 44.0908
 44.0908
 46.7654
 50.1099
 56.6392
 45.1774
 44.2267
 57.7235
 44.1022
 47.9375
 41.6893
 41.9285
 42.638
 50.8134
 43.8634
 42.72
 51.7301
 55.0727
 44.6654
 53.3573
 44.911
 61.6198
 54.69
 54.69
 53.4977
 53.4977
 46.551
 46.7012
 43.6234
 40.1746
 53.0943
 54.7723
 44.6654
 44.6654
 44.6654
 49.2138
 43.4281
 43.4281
 56.1961
 47.244
 53.5164
 62.2415
 62.2415
 62.2415
 62.2415
 44.4185
 66.9851
 51.1664
 51.1664
 51.1664
 51.1664
 51.1664
 60.3407
 43.1856
 54.1664
 54.1664
 54.1664
 48.7442
 53.8238
 43.1393
 51.6236
 51.6236
 47.8957
 55.4797
 55.9821
 47.4868
 47.4868
 45.8039
 49.99
 66.3023
 55.9553
 55.9553
 54.0648
 54.0648
 54.4243
 52.5167
 52.4118
 59.808
 59.808
 48.7545
 0
 0
 0
 40.9634
 40.9634
 0
 43.6692
 0
 0
 40.6202
 38.8844
 56.7627
 56.7627
 52.7636
 62.498
 60.9508
 46.4327
 46.4327
 46.4327
 58.5577
 48.734
 65.7039
 65.7039
 65.7039
 65.0461
 52.3927
 48.0104
 47.8644
 0
 0
 0
 0
 0
 0
 0
 0
 0
 0
 47.8644
 61.0819
 55.3534
 52.5642
 48.9694
 62.5779
 48.8979
 67.3498
 67.3498
 67.3498
 69.9857
 51.8459
 56.1783
 51.8266
 51.8266
 61.4166
 41.9881
 50.2593
 37.081
 37.081
 0
 39.7869
 37.8814
 62.1208
 52.5928
 54.7814
 66.106
 58.5577
 63.2693
 47.7284
 52.4786
 64.7302
 66.4229
 66.4229
 52.4118
 55.0454
 74.5117
 74.5117
 59.95
 48.4665
 68.5055
 58.6174
 58.6174
 58.6174
 50.07
 60.1831
 60.9426
 60.9426
 70.7178
 46.669
 61.7009
 58.5747
 71.2461
 71.2461
 52.5547
 63.6475
 67.7422
 56.9561
 58.3095
 55.0182
 57.0175
 55
 55
 55
 62.8411
 48.2079
 48.6518
 41.2068
 41.2068
 44.4072
 66.4906
 45.6399
 53.5164
 53.5164
 53.5164
 53.5164
 65.7723
 65.0846
 65.0846
 59.6741
 59.6741
 59.6741
 56.0625
 56.9561
 63.5453
 63.8984
 63.8984
 63.8984
 61.6604
 69.5629
 59.1608
 54.037
 62.562
 63.6082
 67.1416
 48.1664
 48.1664
 0
 0
 0
 0
 0
 0
 47.5395
 65.8103
 68.5055
 74.1755
 74.1755
 57.55
 71.1829
 69.2676
 74.3976
 74.3976
 74.3976
 74.3976
 74.3976
 63.4902
 62.9285
 61.5386
 63.8984
 63.8984
 67.7791
 50.2295
 54.5252
 56.6569
 56.6569
 56.6569
 56.6569
 68.8985
 68.8985
 50.9608
 57.6802
 57.6802
 57.6802
 57.6802
 72.4983
 69.0797
 77.2593
 68.0808
 68.0808
 68.0808
 68.0808
 62.1932
 57
 68.0441
 64.7225
 64.7225
 64.7225
 64.7225
 66.9403
 64.3117
 68.7241
 60.0083
 60.0083
 60.0083
 60.0083
 72.1457
 72.1734
 50.547
 70.5053
 70.5053
 70.5053
 70.5053
 75.5976
 75.5976
 74.1283
 75.6042
 75.6042
 75.6042
 75.6042
 75.6042
 75.6042
 75.1465
 53.9351
 74.3169
 76.8505
 76.8505
 76.8505
 76.8505
 64.1015
 72.856
 74.2832
 83.5165
 83.5165
 83.5165
 83.5165
 63.4035
 66.9029
 79.7559
 64.1483
 64.1483
 64.1483
 64.1483
 68.4617
 57.1314
 57.2189
 70.4131
 70.4131
 52.5738
 52.5738
 73.9662
 50.892
 74.8398
 60.7042
 76.4461
 76.7007
 63.8592
 63.773
 81.5721
 60.2495
 73.1574
 66.0908
 76.935
 65.1537
 65.1537
 65.1537
 73.1915
 77.6338
 55.8032
 70.5266
 70.5266
 70.5266
 70.5266
 81.6701
 79.0569
 54.231
 79.3788
 56.356
 79.4544
 71.6868
 78.905
 82.7526
 53.479
 84.3742
 71.0985
 60.5805
 76.7203
 49.7092
 49.7092
 68.6659
 69.1954
 85.5453
 76.5376
 76.5376
 76.5376
 76.5376
 58.438
 75.7298
 62.3217
 81.3634
 81.3634
 81.3634
 81.3634
 81.3634
 81.3634
 81.3634
 55.5608
 56.3471
 71.5681
 79.9375
 79.9375
 79.9375
 79.9375
 77.4661
 81.0494
 80.0187
 59.8498
 59.8498
 59.8498
 59.8498
 62.2254
 63.616
 78.4092
 66.8506
 70.3776
 72.4155
 89.2412
 72.7393
 77.4919
 78.5366
 60.597
 64.3506
 64.3506
 64.3506
 64.3506
 83.4206
 81.6884
 58.6686
 73.0685
 70.562
 82.807
 83.7974
 84.0238
 79.2843
 70.7814
 64.2962
 87.9943
 90.4157
 71.1337
 73.8241
 71.5262
 71.5262
 62.9524
 89.0674
 64.1249
 77.5693
 77.5693
 77.5693
 59.0508
 58.6515
 89.666
 81.719
 81.719
 84.5044
 81.8169
 80.3181
 76.1906
 76.1906
 76.1906
 76.1906
 76.1906
 84.0714
 67.0149
 67.3647
 71.7844
 71.7844
 71.7844
 66.1891
 67.9412
 67.9412
 78.1217
 78.1217
 78.1217
 80.6226
 81.6456
 91.4057
 70.0214
 70.0214
 70.0214
 84.4926
 60.6548
 82.7466
 90.1887
 72.1318
 84.4393
 58.8643
 85.1763
 85.1763
 80.9382
 84.2437
 68.2569
 83.9107
 83.9107
 74.263
 69.6132
 61.7495
 73.8241
 63.0079
 77.7432
 63.4271
 93.1558
 58.8643
 62.4179
 83.4086
 91.5423
 82.9277
 87.178
 87.178
 88.5212
 76.0197
 86.0291
 64.1716
 79.0696
 67.9853
 79.2906
 72.2772
 71.5821
 81.4002
 70.1997
 70.4557
 82.2739
 84.5695
 63.6239
 79.9687
 84.6227
 83.666
 84.4926
 90.6973
 90.5041
 69.7209
 69.3397
 82.8674
 64.4515
 83.1986
 75.71
 82.9759
 71.9375
 78.6829
 61.5873
 92.0652
 70.3349
 59.8832
 94.1063
 82.6982
 57.7148
 82.0549
 85.2819
 95.7758
 58.4038
 85.6037
 67.0075
 84.6345
 92.0652
 70.739
 82.4075
 79.6743
 68.7023
 82.7829
 72.8011
 82.1036
 73.3417
 85.4459
 67.1118
 62.6019
 85.557
 87.7895
 87.7895
 87.9602
 93.9681
 73.7225
 87.4471
 84.5695
 91.9511
 70.4344
 74.8465
 75.7826
 82.8553
 84.2556
 80.7713
 74.0203
 64.2262
 89.146
 92.1195
 63.7417
 58.1206
 88.6172
 94.0372
 82.994
 64.3428
 88.1816
 85.047
 95.7027
 63.9922
 66.1589
 81.185
 72.4776
 89.6326
 83.2286
 84.2971
 87.178
 71.9861
 85.7146
 63.4902
 78.1217
 84.6168
 70.3136
 90.3493
 64.1405
 85.4283
 64.4593
 64.4593
 87.8635
 82.5651
 67.8233
 67.8233
 81.9756
 72.3533
 78.4729
 68.1616
 71.5891
 63.3404
 57.8792
 62.0484
 86.4465
 80.5233
 84.4393
 93.3435
 93.3435
 89.6382
 65.6582
 97.1236
 89.3532
 85.6505
 71.232
 99.1312
 81.2096
 68.6804
 81.4739
 73.8173
 81.6211
 96.4521
 88.017
 90.5428
 65.8939
 87.1091
 57.9396
 80.2122
 86.9483
 89.6047
 88.7356
 68.9928
 84.1011
 63.4192
 67.7717
 75.0333
 75.4255
 86.8562
 93.0269
 77.0454
 66.7907
 79.278
 68.3959
 89
 60.3738
 69.9071
 69.9071
 84.3979
 89.8332
 62.4019
 85.7146
 70.5124
 61.4492
 90.609
 66.3023
 68.3374
 82.4257
 82.4257
 79.5047
 74.6458
 75.9276
 85.1704
 86.3134
 66.5658
 85.5161
 62.6498
 85.1469
 85.481
 89.0842
 87.0574
 91.4877
 91.4877
 102.313
 78.492
 64.8845
 81.3757
 83.7795
 59.6406
 74.3909
 87.4071
 57.8792
 86.0349
 86.0349
 88.6002
 88.8144
 83.2226
 70.5833
 67.8086
 87.4929
 83.3127
 74.7329
 82.3954
 89.7441
 70.1285
 85.2408
 86.0291
 85.9535
 61.5061
 83.4566
 87.8749
 85.7904
 70.7178
 88.8482
 79.6806
 76.5768
 85.7205
 64.9384
 83.8868
 64.8999
 80.4798
 80.4798
 89.3644
 84.3445
 64.2495
 68.1836
 56.4004
 88.6792
 67.8012
 76.7659
 87.3041
 70.406
 82.0183
 85.5278
 82.0183
 90.0056
 66.2344
 88.8426
 89.521
 68
 90.5815
 60.3075
 87.4757
 88.6679
 82.4439
 64.7457
 89.7441
 70.4131
 77.408
 83.3427
 82.4015
 64.5833
 89.23
 68.4836
 70.2068
 61.2291
 83.1805
 89.0618
 81.7496
 68.6877
 91.2195
 64.7148
 86.3887
 79.555
 70.5124
 62.145
 87.3384
 87.3384
 86.3134
 69.1809
 85.4751
 91.913
 63.7966
 85.7321
 83.6002
 89.9166
 88.9494
 88.9494
 69.7209
 77.6531
 90.2663
 75.452
 83.1745
 66.1891
 87.55
 65.7419
 79.9625
 79.9625
 88.8763
 66.6408
 91.7551
 85.1645
 67.2086
 57.1489
 57.1489
 69.7424
 93.1504
 93.1504
 93.1504
 92.4824
 87.5329
 87.0632
 66.5207
 84.309
 90.6973
 88.6341
 66.9403
 70.2424
 91.2579
 65.643
 88.8707
 93.2738
 88.0909
 88.0909
 65.3376
 91.022
 84.4334
 69.1809
 84.4453
 92.9408
 87.9034
 73.1505
 63.9375
 61.8628
 89.4707
 85.9477
 72.7736
 93.3756
 68.8113
 68.8113
 85.4049
 81.8474
 88.6623
 101.602
 90.4655
 84.3505
 71.239
 71.239
 88.7919
 66.8581
 71.9722
 71.9722
 71.9722
 91.7388
 87.0345
 87.55
 97.9388
 68.0588
 68.0588
 78.5939
 78.5939
 96.3431
 88.4873
 87.7952
 85.0059
 93.819
 69.3758
 70.8167
 69.5773
 87.8749
 88.0114
 79.7371
 74.8265
 83.8928
 95.9271
 89.4483
 84.119
 87.9659
 89.5656
 89.5656
 89.5656
 88.6679
 69.7352
 70.9295
 70.9295
 90.482
 83.9166
 71.5891
 92.3255
 92.1303
 79.341
 66.2118
 95.9896
 70.6965
 69.9142
 73.3757
 97.1236
 87.7838
 77.9359
 78.0641
 65.6506
 91.0769
 64.2339
 84.3505
 74.3102
 91.4385
 118.237
 118.237
 78.4857
 70.2068
 85.6213
 85.6213
 86.6372
 91.6461
 91.6461
 93.2255
 84.4571
 88.5325
 70.3918
 93.2952
 91.0055
 91.0055
 95.9948
 84.3801
 84.3801
 82.1949
 65.192
 75.809
 62.6498
 84.3801
 75.2728
 81.9268
 81.9268
 92.293
 80.0625
 80.0625
 71.5612
 84.5991
 84.5991
 49.1732
 94.0266
 94.0266
 83.4386
 69.6132
 69.6132
 70.4415
 84.1071
 84.1071
 77.0389
 94.784
 94.784
 76.5114
 76.5114
 91.7497
 88.1363
 88.1363
 78.339
 78.339
 78.339
 75.7496
 75.7496
 75.7496
 73.5595
 73.5595
 73.5595
 64.0937
 64.0937
 64.0937
 59.4811
 59.4811
 79.4607
 66.106
 71.3232
 71.3232
 85.773
 85.773
 75.1532
 68.7677
 68.7677
 68.7677
 56.9473
 75.1133
 75.1133
 52.2972
 64.1872
 62.458
 97.1082
 97.1082
 89.7608
 58.6345
 58.6345
 84.3564
 89.2468
 89.2468
 89.2468
 89.2468
 70.214
 70.214
 79.6994
 79.6994
