 20.2978
 19.6469
 23.622
 24.1454
 28.4956
 32.7414
 32.0312
 38.8201
 38.8201
 35.819
 36.6197
 36.6197
 36.2215
 34.9428
 39.975
 28.688
 27.8388
 41.7971
 28.6705
 37.51
 21.7025
 33.1813
 32.1559
 34.8425
 36.8782
 26.3629
 35.3412
 34.4819
 30.6757
 37.8682
 27.4773
 44.3396
 39.4842
 39.4842
 38.092
 38.092
 35.6371
 28.8791
 34.5832
 38.4578
 35.7071
 38.8458
 31.9218
 31.9218
 31.9218
 31.1929
 26.3818
 26.3818
 40.025
 30.348
 41.1704
 44.4185
 44.4185
 44.4185
 0
 43.1393
 47.4552
 29.8496
 29.8496
 29.8496
 29.8496
 0
 43.3128
 42.19
 33.5559
 33.5559
 33.5559
 29.5466
 37.7094
 37.108
 41.9404
 41.9404
 28.6705
 37.3765
 38.1051
 43.8634
 43.8634
 39.8121
 29.6648
 48.7237
 38.6005
 38.6005
 42
 0
 33.8378
 34.8138
 38.6135
 43.9886
 43.9886
 34.1906
 0
 35.6651
 35.5809
 38.2623
 40.5463
 0
 27.5862
 0
 38.1969
 36.973
 38.4187
 34.8138
 34.8138
 33.1964
 40.4846
 40.5216
 31.8591
 31.8591
 31.8591
 42.2493
 30.1496
 42.3556
 0
 0
 43.8976
 30.5287
 44.5309
 23.516
 0
 45.3542
 52.8583
 32.4346
 32.4346
 43.5316
 45.0888
 38.5487
 29.7153
 0
 34.9142
 42.7551
 36.9459
 45.9456
 31.209
 46.6262
 45.9347
 45.8694
 45.8694
 0
 49.295
 39.3192
 34.7994
 39.4968
 0
 40.7308
 42.8135
 41.7133
 41.4729
 41.4729
 0
 40.9512
 40.5463
 41.4849
 34.7563
 37.0945
 45.2548
 39.7618
 39.4081
 29.5635
 31.4006
 49.1427
 42.1189
 42.1189
 50.8527
 32.2955
 47.4658
 47.4658
 34.7563
 48.0208
 44.5084
 37.108
 37.108
 37.108
 45.5522
 35.0143
 40.4228
 40.4228
 49.3761
 40.1123
 42.0357
 39.37
 52.8678
 52.8678
 32.3574
 45.8694
 53.3198
 39.3573
 35.8329
 53.3198
 44.699
 42.6263
 0
 0
 41.5692
 47.0532
 50.3587
 46.0652
 46.0652
 40.8901
 43.6578
 44.2606
 45.0666
 45.0666
 45.0666
 0
 44.1362
 47.5079
 47.5079
 42.45
 42.45
 42.45
 35.2987
 39.9875
 40.8289
 46.6154
 46.6154
 46.6154
 34.7707
 42.5676
 37.3898
 52.8394
 38.2492
 42.0357
 44.3847
 53.6563
 53.6563
 53.6563
 43.2204
 41.4488
 52.1632
 49.3559
 49.3559
 44.5084
 44.5533
 46.8722
 47.55
 47.55
 36.1939
 48.7032
 51.4781
 55.1815
 55.1815
 55.1815
 55.1815
 55.1815
 39.9875
 55.2178
 52.1632
 52.0865
 52.0865
 42.7317
 52.9056
 58.6941
 52.9339
 52.9339
 52.9339
 52.9339
 45
 53.6004
 53.0848
 57.1139
 57.1139
 57.1139
 57.1139
 51.517
 51.225
 55.9106
 50.9608
 50.9608
 50.9608
 50.9608
 45.1885
 43.4626
 50.5371
 43.6578
 43.6578
 43.6578
 0
 41.0244
 41.7013
 41.7612
 52.8961
 52.8961
 52.8961
 52.8961
 46.0543
 49.5076
 54.827
 47.0106
 47.0106
 0
 0
 49.4874
 56.116
 50.03
 54.0648
 54.0648
 54.0648
 54.0648
 54.0648
 54.0648
 52.6118
 49.7192
 53.3292
 53.3667
 53.3667
 53.3667
 53.3667
 43.8976
 55.6417
 55.0636
 59.3212
 59.3212
 59.3212
 59.3212
 53.9166
 41.6653
 58.66
 57.1839
 57.1839
 57.1839
 57.1839
 60.4814
 59.2453
 58.8048
 48.6826
 48.6826
 59.6238
 57.6021
 49.2544
 60.7701
 55.8749
 60.0583
 56.5597
 56.2406
 48.734
 46.0977
 57.6021
 49.2443
 46.2817
 43.5316
 50.448
 53.4228
 53.4228
 53.4228
 50.5272
 52.2015
 55.3805
 47.4447
 47.4447
 47.4447
 0
 0
 0
 0
 0
 42.8719
 53.6097
 53.768
 56.5774
 56.5332
 49.0306
 55.8122
 48.3425
 57.5413
 58.8218
 43.566
 43.566
 46.8828
 59.9166
 58.0603
 58.2838
 58.2838
 58.2838
 58.2838
 61.0737
 51.2835
 63.4665
 59.7076
 59.7076
 59.7076
 59.7076
 59.7076
 59.7076
 59.7076
 59.7411
 60.4566
 63.4823
 54.0093
 54.0093
 54.0093
 54.0093
 57.1489
 60.3075
 59.397
 65.8863
 65.8863
 65.8863
 65.8863
 52.1153
 48.7237
 56.5774
 66.0227
 47.7808
 47.085
 62.6738
 58.643
 54.6992
 54.754
 53.0283
 63.9609
 63.9609
 63.9609
 63.9609
 56.4978
 55.6058
 63.6789
 49.295
 58.438
 59.5315
 56.5951
 58.9576
 59.0085
 50.7839
 61.5549
 59.9583
 62.6498
 58.0517
 48.6415
 60.7207
 60.7207
 64.0078
 62.9603
 61.8547
 53.8609
 53.8609
 53.8609
 60.7289
 63.9453
 64.9615
 55.6327
 55.6327
 61.9112
 59.1608
 59.3127
 65.1306
 65.1306
 65.1306
 65.1306
 65.1306
 62.1772
 49.5984
 69.0072
 49.679
 49.679
 0
 45.4092
 46.3789
 71.0915
 63.8514
 63.8514
 63.8514
 54.9909
 55.7853
 65.4676
 65.1537
 65.1537
 65.1537
 58.2838
 63.3009
 59.127
 71.7844
 51.1273
 61.8708
 56.921
 59.5399
 59.5399
 61.887
 55.3986
 50.3885
 58.0775
 58.0775
 58.4209
 47.8226
 61.0082
 62.9762
 59.6238
 53.9259
 64.3273
 62.6099
 63.9062
 64.1249
 56.648
 64.5446
 61.6928
 62.1048
 63.0793
 68.5493
 64.3195
 63.9453
 53.2823
 60.1664
 46.2493
 64.3351
 49.3457
 69.8212
 55.857
 74.6056
 64.7148
 55.9106
 59.1523
 65.9848
 70.157
 60.8358
 62.4179
 61.7576
 64.3351
 62.0242
 54.754
 52.1536
 61.7333
 57.4108
 54.9272
 51.4879
 60.7536
 63.293
 55.6776
 65.1383
 65.4523
 63.7024
 64.5678
 65.2304
 59.925
 66.5056
 60.1747
 58.5064
 66.2118
 64.9307
 60.1332
 49.7393
 62.7774
 65.8331
 46.5725
 65.123
 62.6817
 50.6853
 55.1634
 67.335
 54.1941
 67.513
 61.7576
 73.5595
 67.2458
 60.8441
 60.3904
 66.6108
 62.8331
 69.0724
 55.7584
 60.597
 63.0635
 65.2304
 47.3286
 56.4181
 64.3195
 63.7181
 57.8273
 52.3259
 64.2651
 64.707
 60.8605
 62.8808
 65.7495
 65.7419
 65.1767
 64.2884
 60.8523
 67.7126
 62.9921
 61.8708
 66.174
 56.0892
 51.5946
 64.7611
 49.3153
 66.6633
 54.2218
 56.7891
 68.2642
 65.1306
 60.8358
 65.3529
 70.342
 59.1439
 70.3704
 62.6099
 64.2962
 61.8061
 56.0714
 70.0643
 62.849
 62.7535
 49.1528
 68.6731
 62.5939
 63.6632
 52.7447
 58.7963
 59.6741
 65.8179
 65.4446
 66.2269
 60.0417
 54.231
 58.2752
 63.0952
 65.1844
 61.7414
 52.144
 68.7386
 62.8092
 61.7981
 48.7545
 68.6294
 62.2093
 50.9019
 54.8908
 64.9153
 51.8845
 65.7571
 60.291
 69.3758
 67.0373
 59.5231
 66.5132
 70.1926
 61.709
 62.506
 62.546
 71.9514
 63.1664
 57.3062
 51.614
 62.8172
 70.2211
 64.6142
 66.9403
 51.8941
 65.7495
 63.7652
 58.2838
 61.9112
 64.1093
 65.2457
 60.3573
 60.9262
 62.53
 68.5055
 62.434
 64.4205
 54.5894
 56.9386
 46.6369
 54.8908
 64.436
 64.436
 53.9073
 63.8592
 52.6783
 57.6368
 58.4294
 65.3682
 58.258
 69.6707
 62.57
 62.6897
 64.0625
 63.3325
 62.6259
 55.0454
 62.45
 52.8488
 65.7951
 64.2729
 56.745
 67.0373
 65.3988
 62.57
 68.9565
 64.3428
 64.3428
 67.6979
 62.7774
 60.0333
 57.3498
 52.0673
 64.2417
 55.4346
 53.5817
 65.3758
 61.9919
 66.6033
 56.4269
 61.709
 61.7171
 68.5857
 63.8592
 63.0555
 64.0156
 56.5066
 60.3241
 63.7574
 55.3986
 64.1015
 64.8999
 55.7584
 68.6877
 64.622
 64.622
 61.2209
 61.9677
 68.6076
 59.5063
 66.0606
 63.4508
 52.7826
 58.3609
 63.9453
 51.3225
 55.3986
 63.3009
 54.3875
 61.1882
 67.3276
 62.7853
 65.1613
 70.3349
 62.6578
 69.3109
 68.5274
 62.6578
 64.5136
 63.9062
 65.9469
 52.9056
 66.7757
 54.6077
 65.8179
 70.0071
 59.6657
 65.7799
 68.2788
 70.1356
 62.5859
 62.6019
 60.075
 55.0818
 68.1175
 53.4603
 65.3299
 52.7826
 51.2348
 66.2722
 59.338
 59.338
 57.7321
 68.542
 62.7933
 63.4586
 70.9436
 63.5767
 65.2457
 61.5711
 65.3605
 65.3605
 60.3656
 66.5132
 65.1844
 57.3934
 66.0076
 67.2458
 59.0931
 63.8984
 67.72
 67.72
 63.6318
 69.8212
 63.3009
 63.4586
 57.4456
 64.4205
 64.4205
 58.3609
 71
 51.9326
 52.2877
 66
 57.5934
 56.5862
 69.1592
 60.349
 62.6179
 61.6928
 71.8958
 62.538
 63.8279
 64.792
 63.0714
 66.2269
 65.4523
 70.3918
 58.5918
 66.5582
 57.1927
 68.8331
 69.1954
 62.1932
 65.1767
 73.5187
 58.8048
 69.814
 65.3529
 63.4429
 51.517
 67.1789
 57.931
 57.931
 57.2101
 60.4979
 60.6218
 74.2294
 61.1392
 59.9583
 71.2461
 71.2461
 61.9193
 57.9828
 70.9577
 70.9577
 70.9577
 66.6408
 67.7495
 65.7115
 70.9295
 61.7819
 67.3573
 55.0091
 71.5052
 74.6123
 58.7792
 66.0984
 72.3395
 65.9848
 57.4543
 71.2461
 56.5951
 66.9104
 66.7083
 53.8331
 62.9365
 63.8671
 70.8943
 66.6258
 56.8946
 56.7803
 65.1767
 65.1767
 65.1767
 59.1354
 62.8808
 69.8713
 69.8713
 63.9062
 66.7683
 72.0347
 68.695
 70.3633
 65.4523
 58.66
 69.3974
 69.2604
 64.7843
 54.5985
 72.0278
 59.4979
 62.6179
 71.5262
 57.4543
 62.3057
 70.6682
 63.4823
 52.2398
 64.7225
 94.4563
 57
 49.8096
 50.9117
 58.2838
 49.1325
 59.4979
 62.0242
 54.8726
 65.5134
 64.8383
 62.8967
 66.0454
 67.0522
 67.4833
 36.9053
 68.0221
 67.0746
 67.0746
 62.2495
 61.5792
 71.9236
 54.6992
 60
 49.99
 60.9098
 60.9098
 67.6314
 55.8928
 55.8928
 51.2348
 62.0725
 62.0725
 63.3561
 65.4294
 65.4294
 60.4152
 61.0492
 61.0492
 61.8142
 61.3922
 61.3922
 53.8424
 66.1211
 66.1211
 54.1572
 55.3986
 70.9084
 69.6563
 69.6563
 59.5231
 55.7853
 55.7853
 69.4478
 40.8656
 40.8656
 50.6458
 50.6458
 38.8716
 52.7447
 56.5332
 56.5332
 42.6263
 42.6263
 57.1489
 42.5558
 48.9081
 48.9081
 65.7343
 65.7343
 67.3795
 49.3356
 49.3356
 41.6413
 43.4626
 50.8527
 50.8527
 48.4768
 62.9603
 50.3289
 68.5055
 52.8678
 67.6166
 52.9811
 52.9811
 57.9569
 68.9783
 45.9456
 42.5676
 63.7103
 69.217
 51.4101
 55.0182
 62.442
