 305.781
 0
 11.2694
 16.1555
 18.4391
 18.0555
 15.5242
 24.4336
 24.4336
 16.7033
 19.0263
 19.0263
 19.2614
 17.5784
 20.4939
 21.7256
 21.9773
 20.2485
 22.6936
 17.2627
 12.2066
 17.7764
 21.1424
 19.1833
 19.2873
 10.0995
 17.9165
 19.105
 19.0263
 16.7332
 19.8242
 24.8395
 18.9473
 18.9473
 18.412
 18.412
 14.4222
 15.4272
 19.0788
 21.6795
 16.0312
 20.2731
 20.3224
 20.3224
 20.3224
 24.8797
 17.4356
 17.4356
 16.8226
 22.561
 18.3848
 23.5372
 23.5372
 0
 0
 20.2731
 23.0434
 16.7332
 16.7332
 16.7332
 0
 0
 20.9762
 22.891
 18.6279
 18.6279
 18.6279
 11.4018
 16.7929
 21.7256
 22.9129
 22.9129
 22.9129
 21.1896
 18.6815
 24.5153
 24.5153
 24.8395
 21.3776
 24.8998
 15.5885
 15.5885
 0
 45.7602
 20.445
 26.6458
 19.6977
 25.8844
 25.8844
 0
 37.9605
 19.0788
 24.2074
 19.0788
 16.3401
 16.3401
 0
 31
 20.8806
 20.347
 17.5214
 21.7715
 21.7715
 22.2711
 21.7945
 19.1833
 18.412
 18.412
 18.412
 22.4944
 24.5153
 22.7156
 22.7156
 22.7156
 20.6398
 21.1424
 23.4521
 12.1655
 12.1655
 22.7816
 28.3196
 15.6525
 15.6525
 25.3772
 23.6854
 19.1833
 8.7178
 8.7178
 24.4949
 21.7715
 15
 23.6643
 21.4942
 22.7596
 25.6125
 26.1151
 0
 0
 27.9106
 16.3401
 20.2731
 20.9523
 20.9523
 20.0749
 21.6102
 27.5136
 15.6844
 0
 0
 22.6274
 16.4012
 22.5389
 26.4386
 20.8567
 25.219
 24.8797
 27.9643
 19.975
 24.2487
 25.6515
 21.8632
 21.8632
 26.096
 22.1585
 25.1794
 25.1794
 18.6815
 25.5343
 23.4734
 20.2237
 20.2237
 20.2237
 25.3772
 19.1833
 22.5389
 22.5389
 22.2935
 26.8142
 22.2935
 16.1864
 27.258
 27.258
 25.593
 23.8537
 27.6043
 14.1774
 22.6053
 28.0891
 20.9762
 17.6068
 0
 0
 21.7486
 23.3024
 27.2213
 20.347
 20.347
 19.5448
 24.2899
 28.6531
 20
 20
 0
 0
 28.0179
 26.0576
 26.0576
 21.4476
 21.4476
 21.4476
 25.7294
 33.4963
 27.9643
 26.0576
 26.0576
 0
 25.1396
 23.1733
 28.7576
 28.1247
 19.0788
 23.0217
 21.8632
 26.8328
 0
 0
 23.516
 21.7715
 29.8831
 26.9258
 26.9258
 28.8444
 23.4521
 26.9444
 26.096
 26.096
 27.8388
 24.8395
 27.8568
 26.4197
 0
 0
 0
 0
 26.9815
 28.8617
 28.3019
 28.2843
 28.2843
 23.516
 27.2764
 30.3315
 30
 30
 0
 0
 26.9072
 30.9839
 28.5307
 29.6648
 29.6648
 0
 0
 32.7109
 29.6648
 34.1174
 27.8927
 27.8927
 0
 0
 35.0428
 33.0303
 29.5635
 29.5635
 29.5635
 0
 0
 27.8209
 31.289
 28.7924
 29.5127
 0
 0
 0
 26.9258
 32.1092
 27.313
 27.9285
 0
 0
 0
 27.1846
 29.1033
 28.7576
 33.8083
 33.8083
 0
 0
 0
 0
 33.9706
 32.0156
 31.289
 28.178
 0
 0
 0
 32.5883
 33.9117
 33.0303
 34.7707
 0
 0
 0
 33.0303
 28.6531
 35.1141
 34.7851
 0
 0
 0
 34.7851
 30.9031
 34.4093
 27.8029
 0
 31.7175
 33.6006
 27.8209
 33.3167
 31.257
 35.2278
 35.9026
 34.7419
 34.7707
 36.5513
 35.8608
 28.8097
 33.3167
 35.6651
 35.6651
 28.9137
 0
 0
 35.7771
 34.3074
 30.1496
 35.0143
 35.0143
 0
 0
 35.1426
 35.9722
 30.348
 32.7567
 32.311
 35.9861
 32.7109
 34.8855
 33.121
 31.4484
 33.5708
 34.4674
 33.9411
 34.7707
 29.1033
 0
 33.9706
 35.623
 34.4093
 33.9264
 33.9264
 0
 0
 33.1361
 33.8674
 36.6742
 35.171
 35.171
 0
 0
 0
 0
 0
 32.28
 36.0139
 38.4968
 33.1361
 33.1361
 0
 0
 35.6931
 35.1283
 38.5746
 36.524
 36.524
 0
 0
 39.4715
 35.7211
 34.1467
 37.4433
 39.064
 34.0881
 40.9878
 35.6511
 39.8999
 33.9853
 38.2623
 35.7491
 0
 0
 0
 36.0832
 36.8239
 35.8329
 38.3797
 36.7423
 38.2753
 39.1918
 37.3631
 36.4829
 37.7359
 34.7707
 37.5233
 38.7298
 34.7419
 39.064
 36.5103
 36.5103
 38.5616
 37.7359
 35.805
 36.6197
 0
 0
 36.8917
 34.4964
 37.8682
 34.3366
 34.3366
 37.6829
 35.7491
 38.4838
 37.4166
 0
 0
 0
 0
 35.8608
 40.0999
 40.8412
 35.7211
 35.7211
 35.7211
 34.9714
 39.128
 41.7612
 36.4966
 36.4966
 36.4966
 40.2119
 35.0571
 40.9145
 36.4966
 36.4966
 0
 34.8712
 35.9026
 38.4578
 46.9255
 40.8167
 40.8412
 37.4967
 37.47
 37.47
 39.0896
 38.8072
 39.9625
 35.6931
 0
 34.8425
 39.1024
 35.1852
 38.223
 34.7419
 38.2099
 39.1408
 39.8623
 35.6511
 38.5876
 35.609
 39.5854
 40.8289
 38.3927
 35.819
 38.6782
 38.7556
 38.3927
 41.7253
 39.1535
 36.565
 38.223
 40.9023
 41.7253
 36.9865
 43.5775
 38.223
 40.05
 36.0832
 39.2301
 41.7253
 39.1791
 40.8412
 40.2741
 41.6653
 36.647
 39.2938
 40.025
 39.3446
 34.8712
 39.4842
 40.7799
 35.609
 39.0896
 37.4166
 36.565
 40.398
 38.1838
 39.2938
 41.4488
 36.4966
 35.7351
 41.1947
 36.5787
 39.7366
 35.6791
 36.5787
 41.0122
 40.05
 39.6737
 39.1535
 40.398
 37.3765
 39.9875
 40.8534
 39.95
 39.2683
 40.9878
 40
 42.8019
 40.0125
 37.4566
 38.3406
 40.0625
 40.8412
 41.1825
 39.95
 37.3631
 40.025
 41.7373
 37.3765
 41.7852
 39.975
 36.4692
 42.1426
 38.2623
 38.1969
 39.1152
 39.9375
 37.0405
 40.2616
 37.8418
 40.2989
 38.4448
 40.8779
 36.1525
 41.0488
 39.1663
 40.5216
 40.8289
 39.9249
 38.7298
 40.8412
 38.7298
 39.3573
 40.1123
 40.4104
 39.1408
 34.8425
 37.3765
 39.975
 35.7211
 40.1248
 36.7423
 39.2173
 37.5366
 39.2046
 40.9756
 37.3363
 37.55
 40.8289
 43.4511
 35.609
 35.7071
 39.1535
 39.975
 35.609
 37.3631
 39.4462
 36.0139
 36.6197
 39.3065
 38.4838
 41.8688
 36.0278
 36.7967
 42.5676
 41.7253
 37.4967
 35.9305
 40.8656
 42.7551
 34.8425
 38.2099
 41.7133
 36.5103
 39.3446
 41.8688
 36.8917
 42.2729
 38.2753
 38.5616
 38.7169
 42.0357
 40.3113
 41.1947
 39.9625
 41.9047
 38.4968
 40.9512
 41.7493
 36.7423
 40.8412
 35.7351
 36.606
 40.8534
 36.606
 37.6165
 38.2884
 39.9375
 37.054
 39.4462
 40.0375
 39.5727
 40.0999
 36.3043
 39.4588
 40.9756
 42.6263
 38.0789
 40.0375
 40.025
 40.2741
 40.2741
 41.7253
 40.5339
 38.2361
 36.5787
 36.5103
 38.2623
 34.7994
 40.1746
 38.2884
 40.9634
 39.1152
 37.4166
 37.3765
 41.7013
 37.4566
 41.6773
 37.4433
 39.064
 39.128
 37.6696
 39.1535
 40.2741
 34.7707
 41.1704
 0
 39.5474
 39.9875
 42.7083
 40.0375
 39.128
 39.3954
 41.7133
 39.9124
 39.281
 40.0625
 39.9375
 35.8887
 39.1408
 35.7491
 38.3275
 40.2119
 39.9875
 39.1535
 41.9881
 36.5377
 39.128
 42.5441
 36.606
 35.7771
 39.9875
 40.5339
 36.8917
 0
 39.2683
 37.8682
 37.3497
 42.8719
 37.1887
 38.6005
 39.975
 37.054
 37.3898
 40.1123
 40.1248
 38.4968
 39.9625
 40.8412
 39.95
 38.2623
 41.7013
 39.9249
 39.1408
 39.4715
 41.6773
 42
 41
 37.5766
 39.2046
 42.5911
 39.9625
 39.9875
 39.3065
 41.0488
 39.9875
 42.3084
 39.7115
 39.8748
 42.9884
 38.2753
 37.5633
 40.8656
 41.6773
 39.5601
 40.2865
 40.8534
 36.5513
 40.1746
 40.025
 40.025
 35.7491
 39.9875
 38.2753
 37.4299
 41.0366
 40.8656
 42.6849
 37.5233
 40.8901
 40.8901
 42.6028
 38.2884
 39.128
 42.638
 38.2361
 39.975
 39.281
 40.1995
 39.724
 0
 44.4072
 39.8497
 42.6497
 42.5793
 45.1996
 38.1576
 0
 41.4367
 42.5441
 40
 39.1791
 40.3237
 39.1408
 37.4566
 41.0122
 39.0768
 36.6742
 40.8412
 41.0244
 40.0125
 40.939
 40.9268
 44.5982
 39.6232
 39.2301
 40.3361
 42.5793
 40.05
 41.8688
 40.8901
 41.2311
 41.7133
 45.1221
 41.2795
 42.8836
 39.2683
 40.0125
 42.6028
 41.0122
 43.4511
 41.8927
 40.9145
 41.8808
 39.9875
 40.9756
 41.7253
 38.3275
 41.7852
 41.7612
 41.7612
 35.327
 40.8534
 41.8569
 0
 0
 41.0609
 46.3357
 39.95
 40.7554
 44.6094
 40.0125
 41.6533
 41.8091
 41.1096
 42.6028
 43.6119
 39.6611
 46.1194
 42.45
 41.509
 43.7493
 46.0543
 40.9145
 42.6615
 44.1135
 41.7612
 42.5676
 41.6773
 36.1801
 40.8534
 40.9023
 41.0122
 0
 37.3363
 41.1582
 42.6497
 0
 41.0488
 41.7133
 43.0465
 41.0974
 45.8258
 41
 37.4967
 39.6737
 39.6106
 41.9285
 39.128
 39.0512
 42.0714
 44.9667
 39.3954
 42.1426
 42.0238
 39.7618
 40.8534
 42.1307
 42.8486
 35.6651
 40.9145
 34.4238
 40.5586
 41.509
 40.0874
 37.2961
 42.5441
 38.3145
 41.2311
 41.2553
 39.8873
 41.497
 41.1947
 40.4475
 27.8388
 37.4967
 40.1871
 16.4012
 44.3058
 45.1553
 39.7618
 40.4475
 38.6523
 40.2741
 39.6611
 40.0999
 41.3038
 41.2553
 41.2553
 38.3536
 44.643
 26.0384
 40.6694
 42.5676
 30.0167
 36.9324
 37.6563
 30.692
 38.5227
 40.0999
 31.9531
 41.4367
 38.4708
 29.9666
 41.7612
 29.2916
 39.5727
 39.7744
 33.5708
 40.2119
 41.2432
 38.1576
 37.6298
 36.0555
 36.0555
 30.7734
 35.0286
 30.348
 42.4382
 35.609
 35.609
 37.8021
 37.8021
 35.7631
 44.2945
 39.9375
 30.9516
 30.9516
 30.9516
 38.0789
 42.4028
 42.4028
 36.4692
 36.9865
 37.1887
 38.923
 31.4006
 42.4146
 37.6962
 45.5412
 36.6742
 39.4335
 40.5216
 30.5941
 35.4401
 39.281
 38.3797
 35.8748
 39.6863
 40.5832
 36.8917
 44.0454
 38.9358
