 2.82843
 1.73205
 1.73205
 7.81025
 8.60233
 6.9282
 3.74166
 6.9282
 6.9282
 2.44949
 7
 7
 5.19615
 4.24264
 10.6771
 2.44949
 3.31662
 8.77496
 6.48074
 7.81025
 0
 6.08276
 8.544
 3.74166
 7.87401
 5.38516
 5.19615
 10.4881
 6.9282
 4.47214
 3.60555
 12.7279
 2.44949
 2.44949
 6.245
 6.245
 7.34847
 5.38516
 8.60233
 4.24264
 4.24264
 7.28011
 6.9282
 6.9282
 6.9282
 5.56776
 1.73205
 1.73205
 8
 6.85565
 7.87401
 5.56776
 5.56776
 0
 0
 7.93725
 8.12404
 2
 2
 2
 0
 0
 7.68115
 7.68115
 6.85565
 6.85565
 6.85565
 5.47723
 5.19615
 8.18535
 9.79796
 9.79796
 7.87401
 8
 3.74166
 8.60233
 8.60233
 7.87401
 6.48074
 9.79796
 6.9282
 6.9282
 0
 0
 4.24264
 5.38516
 6.9282
 10.8167
 10.8167
 0
 0
 0
 5.19615
 6.9282
 5.19615
 5.19615
 0
 0
 3.74166
 6.85565
 5.19615
 5.19615
 5.19615
 2.44949
 3
 5.19615
 4.47214
 4.47214
 4.47214
 5.09902
 6.48074
 5.38516
 5.38516
 5.38516
 6
 2.44949
 7
 3.31662
 3.31662
 8.18535
 8.24621
 0
 0
 9.64365
 7.81025
 6.245
 6.16441
 6.16441
 5.74456
 6.55744
 4.24264
 9.53939
 1.73205
 2.23607
 7.14143
 8.544
 0
 0
 8.544
 5.74456
 3.4641
 6.9282
 0
 1.73205
 8.66025
 6
 5.19615
 0
 0
 7.34847
 6.32456
 1.73205
 5.09902
 4.79583
 5.19615
 4.24264
 11.2694
 1.73205
 2.44949
 9.32738
 3.87298
 3.87298
 8.60233
 0
 5.47723
 5.47723
 2.44949
 9.05539
 6.245
 3.4641
 3.4641
 6
 7.48331
 2.44949
 6.85565
 6.85565
 8.66025
 7.34847
 7.14143
 6.48074
 5.47723
 5.47723
 4.89898
 6.55744
 10.0499
 2.44949
 3
 8.94427
 6.85565
 3.87298
 3.87298
 3.87298
 3.87298
 8.83176
 5.47723
 6.9282
 17.1172
 8.66025
 4.12311
 7.07107
 6.9282
 11.2694
 0
 0
 6.85565
 5.74456
 5.74456
 5
 5
 15.8745
 4.24264
 8.48528
 3.74166
 4.58258
 4.58258
 0
 1.41421
 1.73205
 4.24264
 7.07107
 0
 4.58258
 1.41421
 8.88819
 0
 0
 2.64575
 2.44949
 9.84886
 3.87298
 3.87298
 6.9282
 4.24264
 6.08276
 5.74456
 5.74456
 8.48528
 6
 5.47723
 5.47723
 0
 0
 0
 0
 5.47723
 8.48528
 7
 5.38516
 5.38516
 4.12311
 8.12404
 8.12404
 9.16515
 9.16515
 0
 0
 6.245
 10.3923
 8.66025
 8.544
 8.544
 0
 0
 9.69536
 7.4162
 7.81025
 6.9282
 6.9282
 0
 0
 10.5357
 6.85565
 6.08276
 8.18535
 8.18535
 0
 0
 3.4641
 8.12404
 6.32456
 7.4162
 0
 0
 0
 4.89898
 9.48683
 8.544
 5.74456
 0
 0
 0
 1.41421
 9.79796
 6.48074
 9.48683
 9.48683
 9.48683
 0
 0
 0
 12.1244
 8.60233
 8.94427
 3.4641
 0
 0
 0
 8.66025
 7.81025
 8.06226
 10.1489
 0
 0
 0
 6.9282
 6.245
 7.81025
 8.18535
 0
 0
 0
 9.64365
 8.60233
 9.84886
 6.9282
 0
 8.60233
 9.84886
 8.48528
 7.93725
 9.27362
 9.16515
 9.64365
 9.59166
 7.81025
 8.66025
 9.27362
 7.68115
 7.81025
 8.88819
 7.87401
 8.544
 0
 0
 8.66025
 7
 9.16515
 6.9282
 6.9282
 0
 0
 7.87401
 10.3923
 10.3441
 5.19615
 9.11043
 10.3441
 11.225
 9.05539
 4.3589
 6.63325
 6.9282
 12
 9
 10.1489
 5.74456
 0
 10.6771
 10.8628
 7.81025
 10.0499
 10.0499
 0
 0
 9
 9.79796
 12.6095
 9.53939
 9.53939
 0
 0
 0
 0
 0
 7.74597
 11.2694
 9.53939
 9.79796
 9.79796
 0
 0
 9.32738
 10.3923
 11.6189
 9.32738
 9.32738
 0
 0
 12.0416
 8.7178
 10.3923
 9.69536
 11.6619
 7.93725
 13.6748
 10.5357
 12.083
 7.07107
 10.5357
 11.5758
 0
 0
 0
 7.81025
 12.083
 12.6491
 9.53939
 14
 11.7473
 9.53939
 11.225
 9.84886
 13.5277
 8.66025
 9.53939
 10.4403
 8
 12.3693
 10.1489
 10.1489
 12
 10.3923
 10.0995
 10.3923
 0
 0
 10.8628
 9.43398
 12.1244
 9.53939
 0
 12.9228
 9.84886
 11.6189
 10.0995
 0
 0
 0
 0
 11.225
 10.9545
 11.6189
 10.4403
 10.4403
 0
 8.06226
 10.583
 11
 10.5357
 10.5357
 0
 12.1655
 8
 10.7238
 11.225
 11.225
 0
 8.83176
 12.4097
 12.083
 13.9642
 8.66025
 13
 12.8452
 10.4881
 10.4881
 12.2474
 7.81025
 12.2474
 8.7178
 0
 8.18535
 12.3288
 7
 10.9545
 6.9282
 10.4403
 12.2882
 7.81025
 8.06226
 12.8062
 12.7279
 12.1244
 13.4164
 12.2066
 9.38083
 12.083
 8.7178
 12.4097
 12.2882
 9.69536
 7.87401
 12.2066
 13.0767
 11.7898
 8.66025
 12.4499
 12.3288
 10.5357
 8
 12.8841
 13.1529
 11.2694
 13.2288
 12.1655
 12.5698
 10.0995
 8
 12.3693
 12.2474
 9.84886
 7.87401
 13.4164
 8.88819
 10.8167
 8.83176
 10.0995
 8.66025
 9.79796
 13.5277
 7.87401
 12.3288
 8.83176
 13.1909
 9.69536
 12.1244
 9
 10.1489
 12.083
 12.8841
 12.083
 10.5357
 12.083
 9.84886
 11.2694
 12.9228
 12.4097
 10.3923
 9.05539
 12.1244
 12.083
 12.6491
 7.07107
 9.84886
 13.4536
 13
 12.8452
 12.3693
 12.2066
 12.1244
 14.5258
 9.79796
 10.7238
 11.2694
 11.225
 8.7178
 9.8995
 9.48683
 12.3288
 12.8452
 7.81025
 13.4907
 9.32738
 11.4018
 9.21954
 12.4097
 10.583
 13.0384
 11.5326
 10.3923
 11.5326
 8.66025
 12.1244
 11.3578
 8.66025
 8.7178
 9.53939
 11.225
 10.4403
 7.14143
 10.9545
 11.225
 9.05539
 12.9615
 9
 12.8062
 9.59166
 14
 13.2288
 13.1149
 9.84886
 11.5758
 12.4097
 7.81025
 8.06226
 9.69536
 10.5357
 7.74597
 9.74679
 12
 9.38083
 9.64365
 9.48683
 10.8167
 11.5758
 10.583
 9.38083
 10.5357
 11.2694
 10.9087
 11.2694
 8.7178
 12.9615
 7.4162
 10.3923
 10.3923
 8.83176
 8.66025
 13.4536
 6.9282
 13
 10.6771
 9.59166
 11.3137
 12.1655
 11.3137
 10.3441
 12.53
 13.9284
 10.4403
 12.6095
 13.4164
 8.66025
 14.2127
 10.4403
 10.583
 12.8841
 9.32738
 9.84886
 12.083
 13.1529
 10.583
 9
 12.2474
 10.583
 12.5698
 10.4881
 12.8841
 14.2127
 10.0995
 10.5357
 9.05539
 12.3288
 12.2474
 12.2474
 8.88819
 12.2474
 11.1803
 8.77496
 8.88819
 10.5357
 6.55744
 13.9642
 9.53939
 13.7113
 10.8628
 9.53939
 10.9545
 12.3693
 9.69536
 13.1529
 9.8995
 11.2694
 12.0416
 11
 9.84886
 12.083
 10.3923
 11.2694
 0
 13.4907
 12.5698
 13.1909
 12.6095
 9
 12.1655
 12.8452
 12.3693
 11.4891
 12.1655
 9.64365
 7.14143
 11.2694
 8.12404
 11.2694
 14.3178
 9.11043
 12.8452
 14.2829
 9.74679
 12.3693
 13.1149
 9.32738
 9.84886
 11.7473
 13.5647
 10.5357
 10.5357
 10.9087
 11.1355
 9.8995
 10.8167
 10.4881
 10.4403
 9.79796
 10.583
 10.4403
 9.38083
 11.3578
 11.225
 9.84886
 11.3578
 13.1529
 8.48528
 13.0767
 12
 8.94427
 13.9642
 13.9642
 14.0357
 13.1149
 12.4499
 12.0416
 13.6382
 10.7238
 11.5758
 12.4097
 12.4499
 9.8995
 14
 12
 14.1421
 13.5277
 11.6189
 10.8628
 8.88819
 12.083
 10.583
 12.2474
 10.4403
 7.14143
 8.83176
 10.7238
 10.7238
 8.18535
 10.1489
 10.7238
 8.88819
 14.7648
 10.9545
 14.3875
 12.9615
 11.6189
 11.6189
 14.0712
 10.5357
 9.11043
 13.4164
 9.27362
 11.2694
 9.05539
 13.6748
 11.7898
 11.7898
 15.0997
 12.9615
 10.5357
 14.7986
 13.4907
 11.7898
 0
 13.5647
 15.4919
 10.4403
 10.1489
 12.4097
 10.198
 9.64365
 12.6095
 11.7473
 8.66025
 14.2829
 14.7309
 12.4097
 12.2882
 11.3578
 15.906
 14.4222
 12.8062
 13.9642
 14
 11.7898
 12.8841
 14.4568
 14.3527
 12.4097
 15.906
 15.2643
 14
 12.8841
 13.1909
 14.7309
 12.3693
 16.2481
 13.5647
 13.9642
 13.4536
 10.5357
 12.8452
 13.1909
 9.84886
 15.4919
 15.1658
 15.1658
 13.5277
 13.2288
 14.7648
 14.7648
 0
 15.4272
 15.1327
 11.0905
 13.6748
 14.7648
 11.6189
 12.1655
 14.0712
 13.7113
 13.0384
 16.3401
 11.7047
 14.0357
 12.7671
 14.4222
 14
 17.5499
 15.4272
 15.5885
 13.1909
 15.1327
 15.1327
 10.5357
 9.8995
 11.6189
 14
 13.5277
 0
 10.3923
 14.3875
 13.9642
 0
 14.6629
 14.7309
 13.2665
 14.7648
 14.2829
 12.49
 8.88819
 13
 12.9615
 14.9332
 9.8995
 13.9642
 12.4499
 16.2788
 15.1987
 14.3178
 12.3693
 13.2288
 12.4097
 14
 14.7648
 12.6491
 15.3297
 8.544
 11.3137
 14.4222
 13.6382
 11
 17.8045
 10.583
 17.7764
 15.1987
 14.1421
 17.1172
 15.3297
 14.2127
 8.18535
 12.3288
 14.7648
 14.4222
 16
 14.7309
 15.906
 12.8841
 12.3693
 13.1909
 12.9228
 13.2288
 11.8322
 12.3693
 12.3693
 11.7898
 17.088
 6.245
 14.7648
 16.6132
 10.4403
 14.1421
 13.4907
 13.4536
 14.2127
 15.9687
 11.6189
 14.8997
 14.8997
 11.0905
 15.3297
 13.5277
 13.4907
 13.6748
 9.84886
 12.3693
 13.9642
 8.544
 14.7986
 13
 7.34847
 11
 13.5647
 8.88819
 15.1327
 11.2694
 11.2694
 13.7477
 12.8452
 14.2829
 14.0712
 14
 13.9642
 10.0499
 10.0499
 12.8841
 14.8324
 14.8324
 11.6189
 12.4097
 15.1658
 13.7113
 9.69536
 16.7631
 12.53
 15.843
 13.2288
 13.0384
 12
 9.38083
 10.5357
 14.7309
 14.3527
 10.0995
 12.2882
 17.4356
 10.1489
 16.5227
 13.5277
