 16.8523
 13
 15.9374
 16.2481
 19.5192
 16.2788
 13.0384
 15.6844
 15.6844
 16.7631
 25.1794
 25.1794
 21.7256
 18.0555
 22.1359
 19.4165
 17.8885
 26.2488
 15.3623
 24.454
 16.2481
 25.2389
 10.4403
 21.4709
 25.2587
 15.1658
 22.383
 22.2486
 13
 19.2614
 20.9045
 25.7488
 17.1172
 17.1172
 21.4709
 21.4709
 20.8567
 20.6398
 24.5764
 17.2337
 19.4936
 21.3776
 26.7955
 26.7955
 26.7955
 21.3073
 20.5913
 20.5913
 18.9473
 21.2838
 22.1133
 19.0788
 19.0788
 0
 0
 23.622
 22.9565
 21.2368
 21.2368
 21.2368
 0
 0
 28.3725
 26.2298
 25.219
 25.219
 0
 16.3401
 22.4499
 27.258
 30.8545
 30.8545
 22.2036
 22.5167
 19.0526
 28.4429
 28.4429
 20.6155
 25.6905
 25.3969
 22.0227
 22.0227
 0
 0
 24.5357
 22.7596
 24.6779
 28.7402
 0
 0
 0
 19.105
 20.9523
 26.0576
 21.166
 21.166
 0
 0
 20.2485
 26.0768
 21.095
 16.6733
 16.6733
 20.347
 22.9565
 16.5831
 24.3105
 0
 0
 20.7364
 26.6083
 25.593
 25.593
 25.593
 21.6795
 19.4422
 25.3377
 21.7256
 0
 25.2982
 22.2711
 19.975
 19.975
 29.5296
 22.1359
 23.6854
 16.8819
 0
 26.7395
 23.4094
 17.5499
 25.1992
 21.3307
 19.0526
 28
 24
 0
 0
 26.3818
 19.5192
 22.6274
 21.3073
 0
 20.8806
 27.074
 16.5227
 22.561
 0
 0
 27.1477
 24.8797
 18.6548
 19.8242
 21.3073
 20.9045
 25.5147
 29.1376
 17.7482
 22.561
 24.8395
 24.3311
 24.3311
 25.632
 21.1424
 24.5764
 24.5764
 17.4069
 30.5287
 24.1039
 24.3105
 24.3105
 24.3105
 26.7582
 15.1987
 22.3159
 22.3159
 22.7816
 26.9815
 23.388
 18.0555
 25.1595
 25.1595
 23.0217
 20.4939
 29.5296
 16.7332
 24.3721
 28.931
 22.9565
 20.1742
 0
 0
 23.6008
 27.4408
 25.593
 23.6432
 23.6432
 29.6311
 21.3542
 25.7294
 23.5372
 23.5372
 0
 0
 28.7228
 22.9129
 22.9129
 25.4362
 25.4362
 27.2764
 22.561
 23.4734
 22.1359
 20.2485
 20.2485
 0
 20.025
 20.9045
 21.6795
 24.3311
 20.8567
 26.9815
 22.2036
 29.9833
 0
 0
 20.2237
 20.8327
 28.6531
 22.1811
 22.1811
 27.8568
 22.7596
 24.7992
 21.5639
 21.5639
 27.2213
 22.9129
 22.1133
 25.1794
 0
 0
 0
 0
 22.6053
 28.7228
 22.1359
 23.0868
 23.0868
 24.4745
 28.4781
 31.9218
 29.5466
 29.5466
 0
 0
 25.7682
 31.0483
 29.6479
 32.2335
 0
 0
 0
 29.2233
 26.5707
 31.6544
 25.3772
 0
 0
 0
 26.9815
 24.3516
 21
 27.1846
 0
 0
 0
 20.8567
 25.3772
 24.0416
 26.4575
 0
 0
 0
 23.4307
 28
 29.5466
 24.6982
 0
 0
 0
 22.561
 28.3196
 24.8395
 28.2135
 28.2135
 0
 0
 0
 0
 32.28
 31.6386
 27.4591
 24.1868
 0
 0
 0
 31.257
 24.2074
 26.1916
 30.282
 0
 0
 0
 23.7697
 26.9815
 25.8263
 23.6854
 0
 0
 0
 29.5635
 28.3196
 29.4449
 26.9444
 0
 28.2666
 31.4802
 26.0576
 28.4253
 28.2312
 27.2764
 30.6268
 29.5296
 27.5681
 28.3196
 31.496
 22.6936
 24.1868
 28.0179
 28.3549
 24.5967
 0
 0
 24.8998
 24.1039
 28.178
 23.1517
 23.1517
 0
 0
 25.3969
 29.4958
 31.1609
 22.7596
 23.8328
 30.7083
 31.4325
 27.8209
 25.0998
 22.9783
 27.4408
 32.8786
 24.9199
 27.7489
 18.6548
 0
 26.7208
 23.3024
 25.5734
 26.0576
 0
 0
 0
 29.189
 28.7402
 29.3939
 24.8596
 24.8596
 24.8596
 0
 0
 0
 0
 28.9655
 31.7962
 28.0535
 25.807
 25.807
 0
 0
 32.0156
 28.2312
 32.3265
 31.305
 0
 0
 0
 29.189
 27.6043
 26.1151
 30.1164
 26.4197
 25.02
 34.0588
 24.5967
 26.4764
 26.0576
 32.4037
 30.05
 0
 0
 0
 27.6586
 31.3528
 32.6343
 23.8328
 33.9559
 33.5112
 26.4575
 33.1964
 29.6985
 34.176
 26.4386
 26.096
 32.187
 23.7276
 30.6594
 25.6125
 25.6125
 30.0998
 31.8434
 28.7054
 27.4773
 0
 0
 32
 30.2324
 28.3373
 29.5296
 0
 31.7648
 30.7409
 33.9264
 29.1548
 29.1548
 0
 0
 0
 29.4958
 31.3369
 34.0734
 31.4802
 31.4802
 0
 25.8457
 26.8514
 33.2415
 24.6374
 0
 0
 29.1719
 25.02
 32.5883
 28.8964
 0
 0
 26.9815
 31.9844
 31.3209
 27.4591
 28.8964
 35.0143
 32.0468
 32.8481
 0
 31.6228
 23.9583
 32.6803
 28.0357
 0
 24.5764
 31.9061
 26.8701
 26.9072
 25.8263
 29.95
 29.5635
 28.8791
 30.9516
 33.7787
 32.2955
 33.8821
 34.4238
 32.665
 31.3369
 29.9333
 28.0891
 30.315
 34.2199
 31.3209
 27.7669
 26.0384
 28.7924
 35.6371
 25.671
 38.2492
 30.1164
 31.6386
 26.5141
 31.3688
 31.273
 32
 35.5809
 31.8591
 32.311
 31.5278
 27.2029
 35.171
 29.1548
 31.0483
 25.593
 31.5119
 26.1151
 25.5343
 30.6757
 28.0357
 28.4429
 28.688
 32.5576
 30.7571
 33.3017
 31.5119
 36.1939
 31.3688
 33.8674
 31.3369
 30.315
 36.647
 32
 28.6356
 31.0483
 28
 24.454
 30.3315
 33.5708
 29.2062
 28.688
 33.0908
 33.9117
 35.805
 34.4674
 25.6515
 31.9218
 35.0428
 36.2629
 38.092
 35.171
 31.4802
 31.9844
 39.3446
 30.5123
 31.8434
 25.9037
 29.3598
 25.8457
 32.249
 28.7228
 30.6757
 33.4963
 31.0322
 35
 30.9193
 33.8674
 32.5883
 32.5576
 34.6121
 33.0908
 32.7109
 31.496
 35.3977
 29.5127
 23.8956
 30.692
 29.3087
 26.1725
 30.9354
 28.0179
 25.219
 26.8142
 32.0468
 30.692
 35.0143
 35.0571
 30.692
 35.623
 33.1361
 34.7707
 36.2905
 33.2114
 29.7321
 35.7771
 38.1838
 24.454
 23.388
 31.8748
 33.4515
 24.7184
 27.2029
 34.9857
 31.8277
 32.28
 27.7669
 33.8083
 30.7246
 35.4542
 34.5109
 35.2846
 32.665
 30.7083
 33.2265
 30.7083
 36.4555
 23.7276
 29.95
 33.5112
 21.7715
 27.2764
 36.3043
 24.9399
 32.6956
 32.3419
 31.4166
 34.4819
 32.2955
 35.0286
 31.289
 31.607
 36.4829
 30.8545
 35.8329
 33.0151
 24.0208
 38.704
 29.5635
 37.7624
 32.2955
 26.0576
 26.1151
 37.6962
 33.7194
 31.3688
 27.7308
 31.9218
 35.5949
 35.609
 32.7261
 33.8231
 34.5543
 33.9264
 31.1288
 31.0805
 31.8591
 29.3428
 29.3428
 32.3419
 21.4942
 29.7153
 31.3369
 30.4795
 30.6757
 29.5296
 36.3043
 33.4066
 35.0571
 32.0468
 30.3315
 28.8271
 34.1906
 24.4131
 33.8231
 24.7588
 27.1477
 32.6343
 30.1496
 30.2985
 34.3802
 30.4138
 35.2987
 0
 34.0294
 33.7046
 37.5233
 30.9354
 33.8526
 29.9333
 38.2753
 31.4484
 22.7596
 31.8904
 25.318
 25.865
 35.4824
 27.6043
 33.541
 32.7261
 32.573
 32.9697
 34.1906
 31.5119
 27.5862
 34.5832
 28.4429
 22.6053
 33
 33.0151
 27.5862
 27.5862
 34.4819
 35.3129
 29.5804
 34.4529
 33.8674
 35.6371
 33.4216
 33.5559
 30.5778
 34.2491
 34.9714
 24.6779
 31.0805
 32.6037
 24.4131
 30.8058
 35.426
 29.9165
 33.7935
 34.0588
 34.8712
 36.2629
 27.8927
 34.2929
 29.95
 33.8378
 26.1151
 33.4216
 28.2666
 30.7246
 34.4384
 35.9444
 30.3315
 33.8821
 37.47
 37.4433
 31.3369
 34.2783
 32.311
 37.6696
 27.1662
 35.6651
 30.5614
 22.6495
 34.4819
 34.4819
 32.4654
 28.5832
 35.6651
 33.7491
 34.6266
 34.6121
 34.0881
 37.0405
 29.2916
 0
 37.2425
 24.3721
 28.9137
 36.1801
 28.8444
 27
 32.665
 34.4238
 28.775
 0
 35.3977
 35.6651
 35.1283
 34.4674
 37.4967
 33.9117
 33.9117
 38.0657
 35.7771
 36.6333
 33.5857
 29.1548
 35.7911
 33.7787
 25.4362
 35.2562
 33.4515
 37.081
 30.3315
 28.8617
 36.4829
 31.9061
 37.5233
 31.0966
 27.9285
 27.8029
 37.3898
 28.6356
 35.7771
 33.2415
 28.1069
 35.4824
 36.3731
 33.7935
 41.1582
 30.8221
 34.5254
 36.8782
 36.4006
 35.819
 37.1214
 29.9333
 37.0675
 34.0734
 36.2767
 27.4226
 32.6803
 37.6962
 26.4197
 26.4197
 34.4819
 30.5941
 34.6843
 0
 0
 38.5616
 35.9026
 26.9258
 29.8998
 35.0286
 27.258
 26.2679
 32.6803
 32.4962
 29.7153
 36.3593
 29.9666
 32.7109
 32
 32.6956
 35.9861
 38.3145
 32.4962
 39.95
 38.7298
 31.9687
 32.0312
 36.973
 29.0517
 32.7719
 35.6791
 35.6791
 35.6791
 31.6386
 37.3765
 29.1548
 29.1548
 40.5956
 29.8161
 31.1127
 37.3631
 29.1548
 25.219
 26.0384
 31.1769
 30.4631
 33.3017
 26.3439
 26.1916
 28.931
 35.7491
 30.692
 33.8674
 27.2764
 29.4449
 28.7576
 37.8682
 35.242
 28.9137
 40.6817
 27.8568
 35.4824
 28.3549
 29.4958
 36.3043
 37.6431
 20.9523
 46.3357
 29.1548
 33.8674
 27.7489
 30.315
 27.1109
 22
 27.8927
 36.1386
 24.7386
 38.8716
 34.4529
 31.0966
 32.7109
 29.2404
 34.2053
 29.1204
 29.1204
 36.9188
 33.2265
 33.2265
 35.0428
 34.6554
 34.6554
 30.7083
 29.7153
 29.7153
 31.305
 26.9444
 26.0576
 27.037
 33.3617
 25.2587
 29.3598
 30.692
 23.3666
 35.7211
 32.6956
 29.1204
 28.5132
 31.0966
 27.4773
 31.496
 32.9848
 30.1164
 34.3657
 33.2566
 28.9655
 36.3043
 31.4802
 33.2415
 31.5753
 31.5753
 31.5753
 31.5753
 28.7576
 33.8821
 30.348
 29.5127
 29.5127
 29.5127
 25.5539
 25.5539
 25.5539
 28.0891
 25.5539
 31.3847
 29.9833
 22.561
 34.9285
 27.8388
 33.2566
 24.1868
 25.9037
 30.3809
 28.8964
 32.1714
 27.7849
 31.9844
 31.5436
 31.9218
 35.819
 30.4138
 31.1448
 31.9687
