 42.9185
 32.665
 21.1424
 13.7113
 13
 33.9117
 35.4683
 32.1403
 27.0555
 27.0555
 18.2757
 23.2164
 24.5764
 27.9643
 27.4773
 23.7276
 31.4643
 18.3848
 32.9848
 23.4307
 17.9165
 23.8747
 14
 14
 26.0384
 17.1172
 17.1172
 21.7025
 26.1534
 16.4621
 22.6053
 19.0788
 20.5183
 22.8035
 19.9499
 23.388
 18.412
 16.3401
 19.6214
 20.2485
 21
 29.5973
 22.6053
 20.9045
 20.445
 30.315
 27.5862
 23.3024
 23.3024
 27.2764
 27.2764
 16.1864
 26.9815
 26.9815
 0
 21.8403
 21.8403
 16.4924
 20.025
 26.3818
 26.3818
 0
 30.6594
 27.313
 18.7083
 15.6844
 8.544
 26.0576
 20.4206
 21.9545
 23.0434
 6.9282
 28.0357
 19.9249
 16.6733
 23.6008
 8.544
 28.8791
 27.4408
 19.5448
 18.6011
 8.60233
 38.8587
 0
 21.7486
 33.7787
 15.5885
 18.7883
 8.18535
 31.9061
 0
 20.9762
 31.7017
 21.2368
 20.6882
 8.24621
 23.2379
 0
 26.5141
 24.454
 21.7025
 28.0357
 28.0357
 30.0167
 19.975
 29.3598
 26.0384
 26.0384
 26.8328
 26.8328
 32.3419
 20.3715
 20.3715
 0
 17.6068
 34.6987
 23.1517
 25.2389
 25.2389
 26.3818
 20.025
 15.5885
 17.3494
 25.4558
 20.6155
 20.6155
 20.6155
 0
 30.1828
 15.1987
 15.7162
 20.8567
 27.7669
 30.2985
 21.0238
 16.6433
 16.6433
 0
 21.7945
 20.8327
 27.3861
 15.5885
 0
 21.2603
 15.5885
 29.5804
 21.7256
 21.7256
 0
 22.6053
 22.9783
 20.1246
 28.8271
 24.4131
 25.1794
 24.5153
 29.6816
 26.0384
 27.8209
 27.8209
 21.7025
 26.9815
 23.7065
 31.1288
 18.2483
 0
 15.1658
 23.4307
 27.0924
 19.1311
 27.5681
 0
 24.8797
 18.1384
 19.1833
 22.9129
 17.3494
 28.5832
 13.7113
 13.9642
 13.9642
 15.906
 29.95
 16.6132
 21.7025
 21.7025
 27.5862
 20.8327
 20.8327
 20.8327
 0
 0
 22.5832
 17.7482
 23.4521
 19.6214
 0
 24.3926
 24.2899
 27.6225
 21.4709
 0
 0
 0
 22.8254
 25.3574
 28.8617
 22.3383
 14.7648
 0
 26.2107
 30.133
 29.8831
 27.6948
 16.6733
 16.6733
 26.7208
 23.0434
 27.1109
 22.9565
 19.0788
 17.3205
 22.561
 22.3607
 22.3607
 0
 16.5227
 17.4929
 24.454
 23.7065
 23.7065
 23.7065
 13.8924
 27.074
 31.607
 31.607
 29.9165
 14.0357
 33.4066
 33.4066
 33.4066
 33.4066
 33.4066
 0
 27.313
 20.445
 20.445
 20.445
 20.445
 21.9089
 18.2483
 20.1494
 21.7025
 14.8324
 14.8324
 0
 21.7256
 20.8327
 20.8327
 20.9762
 20.9762
 20.9762
 0
 22.6716
 25.0799
 30.7896
 30.7896
 30.7896
 30.7896
 0
 31.9687
 33.2716
 33.1813
 26.5141
 26.5141
 26.5141
 0
 30.6105
 29.5127
 28.7228
 28.7228
 28.7228
 28.7228
 0
 25.807
 22.2486
 20.1494
 20.6155
 20.6155
 0
 0
 21.7486
 22.3383
 20.8567
 16.4924
 26.1343
 26.1343
 26.1343
 0
 0
 17.9444
 28.8097
 24.0832
 22.2935
 22.2935
 22.2935
 0
 31.3209
 14.7648
 32.6803
 32.1714
 32.1714
 32.1714
 0
 21.7715
 29.5296
 37.1349
 35.4401
 35.4401
 35.4401
 0
 35.9305
 20.4206
 24.8395
 26.4386
 26.4386
 21.2603
 20.8567
 23.4307
 17.3494
 27.1662
 22.4944
 23.3452
 25.5147
 29.6985
 31.305
 29.5296
 30.0998
 26.5518
 32.665
 33.1361
 33.1662
 33.1662
 0
 27.6586
 24.8797
 20.664
 33.2566
 20.4695
 20.4695
 0
 20.8806
 19.1311
 24.6577
 30.2655
 22.1133
 17.5499
 24.8395
 16.7033
 21.8403
 22.8035
 22.561
 28.9655
 15.6205
 15.6205
 22.8035
 22.8035
 31.9061
 35.6791
 33.9411
 33.9411
 33.9411
 33.9411
 0
 20.664
 30.7083
 19.0526
 35.7351
 35.7351
 0
 0
 0
 0
 0
 21.3073
 20
 37.1214
 22.6495
 17.2337
 17.2337
 0
 25.593
 22.3383
 28.3019
 16.7332
 16.9115
 16.9115
 0
 32.8481
 28.775
 28.775
 20.9284
 32.3265
 29.8664
 30.282
 30.282
 30.9193
 26.7395
 32.5576
 32.5576
 32.5576
 0
 0
 20.8087
 19.1833
 22.1811
 33.5708
 24.3311
 18.3576
 31.4325
 20.1246
 17.6635
 31.3369
 16.5227
 26.2679
 21.7256
 21.7256
 34.6266
 34.7275
 17.3781
 19.975
 19.4936
 17.4069
 30.3645
 30.3645
 0
 20.8806
 21.7025
 21.7025
 22.561
 0
 21.9545
 26.4953
 21.2838
 33.7343
 0
 0
 0
 0
 25.6905
 30.7896
 20.567
 30.1164
 14.7648
 0
 29.7489
 33.5261
 23.1084
 23.1084
 23.1084
 0
 32.4962
 28
 29.6142
 29.2404
 29.2404
 29.2404
 23.4734
 19.2614
 16.5831
 35.1568
 35.609
 17.1172
 21.7025
 21.9773
 21.9773
 14.8324
 25.3969
 33.5112
 16.5831
 16.5831
 14.7648
 38.833
 24.7588
 24.7588
 19.0263
 31.9061
 31.9061
 26.2869
 22.8254
 21.1424
 26.0576
 33.5261
 29.4958
 22.7156
 24.0832
 30.7571
 30.7571
 29.3939
 34.2345
 30.133
 30.7896
 30.7896
 34.8999
 40.4228
 27.8209
 20.8567
 20.8567
 28.178
 22.1585
 21.8861
 22.9129
 19.2614
 26.1343
 14.8324
 31.3688
 20.8327
 34.3948
 30.0167
 30.0167
 19.2614
 29.7321
 36.4006
 36.4006
 37.8286
 32.6037
 17.9165
 26.533
 26.533
 21.0238
 27.2947
 24.5561
 21.166
 26.7955
 23.5584
 24.7992
 22.561
 17.4069
 32.8938
 29.6648
 33.8083
 34.2345
 36.524
 36.524
 31.9531
 32.2955
 32.28
 30.249
 30.249
 17.5784
 16.8226
 20.8567
 25.7682
 21.7486
 27.7308
 15.8745
 22.6053
 28.7924
 16.2481
 17.4069
 35.0856
 37.7492
 38.6782
 38.6782
 20.4206
 34.4238
 33.8526
 18.3576
 18.3576
 28.6356
 28.2843
 18.7883
 17.4356
 26.2298
 25.4558
 28.2843
 24.8797
 19.5192
 30.3645
 21.4243
 36.5377
 32.619
 32.619
 35.0571
 28.3725
 30.3809
 33.0151
 33.0151
 27.8209
 23.4307
 30.2985
 32.7719
 19.1572
 20.2978
 21.8403
 24.3311
 15.843
 24.5153
 22
 16.5227
 19.105
 41.9881
 33.0454
 20.8806
 20.8806
 37.7624
 32.0936
 32.0936
 32.0936
 21.095
 16.4621
 29.5127
 34.9571
 22.5832
 22.8473
 23.3666
 26.3249
 34.0441
 34.0441
 27.9464
 27.2947
 35.9026
 18.6548
 18.6548
 31.3369
 35
 27.4955
 29.2233
 22.8035
 26.9815
 26.9815
 16.5831
 21.1187
 26.9815
 26.9815
 14.2478
 20.9045
 16.5529
 16.3095
 15.6205
 28.7054
 38.1051
 38.1051
 38.1051
 18.303
 24.1039
 37.7492
 37.7492
 37.7492
 27.1109
 31.0966
 17.6918
 16.4621
 23.0868
 22.2935
 25.3969
 22.3383
 27.9821
 25.632
 29.4788
 31.4802
 37.1214
 36.2629
 35.6651
 33.9411
 36.6606
 36.6606
 34.4238
 21.3776
 29.5973
 18.7083
 24.5561
 23.4094
 15.0665
 29.0345
 19.2354
 17.088
 19.0788
 36.2629
 36.2629
 37.2425
 37.2425
 37.2425
 33.3766
 33.3766
 33.3766
 28.4605
 22.1133
 24.0832
 24.0832
 24.8596
 24.7386
 30.9354
 34.4964
 35.0428
 35.0428
 36.973
 34.4238
 34.4238
 22.1133
 22.1133
 33.2415
 13.1529
 25.6515
 25.6515
 22.5389
 21.4476
 21.4476
 28.9482
 15.1987
 15.1987
 39.5221
 37.4166
 37.4166
 35.3129
 35.3129
 34.4093
 0
 28.3196
 22.4722
 19.2354
 33
 24.454
 22.5389
 37.108
 27.2213
 27.2213
 39.975
 33.5559
 33.5559
 33.2114
 24.3516
 24.3516
 27.9643
 15.6525
 15.6525
 24.7386
 21.7025
 21.7025
 25.1197
 25.1197
 15.6525
 27.7849
 38.7427
 38.7427
 41.497
 34.6266
 34.6266
 33.0151
 18.4391
 18.4391
 20.8806
 28.4605
 26.7582
 28.4077
 37.3363
 36.4006
 37.0675
 37.0675
 36.9594
 38.092
 38.092
 34.4238
 34.4238
 31.3209
 31.3209
 27.4591
 28.0179
 18.303
 18.303
 26.0768
 17.2627
 17.2627
 17.2627
 36.6606
 36.6606
 36.6606
 39.0768
 34.7131
 24.1454
 34.7563
 45.6508
 45.6508
 42.4028
 27.5681
 16.3707
 28.7924
 29.5127
 38.4578
 23.0868
 0
 34.2491
 34.2491
 38.8587
 36.973
 23.1084
 35.805
 35.1141
 35.1141
 25.0599
 29.1719
 29.1719
 21.0713
 21.0713
 14.7648
 14.7648
 30.282
 15.3297
 15.3297
 15.3297
 36.9594
 32.5115
 41.8927
 41.8927
 33.4963
 34.5254
 21.7945
 21.7945
 30.1164
 20.6155
 27.8388
 38.5487
 38.5487
 38.5487
 37.5233
 37.5233
 36.1939
 46.7333
 22.8473
 22.8473
 33.2866
 32.5423
 32.5423
 0
 20.8567
 28.8444
 28.8444
 28.8444
 28.8444
 19.0788
 21.4476
 21.4476
 16.6433
 37.8814
 37.8814
 36.5513
 36.5513
 36.5513
 38.4708
 17.0587
 19
 40.7922
 30.7083
 30.7083
 42.1782
 24.1868
 22.4054
 43.3359
 36.0139
 21.7256
 21.7256
 65.1844
 65.1844
 40.4722
 31.5911
 31.5911
 0
 46.3141
 15.6525
 15.6525
 0
 0
 0
 0
 23.0651
 55.3173
 55.3173
 32
 32
 32
 19.7737
 34.2199
 34.2199
 36.1525
 12.8841
 12.8841
 38.8201
 27
 27
 27
 38.923
 38.923
 38.923
 36.8375
 36.8375
 30.0998
 17.088
 17.088
 17.088
 17.088
 17.088
 34.2637
 23.388
 33.2415
 29.4958
 32.6956
 32.6956
 32.6956
 32.6956
 32.6956
 32.6956
 32.6956
 31.9531
 43.6348
 40.5216
 40.5216
 40.5216
 36.8646
 36.8646
 36.8646
 36.8646
 0
 27.7128
 27.7128
 27.7128
 36.8103
 36.8103
 36.8103
 20.2731
 20.2731
 20.2731
 19.8494
 32.7109
 32.7109
 10.4881
 33.8231
 33.8231
 33.8231
 33.7491
 33.7491
 33.7491
 33.7491
 33.7491
 44.8553
 42.8836
 42.8836
 42.8836
 42.8836
 42.8836
 42.8836
 42.8836
 42.8836
 42.8836
 8.18535
 17.7482
 0
 0
 0
 26.0768
 19.7737
 19.7737
 0
 0
 46.7012
 46.7012
 46.7012
 46.7012
 16
 16
 15.4272
 15.4272
 15.4272
 15.4272
 16.6733
 21.4942
 21.4942
 21.4942
 21.4942
 21.4942
 11.5758
 16.4924
 16.4924
 16.4924
 26.7769
 26.7769
 26.7769
