 294.399
 0
 19.7737
 23.6854
 23.0434
 27.8029
 24.5153
 27.2213
 28.4253
 32.4654
 36.0416
 30.8058
 34.2783
 20.9045
 28.8617
 26.9629
 24.1661
 31.0805
 22.5832
 35.7211
 27.2764
 39.5727
 23.8537
 26.0576
 35.3977
 29.8496
 26.9072
 27.7669
 26.2869
 28.0357
 27.7669
 26.4953
 34.5688
 25.1992
 33.0303
 36.4692
 39.6485
 41.0244
 40.0999
 38.4187
 29.9833
 17.7482
 35.609
 35.8887
 36.4417
 27
 28.9482
 29.3428
 28
 26.4197
 35.8469
 29.5296
 27.8029
 27.8029
 27.8029
 39.8748
 31.496
 24.1247
 22.891
 26.6083
 26.6083
 26.6083
 40.8289
 40.7063
 21.7486
 19.6214
 24.1454
 21.166
 28.2843
 35.7071
 44.2606
 24.8193
 26.4386
 19.7484
 23.4307
 43.8292
 21.5639
 41.2674
 25.4558
 28.3725
 32.3728
 21.6102
 38.8587
 55.6776
 31.241
 28.9828
 40.0625
 39.7366
 24.6779
 31.9061
 49.548
 29.8664
 31.289
 39.37
 44.7772
 24.1454
 23.2379
 43.1393
 20.2485
 42.5793
 41.5331
 23.3452
 23.4734
 29.5804
 34.8138
 23.516
 36.2629
 20.8806
 28.1069
 32.7567
 24.0416
 33.4066
 20.8567
 0
 24.454
 22.1811
 45.0333
 23.3238
 21
 45.9021
 28.0357
 18.2757
 19.6977
 39.2301
 37
 31.257
 26.9629
 26.9629
 32.249
 25.2587
 21
 48.4149
 28.7228
 29.8998
 48.1456
 24.0832
 24.0832
 24.0832
 46.5725
 37.6829
 22.2486
 41.2553
 41.2553
 37.3765
 42.9651
 40.8534
 49.0408
 49.0408
 49.0408
 44.833
 44.8553
 19.4422
 34.1906
 38.2623
 19.5959
 35.623
 28.8444
 27.8747
 25.2785
 34.0734
 23.6643
 21.8174
 43.1161
 24.8596
 45.288
 0
 20.347
 47.4763
 22.5832
 17.9444
 25.6125
 0
 42.9651
 23.1733
 29.5804
 35.2278
 27.1846
 38.2884
 24.4745
 23.3452
 34.6121
 34.7707
 27.0185
 30.5123
 46.7119
 22.9347
 23.3452
 49.1019
 40.4599
 35.8329
 0
 0
 35.3129
 44.6542
 49.93
 47.4342
 0
 44.7549
 24.4949
 44.3283
 48.3632
 0
 0
 0
 37.3898
 23.1733
 36.1663
 42.9069
 35.1994
 0
 33
 23.5797
 28.0891
 33.7935
 33.121
 33.121
 22
 25.1992
 22.2935
 42.7902
 22.891
 19.4679
 40.9634
 50.1298
 50.1298
 50.1298
 36.5513
 24.2074
 46.6905
 28.775
 37.1483
 40.3237
 23.388
 27.9106
 20.9284
 30.8707
 29.6479
 23.0651
 30.2985
 31.496
 0
 34.4093
 34.4093
 34.4093
 24.4131
 48.621
 40.0999
 36.1663
 33.8526
 40.05
 47.4552
 51.0098
 45.8148
 34.6843
 34.6843
 34.6843
 25.02
 44.8107
 47.8121
 50.3984
 36.1386
 36.1386
 36.1386
 39.9375
 42.2847
 42.5911
 22.8035
 39.5095
 39.5095
 39.5095
 26.1725
 40.3237
 26.4008
 34.7563
 39.2683
 39.2683
 39.2683
 26.0576
 25.807
 23.1948
 40.5339
 40.5339
 40.5339
 40.5339
 20.8806
 19.8242
 49.3964
 21.5407
 21.5407
 21.5407
 21.5407
 43.3128
 49.8698
 23.4307
 38.9102
 38.9102
 38.9102
 38.9102
 38.9102
 38.9102
 25.0998
 43.1393
 21.7715
 33.0151
 33.0151
 33.0151
 33.0151
 32.1403
 24.5357
 21.7256
 23.0217
 23.0217
 23.0217
 23.0217
 33.0908
 22.1359
 32.619
 35.3836
 35.3836
 35.3836
 35.3836
 44.3621
 48.9387
 44.6094
 19.1311
 19.1311
 50.3488
 45.1996
 38.8458
 53.7401
 23.1733
 51.7204
 40.9756
 42.9185
 34.8425
 34.2053
 46.9042
 22.8035
 31.607
 27.4591
 43.4741
 36.565
 36.565
 36.565
 18.6011
 22.1359
 48.6107
 31.3688
 25.5734
 25.5734
 25.5734
 40.5463
 40.5586
 51.788
 22.4277
 26.5707
 26.5707
 45.4863
 22.7596
 44.8888
 44.8888
 24.4949
 36.5377
 22.5389
 24.2693
 22.5832
 22.5832
 28.5132
 35.5106
 20.664
 37.8286
 24.4336
 24.4336
 24.4336
 48.0416
 23.1517
 45.1664
 30.2324
 27.8388
 0
 0
 0
 0
 0
 0
 48.239
 44.3058
 41.5572
 26.5141
 26.5141
 26.5141
 44.8665
 27.6225
 42.5793
 56.0535
 26.2869
 26.2869
 26.2869
 35.6791
 35.6791
 21.3073
 55.254
 29.5296
 32.9697
 49.6488
 36.9188
 20.2978
 22.1359
 48.0833
 48.3115
 48.3115
 48.3115
 48.3115
 41.4488
 43.4396
 52.4976
 37.3898
 49.2646
 33.0908
 30.7734
 21.7025
 25.2785
 38.3145
 21.1896
 31
 34.4238
 36.1248
 32.6803
 36.6879
 12.083
 45.3431
 21.7486
 48.6004
 24.1454
 24.1454
 24.1454
 46.3249
 52.9245
 32.7414
 41.5812
 41.5812
 28.775
 48.949
 42.2374
 43.9886
 0
 0
 0
 0
 24.454
 35.4119
 54.1479
 39.1408
 13.9284
 13.9284
 32.2335
 31.0483
 55.6776
 37.8286
 20.5183
 20.5183
 20.2978
 24.3105
 54.7357
 49.1732
 21.1187
 21.1187
 47.2864
 53.6563
 43.4856
 44.317
 40.1622
 23.9165
 50.2792
 21.7256
 16.7631
 24.9199
 30.4138
 29.1548
 21.6102
 21.6102
 36.6333
 36.5377
 35.426
 37.4166
 50.07
 27.55
 47.7912
 28.3901
 53.7122
 49.4368
 45.9347
 45.9347
 43.0233
 23.7276
 51.4879
 30.2324
 43.5086
 24.4336
 36.8375
 43.4281
 38.1969
 35.8329
 28.2489
 56.4004
 26.9815
 57.2101
 50.6063
 18.5742
 45.3652
 54.111
 53.7494
 45.3652
 47.4342
 35.9166
 48
 25.2785
 40.6817
 29.7658
 29.1204
 22.9783
 30.4467
 37.9078
 36.1663
 42.2374
 28.8964
 50.6458
 20.2485
 46.0543
 49.7996
 51.264
 42.1782
 54.8999
 42.9884
 27.258
 23.6432
 54.6717
 21.7715
 33.541
 45.2327
 28.0713
 30.2655
 41.2674
 37.4299
 40.398
 18.5742
 51.449
 31.4643
 56.0625
 45.3762
 59.4979
 55.2992
 46.7119
 28.3019
 51.9326
 34.9285
 54.7905
 41.7013
 20.2978
 24.6982
 49.0408
 36.6333
 42.3202
 39.9875
 35.0286
 30.282
 26.0768
 47.7074
 51.3225
 30.6268
 30.6268
 51.7011
 56.6392
 35.7071
 31.6228
 43.7035
 57.7408
 21.166
 46.9787
 35.7351
 39.0512
 38.7814
 38.7814
 55.9911
 29.6985
 32.3419
 20.7123
 41.7732
 47.833
 35.2136
 55.0636
 56.0357
 47.676
 61.4166
 40.7185
 51.1859
 32.4654
 43.4511
 58.5747
 28.6531
 26.6083
 36.6742
 51.3907
 34.5688
 40.4969
 29.8831
 50.3289
 47.085
 52.0096
 53.3198
 57.3672
 24.4131
 36.8782
 45.7165
 28.2843
 55.6776
 40.9268
 38.1969
 38.1969
 22.2036
 52.3355
 36.6879
 28.931
 36.3456
 41.0853
 24.6779
 47.1169
 33.7194
 18.7083
 23.3024
 36.647
 57.8878
 45.6837
 57.0964
 52.3259
 23.3238
 46.0326
 24.6982
 62.2736
 25.8263
 45.5192
 38.0263
 38.7685
 60.5062
 26.4764
 43.1741
 30.9193
 50.2295
 42.4735
 48.1144
 25.3574
 54.8452
 55.1996
 42.4853
 46.3465
 35.8329
 56.3915
 48.4355
 26.7769
 39.0768
 27.7128
 20.347
 44.7884
 35.6791
 31.3847
 22.6716
 42.9651
 34.9714
 44.0568
 27.1293
 55.5068
 52.4595
 55.6147
 32.2645
 45.8912
 23.6432
 23.622
 23.0651
 36.8917
 39
 33.541
 50.9215
 41.4849
 20.9284
 56.6392
 55.1362
 44.0227
 60.3573
 45.6508
 45.6508
 53.0471
 34.2053
 40.7308
 31.3369
 19.4936
 24.8998
 27.258
 40.9634
 40.5463
 19.1833
 53.563
 31.8591
 26.5518
 51.1664
 57.2364
 47.2969
 22.5832
 26.9258
 40.05
 21.095
 37.7227
 40.1995
 37.4032
 51.9615
 28.2312
 56.6304
 55.2087
 55.2087
 21.2603
 49.2138
 60.5145
 38.0263
 57.1402
 37.3095
 44.8888
 47.1487
 22.5832
 41.2674
 29.4618
 35
 35.4119
 20.8087
 50.2295
 18.5742
 47.5605
 59.0847
 47.5289
 53.7587
 25.5147
 45.1774
 31.8904
 22.2486
 30.8221
 40.1373
 47.5289
 27.8209
 49.689
 55.5158
 20.5426
 47.8017
 62.45
 57.2887
 42
 48.3735
 46.8828
 45.3762
 45.3762
 43.1393
 26.4764
 33.3916
 39.3192
 45.2106
 16.7332
 16.7332
 20.3715
 57.0351
 46.7119
 53.3104
 56.4889
 19.2614
 44.8553
 25.219
 31.9218
 38.3014
 19.2614
 46.7226
 24.1661
 26.4386
 39.4208
 57.1752
 23.3666
 54.5527
 59.0678
 59.0678
 43.6005
 60.8605
 60.8605
 41.7732
 42.4028
 53.9073
 53.9073
 43.4396
 19.8494
 35.8748
 43.8178
 33.9411
 30.1662
 39.37
 54.754
 45.0999
 24.5153
 24.5153
 58.4209
 24.5561
 49.163
 53.2541
 46.9361
 19.0788
 43.7607
 55.3715
 55.3715
 32.8329
 32.8329
 52.5167
 53.6097
 21.7486
 44.2945
 62.9603
 21.8861
 60.597
 50.1797
 44.3621
 38.1838
 24.2281
 45.1442
 22.5832
 31.0966
 31.0966
 31.0966
 42.4264
 36.3043
 38.2099
 55.4166
 55.4166
 50.6656
 21.9773
 56.701
 56.701
 56.701
 24.7992
 44.2832
 36.1525
 25.0799
 25.0799
 55.263
 55.263
 54.3139
 43.1509
 43.1509
 46.4327
 59.975
 23.4521
 23.4521
 58.2151
 39.3446
 41.4849
 50.3885
 26.4386
 20.8806
 33.0303
 29.1719
 29.1719
 29.1719
 50.6656
 47.9375
 47.4025
 0
 35.6791
 19.0526
 58.4294
 58.4294
 48.7237
 29.5296
 54.3967
 41.7732
 41.7732
 42.4971
 26.1916
 30.0167
 55.9553
 49.8297
 49.8297
 47.7912
 47.7912
 32.1248
 60.5227
 48.734
 48.734
 26.4386
 43.3013
 32.0468
 47.8435
 32.665
 51.6527
 72.6017
 53.535
 53.535
 30.0167
 41.1947
 41.1947
 44.3734
 17.5784
 21.7486
 45.31
 33.0151
 21
 51.672
 51.672
 35.4965
 51.3323
 51.3323
 28.4253
 17.6068
 58.0689
 36.3456
 47.3181
 20.2731
 40.9512
 40.9512
 25.04
 29.2233
 0
 0
 39.8873
 39.8873
 58.8897
 30.1993
 30.1993
 37.4032
 25.1992
 25.1992
 40.2741
 40.8656
 40.8656
 48.4355
 22.7156
 22.7156
 23.6008
 23.6008
 36.4006
 55.4707
 34.0294
 36.9188
 21.0238
 34.1321
 56.0625
 31.8904
 31.8904
 35.0428
 35.0428
 47.7912
 43
 43
 52.792
 33.2566
 0
 45.607
 49.0408
 50.6458
 50.6458
 50.6458
 50.6458
 44.0795
 22.1585
 22.1585
 22.1585
 38.5876
 41.6293
 41.6293
 41.6293
 29.7489
 28.0357
 27.6948
 20.7123
 46.7012
 23.8328
 23.8328
 49.6689
 54.1849
 20.1494
 48.7442
 48.7442
 51.4296
 28.5832
 44.4522
 44.4522
