 31.0161
 0
 11.6189
 7.81025
 10.3923
 14.6969
 14.6969
 8.12404
 16.8523
 1.41421
 3
 15.2971
 16.0312
 6.08276
 8.88819
 18.0555
 33.2866
 5.47723
 34.6554
 2.44949
 12.0416
 1.41421
 24.3516
 11.7898
 14.1421
 13.8203
 11.225
 9.53939
 20.445
 8.77496
 17.8885
 5.19615
 10.5357
 17.2337
 12.1244
 11.6619
 5.74456
 11.5326
 2.44949
 7.4162
 6
 13.5277
 20.8327
 8.66025
 8.66025
 31.1609
 26.8328
 2.44949
 15.1658
 30.692
 7.14143
 11.0905
 24
 24
 0
 1.73205
 16.6733
 26.533
 23.7065
 16.3095
 16.3095
 0
 3
 4.47214
 14.4568
 13.5277
 13.5277
 9.27362
 12.1244
 18.8414
 2.44949
 6.32456
 23.3238
 7
 10.6771
 14.8661
 6.245
 17.088
 18.7617
 10.5357
 5.65685
 5.47723
 38.8587
 0
 14
 29.7489
 6.08276
 9.94987
 9.94987
 31.9061
 0
 11.2694
 32.7109
 6.08276
 6.245
 3
 23.2379
 0
 13.7113
 7.34847
 12.4499
 28.6531
 3
 34.2199
 15.0997
 19.5959
 22.5389
 22.5389
 26.4575
 17.8045
 35.805
 6.16441
 6.16441
 0
 6
 28.9482
 6
 31.0644
 31.0644
 3.87298
 6.9282
 22.6274
 16.1245
 11.3137
 10.5357
 7.87401
 8.544
 0
 19.0263
 9.38083
 6
 12.8841
 20.2485
 15.3623
 20.9523
 9.48683
 9.48683
 0
 18.2483
 12.7279
 15.6844
 6.85565
 0
 8.83176
 4.24264
 28.4253
 7.34847
 7.34847
 0
 17.088
 9
 6.16441
 33.8378
 24.6171
 10.4403
 33.9117
 27.9643
 27.6406
 34.9428
 18.303
 19.7737
 29.0172
 10.4403
 32.1403
 6.55744
 0
 21.4243
 4.24264
 4.24264
 23.7276
 26.9815
 0
 13.5277
 9.48683
 11.7898
 25.219
 11.225
 19.7737
 6.245
 6.08276
 16.4317
 25.1992
 24.8395
 9.79796
 9.48683
 6
 19.4165
 14.2478
 15.9687
 13
 0
 0
 14.7309
 6.08276
 20.664
 2.44949
 0
 13.0384
 10.3923
 31.0966
 6.85565
 0
 0
 0
 33.1964
 9.84886
 34.4238
 20.6155
 20.6155
 20.6155
 27.6586
 38.8072
 28.9655
 17.5784
 17.5784
 17.5784
 27.8209
 17.1172
 34.6121
 14.0357
 22.1359
 26.1151
 7.93725
 8.83176
 8.83176
 0
 16.3707
 12.8452
 15.9687
 4.47214
 4.47214
 23.1301
 3.4641
 7.87401
 12.8841
 12.8841
 27.2947
 5.19615
 12.8062
 22.1811
 0
 0
 0
 0
 24.1247
 8.7178
 21.7256
 19.1311
 14.9666
 15.9687
 7
 6.245
 14
 8.18535
 8.18535
 0
 10.583
 11.1355
 6.7082
 20.025
 20.025
 20.025
 0
 23.8956
 20.025
 33.1059
 10.3923
 10.3923
 10.3923
 0
 0
 34.2345
 18.5472
 26.096
 26.096
 26.096
 0
 29.0861
 36.7015
 27.2947
 17.4642
 17.4642
 17.4642
 0
 24.3516
 28.3725
 7.14143
 21.4476
 21.4476
 0
 0
 15.1327
 9.84886
 7.87401
 19.6469
 19.6469
 19.6469
 19.6469
 0
 0
 10.198
 21.0238
 4.24264
 3.4641
 3.4641
 3.4641
 0
 26.7769
 9
 16.4012
 7.87401
 7.87401
 7.87401
 0
 21.7256
 26.7955
 22.2935
 27.5681
 27.5681
 27.5681
 0
 21.3307
 9.84886
 17.088
 21.1187
 21.1187
 3.16228
 4.24264
 12.53
 14.3178
 7.93725
 16.5227
 21.4709
 17.9165
 25.671
 31.5595
 28.2489
 19.7484
 27.9643
 39.6737
 29.2062
 21.7025
 21.7025
 0
 29.7489
 24.4745
 13.8924
 30.9193
 18.4391
 18.4391
 0
 13.5647
 18.8149
 4.3589
 23.7276
 22.1133
 6.08276
 17.3494
 6.9282
 13.7113
 22.3607
 6.63325
 25.6515
 11.0905
 13
 23
 23
 26.7208
 28.0179
 19
 20.2237
 20.2237
 20.2237
 0
 12.3693
 21.6795
 22.561
 26.6271
 9.38083
 9.38083
 9.38083
 9.38083
 0
 0
 4.24264
 9.64365
 18.9737
 15.5885
 16.6433
 16.6433
 0
 20.025
 8
 21.095
 6.245
 6.245
 6.245
 0
 31.3209
 26.1534
 19.2614
 12.9228
 36.3868
 27.1846
 25.3377
 25.5734
 29.5127
 23.3666
 30.7246
 14.8324
 14.8324
 0
 0
 13.9642
 20.2978
 15.1658
 32.5423
 14.7648
 5.38516
 26.0384
 5.38516
 10.4403
 23.8956
 10.4403
 16.9115
 7.74597
 22.561
 26.4386
 27.2213
 22.0907
 23.8956
 9.8995
 13.1529
 21.1187
 21.1187
 0
 8.83176
 11.4018
 21.7025
 14.0357
 0
 13.1909
 17.3494
 18.6815
 21.4709
 21.4709
 21.4709
 0
 0
 20.8567
 30.7083
 12.1244
 26.6271
 26.6271
 0
 30.249
 34.2637
 7.81025
 24.9199
 24.9199
 0
 32.619
 25.219
 22.561
 20.0749
 20.0749
 20.0749
 16.3707
 16.7033
 23.9792
 34.4819
 32.8177
 5.47723
 13.9284
 6.08276
 6.08276
 13.8564
 29.6479
 21.9545
 10.198
 10.198
 21.4709
 25.2982
 20.3224
 30.2655
 17.4356
 21.7025
 27.9643
 9.16515
 3.74166
 9.53939
 17.088
 9.32738
 16.5529
 14.4222
 13.8203
 21.9545
 24.454
 20.8567
 34.176
 25.3574
 29.9333
 25.4558
 35.2136
 15.5885
 28.7402
 4.24264
 21.8632
 33.541
 20.4939
 12.1655
 17.8885
 21.095
 13.0384
 0
 29.9165
 3
 33.4066
 21.7025
 12.8452
 9.38083
 30.3974
 27.1477
 24.1454
 30.282
 22.2486
 21.9545
 21
 22.891
 13.0767
 8.88819
 14.1067
 11.0905
 19.4936
 12.53
 8.66025
 9.84886
 11.3137
 33.4216
 22.2935
 22.2486
 36.9594
 27.2029
 26.4008
 28.8791
 31.5119
 24.4336
 30.7083
 20.8327
 20.9045
 6.16441
 20.9284
 24.5561
 9.74679
 9.59166
 7.07107
 14.7648
 23.1301
 5.74456
 14.7986
 27.7489
 28.3549
 28.8097
 31.0483
 18.7883
 30.3645
 23.1517
 22.1811
 25.2982
 19.975
 21.4709
 10.4403
 13
 9.8995
 7
 16.7332
 10.6771
 15.1987
 21.3307
 6
 33.2566
 29.1548
 26.3059
 39.2428
 21.3776
 31.4802
 31.0805
 28.5482
 26.9629
 25.3969
 18.2483
 21.4476
 20.347
 3.16228
 7.4162
 4.58258
 3.4641
 21.1187
 7.81025
 9.53939
 14.0357
 24.1661
 25.3574
 20.347
 28.6007
 24.2487
 31.3209
 22.1811
 24.8596
 13.1909
 10.583
 20.0749
 31.496
 18.3576
 24.5357
 12.8452
 14.3875
 31.0805
 13.3041
 17.4356
 19.975
 19.975
 2.44949
 23.1084
 28.2666
 32.9697
 30.5123
 30.3645
 18.0555
 24.4745
 25.2785
 19.5448
 21.8403
 9.53939
 21.9773
 2.44949
 10.0499
 7.07107
 13.9284
 14.8324
 16.0624
 23.0868
 27.9821
 12.1244
 12.0416
 25.219
 28.3725
 25.04
 29.2233
 30.8058
 22.2935
 15.1987
 14.4568
 30.7083
 14.8997
 12.0416
 8.544
 17.8606
 12.3693
 31.9061
 31.1288
 34.4674
 30.3315
 21.7486
 20.3961
 37.3363
 29.7153
 34.7131
 22.2036
 31.4484
 19.5704
 21.5639
 12.1244
 5.74456
 14
 6.08276
 14.2829
 12.8452
 24.6982
 27.258
 29.8998
 29.189
 32.0156
 23.0651
 19.8242
 19.105
 10.4881
 10.198
 5.74456
 5.74456
 6.55744
 7
 28
 27.2213
 37.7359
 14.0712
 14.0712
 34.176
 29.5296
 23.9165
 28.3196
 31.4802
 8.60233
 24
 20
 9.21954
 9.69536
 13.2665
 25.7682
 11.6619
 24.9199
 27.7669
 29.4279
 29.2233
 23.0868
 17.9165
 27.6225
 0
 13.8924
 6
 14.7648
 23.0651
 8.544
 4.69042
 37.921
 20.9045
 16.1555
 33.5261
 33.5261
 31.289
 34.9714
 28.6356
 30.0167
 26.533
 10.3923
 20.8327
 10.9087
 9
 16.4012
 22.8035
 24.8998
 9.53939
 22.1133
 26.3629
 30.1993
 23.8956
 27.3313
 25.2785
 18.9473
 6.16441
 19
 9.16515
 20.2978
 7.81025
 15.7162
 35.1994
 20.0499
 29.7321
 29.7321
 37.9342
 36.9459
 34.6266
 29.5296
 29.5296
 31.4802
 25.2982
 8.66025
 20.2485
 14
 11.4455
 6.08276
 7.68115
 15.6205
 15.6205
 19.2873
 34.6987
 20.7123
 31.305
 31.305
 30.6757
 27.4408
 9.84886
 26.4197
 26.4197
 10.5357
 13
 14.1421
 8.60233
 32.7414
 7.93725
 7.93725
 24.8797
 24.8797
 41.1704
 36.2491
 36.2491
 39.4842
 35.4965
 33.541
 16.5529
 22.9129
 6.245
 18.3303
 9.84886
 8.48528
 13.1149
 13.8924
 14.7648
 29
 31.6228
 26.6083
 26.6083
 26.4008
 20.9284
 20.9284
 20.1494
 1.73205
 1.73205
 22.9347
 7.4162
 6.245
 19.1311
 35.1994
 9.84886
 32.8329
 32.8329
 35.0286
 35.3553
 20.8567
 22.8473
 28.8791
 6.85565
 36.1109
 0
 20.2731
 16.8523
 14.0357
 14.0357
 0
 12.9615
 4.24264
 30.1496
 23.8118
 28
 31.8434
 29.7153
 16.4317
 32.665
 32.665
 6
 22.8254
 22.8254
 19.8242
 23.4521
 32.6956
 5.56776
 7.93725
 35.7351
 24.4336
 24.4336
 24.4336
 31.305
 28.7228
 35.3977
 8.83176
 8.83176
 8.83176
 27.0555
 16
 17.0587
 17.0587
 5.65685
 30.6757
 8.544
 18.3576
 25.7294
 32.1714
 22.5832
 23
 26.5895
 11.8322
 11.8322
 34.4964
 34.4964
 1.73205
 19.7737
 25.318
 25.318
 7.87401
 7.87401
 7.87401
 10.9545
 10.9545
 25.0998
 27.6043
 33.1059
 17.3205
 25.0599
 31.0161
 8.66025
 32.619
 23.4094
 29.9666
 4.3589
 31.4006
 23.1733
 34.0881
 34.0881
 28.4605
 10.6771
 10.6771
 12.2882
 19.799
 19.0788
 27.2947
 2.44949
 23.0651
 12.6095
 12.6095
 25.9037
 9.48683
 0
 32.1403
 6
 6
 25.5734
 31.8591
 31.8591
 17.2047
 32.311
 32.311
 28.9137
 3
 3
 11.6189
 27.6406
 6.55744
 9.21954
 9.21954
 32.7414
 18.4391
 13.1149
 8.60233
 20.0998
 36.0416
 18.2209
 24.5561
 14.5258
 3.4641
 11.4018
 26.4197
 15.1987
 5.19615
 21.2132
 21.2132
 0
 21.2132
 34.7131
 32.1092
 19.4936
 19.4936
 0
 22.7376
 22.7376
 25.671
 8.66025
 19.5704
 17.1464
 7.93725
 17.1756
 3.87298
 10.8628
 17.3494
 22.3383
 21.2368
 13.7113
 6.16441
 14.9332
 13.3791
 11
 18.1659
 14.0712
 12.1655
 22.7596
 6.16441
 10.6771
