 10.5357
 6.32456
 14.4568
 19.5192
 20.8806
 20.9045
 21.587
 22.6274
 15.9374
 22.2261
 24.1247
 19.5192
 21.4942
 21.0238
 23.4521
 21.5174
 22.9347
 24.2899
 23.1084
 20.2731
 11.7047
 22.2935
 22.2935
 21.1896
 24.1454
 13.2665
 21.0476
 18.3303
 20.2237
 19.5192
 20.2731
 27.6225
 23.1084
 21.0238
 24.7992
 21.1896
 22.7376
 19.8494
 24.6779
 20.6398
 17.9165
 22.0907
 26.4008
 15.9374
 15.9374
 26.5895
 20.2731
 22.7816
 23.3238
 24.5561
 23.3666
 27.1662
 19.105
 19.105
 0
 24.1454
 26.5141
 20.567
 11.3137
 17.3781
 17.3781
 0
 26.4575
 26.2298
 22.1811
 12.9228
 12.9228
 19.6214
 22.1811
 22.7596
 27.6406
 15.2315
 26.4575
 23.3452
 24.1247
 27.6225
 14.3178
 24.8797
 23.3238
 30.2655
 24.2899
 12.5698
 38.8587
 0
 20.2485
 27.2947
 25.2389
 28.2489
 28.2489
 31.9061
 0
 21.4243
 24.1039
 23.3452
 20.8567
 20.8567
 23.2379
 0
 23.6854
 24.6982
 20.2485
 23.6643
 23.6643
 26.4953
 23.0651
 22.5389
 20.2731
 20.2731
 18.0831
 25.5147
 28.7228
 23.6854
 7.34847
 7.34847
 24.8395
 24.1247
 26.7955
 16.6433
 16.6433
 25.5734
 30
 19.0263
 11.7898
 29.0689
 29.9165
 22.1811
 16.7929
 0
 26.7769
 25.318
 23.2594
 26.4386
 23.388
 27.9821
 28.2135
 25.6515
 25.6515
 0
 27.4591
 25.318
 23.6854
 25.3377
 0
 24.454
 28.2312
 27.258
 23.4307
 23.4307
 0
 25.8263
 22.9129
 26.6083
 27.1846
 23.3452
 26.4953
 29.4958
 27
 22.1359
 28.3549
 28.6356
 22.9565
 21.9545
 29.0517
 26.0384
 27.2213
 27.2213
 20.3961
 28.8791
 28.8617
 24.0624
 22.5832
 0
 28.9482
 19.6214
 27.2029
 35.1852
 27.9821
 27.4773
 27.5862
 23.4307
 31.496
 33.4813
 29.1204
 27.5681
 31.8591
 21.6795
 26.1151
 33.4813
 27.4591
 25.7876
 25.7876
 0
 25.2785
 30.2324
 29.95
 24.7184
 24.7184
 28.8617
 27.2397
 29.5804
 23.9792
 23.9792
 23.9792
 0
 31.0483
 28.0357
 30.692
 25.0599
 21.4243
 21.4243
 24.5561
 34.641
 27.7849
 28.8791
 19.5959
 19.5959
 23.6643
 24.2281
 28.8791
 30.315
 21.4942
 26.4008
 23.8956
 29.7489
 29.7489
 0
 26.9629
 23.7065
 31.305
 28.7054
 28.7054
 32.311
 26.4008
 28.6356
 29.8496
 29.8496
 28.775
 27.2029
 30.249
 35.1568
 0
 0
 0
 0
 26.4008
 32.6343
 31.5911
 30.05
 20.0499
 24.7588
 30.7409
 33.4216
 30.7409
 16.9115
 16.9115
 0
 28.6705
 31.8748
 30.315
 31.9218
 31.9218
 31.9218
 0
 33.1059
 30.8221
 36
 31.3369
 31.3369
 31.3369
 0
 34.3657
 32.45
 30.315
 28.5307
 28.5307
 28.5307
 0
 28.7054
 31.4166
 28.9655
 31.4643
 31.4643
 31.4643
 0
 27.8209
 31.3688
 32.619
 27.8747
 27.8747
 0
 0
 28.2312
 31.9061
 29.5804
 33.0606
 33.0606
 33.0606
 33.0606
 0
 0
 34.8712
 32.619
 31.7175
 30.6105
 30.6105
 30.6105
 0
 32.4346
 34.2345
 33.2716
 34.4819
 34.4819
 34.4819
 0
 33.7046
 29.6985
 34.3074
 34.5977
 34.5977
 34.5977
 0
 35.5528
 34.3366
 34.6121
 28.1603
 28.1603
 33.2566
 35.4542
 30.133
 34.8281
 32.7567
 35.819
 37.081
 34.9714
 33.3916
 35.8469
 36.2767
 30.1164
 32.2955
 34.4529
 35.1426
 30.545
 30.545
 0
 34.2783
 33.0454
 33.2566
 34.7994
 31.9374
 31.9374
 0
 34.0294
 33.3167
 35
 31.273
 30.8707
 35.1141
 34.4093
 35.0428
 33.0303
 29.2062
 33.8821
 35.2136
 34.4093
 35.2846
 27.4044
 27.4044
 34.7419
 35.426
 34.7707
 33.9411
 33.9411
 33.9411
 0
 36.0416
 33.541
 36.2767
 34.7707
 34.7707
 34.7707
 34.7707
 34.7707
 0
 0
 34.641
 37.6298
 38.3536
 32.5883
 32.5883
 32.5883
 0
 35.4683
 35.0286
 38.3667
 37.2827
 37.2827
 37.2827
 0
 38.8201
 34.4238
 33.1361
 38.7298
 36.8646
 33.1813
 38.5357
 35.2987
 37.4299
 33.0151
 37.1349
 35.805
 35.805
 0
 0
 34.8138
 35.0143
 37.6165
 36.756
 36.8239
 36.9053
 36.5103
 37.6165
 36.8375
 37.47
 34.9142
 34.8138
 36.4966
 34.322
 36.8375
 36.9865
 36.9865
 39.0128
 36.524
 35.6511
 34.9142
 34.9142
 0
 38.3014
 36.0278
 36.6742
 34.7994
 0
 37.3497
 35.623
 38.1445
 38.6005
 0
 0
 0
 0
 34.7851
 38.0395
 40.5339
 35.4119
 35.4119
 0
 35.0143
 36.8917
 41.3159
 35.8887
 35.8887
 0
 38.3536
 34.0588
 38.5876
 36.4555
 36.4555
 36.4555
 35.9583
 36.0555
 36.4966
 43.6348
 38.3014
 39.0512
 37.0945
 39.4588
 39.4588
 39.2428
 36.4829
 40.398
 35.805
 35.805
 35.1852
 37.3095
 33.9117
 39.5221
 35.4542
 36
 40.2492
 39.064
 37.921
 39.37
 35.9583
 40.025
 41.5331
 39.1024
 36.2767
 39.9375
 38.3536
 37.7094
 40.9634
 37.0405
 35.7211
 38.2753
 40.0375
 39.7618
 34.7563
 41.7133
 38.1576
 39.0768
 36.5924
 39.3827
 40.5339
 38.2099
 40.694
 39.9625
 40.939
 36.7967
 38.3014
 40.05
 39.3192
 35.1426
 38.1969
 39.2683
 35.1852
 39.5221
 35.7351
 37.3095
 37.4833
 38.8072
 39.0384
 40.0874
 37.3765
 36.6879
 41.5933
 35.8469
 39.9375
 37.2961
 36.647
 39.5854
 38
 39.0768
 38.3145
 39.1535
 36.5513
 36.756
 39.128
 40.0125
 37.3631
 40.3237
 39.0896
 42.2847
 40.4351
 37.3765
 38.3014
 40.6817
 39.1408
 41.5933
 37.3497
 37.5366
 39.1535
 41.2795
 36.7831
 40.2119
 39.4462
 36.1248
 39.1152
 37.7094
 37.9737
 39.6989
 39.9124
 35.6791
 40.05
 37.9473
 40.05
 38.2099
 41.5452
 37.6563
 40.7799
 37.2827
 40.7922
 40.0874
 36.6742
 38.223
 39.0896
 39.0896
 35.6791
 38.2361
 37.3898
 39.3192
 34.7563
 37.3631
 40.4351
 36.4555
 40.9145
 36.5787
 40.2616
 38.2623
 39.5474
 39.064
 37.8153
 37.5633
 41.1339
 39.4968
 35.1568
 37.47
 37.4433
 37.5633
 34.9857
 37.3363
 39.8623
 36.8782
 35.7071
 37.3631
 38.7427
 39.1535
 37.5633
 37.4032
 40.2244
 37.4032
 38.4708
 36.2767
 38.2492
 39.1024
 34.8138
 35.7071
 37.4166
 36.606
 35.623
 41.7013
 35.5949
 40.8289
 37.9737
 35.6791
 40.3485
 40.8901
 39.95
 39.9249
 39.2556
 41.6053
 36.5377
 41.497
 41.2432
 37.4032
 40.939
 37.1349
 42.0119
 39.9875
 37.1753
 38.8716
 39.5854
 39.0768
 37.3898
 39.2173
 39.2556
 39.0512
 39.1152
 39.3192
 39.6106
 39.1663
 42.0119
 39.1152
 39.2428
 38.7169
 39.0768
 36.524
 39.1918
 38.223
 37.5366
 36.6333
 36.4966
 39.5348
 35.9026
 41.7373
 39.9875
 41.7373
 39.5854
 37.4566
 37.1483
 40.3361
 36.6197
 39.975
 37.2022
 37.6829
 38.4578
 37.7094
 38.9872
 39.95
 37.9473
 41.7612
 41.7612
 39.3954
 39.2046
 41.1704
 38.833
 38.223
 40.0625
 39.0896
 37.4032
 38.2884
 37.4032
 39.281
 35.7071
 37.4032
 36.5377
 40.05
 41.5331
 40.9634
 37.7227
 41.2795
 36.3456
 38.4187
 40.0125
 36.647
 37.054
 38.2361
 37.5233
 37.3898
 0
 37.3898
 39
 39.0384
 41.2553
 38
 39.9625
 38.4057
 36.3593
 39.1663
 38.6005
 36.7287
 36.4966
 36.6333
 39.9875
 40.0125
 37.4833
 40.8534
 40.7063
 39.4842
 40.694
 41.1825
 42.1663
 40.05
 36.7287
 38.1314
 41.7253
 40.0625
 39.9625
 37.1753
 41.7013
 39.9249
 41.6173
 40.0749
 40.6694
 42.9884
 39.95
 38.1838
 40.0125
 41.0974
 37.855
 40.0125
 39.9875
 36.5787
 39.9249
 40.8289
 37.7094
 35.7771
 40.2616
 38.2361
 36.9865
 41.9643
 41.0244
 43.9431
 40.05
 41.7373
 37.0405
 41.9404
 41.0244
 39.0256
 40.0125
 40.4846
 41.4005
 39.1535
 40.8656
 41.2674
 41.2674
 43.6578
 40.1497
 41.7373
 42.5911
 42.5793
 37.7492
 37.7492
 40.7431
 42.5793
 39.975
 39.1791
 39.128
 39.9249
 35.7491
 40.1248
 39.9375
 37.1214
 40.8656
 39.724
 37.4166
 41.4005
 41.4367
 43.1277
 40.0375
 37.4833
 40.5709
 40.9878
 40.694
 41.6653
 39.6106
 41.0731
 40.8656
 43.4396
 40.398
 42.8486
 38.2884
 38.3014
 42.5441
 40.05
 42.6028
 41.0488
 40.8779
 40.8901
 39.2046
 39.3319
 40.8289
 37.6032
 42.2729
 45.2548
 45.2548
 37.9342
 40.1123
 43.1625
 43.1625
 0
 40.6448
 42.332
 40.8534
 39.5601
 42.7551
 40.694
 40.8656
 42.3438
 39.6106
 40.05
 42.1663
 40.1248
 39.37
 43.2551
 42.4382
 41.845
 42.9185
 40.1123
 40.025
 42.2493
 42.6028
 42.5911
 41.2674
 37
 39.2428
 40.4475
 41.7013
 41.7013
 36.7151
 40.5586
 41.4367
 41.4367
 41.2795
 39.5727
 42.6146
 41.509
 42.1663
 39.7618
 37.3765
 37.5366
 41.2432
 42.0595
 36.5924
 41.2553
 40.8044
 45.6837
 41.7612
 41.9404
 40.0999
 41.5211
 40.7799
 40.2244
 41.9404
 34.7707
 42.2256
 35.6371
 41.1218
 39.8121
 38.2492
 37.855
 40.694
 38.2099
 39.8623
 39.8623
 42.8602
 40.5832
 42.7434
 40.398
 26.8887
 37.7624
 41.7133
 41.7133
 43.2319
 43.1393
 40.398
 38.6005
 39.8748
 40.5463
 41.4126
 27.3861
 40.7431
 40.9268
 40.9268
 38.6782
 42.3792
 21.7025
 38.7298
 41.7493
 28.7228
 38.7427
 38.4187
 29.4958
 38.4318
 40.398
 33.5708
 36.0555
 41.2068
 27.4226
 39.6358
 29.3769
 41.7852
 41.1825
 30.5287
 37.3631
 38.0789
 35.5809
 40.9268
 35.0428
 34.9714
 38.0657
 35.0143
 33.4216
 39.8121
 36.2491
 32.6803
 41.1704
 41.1704
 35.0856
 41.2795
 38.3275
 33.1964
 40.1497
 40.1497
 35.9722
 39.5474
 36.4966
 34.1321
 38.5227
 40.9634
 34.9714
 30.282
 44.3283
 35.7631
 43.6005
 32.7414
 43.2666
 38.4187
 31.1769
 34.7851
 38.5876
 37.081
 35.2562
 39.975
 40.6325
 35.4401
 42.2137
 36.6606
