 13
 0
 13.5647
 13.5647
 23.388
 22.561
 21.4942
 27.1109
 19.8494
 23.2809
 24.98
 24.98
 23.8328
 22.1133
 22.1133
 25.5147
 23.9792
 23.9792
 23.8118
 24.1661
 24.1661
 24.1661
 21.3073
 22.0907
 27.55
 15.8114
 24.1868
 24.1868
 24.1868
 22.7816
 24.3105
 31.4802
 24.6374
 22.8035
 24.8596
 24.8596
 21.7945
 21.7945
 22.9783
 22.9783
 22.9783
 24.1039
 26.0384
 26.0384
 26.0384
 26.0384
 22.383
 22.383
 22.383
 22.383
 23.3024
 27.6586
 27.6586
 27.6586
 0
 26.0576
 26.0576
 20.8567
 20.8567
 20.8567
 20.8567
 0
 27.8209
 27.9464
 27.9464
 27.9464
 27.9464
 17.5784
 24.1661
 25.1992
 25.1992
 25.1992
 27.0555
 27.0555
 24.0416
 28.9137
 28.9137
 27.7489
 23.9165
 33.8231
 25.7488
 25.7488
 38.8587
 0
 22.1811
 29.5127
 26.4764
 32.8177
 32.8177
 31.9061
 0
 21.9089
 25.0599
 25.2587
 25.2587
 25.2587
 23.2379
 0
 25.8457
 26.4386
 23.4094
 23.8956
 23.8956
 27.0185
 26.2107
 22.6716
 24.2899
 24.2899
 24.2899
 27.6586
 27.6586
 24.96
 24.96
 24.96
 24.96
 23.3666
 29.2062
 16.6433
 16.6433
 28.7576
 31.1448
 18.6011
 18.6011
 32.3419
 32.3419
 22.1359
 14.7986
 0
 28.931
 27.037
 23.9583
 23.9583
 23.4734
 33.0151
 33.0151
 24.5561
 24.5561
 0
 30.7571
 24.1454
 24.5561
 25.7488
 0
 23.4947
 27.2213
 27.6767
 23.6854
 23.6854
 0
 26.533
 25.219
 25.5343
 28.6356
 24.5561
 26.8328
 28.8444
 28.8444
 22.383
 28.4077
 28.8444
 28.8444
 28.8444
 30.0998
 24.8596
 24.8596
 24.8596
 19.4936
 31.6544
 27.5681
 23.3666
 23.3666
 23.3666
 30.8545
 19.7737
 19.7737
 19.7737
 29.5804
 30.133
 30.133
 24.1247
 32.187
 32.187
 28.3901
 28.2843
 28.2843
 24.7588
 26.096
 34.5688
 27.9821
 25.9422
 0
 0
 25.0599
 29.9333
 32.6497
 26.2107
 0
 0
 26.7582
 31.6386
 25.0998
 25.0998
 25.0998
 0
 32.0156
 29.189
 31.0966
 26.4764
 26.4764
 0
 26.2679
 34.9428
 29.4958
 27.9821
 27.9821
 27.9821
 23.3024
 24.8193
 28.0357
 32.1559
 20.9762
 26.3059
 24.8998
 29.6142
 29.6142
 0
 26.8328
 24.4949
 33.2114
 29.5973
 29.5973
 33.3467
 28.4781
 29.95
 28.8617
 28.8617
 31.0644
 27.7489
 31.8119
 33.7046
 0
 0
 0
 0
 27.2947
 30.8707
 33.5261
 33.0454
 33.0454
 26.8142
 33.9117
 32.8481
 34.6266
 34.6266
 34.6266
 0
 29.5466
 35.9444
 33.3467
 34.2637
 34.2637
 34.2637
 0
 36.9053
 34
 38.1445
 31.8748
 31.8748
 31.8748
 0
 37.7094
 32.6803
 29.8831
 31.9374
 31.9374
 31.9374
 0
 29.5466
 33.4365
 30.7896
 32.0156
 32.0156
 32.0156
 0
 29.2062
 32.45
 31.9844
 29.1376
 29.1376
 0
 0
 29.5466
 33.2866
 31.8591
 35.6371
 35.6371
 35.6371
 35.6371
 0
 0
 36.7967
 35.7631
 35.3977
 31.0483
 31.0483
 31.0483
 0
 34.4529
 36.2905
 36.606
 37.47
 37.47
 37.47
 0
 36.8917
 31.4484
 36.6197
 37.7492
 37.7492
 37.7492
 0
 39.3192
 37.8286
 38.1576
 29.9165
 29.9165
 36.647
 38.9102
 30.7083
 36.973
 35
 38.1051
 39.6358
 38.7814
 35.2278
 40.3733
 38.5746
 31.4802
 33.8083
 38.2492
 37.6563
 32.6497
 32.6497
 0
 37.6696
 35.4542
 34.2637
 36.0555
 36.0555
 36.0555
 0
 36.8782
 37.6563
 36.9324
 32.909
 31.6386
 39.5474
 36.4006
 38.2492
 35.2704
 30.1828
 35.0143
 37.3363
 38.2361
 39.0384
 27.8927
 27.8927
 35.7211
 38.5746
 38.1576
 37
 37
 37
 0
 41.1947
 35.7911
 41.5933
 39
 39
 0
 0
 0
 0
 0
 38.4838
 40.1123
 40.1622
 35.0286
 35.0286
 35.0286
 0
 39.0768
 38.7427
 40.8534
 39.6737
 39.6737
 39.6737
 0
 41.509
 37.921
 35.4401
 41.9762
 40.398
 35.426
 43.2204
 38.2361
 41.1825
 34.7707
 39.8623
 38.4968
 38.4968
 0
 0
 37.6431
 38.4708
 41.2916
 39.0256
 40.8412
 41.2432
 39.8497
 40.398
 40.939
 40.0625
 37.6431
 39.0128
 41.509
 37.4433
 39.0512
 40.1746
 40.1746
 42.4146
 41.7612
 39.7366
 37.855
 37.855
 0
 42.3438
 40.8167
 41.497
 36.8103
 0
 39.3827
 39.6358
 42.7551
 40.9756
 0
 0
 0
 0
 36.9188
 41.0122
 44.2493
 38.5746
 38.5746
 0
 37.1349
 40.4228
 45.8694
 37.9868
 37.9868
 0
 41.5211
 36.8239
 43.1625
 38.9358
 38.9358
 38.9358
 37.921
 40.0874
 39.0512
 46.4866
 41.1947
 42.7551
 40.8289
 42.332
 42.332
 42.3084
 38.6005
 43.4626
 39.1024
 39.1024
 37.9737
 38.923
 36.3318
 42.5911
 38.4578
 38.2099
 44.3396
 40.5339
 40.8044
 42.391
 37.921
 42.638
 45.0333
 40.9634
 39.7115
 41.4246
 41.1096
 40.4228
 43.9431
 40.7185
 38.0263
 41.1825
 42.5793
 45.0666
 37.7227
 46.9681
 41.2795
 41.7013
 40.0999
 43.1277
 45.0666
 41.2432
 44.643
 42.638
 43.7035
 41.2189
 40.2492
 43.1509
 42.0476
 37.9737
 40.0375
 41.7852
 38.3014
 43.1045
 38.5097
 41.9881
 40.7308
 41.7732
 43.1509
 43.3244
 38.7427
 41.9762
 43.7721
 39.8873
 42.7668
 40.8167
 39.8497
 43.4396
 42.0714
 41.5572
 41.2311
 42.5558
 38.7685
 39.8873
 42.5793
 43.909
 39.0384
 43.6692
 40.939
 45.4092
 44.2945
 39.6106
 42.2729
 45.0333
 42.391
 44.2719
 42.8135
 41.0122
 42.0595
 44.8107
 39.598
 42.8836
 43.1045
 39.37
 41.7493
 40.3733
 41.9881
 43.9318
 41.2795
 38.3667
 43.589
 41.6173
 42.6028
 39.8873
 44.3847
 41.328
 42.1782
 40.8779
 42.4146
 42.3556
 39.5474
 40.0375
 40.939
 40.9268
 38.5097
 41.5452
 41.7253
 42.0238
 35.8748
 41.2311
 40.9756
 38.3797
 43.7721
 39.8748
 43.1509
 42.3792
 41.845
 44.699
 40.7063
 41.7971
 42.8252
 45.6727
 37.9605
 40.4969
 39.6106
 42.0595
 37.9737
 42
 44.699
 40.4228
 37.5766
 39.6989
 41.845
 42.4735
 41.9881
 40.05
 44.7661
 41.4729
 40.9512
 40.5093
 41.328
 43.1161
 36.7015
 38.7943
 41.9524
 39.598
 38.1969
 45.1442
 37.3631
 43.2897
 43.5086
 41.0853
 44.2832
 43.4856
 45.4973
 42.5911
 43.1161
 44.2606
 42.1426
 45.0666
 44.7884
 41.7852
 42.3202
 40.9756
 43.7035
 41.3521
 41.328
 41
 42.332
 40.8656
 42.4028
 43.1393
 41.7971
 43.2551
 41.7253
 43.2204
 43.909
 43.1856
 45.3321
 39.5474
 42.0476
 42.8019
 41.5692
 41.5692
 43.4396
 40.7063
 40.6817
 41.1704
 39.598
 43.1856
 38.7556
 45.4423
 43.6807
 45.4313
 45.5192
 42.2966
 42.7785
 43.4396
 40.694
 41.7612
 41.328
 42.5558
 40.9634
 43.2088
 43.4971
 42.332
 42.4853
 46.6798
 46.6798
 43.5546
 42.1545
 44.5309
 42.8952
 41.3159
 42.5558
 43.4166
 41.0974
 40.9145
 42.3438
 42.3438
 39.2428
 43
 40.6571
 43.5546
 43.7493
 45.3321
 42.8602
 43.9318
 41.9762
 41.5692
 42.2019
 42.7083
 40.2119
 41.7253
 44.317
 40.4846
 0
 40.7676
 43.566
 42.4853
 45.0666
 40.8779
 43.4626
 43.1972
 41.3521
 42.9884
 42.0595
 42.8486
 40.0375
 41.2189
 43.4166
 41.9404
 41.509
 43.5086
 43.6921
 43.2666
 43.7035
 44
 44.8107
 42.9302
 40.1373
 42.107
 43.6578
 43.4166
 41.7493
 41.6533
 46.6262
 42.3202
 46.3357
 43.5201
 44.7214
 45.0888
 41.1339
 43.5201
 42.8019
 44.0114
 42.6263
 42.8719
 43.1277
 39.5601
 41.9404
 45.913
 45.913
 39.0256
 42.9185
 43.4396
 41.9881
 45.8694
 45.3431
 46.9468
 45.0222
 44.6654
 44.6654
 44.8776
 45.3211
 43.8976
 44
 43.4971
 45.0888
 42.2966
 46.594
 42.391
 42.391
 47.8017
 43.6807
 44.2041
 44.2154
 47.2229
 42.7902
 0
 45.5082
 44.1588
 42.4382
 41.497
 41.4246
 42.6028
 39.8623
 43.4626
 42.8836
 40.1497
 44.5421
 44.4972
 42.0476
 42.0476
 45.8803
 46.4327
 44.3283
 43.6921
 45.0333
 43.6807
 43.6807
 43.2204
 45.4753
 44.317
 43.2204
 48.2804
 48.2804
 45.3431
 44
 42.6028
 47.0213
 42.1782
 42.1782
 44.2267
 42.8135
 44
 42.1663
 44.7772
 42.3674
 39.8748
 45.2438
 45.2438
 45.2438
 41.5812
 41.5812
 41.5812
 41.5812
 0
 0
 48.949
 43.1277
 44.2719
 45.7493
 45.3982
 42.5676
 47.4447
 45.8476
 43.2897
 50.5371
 50.5371
 44.5533
 47.0956
 45.1774
 45.1774
 45.1774
 45.1774
 45.1774
 49.1223
 44.4635
 45.0333
 45.0333
 38.2099
 38.2099
 48.3632
 48.3632
 0
 39.6863
 44.5197
 46.1519
 0
 45.0666
 44.7661
 44.7661
 44.7661
 46.2061
 44.587
 40.9023
 40.9023
 45.0999
 45.0999
 45.0999
 42.4264
 42.6146
 42.6146
 42.6146
 44.5533
 44.5533
 44.5533
 42.45
 43.4396
 50.5272
 38.4448
 47.1169
 35.7071
 35.7071
 42.5793
 42.5793
 42.5793
 45.8258
 45.8258
 46.0869
 45.1885
 45.1885
 45.1885
 46.465
 45.0888
 28.4077
 42.9767
 46.7226
 46.7226
 47.7703
 46.1736
 42.8369
 41.4849
 41.4849
 42.9185
 43.4281
 43.4281
 47.5395
 44.643
 44.643
 41
 46.6154
 26.4386
 42.0119
 45.9021
 45.9021
 45.9021
 41.2916
 35.819
 35.819
 35.819
 35.819
 35.819
 35.819
 35.819
 35.819
 32.6497
 32.6497
 32.6497
 32.6497
 43.5316
 43.5316
 34.7994
 34.7994
 40.0125
 34.2199
 44.7772
 39.2938
 34.5977
 34.5977
 34.5977
 34.5977
 34.5977
 34.5977
 42.7317
 42.7317
 42.7317
 35.6371
 35.6371
 35.6371
 35.6371
 46.7226
 46.7226
 46.7226
 46.7226
 46.7226
 46.7226
 46.7226
 46.7226
 46.7226
 46.7226
 46.7226
 46.7226
 46.7226
 46.7226
 46.7226
 46.7226
 46.7226
 46.7226
 46.7226
 46.7226
 46.7226
 46.7226
 46.7226
