 19.5192
 14.7986
 18.8414
 15.9687
 18.5742
 18.6279
 18.6548
 21.4476
 19.2354
 20.6398
 20.0499
 18.6548
 20.9762
 20.4939
 19.7737
 22.9783
 24.1454
 20.199
 21.6564
 20.6398
 17.4642
 24.0416
 17.3494
 21
 21.4476
 16.2173
 27.4408
 17.8606
 19.105
 24.8596
 20.6398
 23.3666
 24.1039
 20.5183
 23.3024
 21.9545
 23.1517
 21.9545
 21.3542
 21.4243
 20.2978
 21.4476
 23.388
 19.1572
 16.5529
 21.9773
 22.1133
 25.3574
 21.5639
 20.9523
 22.6274
 23.3452
 20.2731
 20.2731
 0
 21.4476
 25.807
 21
 19.6469
 20.9523
 20.9523
 0
 28.3373
 24.4745
 20.9045
 19.6214
 19.0526
 23.4094
 24.1454
 19.4165
 24.5764
 17.4642
 22.1585
 21.1896
 22.2711
 25.2982
 16.3095
 24.9199
 20.2731
 26.0192
 22.891
 14.7986
 38.8587
 0
 19.8494
 27.258
 22.6495
 25.02
 12
 31.9061
 0
 22.6936
 24.1039
 23.7908
 23.1301
 12
 23.2379
 0
 25.2389
 24.8395
 22.9129
 23.6008
 10.8167
 25.8457
 23.3452
 23.9792
 22.9347
 14.4914
 21.4709
 26.4575
 25.7488
 22.2486
 14.1421
 14.1421
 25.8844
 23.622
 25.671
 21.5174
 21.5174
 23.8956
 23.388
 20.9045
 18.5742
 26.7769
 27.1109
 20.9045
 21
 0
 24.1247
 24
 21.4709
 23.4521
 21.9317
 28.3196
 26.5895
 25.1794
 25.1794
 0
 26.3059
 25.8844
 23.4307
 24.1039
 0
 25.1794
 24.2487
 25.593
 21.7945
 21.7945
 0
 23.2809
 24.4745
 27
 25.807
 23.1084
 24.5967
 26.0576
 22.7596
 21.587
 26.4386
 24.5764
 24.5967
 22.0907
 25.5539
 25.2785
 25.0599
 25.0599
 23.5797
 25.3574
 27.9285
 24.5764
 23.2809
 23.2809
 26.533
 24.6779
 24.1247
 24.8998
 28.9137
 25.7876
 25.807
 24.6779
 29.5973
 26.0384
 24.8596
 26.9815
 28.8791
 27.6586
 23.3666
 28.8444
 28.9137
 28.2843
 28.2843
 28.2843
 24.6374
 25.9037
 29.0172
 23.1517
 23.1517
 25.0599
 26.4575
 28.3901
 25.02
 25.02
 25.02
 0
 27.1477
 28.2666
 29.4958
 25.5343
 25.4362
 25.4362
 24.0416
 27.0555
 27.1109
 27.1662
 23.4947
 23.4947
 23.9583
 25.3377
 24.5764
 27.0555
 24.1454
 25.1992
 27.4955
 25.3772
 25.3772
 0
 24.0416
 24.8797
 27.7849
 31.1127
 15.3623
 30.2159
 29.5973
 26.5707
 26.8142
 13.6382
 26.4008
 26.4953
 30.133
 32.9697
 32.9697
 32.9697
 32.9697
 0
 23.4307
 29.5973
 28.9482
 30.7246
 30.7246
 23.3666
 30.0832
 30.1164
 28.8964
 20.1742
 20.1742
 0
 25.3574
 28.8444
 28.3019
 30.1496
 18.1108
 18.1108
 0
 29.5127
 28.8791
 32.078
 27.9285
 14.5258
 14.5258
 0
 30.1662
 28.9655
 27.9821
 28.2666
 28.2666
 28.2666
 0
 29.0345
 28.9137
 27.7849
 28.2489
 28.2489
 28.2489
 0
 27.2764
 26.2869
 27.6586
 28
 28
 0
 0
 30.348
 28.2666
 28.4253
 28.4077
 25.2587
 25.2587
 25.2587
 0
 0
 28.8964
 28.2666
 30.5941
 30.3315
 30.3315
 30.3315
 0
 27.0924
 31.0805
 29.6648
 29.95
 29.95
 29.95
 0
 31.5595
 27.2764
 31.5278
 31.1288
 31.1288
 31.1288
 0
 32.6956
 32.0624
 32.1092
 26.2488
 26.2488
 31.496
 31.607
 27.9464
 31.1769
 28.9137
 32.0312
 31.7962
 30.3809
 30.9354
 33
 31.496
 27.4226
 29.3428
 32.9697
 31.3369
 28.4781
 28.4781
 0
 31.3528
 29.5127
 28.8791
 33.0303
 24.4745
 24.4745
 0
 31.1929
 30.6105
 29.4958
 29.8998
 24.4949
 32.0156
 29.4788
 32.2955
 34.2053
 27.313
 30.7246
 27.8568
 31.5278
 31.1609
 24.4949
 24.4949
 26.7769
 30.4138
 31.9061
 30.6431
 26.0768
 26.0768
 0
 33.5559
 26.9815
 31.4643
 31.0805
 20.025
 0
 0
 0
 0
 0
 32.3419
 32.1559
 33.0303
 26.7955
 18.7083
 18.7083
 0
 31.1448
 30.8707
 31.8434
 33.5112
 14.5945
 14.5945
 0
 33.6898
 32.8024
 27.7128
 33.3317
 32.078
 30.133
 31.305
 29.2404
 31.1448
 29.5127
 32.3265
 30.1993
 30.1993
 0
 0
 31.8748
 30.6105
 30.7409
 33.2265
 29.5466
 33.7343
 32.665
 34.7131
 32.7872
 29.8496
 32
 31.4643
 31.8591
 30.7571
 28.4781
 31.496
 20
 32.7719
 31.8434
 33.0757
 28.178
 28.178
 0
 34.176
 34.0294
 31.0966
 28.4781
 0
 29.9666
 33.3167
 34.176
 33.0151
 0
 0
 0
 0
 28.4781
 32.573
 34.9857
 32.8024
 16.0935
 0
 31.3209
 31.8904
 35.8887
 29.2575
 29.2575
 0
 32.6343
 30.8221
 31.6228
 30.4467
 10.7703
 10.7703
 33.2265
 30.1496
 31.4643
 34.1906
 34.5688
 32.6803
 30.6757
 36.1801
 12.5698
 32.2645
 33.8674
 32.8329
 32.0624
 32.0624
 31.9061
 29.4449
 31.1288
 37.3363
 34.2199
 30.1164
 34.9285
 35.3553
 35.4119
 32.8634
 29.4109
 35
 34.1906
 31.1288
 34.2053
 33.5559
 34.2199
 29.6985
 32.28
 33.5261
 31.8904
 31.1288
 31.4166
 36.606
 30.7083
 34.9571
 31.607
 34.5543
 33
 31.6386
 33.9559
 33.0303
 33.3317
 33.8083
 33.0606
 35.171
 33.8378
 33.0151
 33.8231
 33.0303
 33.7935
 30.4302
 33.2415
 34.9714
 31.8748
 34.4238
 35.5106
 36.6197
 32.311
 36.6333
 30.6757
 35.426
 33.2866
 32.7872
 35
 35.3977
 32.28
 33.121
 32.8177
 32.7261
 32.2335
 33.4066
 31.8434
 31.3209
 31.8904
 33.6749
 30.4467
 35.0143
 33.0454
 35.3836
 32.8634
 34.2053
 33.4365
 33.9706
 32.665
 32.311
 33
 31.6228
 33.0454
 31.5278
 31.1288
 35.4542
 34.9714
 33.7343
 35.7351
 31.8904
 35.171
 34.4384
 31.0805
 31.8904
 33.7935
 35.2846
 33.8378
 33.8821
 33.3017
 34.1028
 31.1127
 33.3467
 36.5787
 33.0151
 32.7872
 29.95
 31.8591
 33.2415
 32.5115
 32.6343
 32.2955
 32.249
 31.5119
 32.1559
 33.0454
 32.249
 33.4515
 33.0757
 31.8591
 33.8378
 30.8869
 32.7109
 34.4529
 33.4515
 34.6699
 35.0143
 33.2415
 34.9428
 32.6497
 33.1059
 32.665
 33.9411
 34.9142
 33.9853
 31.1288
 32.28
 33.4216
 35.0428
 34.3074
 33.4066
 34.5543
 35.7911
 34.9857
 32.5269
 33.3916
 33.4066
 30.7246
 32.0468
 32.311
 30.2985
 31.1609
 35
 31.5278
 33.4365
 34.2199
 31.8748
 32.8481
 33.8231
 35.327
 36.1248
 32.6956
 32.7109
 33
 34.176
 33.2415
 33.4813
 32
 34.9857
 35.1426
 30.3645
 32.7261
 34.5977
 31.4802
 30.692
 33.5261
 35.4542
 31.8591
 34.2637
 33
 34.2345
 33.4963
 33.0606
 35.0143
 31.0322
 33.7787
 33.0454
 31.5911
 30.249
 34.1906
 31.0483
 32.3419
 32.28
 32.619
 33.5112
 33.9853
 34.1906
 35.3553
 34.1906
 36.647
 33.4216
 34.2199
 32.8177
 31.0966
 30.7409
 32.6343
 33.7787
 31.496
 32.8481
 34.4529
 32.6497
 34.7563
 36.524
 36.524
 32.8329
 33.1361
 33.4365
 32.3419
 33.1059
 33.7787
 33.4365
 32.6497
 29.5635
 32.311
 33.4515
 33.3766
 33.4515
 33.4216
 33.9706
 31.9061
 36.8917
 33.5559
 31.8748
 33.7639
 31.6228
 31.8748
 35.5949
 31.8904
 31.8591
 32.3419
 33.5559
 33.5559
 32.665
 33.4066
 34.2637
 35.3412
 33.5559
 35
 34.5543
 32.3728
 34.5543
 34.5543
 32.28
 31.5753
 32.249
 33.4515
 30.5614
 33.7935
 32.7109
 33.4216
 36.5513
 31.8748
 34.5977
 31.9218
 30.7571
 33.7491
 32.6343
 32.665
 33.4066
 31.8591
 31.8748
 35.1426
 34.1906
 33.0757
 33.5112
 33.2716
 33.4515
 35.3412
 33.5261
 35.7631
 35.7631
 34.7131
 31.8434
 33.7787
 32.28
 34.3511
 35.426
 31.607
 32.2335
 33.6006
 33.4066
 34.2929
 32.2955
 37.3095
 33.7787
 36.3731
 34.5832
 27.6043
 33
 36.9053
 34.9428
 33.2716
 36.9324
 35.7911
 33.2866
 36.1248
 32.6497
 36.1801
 32.4654
 33.5559
 35.7351
 32.7414
 35.805
 31.8591
 0
 33.541
 32.187
 34.8425
 32.665
 31.3209
 35.7491
 32.2645
 34.6843
 34.6987
 33.8231
 32.3265
 32.7567
 31.0805
 36.5377
 35.4824
 32.6343
 31.6228
 30.8221
 32.3265
 31.6544
 33.4365
 31.9687
 33.541
 31.4802
 32.0156
 32.7872
 33.0757
 33.5261
 32.665
 33.0303
 34.176
 31.6386
 35.171
 32.6803
 31.8748
 32.1403
 35.3977
 32.1092
 30.6268
 32.6956
 31.1769
 33.7639
 0
 33.0908
 31.9218
 34.0734
 26.8328
 26.8328
 34.6843
 35.4824
 34.1467
 34.4093
 33.5261
 35.327
 31.3209
 34.9714
 31.607
 32.4808
 35.3695
 32.2645
 33.4216
 35.819
 35.3553
 31.3688
 34.6987
 30.8058
 31.8277
 37.3898
 32.45
 32.249
 37.6696
 29.7321
 33.0606
 37
 34.0588
 0
 33.8526
 32.619
 35.1283
 0
 34.5977
 31.5911
 34.7563
 34.2929
 34.6843
 33.8969
 32.249
 31.5278
 34.176
 30.7246
 31.4802
 34.3948
 34.1028
 33.1361
 34.0294
 31.0483
 32.4037
 33.3017
 32.4346
 31.1448
 34.1028
 26.0384
 34.0588
 28.0535
 32.4346
 29.1204
 31.5595
 31.9531
 31.8119
 31.257
 33.8378
 29.189
 34.6843
 29.5804
 33.0454
 31.5278
 20.8087
 53.7587
 31.305
 31.305
 31.9687
 34.1174
 33.1059
 30.0333
 31.3528
 31.8748
 33.0606
 33.0606
 32.1559
 34.6554
 0
 28.8964
 32.619
 21.0238
 28.4605
 30.7246
 30.7246
 27.2397
 27.2397
 19.8242
 30.0167
 31.4643
 31.4643
 28.7228
 31.1609
 31.1609
 30.4138
 21.4942
 35.426
 35.426
 24.0208
 29.189
 33.4963
 26.0768
 26.0768
 28.0179
 28.6705
 28.6705
 28.8791
 27.2764
 31.5436
 26.9815
 23.4734
 30.5941
 30.5941
 26.4953
 31.5753
 28.1957
 21.4709
 33.0151
 0
 27.7669
 30.6431
 27.6586
 26.9072
 29.5973
 29.95
 26.096
 25.7488
 33.5112
 26.9072
 35.7491
 23.7276
 36.5787
 30.3974
 24.8998
 29.5127
 31.6544
 26.9815
 27.6225
 30.1828
 33.4515
 27.7669
 32.9848
 26.2488
