 11.6189
 7.14143
 13.0384
 13.0384
 15.4596
 16.1245
 17.2627
 19.105
 13.2288
 19.7484
 19.0526
 15.6525
 18.412
 16.6733
 16.1245
 20.2731
 20.8806
 19.2354
 19.0788
 15.9374
 11.6619
 19.5192
 15.9687
 18.0278
 18.5742
 11.7898
 20.3224
 13.2288
 17.7482
 19.2614
 17.8606
 19.0263
 20.9523
 16.7332
 19.2614
 17.2627
 19.105
 16.7332
 17.8606
 17.8326
 16.6733
 18.6011
 20.2731
 15.1987
 13.1529
 20.9045
 18.4391
 20.3224
 17.8606
 17.6352
 19.0526
 21.3073
 15.9374
 15.9374
 0
 17.9165
 21.2132
 16.8819
 14.7309
 17.3205
 17.3205
 0
 20.2978
 19.8494
 17.5784
 14.7309
 17.4356
 17.3205
 18.6011
 17.9165
 20.2731
 15.7162
 19.0526
 18.412
 18.6011
 20.2978
 14.4222
 20.2978
 17.8885
 21.4942
 18.0555
 12.6886
 38.8587
 0
 16.8819
 22.7376
 20.2731
 20.2731
 9.43398
 31.9061
 0
 19.0263
 20.4695
 19.5959
 18.9737
 9.27362
 23.2379
 0
 20.025
 20.3715
 18.412
 19.105
 8.60233
 22.383
 20.6155
 20.1494
 18.4662
 10.4881
 17.2627
 22.383
 22.6716
 20.0499
 8.94427
 0
 21.7486
 19.1572
 22.891
 16.3401
 6.32456
 19.975
 22.1133
 16.7332
 14.4222
 21.7486
 23.3024
 17.8885
 15.906
 15.906
 22.1359
 20.4695
 17.6068
 21.5407
 20.4695
 24.1454
 22.9347
 21
 21
 0
 21.5639
 22.2036
 20.2237
 20.8567
 0
 20.7123
 20.8567
 21.6102
 18.0555
 18.0555
 0
 19.0526
 19.0526
 22.891
 21.9317
 19.105
 20.9762
 24.3105
 19.5704
 19.0788
 24.5153
 20.5183
 20.9762
 19.7737
 21.6102
 22.6495
 21.2603
 0
 20.025
 22.7156
 23.6008
 20.2485
 19.799
 19.799
 22.1359
 20.2731
 21.1187
 23.1517
 23.388
 22.1359
 21.7715
 20.664
 25.6515
 24.6577
 21.9545
 22.9347
 24.4745
 21.0238
 21.3776
 26.0576
 22.9565
 22.9129
 22.9129
 0
 21.7256
 22.4499
 24.8193
 20.2731
 20.2731
 20.9284
 22.1811
 23.6643
 20.2978
 20.2978
 20.2978
 0
 25.318
 23.3024
 26.0384
 20.9045
 22.1585
 22.1585
 21.4476
 26.4386
 24.8596
 23.3238
 20.4695
 20.4695
 21.4476
 21.9317
 24.0416
 23.622
 20.3224
 21.7715
 23.8956
 22.2261
 22.2261
 0
 22.2261
 21.1424
 23.4947
 26.1534
 10.7703
 25.5147
 23.7487
 22.891
 25.5147
 11.7473
 22.2486
 22.1359
 25.6125
 29.1548
 0
 7.74597
 7.74597
 0
 21
 25.318
 24.8998
 26.0576
 21.166
 21.4476
 24.5967
 26.8142
 24.5967
 17.5499
 17.5499
 0
 22.2486
 25.02
 24.1454
 26.1151
 15.0997
 15.0997
 0
 25.7876
 24.8596
 28.7054
 24.1661
 10.9087
 10.9087
 0
 26.4197
 25.6905
 23.8747
 22.9783
 7.28011
 7.28011
 0
 25.6905
 24.8998
 22.8254
 24.1247
 24.1247
 24.1247
 0
 23.6432
 23.0868
 25.318
 22.9783
 22.9783
 0
 0
 26.1151
 24.6171
 24
 25.2587
 23.5797
 3.4641
 3.4641
 0
 0
 23.622
 26.4386
 25.04
 25.9422
 25.9422
 25.9422
 0
 25.2587
 27.1662
 26.3439
 26.1343
 26.1343
 26.1343
 0
 27.4591
 23.4307
 27.8388
 28.2312
 28.2312
 28.2312
 0
 28.2666
 27.6043
 27.6043
 22.561
 22.561
 27.1846
 28.3901
 23.3666
 28.8791
 25.318
 29.0861
 28.8617
 27.2397
 27.5681
 29.5296
 28.6705
 22.8035
 24.8797
 28.0357
 28.5132
 23.8956
 23.8956
 0
 26.9815
 26.533
 24.1039
 28.2666
 22.1585
 22.1585
 0
 27.6406
 25.9037
 24.5967
 26.1725
 21.8403
 26.9815
 24.9399
 28
 28.7402
 24.2487
 27.1662
 24.5967
 27.2029
 27.7849
 23
 23
 24.98
 27.2213
 28.2489
 26.6833
 23.388
 23.388
 0
 29.5296
 25.2587
 27.1846
 27.2947
 16.3707
 0
 0
 0
 0
 0
 28.3901
 28
 29.5127
 23.6643
 16.2788
 16.2788
 0
 28.0357
 26.9444
 28.3019
 29.95
 12.8062
 12.8062
 0
 28.8791
 27.4408
 24.0208
 30.6594
 28.1069
 25.7488
 28.5657
 26.4008
 28.0535
 26.5518
 28.2666
 26.1534
 26.1534
 0
 0
 28.4077
 25.318
 26.8328
 28.6705
 25.6515
 27.8747
 29.3087
 28.6531
 29.0861
 25.865
 28.2489
 27.8029
 29.2404
 28.0357
 26.1151
 28.8791
 20.8087
 29.1204
 28.4605
 28.3373
 26.1151
 26.1151
 0
 29.3598
 28.8444
 27.4591
 26.096
 0
 25.9615
 28.3725
 29.1376
 30.3315
 0
 0
 0
 0
 25.318
 28.9137
 32.2025
 27.4408
 16.0935
 0
 27.7669
 28.6531
 33.2265
 26.3818
 9.21954
 0
 28.3019
 26.7582
 30
 26.6833
 8.12404
 8.12404
 28.4605
 25.6905
 26.3439
 31.4325
 31.1609
 29.2575
 26.0192
 31.1609
 7
 28.6705
 29.8496
 29.5127
 28.3019
 28.3019
 27.8747
 26.6646
 28.0179
 30.7409
 30.315
 26.9815
 30.3809
 31.8434
 31.0644
 28.5832
 24.9199
 29.3258
 29.6985
 27.8029
 29.0689
 28.7924
 31.0161
 26.9629
 30.315
 29.6816
 28.8617
 28.0357
 28.4253
 32.665
 27.6225
 33.2415
 27.5136
 29.8329
 29.3258
 28.0891
 30.7896
 28.6531
 29.8831
 29.2916
 30.315
 29.3258
 30.8383
 29.2233
 28.6531
 27.2213
 30.5778
 27.6406
 28.8617
 31.1769
 28.6356
 29.9165
 30.545
 31.305
 28.3196
 33.1964
 26.2869
 30.7246
 29.9666
 28.2843
 29.3087
 30.315
 28.2489
 29.7489
 27.7489
 28.9828
 29.4958
 29.3087
 28.4077
 27.2397
 28.5132
 29.9666
 27.8388
 32.8329
 28.4956
 33.8969
 29.5466
 31.0161
 30.3315
 29.5635
 28.6531
 30.5941
 28.8964
 27.258
 28.688
 28.7054
 28.4956
 31.1769
 30.3315
 27.4773
 31.5911
 28.6531
 31.1448
 30.0167
 28.0179
 29.2916
 29.1719
 31.1127
 30.1164
 30.4631
 30.4959
 29.9333
 28.4429
 28.3901
 31.686
 29.9666
 30.1828
 27.1846
 29.1548
 30.6268
 28.6356
 30.1164
 29.3258
 30.348
 28.3019
 28.8964
 30.3645
 28.1069
 30.6268
 29.4958
 29.6816
 30.2985
 27.037
 29.7489
 27
 29.3258
 31.1288
 31.8434
 29.6311
 31.1609
 28.9828
 29.7321
 28.9137
 30.4631
 31.9061
 29.7321
 27.9464
 29.8161
 30.3645
 29.7993
 30.2324
 29.6479
 32.0156
 29.7489
 29.2916
 27.4773
 30.9677
 29.7489
 28.1247
 27.2213
 30
 29.4618
 27.8209
 31.4484
 28.6705
 30.3315
 30.348
 29.2575
 31.4484
 30.3645
 31.7962
 31.0161
 28.7054
 30.3809
 29.3087
 31.0966
 29.95
 30.3645
 30.1828
 29.1204
 33.4066
 28.0357
 29.95
 31.3847
 29.3087
 27.8388
 30.315
 32.28
 28.4956
 31.5911
 28.8617
 30.692
 29.5296
 28.3019
 33.5112
 28.6531
 31
 28.931
 28.8097
 26.9444
 31.8277
 28.4605
 28.3196
 29.4788
 28.9655
 30.4795
 29.9666
 30.348
 31.9687
 30.3315
 31.6386
 29.6985
 29.6648
 29.9833
 28.6705
 28.7924
 29.9333
 30.5123
 28.4605
 29.9333
 31.9061
 29.2746
 29.189
 33.2866
 33.2866
 29.4109
 28.3373
 31
 29.1204
 30.7083
 29.2916
 29.6648
 28.8617
 28.2843
 28.3373
 31.4006
 29.2575
 29.3428
 29.5296
 30.5123
 28.9137
 33.8674
 28.6705
 29.3258
 29.4109
 29.0345
 29.1719
 31.0805
 29.5296
 28.9137
 29.4109
 30.05
 30.05
 28.8271
 30.5123
 31.8119
 32.8634
 30.5123
 31.3688
 30.8869
 28.8964
 30.7409
 31.1609
 29.3087
 28.7924
 29.3258
 30.1828
 28.8271
 31
 29.3598
 31.0322
 32.2645
 28.8791
 29.5296
 29.5635
 28.4956
 28.3549
 29.9165
 29.8831
 31.1609
 29.1033
 29.1548
 32.3883
 30.8383
 31.4166
 31.1288
 30.3809
 31.209
 29.6311
 30.1993
 32.5423
 31.1929
 30.3315
 29.3258
 32.1248
 29.3428
 32.5269
 32.5115
 31
 29.2746
 31.8748
 29.9833
 31.0161
 30
 32.0312
 31.3688
 30.7896
 32.28
 27.1662
 29.9833
 33.3916
 31.9218
 30.4631
 33.2114
 32.8634
 31.289
 30.7896
 31.305
 33.2114
 31.7175
 30.5778
 33.0454
 29.5973
 33.2566
 29.3769
 0
 30.249
 30.3974
 32.1714
 30.1496
 29.5804
 31.4325
 29.2916
 30.8707
 29.8831
 30.4959
 29.0345
 30.1993
 28.2843
 32.8634
 33.6898
 30.3809
 28.3373
 29.8329
 30.1828
 29.7658
 31.4166
 29.8664
 31.1288
 29.9666
 29.8831
 32.4808
 30.249
 30.9839
 30.8058
 29.6479
 31.0322
 29.7658
 31.305
 29.8664
 29.6311
 29.8664
 31.5119
 30.6757
 29.5635
 29.8831
 29.3428
 31.4484
 0
 28.6531
 28.9655
 31.8904
 25.2982
 0
 30.7571
 33.7194
 32.187
 31.1288
 31.7175
 31.8434
 29.6479
 31.6228
 31.0161
 29.6311
 32.4808
 31.4006
 30.9677
 33.0606
 32.9697
 30.6105
 31.0322
 29.1376
 29.6479
 34.5398
 29.7489
 30.4302
 33.541
 28.7924
 30.6757
 32.1403
 33.0454
 0
 29.7825
 29.6648
 32.6956
 0
 31.1769
 30.1164
 32.8786
 31.6228
 32.2645
 32.0312
 30.1164
 29.4958
 32.4346
 30.5287
 28.2666
 32.8938
 31.289
 32.619
 31.3847
 29.8664
 29.9666
 32.5576
 30.4302
 29.1204
 33.3467
 23.8537
 31.8434
 27.8209
 31.6544
 28.6356
 28.8964
 30
 28.8964
 29.5466
 30.8058
 28.6356
 31.8748
 28.7576
 31.0644
 30.2324
 19.9249
 29.3087
 30.1828
 30.1828
 31.4006
 32.5576
 30.05
 28.4781
 30.7083
 29.5127
 32.218
 19.7737
 32.2025
 32
 0
 29
 29.9666
 18.6815
 27.2764
 29.1376
 22.4944
 27.2029
 28.8964
 20.1742
 28.6531
 29.4958
 26.4197
 27.258
 29.2404
 19.4936
 28.1603
 18.6548
 31.607
 31.1448
 22.9565
 29.3258
 30.282
 28.6182
 30.7083
 26.4953
 27.4591
 28.9137
 25.7682
 25.671
 29.5466
 27.1477
 22.2036
 29.5635
 29.5635
 24.7184
 32.2645
 28.0357
 22.891
 31.8904
 0
 27.2213
 29.9666
 26.0768
 25.4362
 29.0689
 29.1033
 24.2074
 24.5967
 31.8119
 24.5764
 34.2199
 23.8537
 34.1906
 29.2062
 24.454
 27.2029
 31.5119
 26.0768
 26.7208
 29.6985
 32.2025
 27.5862
 32.6343
 26.0384
