 39.6106
 26.9258
 21.4476
 20.9045
 24.8596
 29.9165
 29.8496
 28
 30.133
 31.8904
 24.4745
 32.7414
 27.55
 29.6311
 32.0312
 26.9444
 23.4521
 32.0624
 22.6274
 28.3549
 33.8378
 25.2982
 22.8692
 31.4325
 23.516
 35.0999
 32.3419
 36.7967
 26.0768
 34.0734
 27.8209
 31.4802
 32.6497
 33.8378
 32.6803
 23.3452
 28.5832
 29.8998
 24.5561
 18.735
 35.426
 30.8058
 22.3383
 42.0595
 22.8035
 27.8029
 27.8029
 36.0971
 35.3695
 28.3019
 31.1769
 35.5106
 28.775
 16
 0
 21.9545
 38.4968
 34.9285
 34.7707
 39.3954
 16
 0
 34.2637
 20.3224
 35.6511
 38.4708
 17.8885
 35.8887
 35.0428
 21.8632
 25.2785
 19.1311
 25.219
 32.7414
 35.1852
 21.8174
 16
 20.8567
 31.4166
 35.7631
 35.5106
 17.0294
 30.2985
 0
 36.4966
 29.6985
 28.7402
 30.2985
 19.1311
 29.5466
 0
 36.8782
 32.7109
 19.4165
 19.4165
 19.4165
 29.2575
 0
 35.8329
 17.8885
 19.2094
 37.1349
 16.5529
 31.273
 40.8779
 38.1707
 30.7083
 14.7309
 28.8271
 32.1714
 23.4734
 41.3642
 41.3642
 0
 41.3038
 35.5528
 21.9773
 38.0263
 38.0263
 38.0263
 42.3674
 40
 42.6028
 33.3017
 35.2136
 40.939
 40.9634
 0
 22.8473
 37.1753
 36.318
 26.1151
 28.0179
 36.1386
 21.6564
 38.092
 9.05539
 0
 47.3814
 28.7924
 37.855
 26.4575
 0
 41.7373
 16.2788
 25.1992
 19.4165
 6.9282
 0
 16.6733
 19.2614
 38.0395
 29.3258
 34.7851
 40.025
 34.7994
 41.2432
 28.6705
 27.0555
 35.2704
 45.4863
 37.1753
 22.4277
 35.6371
 48.7237
 0
 41.7493
 21.7715
 42.0357
 40.5586
 35.5106
 0
 28.6182
 41.7373
 38.2623
 32.3883
 43.1625
 20.8327
 36.9053
 38.833
 40.0625
 31.305
 27.8029
 35.3836
 35.171
 36.9865
 37.51
 21.4942
 29.5466
 31.3528
 0
 0
 41.2916
 19.3907
 20.8567
 16.7332
 0
 25.671
 41.7133
 16.5227
 30.4795
 0
 32.1559
 0
 38.2753
 36.4555
 27.9106
 40.3113
 32.218
 0
 33.0151
 23.4947
 38.1314
 36.1248
 31.3209
 31.3528
 40.7308
 47.7598
 35.7351
 23.9374
 45.0111
 42.5441
 46.1736
 17.8326
 27.8388
 0
 41.7253
 44.3509
 44.3509
 45.3211
 35.6511
 18.6011
 39.9875
 40.1746
 44.7884
 31.241
 30.4959
 43.3935
 38.2361
 41.3159
 0
 33.0151
 29.95
 0
 40.2865
 30.5614
 29.6142
 32.4808
 31.6544
 45.3431
 18.0555
 20.6398
 23.0651
 32.2335
 35.1852
 0
 41.833
 41.833
 20.7846
 26.9815
 32.909
 30.0333
 0
 39.9375
 40.5216
 42.5911
 37.6563
 33.3017
 29.1719
 0
 26.9258
 27.4044
 38.6005
 35.9861
 31.5595
 28.3019
 0
 41.7612
 36.2767
 42.3438
 28.8964
 33.3317
 24.779
 0
 46.5833
 42.3438
 17.8045
 43.6921
 22.5832
 0
 0
 49.4773
 49.4773
 44.3847
 42.3438
 42.3438
 33.4664
 18.7617
 0
 0
 40
 24.2074
 40.9268
 47.8226
 30.8707
 17.4642
 0
 33.0606
 37.9605
 40.0375
 47.3814
 23.0651
 14.3527
 0
 30.282
 40.2616
 44.643
 28.5482
 16.2173
 10.8628
 0
 31.5119
 21.0238
 20
 43.8976
 12.2474
 17.5214
 17.5214
 45.8367
 16.7929
 41.7133
 24.3721
 40.1373
 42.0119
 30.6105
 26.9629
 45.1885
 29.7658
 42.1782
 33.8674
 41.0974
 33.541
 30.4302
 0
 40.3856
 45.9565
 23.3666
 36.9053
 26.3629
 31.4325
 0
 47.392
 44.1135
 21.7025
 48.6004
 25.8263
 42.5793
 41.2553
 42.6028
 50.02
 24.454
 50.4777
 36.4829
 24.2693
 38.7943
 22.7596
 30.1662
 36.0832
 32.1248
 49.4166
 40.0749
 23.0651
 28.4781
 0
 20.8806
 44
 23.3666
 45.8585
 27.8209
 0
 28.8444
 25.1396
 0
 0
 20.0499
 18.2209
 35.0714
 48.7032
 23.0868
 23.4734
 0
 42.2847
 44.3734
 41.7253
 21.5639
 26.1151
 21.0476
 0
 21.7486
 29.1376
 44.0454
 27.8209
 34.0588
 41.2311
 48.8262
 36.8646
 40.6817
 47.2652
 22.6716
 27.6225
 35.171
 0
 0
 48.5489
 46.1519
 20.8806
 37.0945
 36.7831
 44.4972
 47.2758
 45.1553
 40.2865
 33.0908
 27.4591
 53.1131
 51.7687
 36.1525
 37.9473
 33.541
 10.4403
 24.1661
 50.4282
 27.6586
 43.9886
 29
 0
 20.025
 21.7486
 50.6656
 47.8644
 0
 46.0869
 47.0638
 42.1545
 37.2022
 0
 17.5499
 0
 0
 47.8226
 27.7849
 26.5895
 35.9026
 13.6015
 0
 33.8821
 32.28
 32.28
 42.3792
 12.1244
 0
 43.6005
 50.6557
 53.8609
 33.2114
 9.53939
 15.1987
 51.3712
 22.5167
 45.3542
 44.8665
 34.1614
 42.6732
 20.8567
 46.3681
 6.55744
 40.1123
 48.8876
 29.3428
 47.1699
 9.74679
 38.4187
 35.7491
 27.8927
 33.4066
 26.6271
 45.8694
 22.7156
 54.8999
 20.1494
 24.1661
 49.4975
 50.4183
 42.1545
 47.833
 47.833
 48.4149
 38.0657
 46.594
 21.7486
 40.8289
 34.6699
 40.9023
 33.5857
 29.5466
 47.8435
 24.7184
 33.1662
 44.5758
 49.7695
 23.4307
 40.398
 47.3181
 44.2832
 43.5316
 48.0104
 53.4041
 31.4006
 29.8664
 42.0595
 27.8029
 46.4866
 38.2492
 45.4643
 31.9687
 44.911
 23.388
 54.4059
 30.7409
 18.1108
 53.8609
 47.2758
 19.6723
 41.2553
 48.8979
 54.7449
 20
 47.2546
 26.0384
 45.2327
 51.4004
 34.9714
 43.8634
 42.9302
 32.0312
 45.8039
 33.4216
 47.0213
 35.9444
 47.2758
 21.4942
 20.7364
 50.3289
 49.295
 49.295
 46.9361
 54.0185
 33.9706
 48.1768
 44
 48.9694
 34.8999
 34.4238
 35.805
 44.3509
 46.2061
 47.4131
 35.609
 24.0208
 51.7011
 57.9741
 22.7376
 18.412
 48.5695
 55.9106
 42.0951
 26.0192
 46.7333
 46.9894
 53.9073
 22.6053
 29.1376
 44.8442
 35
 50.8527
 49.5177
 48.2701
 48.6929
 35.1852
 53.0471
 23.622
 40.05
 49.7795
 27.5318
 53.6936
 24.0624
 46.0652
 24.3105
 24.3105
 48.6724
 43.4626
 30.3315
 30.3315
 44.7437
 36.2491
 45.4973
 28.775
 37.4566
 24.5967
 14
 25.7682
 53.2635
 43.4626
 45.6946
 55.3263
 55.3263
 52.3259
 23.4734
 57.7581
 49.5883
 48.8876
 35.7911
 56.8507
 46.6476
 32.5423
 45.4973
 39.5095
 48.6826
 51.6333
 56.1249
 49.6689
 26.4197
 51.7494
 15.2315
 42.5206
 44.8888
 50.01
 47.8644
 30.282
 44.5084
 22.3607
 28.0891
 38.7556
 34.1028
 47.4131
 50.4282
 40.1123
 30.249
 40.5093
 27.8747
 52.5357
 19.799
 32.3265
 32.3265
 46.3465
 50.8724
 22.5389
 46.594
 29.0345
 18.2757
 53.0754
 30.2985
 28.9828
 42.8252
 58.6259
 43.9659
 40.0749
 40.8534
 51.3225
 53.7029
 29.4449
 53.6097
 19.105
 44.8553
 45.3652
 48.9183
 47.8644
 50.8331
 50.8331
 70.6541
 40.1497
 29.9666
 41.8091
 49.8096
 19.5959
 36.4006
 48.9694
 19.9499
 46.1844
 50.8429
 51.1077
 48.7852
 39.1918
 29.5804
 29.5296
 46.2385
 44.7102
 36.3043
 45.5522
 52.9717
 34.6843
 54.0463
 46.5403
 52.9906
 20.8806
 44.8107
 46.6262
 44.3058
 27.8029
 49.93
 40.7185
 36.5377
 45.9456
 26.1343
 47.8121
 22.7596
 41.9285
 0
 0
 48.3632
 24.6374
 25.219
 16.0935
 48.5798
 28.8964
 39.064
 46.3897
 32.4808
 46.2277
 48.3425
 48.2183
 53.2165
 25.7682
 56.0625
 48.4045
 26.4197
 54.111
 18.0831
 44.1248
 45.4533
 43.2551
 26.1343
 48.2804
 28.931
 41.4849
 48.2908
 43.7035
 20.9045
 54.5802
 25.7294
 31.0966
 17.9165
 39.1791
 51.3712
 45.1331
 28.4253
 48.6724
 26.7582
 45.9347
 41.5812
 38.923
 22.7816
 50.4381
 50.4381
 56.5243
 32.7109
 47.55
 59.4559
 20.8327
 43.4741
 41.1096
 50.1298
 46.8402
 34.0588
 26.0576
 39.3446
 49.224
 34.5832
 42.4617
 22.5389
 51.8845
 24.4949
 41.6053
 41.6053
 43.6578
 27.1662
 53.6656
 42.2847
 20.9523
 16.6433
 0
 28
 48.3632
 48.3632
 48.3632
 54.2955
 53.0189
 55.7136
 24.3105
 47.0638
 61.2454
 46.3249
 23.4947
 29.5127
 51.7494
 23.1517
 43.4396
 51.3128
 49.1528
 49.1528
 22.9783
 49.1935
 48.4355
 27.5681
 44.8776
 57.5413
 44.3058
 32.6803
 20.3224
 20.7123
 50.9804
 42.9418
 36.1939
 46.9574
 27.4044
 27.4044
 49.7293
 47.2123
 53.0848
 59.8749
 59.7997
 43.2204
 29.9165
 0
 0
 24.8998
 25.7294
 25.7294
 0
 48.7134
 40.7308
 49.1732
 53.2729
 23
 23
 41.4488
 41.4488
 55.0999
 51.643
 45.0555
 50.3389
 59.4222
 24.3311
 31.4006
 27.5136
 44.0341
 49.0918
 41.2432
 27.6225
 39.4462
 52.0865
 49.1528
 53.5164
 53.0848
 49.5681
 49.5681
 0
 0
 26.9815
 24.7386
 0
 0
 40.8656
 26.9072
 47.5395
 46.9148
 38.1576
 28
 55.4887
 25.7488
 28.4605
 42.1782
 57.0964
 52.1824
 31.5911
 38.1182
 22.7376
 55.0273
 26.4764
 43.3705
 36.973
 47.8853
 83.678
 83.678
 50.6656
 35.4401
 50.951
 50.951
 57.3934
 47.1169
 47.1169
 58.6856
 41.1947
 47.5815
 28.8791
 47.833
 47.0425
 47.0425
 57.7841
 40.0749
 0
 40.2368
 18.4391
 40.1123
 23.8956
 48.1456
 41.4729
 39.281
 39.281
 50.9706
 46.8081
 0
 40.2865
 42.1782
 42.1782
 14.9332
 50
 50
 51.8266
 28.7924
 28.7924
 29.6648
 42.5793
 42.5793
 48.4458
 52.144
 52.144
 40.694
 40.694
 49.7494
 49.7594
 49.7594
 37.5366
 37.5366
 37.5366
 36.9324
 36.9324
 36.9324
 48.4355
 48.4355
 48.4355
 22.7816
 22.7816
 22.7816
 27.7308
 0
 0
 44.4297
 55.9911
 55.9911
 48.2286
 0
 44.8219
 44.5421
 44.5421
 44.5421
 25.02
 43.1972
 43.1972
 20.4695
 24.5967
 26.9258
 52.2303
 52.2303
 49.2138
 18.3303
 18.3303
 50.6063
 51.4101
 51.4101
 51.4101
 51.4101
 26.5141
 26.5141
 42.7317
 42.7317
