 28.6531
 21.9317
 22.3383
 12.4097
 14.7648
 31.1288
 33.4216
 30.8545
 32.1714
 17.3494
 16.5227
 23.4307
 19.1311
 25.8263
 25.632
 26.0768
 30.3645
 17.4356
 29.8831
 23.5797
 22.7156
 22.7596
 17.8326
 23.2594
 20.025
 15.6525
 31.9374
 15.6205
 22.2486
 33.1059
 27.8029
 17.6635
 20.2978
 25.3574
 19.0788
 26.5895
 25.318
 15.6525
 19.2614
 21.4009
 22.2935
 26.2298
 21.9545
 20.6882
 18.3576
 24.5764
 26.9258
 26.2488
 28
 24.7184
 15.8745
 19.7737
 25.5539
 25.5539
 0
 20
 32.2955
 20.8806
 24.1039
 20.8327
 20.8327
 0
 27.8029
 22
 18.2483
 22.9347
 11.7898
 24.1454
 18.9473
 18.3303
 21
 11.1355
 27.8747
 17.8885
 14.8997
 23
 11.0905
 26.0768
 25.0599
 20
 15.6205
 11.3137
 38.8587
 0
 25.7294
 30.4302
 16.4621
 20.0499
 10.9545
 31.9061
 0
 23.3238
 28.0535
 20.2731
 21.7256
 13.7113
 23.2379
 0
 25
 22.561
 23.622
 28.775
 28.775
 22.3383
 20.199
 28.6705
 26.8887
 14.4914
 25.3377
 31.0805
 28.7576
 20.2731
 20.2731
 0
 19.799
 30.5614
 24.3516
 25.3377
 25.3377
 20.8567
 21.7486
 18.6815
 15.6205
 24.3721
 20.2731
 17.9165
 19.8242
 0
 26.1343
 13.4907
 20.9523
 18.9737
 27.1293
 32.7261
 20.7123
 25.6125
 25.6125
 0
 22.3607
 23.2594
 26.6083
 16.2173
 0
 22.5167
 16.7033
 23.5372
 18.2209
 18.2209
 0
 20.1494
 21.9773
 24.454
 27.5136
 22.6716
 21.3776
 21.1187
 27.2029
 23.2164
 26.6833
 14.8324
 26.4008
 24.0832
 21.3073
 24.2281
 20.9762
 0
 24.8193
 21.166
 22.5167
 22.0681
 26.096
 0
 22.1811
 23.8747
 19.0263
 24.5764
 24.3311
 26.9258
 15.6525
 17.6068
 34.5254
 19.3132
 28.4956
 18.2483
 22.561
 31.273
 26.9629
 23.3238
 21.7486
 32.0312
 32.0312
 0
 27.1662
 18.6548
 23.0868
 17.72
 0
 21.4942
 26.0576
 23.0434
 18.7883
 18.7883
 18.7883
 0
 21.6564
 24.0624
 27.2029
 21.0476
 19.4422
 0
 23.388
 25.2587
 28.9137
 28.1957
 21.4709
 21.4709
 25.4951
 26.4953
 24.5357
 21.7486
 24.1454
 21.7486
 24.5764
 21.3073
 21.3073
 0
 19.4422
 23.388
 21.2838
 30.7409
 30.7409
 25.865
 25.0998
 28.4956
 22.7156
 22.7156
 29.4958
 15.9687
 36.8511
 28.8617
 28.8617
 28.8617
 28.8617
 0
 28.8791
 21.0238
 25.9422
 18.3303
 18.3303
 23.7487
 19.0263
 22.6274
 21.7945
 17.1464
 17.1464
 0
 23.6854
 21.4009
 20.6882
 22.6053
 22.6053
 22.6053
 0
 24.0624
 21.9089
 24.4745
 24.5764
 18.868
 18.868
 0
 24.5357
 26.6271
 37.0135
 24.4949
 24.4949
 24.4949
 0
 29.5635
 29.1033
 28.3196
 19.4422
 19.4422
 19.4422
 0
 28.9137
 21
 21.7945
 26.533
 26.533
 0
 0
 25.7294
 21.1187
 26.2107
 20.9523
 11.5326
 11.5326
 11.5326
 0
 0
 17.1172
 25.7682
 29.1719
 27.1109
 27.1109
 27.1109
 0
 28.5482
 18.4662
 21.6102
 27.6948
 27.6948
 27.6948
 0
 22.0681
 28.2135
 35.1994
 34.5832
 34.5832
 34.5832
 0
 35.6651
 22.6274
 21.0238
 26.2679
 26.2679
 22.6053
 21.1896
 24.5967
 20.3224
 23.7276
 20.8567
 22.383
 23.8328
 26.4197
 27.55
 21.0238
 30.2324
 26.4386
 30.249
 26.0384
 39.95
 39.95
 0
 26.5141
 28.4605
 26.3818
 30.2985
 18.7617
 18.7617
 0
 25.807
 22.6053
 21.1424
 26.9815
 18
 21.7256
 22.5832
 25.0599
 26.4764
 20.3961
 23.9583
 24.7386
 20.9762
 24.0416
 19.7231
 19.7231
 30.6594
 33.3766
 32.9848
 21.5407
 20.2731
 20.2731
 0
 22.9347
 30.6431
 21.9317
 35.171
 19.7737
 0
 0
 0
 0
 0
 23.0868
 22.1811
 35.2704
 26.0576
 17.4069
 17.4069
 0
 22.9347
 26.5895
 19.8494
 20.9045
 18.1934
 18.1934
 0
 25.04
 27.9285
 22.9347
 21.4243
 29.6648
 27.6586
 23.8747
 30.7083
 25.7682
 24.6171
 24.8797
 28.0357
 28.0357
 0
 0
 25.5343
 22.1585
 21.7715
 28.4077
 22.2935
 23.1084
 28.0179
 26.0384
 20.347
 26
 21.1896
 26.2298
 25.2982
 20.8806
 31.1609
 30.3974
 8.66025
 22.7816
 22.1811
 20.445
 30.6594
 30.6594
 0
 22.2261
 23.0868
 33.3766
 26.9258
 0
 24.5764
 23.4094
 23.5797
 32.1403
 0
 0
 0
 0
 24.5967
 24.1661
 23.9374
 28.7228
 7.81025
 0
 29.9165
 28.4429
 22.2036
 27.313
 27.313
 0
 28.6531
 28.7054
 20.664
 27.7308
 27.7308
 27.7308
 28.178
 20.199
 20.9523
 26.2869
 32.7719
 21.5407
 22.1133
 27.7849
 27.7849
 19.0526
 30.133
 28.3373
 20.025
 20.025
 20.2978
 33.0606
 26.5895
 27.7489
 21.5407
 31.0644
 26.4008
 26.4575
 24.1454
 21.7256
 28.4429
 32.665
 23.3666
 25.0799
 26.0768
 28.2135
 32.3419
 23.4094
 26.6271
 28.7576
 27.6043
 28.9137
 31.0644
 37.1753
 27.6225
 22.1359
 26.4953
 27.6767
 29.5635
 20.7123
 22.6495
 22.2261
 24.1039
 20.9045
 26.9629
 26.7208
 28.9137
 26.4386
 36.1248
 24.3311
 31.9687
 30.1496
 22.9129
 32.8177
 31.496
 22.0907
 31.4006
 28.178
 20.5183
 28.2666
 27.9643
 22.9347
 22.9347
 27.4773
 27.6043
 24.8193
 22.9129
 26.2488
 26.7582
 24.8395
 28.5132
 34.4238
 27.6225
 29.9833
 26.6083
 26.7208
 30.2985
 27.7849
 21.587
 20.2978
 20.4939
 28.9137
 26.7021
 22.9129
 18.5472
 19.105
 24.8797
 23.8747
 19.0526
 24.5967
 31.496
 31.5436
 34.0294
 25.3377
 33.0303
 32.665
 24.5764
 29.5973
 28.3373
 30.692
 20.347
 22.2935
 26.5895
 27.7128
 23.8328
 24.3516
 22.2711
 26.4575
 28.2135
 30.1496
 29.5296
 26.4008
 29.5973
 22.1585
 31.0161
 26.6083
 24.0416
 23.9583
 27.313
 25.923
 27.074
 21.4709
 23.4094
 25.7294
 21.1896
 21.5174
 23.388
 18.4932
 21.9317
 19.6469
 32.8177
 22.561
 25.219
 38.1182
 32.3574
 26.9629
 22.7816
 23.3666
 21.1424
 21.6102
 28.0179
 31.305
 21.5639
 24.6374
 22.1585
 26.6083
 27.6406
 28.8617
 26.4575
 26.0384
 28.3549
 25.8844
 24.6171
 29.8998
 26.5141
 22.1133
 30.315
 25.219
 27.5136
 27.7849
 23.0868
 22.7816
 21.7256
 26.4953
 20.2237
 26.5895
 23.6643
 25.0799
 18.412
 24.8395
 31.7962
 34.5977
 34.5977
 26.4764
 21.6795
 31.3688
 27.8388
 23.9792
 23.4947
 29.7153
 19.975
 22.6936
 28
 22.0681
 26.7395
 20.9523
 24.1454
 23.4947
 23.9374
 33.2415
 29.0172
 29.1548
 30.0998
 27.0924
 27.7489
 26.4197
 30.315
 23.9583
 29.1719
 25.1396
 29.1548
 22.4054
 22.7376
 25.4755
 25.8844
 19.1311
 23.5797
 30.3974
 23.9583
 33.0303
 21.5639
 33.3617
 33.2114
 18.7883
 27
 27.8209
 21.0238
 23.9792
 23.9792
 22.7596
 24.6171
 24.6577
 28.0179
 28.3019
 30.05
 30.0666
 29.189
 24
 25.1794
 25.5734
 31.7805
 24.8395
 30.1164
 26.4197
 20.9284
 27.6406
 27.0185
 24.8395
 23.4947
 20.4939
 31.3688
 33.8674
 22.2486
 33.5112
 19.6723
 30.8383
 0
 29.4788
 20.2731
 21.4942
 25.1396
 22.1585
 26.3818
 29.5973
 21.5407
 31.3847
 31.5595
 29.7153
 24.7992
 30.7083
 24.1454
 24.3721
 29.4788
 20.347
 27.6406
 25.8263
 19.0263
 27.1109
 22.8035
 19.6214
 19.8242
 26.4386
 28.9482
 20.567
 33.4963
 28.8964
 28.1247
 30.1662
 18.6279
 27.0185
 20.2731
 22.1811
 27.6043
 25.3377
 29.4788
 31.3688
 29.189
 29.5127
 28.8964
 30.692
 22.9565
 27.5862
 21.1896
 31.607
 21.2368
 19.0263
 26.5895
 20.2978
 32.0468
 23.3024
 25.1197
 25.632
 25.632
 25.3574
 32.9848
 25.0599
 30.7083
 37.4433
 24.3105
 30.1662
 36.8375
 24.0208
 34.5109
 23.3452
 25.8263
 29.0689
 24.3721
 27.6948
 20.9045
 0
 26.2488
 28.2135
 31.4643
 29.189
 24.8395
 28.2135
 32.8177
 24.5764
 22.2261
 29.5127
 26.1151
 20.4939
 20.9045
 24.3311
 25.2982
 23.3452
 19.799
 21
 27.6948
 30.133
 22.9565
 33.2716
 30.8869
 28.2312
 31.4006
 21.1896
 33.9117
 23.3238
 21.5174
 27.0924
 25.8844
 27.6586
 31.5911
 27.8388
 26.4575
 26.5518
 31.9531
 21
 17.9165
 28.3549
 22.2486
 29.5296
 0
 22.7816
 28.931
 17.5784
 17.5784
 17.5784
 20.8567
 19.105
 31.5911
 27.1662
 27.0185
 23.5584
 31.3688
 36.4006
 28.3373
 31.9844
 18.6279
 32.6956
 32
 24.1247
 23.3666
 41.1825
 25.3969
 19.7737
 32.6037
 27.1109
 25.2389
 21
 32.7414
 44.1022
 30.7083
 34.4529
 34.4529
 0
 28.5482
 19
 22.3607
 0
 22.9565
 20.9284
 20.9284
 25.5147
 49.0102
 26.4386
 26.533
 20.9284
 19.105
 17.8606
 32.0156
 26.8142
 31.305
 17.8885
 29.3769
 26.5895
 24.3311
 24.3311
 46.6369
 28.8617
 15.7797
 18.3576
 31.3688
 20.445
 27.6948
 16.3401
 16.3401
 42.7668
 19
 19
 28.931
 19.0263
 33.0151
 31.6386
 29.2062
 21.6102
 21.6102
 45.9021
 45.9021
 45.9021
 45.9021
 24.1247
 39.6611
 25.9422
 38.3145
 32.7109
 30.3809
 30.3809
 30.3809
 30.3809
 0
 25.807
 16.3095
 19.4165
 28.178
 22.7376
 22.7376
 19.0263
 19.0263
 10.3923
 32.2645
 24.2899
 24.2899
 22.2036
 29.0689
 29.0689
 29.0689
 20
 20
 20
 20
 21.4243
 36.8917
 38.1969
 38.1969
 34.6121
 19.8242
 19.8242
 25.02
 29.9833
 29.9833
 29.9833
 8.18535
 15.3948
 15.3948
 15.3948
 18.4391
 15.2315
 15.9687
 25.1794
 0
 25.2982
 54.0185
 54.0185
 21.3776
 15.906
 15.5885
 15.5885
 16
 16
 8.83176
 8.83176
 14.4222
 20.2731
 22.9565
 22.9565
 16.3707
 16.3707
 11.3137
 16.6733
 14.9332
 14.9332
 22.1359
 22.1359
 5.38516
