 11.6189
 6.85565
 12.2474
 19.5192
 21.9089
 21.7715
 18.6548
 25.318
 25.318
 22.383
 25.9615
 25.9615
 22.4277
 21.0476
 25.3574
 22.8035
 23.4307
 27.5318
 22.891
 23.4094
 11.7898
 25.3377
 19.799
 21.5174
 26.0576
 14.2829
 23.4521
 23.3452
 23.6008
 20.9045
 21.6102
 31.5753
 22.6936
 22.6936
 23.7487
 23.7487
 20.9762
 20.9045
 24.4745
 21.4476
 19.1311
 24.6171
 25.807
 25.807
 25.807
 26.4386
 20.2978
 20.2978
 22.6495
 24.0416
 24.1247
 26.8328
 26.8328
 26.8328
 0
 25.3377
 28.9137
 19.2354
 19.2354
 19.2354
 19.2354
 0
 27.8029
 27.55
 22.7376
 22.7376
 22.7376
 16.8523
 22.1811
 25.7682
 29.1719
 29.1719
 26.9815
 25.3377
 22.2036
 28.9137
 28.9137
 28.2135
 23.9165
 31.3209
 22.2486
 22.2486
 38.8587
 0
 21.0476
 27.7128
 25.7682
 30.9354
 30.9354
 31.9061
 0
 20.199
 25.2785
 25.02
 22.9347
 22.9347
 23.2379
 0
 23.8537
 26.0768
 22.7376
 23.4307
 23.4307
 24.6982
 23.3238
 22.891
 22.891
 22.891
 22.891
 26.4008
 28.3549
 24.8596
 24.8596
 24.8596
 24.8193
 21.7486
 29.2062
 13.5647
 13.5647
 28.0179
 30.3645
 17.1172
 17.1172
 31.3369
 28.3196
 22.8035
 14.2127
 0
 27.6586
 26.4197
 20.9045
 28.7054
 22.4499
 26.5518
 28.9137
 29.3769
 29.3769
 0
 30.1164
 24.1247
 22.9347
 26.5141
 0
 22.4277
 27.9464
 26.9815
 22.1585
 22.1585
 0
 26.0576
 22.9565
 24.8797
 26.8142
 24
 26.0768
 27.6948
 30.1496
 20.6155
 26.9815
 29.4958
 24.1247
 24.1247
 30.0832
 23.9165
 26.3629
 26.3629
 18.5203
 30.9677
 27.55
 22.891
 22.891
 22.891
 29.5804
 18.735
 25.04
 25.04
 28.4605
 29.5127
 27.1477
 21.6102
 31.1609
 31.1609
 27.0185
 28.4605
 32.6803
 20.8567
 24.5153
 34.0441
 28.2489
 23.9583
 0
 0
 24.8395
 29.5466
 30.1164
 25.5734
 25.5734
 27.4773
 26.4197
 30.3645
 25.5343
 25.5343
 25.5343
 0
 31.5911
 29.1033
 29.1033
 25.807
 25.807
 25.807
 25.7682
 34.9571
 28.7228
 27.9643
 27.9643
 27.9643
 23.0217
 23.6008
 28.3549
 30.3809
 19.5192
 25.3574
 22.6053
 30.7409
 30.7409
 0
 25.04
 23.8747
 33.1964
 28.931
 28.931
 32.4962
 27.6043
 28.8791
 29.3769
 29.3769
 30.5941
 28.0179
 31.0805
 33.0606
 0
 0
 0
 0
 26.4764
 32.3574
 31.9061
 31.4802
 31.4802
 25.6515
 32.1559
 34.2053
 33.5708
 33.5708
 33.5708
 0
 28.5657
 35.3977
 32.311
 34.2199
 34.2199
 34.2199
 0
 35.4683
 32.249
 36.565
 31.0966
 31.0966
 31.0966
 0
 36.6333
 32.2645
 29.9333
 31.1929
 31.1929
 31.1929
 0
 28.8964
 33.0606
 29.1548
 31.5911
 31.5911
 31.5911
 0
 28.5657
 32.2335
 32.7261
 28.6531
 28.6531
 0
 0
 27.9821
 34.0294
 30.545
 34.6843
 34.6843
 34.6843
 34.6843
 0
 0
 35.5949
 34.8999
 34.0734
 29.5466
 29.5466
 29.5466
 0
 33.8674
 34.9714
 34.4093
 36.318
 36.318
 36.318
 0
 34.3802
 29.6816
 35.6651
 36.5103
 36.5103
 36.5103
 0
 37.9078
 36.2215
 37.2961
 29.3598
 29.3598
 35.7631
 38.0657
 31.1127
 35.8608
 34.3366
 37.7094
 38.5616
 36.7696
 34.641
 37.9342
 37.6165
 30.4959
 32.7109
 36.8375
 36.0694
 31.8748
 31.8748
 0
 35.6371
 33.6155
 33.0757
 35.1141
 35.1141
 35.1141
 0
 35.6371
 36.2905
 34.9428
 31.4006
 30.9677
 37.2961
 36.2215
 37.108
 33.0908
 29.2746
 34.1467
 36.5787
 36.2767
 37.9342
 27.4044
 27.4044
 35.6791
 37.9342
 36.1109
 36.6197
 36.6197
 36.6197
 0
 38.5746
 35.1568
 39.7115
 36.756
 36.756
 0
 0
 0
 0
 0
 36.2077
 39.2683
 39.064
 33.5559
 33.5559
 33.5559
 0
 37.3898
 37.2961
 39.8873
 39.0128
 39.0128
 39.0128
 0
 40.939
 36.0416
 34.4238
 40.1871
 39.8497
 33.7491
 42.2611
 36.8917
 40
 33.7343
 38.7685
 37.7492
 37.7492
 0
 0
 36.2767
 37.1349
 39.2938
 38.0132
 39.6358
 39.6611
 38.7169
 39.8372
 39.0128
 39.37
 36.8511
 37.3229
 39.6989
 36.0416
 38.5227
 39.0128
 39.0128
 40.9756
 38.8587
 38.2753
 36.428
 36.428
 0
 40.1622
 38.1445
 39.598
 35.623
 0
 38.8201
 38.223
 40.6694
 40.4722
 0
 0
 0
 0
 36.2905
 39.8873
 43.6807
 37.8946
 37.8946
 0
 35.8469
 39.2428
 44.2606
 36.9188
 36.9188
 0
 40.5339
 34.8281
 40.7063
 37.9473
 37.9473
 37.9473
 37.0945
 38.1314
 38.4838
 45.3431
 39.8497
 42.2137
 38.8973
 41.5331
 41.5331
 40.8901
 37.6032
 41.4608
 36.9594
 36.9594
 36.1109
 38.9872
 34.9857
 41.7253
 37.108
 37.3631
 42.3674
 39.4462
 39.0512
 41.328
 37.3497
 41.4367
 43.1045
 40.0375
 38.2623
 40.9512
 39.7618
 39.4208
 42.5911
 39.3319
 36.7423
 40.1995
 41.5452
 44.5084
 36.1386
 45.5961
 39.8372
 40.4228
 37.3631
 41
 43.9431
 39.6989
 42.8836
 41.4246
 42.9418
 39.0896
 38.8973
 41.497
 40.9023
 37.1349
 38.5097
 41.0853
 37.6563
 41.7732
 37.5366
 39.8623
 39.281
 41.1461
 41.7732
 41.0488
 38.3145
 39.3954
 43.1625
 37.7624
 41.2795
 39.3573
 38.3275
 41.8091
 40.6694
 41.1096
 40.05
 41.3763
 38.3275
 38.3797
 41.3884
 42.2966
 38.1707
 41.9524
 40.5709
 45.618
 42.1189
 38.1576
 40.2119
 42.9185
 41.5692
 43.2088
 41.2068
 39.4208
 40.7185
 43.2551
 38.3536
 41.9643
 41.5572
 38.704
 40.2244
 38.5746
 40.3485
 42.2966
 40.7063
 37.1887
 42.6146
 40.4104
 41.5452
 39.4208
 42.8602
 40.4599
 41.4367
 39.8497
 42.0833
 41.5331
 38.5357
 39.2556
 40.5586
 39.3954
 37.3363
 39.6989
 40.5586
 40.8412
 35.4683
 39.8748
 41.5331
 37.1753
 42.9535
 38.5357
 42.5676
 39.7618
 40.9878
 42.6615
 40.0999
 39.2428
 42.5558
 44.2832
 37.3497
 39.2301
 38.3927
 40.2865
 36.6879
 40.1248
 43.8862
 38.9358
 37.1887
 39.4081
 40.9634
 41.3521
 40.5216
 38.7427
 42.5793
 41.0731
 40.2119
 38.7685
 39.7366
 42.6146
 35.5106
 37.3229
 40.4228
 38.3406
 36.3456
 44.8553
 35.4824
 43
 40.9878
 38.7169
 42.7434
 42.45
 43.1393
 41.3763
 41.3159
 43.9545
 39.724
 43.6807
 43.382
 39.064
 43.4511
 39.5854
 43.1972
 40.7554
 39.3192
 40.694
 40.9756
 40.5339
 40.8289
 41.3159
 40.7431
 41.7971
 41.3642
 41.2189
 42.4382
 42.5441
 43.6119
 39.1535
 40.0999
 41.2189
 41.1218
 41.1218
 40.7676
 40.1746
 39.3954
 38.3406
 37.4833
 40.9512
 36.5787
 44.3396
 41.5452
 44.0227
 42.3556
 39.2046
 40.6817
 42.3674
 38.3927
 41.5692
 39.8748
 41.7253
 40.4599
 40.9145
 41.7493
 41.3642
 39.6485
 44.2493
 44.2493
 42.8836
 40.9268
 44.0227
 41.7612
 39.724
 41.509
 42.2729
 40.8656
 39.8372
 40.5586
 41.0974
 36.428
 40.5956
 37.7094
 41.845
 43.1393
 42.9884
 41.5331
 43.4166
 39.1152
 41.1096
 42.2847
 40.4599
 38.7943
 40.5586
 42.9302
 40.4351
 0
 39.598
 41
 41.6053
 43.4281
 40.4722
 41.4126
 40.7308
 39.128
 40.9023
 40.4722
 40.7431
 39.6989
 39.2301
 41.5812
 41.5812
 39.4335
 42.4735
 43.0813
 41.0122
 42.638
 43.4396
 43.5201
 41.6293
 40.5339
 41.7612
 43.4281
 41.9285
 40.7308
 41.497
 44.8442
 40.7308
 45.111
 43.1045
 44.2945
 44.5309
 40.7185
 40.9756
 41.4608
 43.2319
 40.398
 41.6053
 42.0119
 36.5377
 41.4005
 43.2782
 43.2782
 37.1349
 41.9881
 40.7308
 39.8497
 44.5982
 43
 45.6289
 43.2204
 43.4396
 43.4396
 43.8748
 43.1972
 41.0366
 43.6578
 42.5441
 43.6921
 40.1622
 44.486
 42.8019
 42.8019
 46.5403
 43.1509
 43.0581
 43.8862
 46.7119
 40.8534
 0
 43.7493
 44.9889
 42.1426
 40.2492
 41.4005
 41.4608
 38.7685
 43.4626
 41.5572
 38.7427
 43.2782
 44.5533
 40.7308
 44.2154
 44.5197
 46.1952
 42.4735
 42.1782
 43.6921
 43.4741
 42.6263
 42.638
 45.4753
 44.0114
 42.3084
 48.1041
 44.643
 44.8665
 42.7902
 42.4382
 45.6289
 41.7732
 46.8188
 42.9767
 43.2666
 43.2897
 41.0974
 42.9884
 42.1782
 38.833
 44.5421
 46.1952
 46.1952
 40.4475
 41.9404
 46.2277
 46.2277
 0
 45.8148
 48.6724
 41.7493
 44.6654
 46.3465
 43.3935
 41.8927
 45.7165
 44.3734
 42.6966
 48.3942
 41.7013
 44.8665
 45.5961
 45.1885
 44.317
 48.4871
 43.9204
 44.9667
 47.2229
 44.5084
 44.8553
 43.4281
 37.5366
 41.9047
 46.1628
 45.4863
 0
 38.9487
 43.9659
 46.1844
 0
 44.3509
 44.4747
 45.6289
 45.8476
 46.4004
 43.9886
 39.0384
 41.7971
 45.0666
 45.1331
 38.223
 43.5546
 43.1277
 48.0833
 43.5316
 43.8292
 42.4028
 42.4735
 42.2729
 43
 45.618
 36.4966
 45.6508
 34.7994
 42.3674
 42.5793
 40.1622
 39.5727
 45.8258
 38.5746
 47.0319
 43.4281
 45.1221
 43.1277
 46.0217
 43.9545
 27.4226
 39.7115
 44.2832
 44.2832
 46.3465
 46.7761
 42.0238
 41.3401
 40.7185
 42.3438
 42.6146
 30.4302
 43.4281
 43.4511
 43.4511
 39.8748
 46.7654
 24.98
 41.6053
 45.0666
 29.5804
 40.025
 40.8167
 33.1964
 40.8167
 43.5316
 36.7967
 39.2301
 42.6732
 30.249
 41.328
 32.2335
 44.2832
 43.3705
 32.6803
 41.1947
 44.2945
 35.7631
 42.6028
 38.3536
 34.2637
 38.1314
 39.3192
 33.5559
 42.4853
 38.4578
 38.4578
 40.2244
 40.2244
 38.1314
 41.9404
 39.9625
 34.2491
 41.7732
 41.7732
 38.2099
 42.4264
 42.4264
 35.6791
 39.6106
 40.5709
 37.4032
 31.9687
 46.7012
 36.3043
 44.9444
 34.4964
 41.1825
 40.5586
 33.8821
 37.3898
 40.5339
 38.7298
 36.5513
 41.9643
 44.2493
 37.4032
 42.4146
 39.3192
