 22.561
 15.9374
 11.6189
 12.6095
 10.4403
 16.4924
 13.9642
 13.5647
 16.7631
 15.4272
 18.303
 18.2209
 18.2483
 14.9332
 15.5242
 16.7332
 15.3948
 16.3095
 13
 18.1108
 14.3178
 15.6205
 14
 16.6433
 17.4356
 19.975
 16.5227
 17.3781
 15.1658
 17.8606
 14.4222
 15.1327
 17.5784
 14.7648
 18.1108
 16.1864
 19.1572
 14.7648
 19.7484
 17.0587
 19.0788
 15.1658
 20.5183
 21.3073
 16.8819
 17.1464
 17.2047
 17.5499
 19.4679
 14.2127
 19.4679
 17.9165
 13.0384
 4.24264
 0
 20.8567
 19.0263
 15.5563
 14.7986
 20.9523
 4.12311
 0
 17.3205
 20.8327
 16.2173
 17.3494
 3.74166
 16.4924
 19.0526
 17.3781
 15.1658
 4.24264
 14.9332
 14.8997
 17.5499
 20.025
 3.31662
 22.6495
 13.2665
 18.412
 18.1108
 4.24264
 13.4536
 0
 15.8114
 22.2486
 17.3781
 15.8745
 1.73205
 7.4162
 0
 16.5227
 19.6214
 18.2483
 21
 21
 7.74597
 0
 16.5529
 19.5704
 19.975
 18.5742
 1.41421
 18.4391
 19.5959
 17.9444
 18.6279
 1.73205
 16.5831
 16.3401
 14.4568
 18.2483
 18.2483
 0
 20.2237
 16.6433
 20.1246
 15.1987
 15.1987
 22.7376
 22.5167
 17.8606
 20.1246
 21.4709
 17.1464
 18.1934
 19.1311
 0
 16.3707
 19.105
 18.2483
 20.445
 13.6015
 20.2731
 20.0499
 17.088
 4.24264
 0
 27.4591
 17.7482
 16.7631
 16.5529
 0
 20.8806
 20.9523
 22.6274
 25.2982
 3.4641
 0
 23.388
 23.4734
 17.4642
 18.5742
 16.6733
 19.2354
 21.4709
 18.7617
 14.2127
 14.9666
 20.1494
 21.7025
 14.7986
 22
 16.0312
 21.7486
 0
 16.7332
 21.7256
 18.2483
 19.4679
 17.2047
 0
 21.9545
 16.4924
 17.4069
 15.6525
 21.7486
 18.2483
 17.4069
 19.9499
 21.9545
 17.3494
 14.7986
 18.1108
 21.7025
 19.799
 15.9374
 21.7486
 19.9249
 20
 0
 0
 19.6214
 21.7025
 23.6854
 23.388
 0
 22.5167
 19.2614
 16.8819
 25.1595
 0
 16.4924
 0
 21.4476
 19.1833
 18.5203
 20.9523
 17.3781
 0
 15.1658
 15.6525
 19.6723
 18.6279
 15.6844
 7.81025
 15.6844
 21.1424
 16.5529
 22.7816
 21.166
 21.3776
 24.1661
 25.5343
 15.6205
 0
 19.2354
 18.303
 23.516
 20.9045
 19.1311
 16.4924
 18.2757
 19.1833
 18.1384
 16.4924
 15.3297
 21.2368
 20.664
 22.2711
 0
 15.6525
 15.0997
 0
 17.8326
 23.6008
 20.6398
 20.8087
 16.7332
 20.347
 22.1811
 25.7488
 21.6795
 16.1864
 15.2971
 0
 17.4356
 21.8861
 23.4307
 26.0384
 15.843
 15.1987
 0
 24.4949
 20.9284
 24.8797
 20.8567
 16.8523
 14.3178
 0
 17.8885
 20.2485
 20.6155
 16.6433
 16
 9.27362
 0
 20.199
 17.1756
 17.3494
 21.7256
 15
 9.11043
 0
 20.664
 19.8242
 23.8537
 19.5959
 7.74597
 0
 0
 23.622
 25.1992
 20.025
 20.1494
 20.1494
 15.5885
 5.56776
 0
 0
 17.4069
 20
 19.975
 24.3105
 13.8924
 3.31662
 0
 17.3205
 20.6398
 20.6398
 23.4094
 8.24621
 0
 0
 19.5448
 16.8523
 23.0651
 20.664
 4.69042
 0
 0
 22.5832
 23.8537
 22.6495
 21.9545
 2.44949
 25.2587
 21.9089
 20.445
 25.0599
 22.5832
 23.4947
 23.6854
 21.1424
 17.4642
 16.6733
 22.8254
 18.7883
 17.3494
 16.3401
 18.3303
 21.7025
 11.9583
 0
 19.2614
 20.0749
 23.0217
 17.2047
 13.4164
 10.0995
 0
 21.4709
 21.4709
 25.1992
 23.0651
 12.4097
 16.5529
 21.4476
 20
 23.622
 20.025
 21.7486
 17.1172
 21.2603
 20.8567
 16.7033
 17.0587
 17.2047
 21.9545
 21.9317
 21.7256
 14.1067
 14.4914
 0
 22.6053
 19.0788
 24.3926
 23.4307
 14.7309
 0
 14.8324
 10.8628
 0
 0
 24.3926
 22.5832
 24.454
 22.5167
 15.0997
 8.24621
 0
 21
 23.4307
 23.0651
 26.9444
 12.1655
 6.63325
 0
 18.412
 17.8885
 22.1359
 26.9444
 15.4919
 17.3781
 24.5357
 21.7256
 18.303
 23.0651
 19.2873
 26.5141
 18.4391
 0
 0
 21.7025
 20.2978
 26.0576
 18.5742
 22.5167
 21.095
 20.5913
 20
 20.1246
 16.3707
 24.7184
 24.6779
 23.8747
 22
 15.3948
 21.6564
 18.3848
 23.1517
 24.3311
 23.5797
 20.2237
 11.1355
 0
 21.7486
 26.9815
 25.5539
 21.9545
 0
 23.4094
 22.8692
 22.5832
 24.6779
 0
 21.9773
 0
 0
 25.865
 17.8885
 25.2982
 16.9115
 19.2354
 0
 16.7033
 15.9687
 27.8029
 26.9072
 9.64365
 0
 19.105
 24.8193
 28
 27.3861
 9.53939
 3.31662
 23.9165
 27
 21.9545
 26.9072
 20
 20.0749
 20.2237
 19.6214
 11.2694
 21.0238
 21.7256
 17.2337
 21.7025
 6.85565
 22.2935
 17.3781
 27.1846
 21.2838
 22.5389
 22.4054
 22.561
 24.2487
 25.3574
 24.3926
 21.9545
 23.516
 24.5561
 22.6716
 26.0576
 27.7849
 24.6982
 24.5764
 17.9444
 23.8747
 16
 24.2281
 17.4642
 25.2982
 22.9565
 29.1376
 24.8998
 19.3391
 23.8956
 26.0576
 28.1247
 23.0868
 22.5389
 21.095
 23.9165
 24.8193
 22.7376
 17.8045
 20.9284
 20.8327
 21.5174
 18.5742
 23.1517
 21.4942
 21.7715
 26.0768
 27.7128
 22.5389
 24.4745
 24.8596
 23.8747
 27.4044
 20.9523
 22.1359
 25.2982
 26.9258
 21.8403
 19.0788
 25.807
 24.6982
 17.1172
 23.9374
 24.5357
 19.0263
 19.6469
 25.0799
 21.5407
 25.5734
 23.4307
 28.1425
 26.0576
 24.7184
 21.0476
 26.9444
 21.7715
 28.6705
 18.6279
 21.7256
 22.3159
 25.671
 17.6068
 24.1039
 22.7596
 25.0599
 23.3666
 20.2731
 23.8956
 22.7376
 22.3383
 29.0689
 24.3105
 25.7682
 25.04
 25.7294
 22.9347
 29.5127
 21.7486
 26.1534
 24.4336
 21.4942
 20.9045
 26.1343
 17.1172
 27.258
 22.2036
 21.6795
 28.0535
 24.2693
 27.4408
 26.1151
 28.8617
 23.8956
 27.5862
 25.865
 23.8956
 23
 17.2916
 28.6531
 23.4521
 23.5797
 20.6398
 28.0535
 25.4362
 24.4336
 22.1133
 29.0172
 23.0217
 26.1343
 25.0799
 27.5862
 25.318
 21.6333
 21.3776
 25.7488
 26.0768
 24.2487
 20.567
 29.0689
 23.7065
 26.9444
 21.4243
 26.1343
 26.6833
 20.3224
 21.587
 26.6271
 21.4709
 20.9045
 28.3373
 26.6458
 26.9444
 24.5764
 27.6225
 28.0357
 20.2978
 22.561
 21.7025
 27.9821
 23.4947
 16.7929
 20.5913
 23.8747
 27.7849
 25.0599
 26.9258
 19.2873
 26.5141
 23.0651
 23.622
 24.9199
 26.3629
 23.9374
 19.975
 24.454
 23.0651
 28.6356
 23.6432
 23
 21.4942
 22.1585
 20.8327
 23.3666
 23.4307
 26.3439
 21.6795
 24.8797
 22.2486
 24.3311
 25.7876
 24.5764
 25.6515
 28.2489
 22.5389
 25.318
 24.0208
 24.3516
 22.6053
 22.2036
 24.1868
 19.975
 25.923
 22.5832
 23.3666
 27.7489
 23.6432
 23.7276
 30.4631
 26.0768
 30.3809
 27.4408
 22.8254
 22.8035
 20.7123
 22.9565
 22.7376
 20.3224
 21.0713
 26
 25.318
 25.5343
 26.4575
 22.7596
 26.9629
 27.8029
 23.6643
 21.0476
 23.5797
 20.3224
 21.7486
 22.9129
 23.388
 23.6854
 26.1343
 22.8254
 26.8887
 24.2074
 0
 25.2982
 25.318
 27.6043
 25.807
 27.9106
 23.6008
 25.671
 24.0624
 23.4734
 22.9565
 24.98
 24.1454
 25.5343
 24.3926
 26.4008
 28.4429
 24.6779
 27.8388
 25.6515
 29.1204
 26.0576
 25.04
 23.0434
 25.2785
 24.2487
 23.388
 25.2587
 24.5967
 24.4336
 26.096
 24.7184
 23.388
 25.3377
 27.8388
 25.318
 23.9165
 24.4745
 24.8998
 26.3629
 24.8395
 23.8537
 22.561
 25.0599
 25.671
 24.6982
 24.6982
 27.2764
 26.6271
 26.0576
 28.775
 27.8388
 22.5389
 24.8797
 21.9545
 22
 22.7816
 27.9464
 23.388
 25.1992
 24.4745
 23.4521
 23.7276
 26.533
 23.0868
 24.8998
 31.5753
 24.6171
 27.2764
 25.3377
 21.1424
 26.6458
 26.5518
 0
 25.8263
 26.096
 23.0651
 26.0576
 25.2587
 26.2298
 27.7128
 25.8263
 24.1661
 30.3809
 20.6398
 27.4226
 21.8174
 23.1301
 22.3383
 27.6948
 25.219
 23.388
 26.7395
 28
 23.9165
 28.3019
 28
 25.3574
 27.6225
 25.9037
 29.0861
 30.6594
 29.4958
 26.7955
 26.0768
 28.6356
 21.0238
 32.2955
 32.2955
 27.1846
 19.8494
 26.4008
 34.176
 28.6705
 21.1896
 25.2982
 0
 27.9285
 16.0312
 25.219
 25.219
 0
 25.2982
 24.5764
 25.04
 27.2029
 29.2404
 23.9374
 26.1534
 26.9444
 30.5941
 26.1151
 25.02
 31.0322
 30.692
 27.5862
 26.7582
 28.0891
 24.2899
 27.4591
 25.2785
 27.1662
 20.1494
 26.1151
 23.8328
 28.1957
 25.593
 27.7849
 27.7849
 0
 28.178
 22.2711
 23.6432
 0
 24.5357
 22.3159
 28.0179
 26.5141
 29.5127
 21.4476
 29.6985
 27.6043
 25.2785
 23.3666
 31.4484
 28.6705
 27.037
 23.9374
 27.9821
 30.348
 25.923
 28.4605
 23.1301
 28.0713
 23.7908
 58.7112
 27.9821
 25.7876
 27.2213
 25.219
 9
 29.5296
 23.3452
 29.5127
 27.6586
 21.4709
 21.9545
 23.6008
 24.454
 23.6432
 9.53939
 28.3373
 23.622
 0
 21.7715
 26.7769
 29.8998
 29.5466
 25.318
 26.6646
 24.8395
 24.8395
 24.8395
 24.8395
 0
 26.8328
 21
 21
 21.7945
 21.7486
 21.7486
 26.4575
 20.2978
 20.2978
 20.9523
 21.7256
 21.7256
 25.1794
 24.7386
 24.7386
 18.8149
 25.2587
 26.7582
 26.2679
 26.2679
 21.5639
 30.1164
 30.1164
 27.2397
 5
 5
 24.1454
 24.1454
 8.12404
 28.2666
 25.7682
 23.6008
 29.2062
 0
 31.9374
 29.6648
 28.9828
 28.9828
 25.1992
 0
 30.1993
 23.3452
 14
 12.9615
 27.1662
 23.1948
 23.1948
 17.5499
 23.8328
 14.8997
 24.1039
 20.664
 26.4197
 12.53
 12.53
 21.4709
 28.5132
 11.8322
 13.6382
 25.1595
 27.2213
 17.4642
 24.1039
 26.0384
