 8.66025
 0
 0
 5.38516
 7.68115
 16.8523
 16.8523
 21.4709
 33.4066
 15
 16.4924
 12.9615
 31.1769
 17.8606
 23.4521
 27.8209
 47.0638
 21.4243
 46.3357
 18.4391
 26.1343
 15.6844
 38.1838
 27.7489
 30
 6
 6.48074
 7.93725
 28.0179
 21.4942
 32.2645
 16.3707
 27.9285
 31.0805
 24.4949
 15.1987
 24.6779
 4.24264
 21.4009
 20.9045
 20.3224
 27.9464
 40.7922
 16.8523
 16.8523
 47.5289
 43.6692
 15.0997
 32.8177
 44.7325
 24.3311
 28.4077
 36.3043
 36.3043
 0
 22.2486
 34.7419
 41.9047
 38.4708
 37.2693
 37.2693
 0
 20.347
 22.8254
 30.7571
 7.93725
 7.93725
 8.48528
 6.85565
 35.171
 15.6525
 8.544
 37.5766
 18.5742
 19.6469
 29.6648
 7.93725
 39.6611
 31.3528
 25.2785
 14.7648
 7.93725
 42
 0
 23.9792
 51.6914
 22.3607
 17.8045
 17.8045
 34.1906
 0
 23.7487
 52.2972
 20.0499
 19.3649
 19.3649
 27.5862
 0
 26.1343
 26.1534
 29.1376
 46.3141
 4.89898
 52.1536
 32.0156
 36.8375
 38.8072
 38.8072
 42.8836
 33.5708
 48.4562
 17.3205
 0
 0
 25.5147
 45.5631
 21.7715
 46.3033
 0
 20.8567
 29.0517
 37.6829
 33.3916
 29.7153
 27.6043
 18.2209
 12.083
 0
 35.1283
 16.4012
 20.3224
 29.8998
 33.4066
 35
 34.6266
 22.2486
 22.2486
 0
 11.6189
 27.6767
 29.5466
 23.4947
 0
 21.7256
 25.318
 50.9019
 20.2978
 20.2978
 0
 37.5899
 14.8661
 22.6495
 50.8232
 37.7757
 28.8097
 55.2992
 46.7654
 41.845
 48.7032
 38.4448
 39.4968
 43.0465
 31.9061
 48.1975
 20.3224
 0
 33.2265
 21.9545
 21.8861
 40.5339
 43.852
 0
 31.8434
 19.799
 26.4953
 40.8412
 31.1609
 37.0405
 14.8324
 20.3224
 38.1445
 42.5676
 39.4081
 27.1662
 30.9839
 22.9129
 33.8674
 33.9264
 33.0606
 31.5595
 0
 0
 31.3369
 27.8029
 37.027
 24.1661
 0
 33.8378
 28.0535
 44.238
 26.9629
 0
 0
 0
 0
 28.0179
 52.9528
 35.4965
 35.4965
 35.4965
 42.6263
 53.6283
 48.6107
 36.1801
 36.1801
 36.1801
 43.0581
 35.1426
 51.1762
 36.7967
 39.9875
 44.8442
 25.7294
 32.9848
 32.9848
 0
 31.9531
 26.1151
 36.647
 25.4165
 25.4165
 37.6431
 18.5742
 11.3137
 31.0805
 31.0805
 42.5206
 23.6854
 30.8545
 44.3058
 0
 0
 0
 0
 41.1825
 31.8904
 41.5933
 39.2428
 31.6386
 31.9531
 28.9137
 28.7054
 34.7563
 24.4745
 24.4745
 0
 25.671
 30.8545
 19.7737
 34.7707
 34.7707
 34.7707
 0
 47.2969
 34.0294
 55.3173
 29.4618
 29.4618
 29.4618
 0
 0
 0
 39
 41.2189
 41.2189
 41.2189
 0
 49.295
 53.8702
 43.8292
 39.0896
 39.0896
 39.0896
 0
 43.2204
 45.4973
 31.0322
 36.3043
 36.3043
 0
 0
 36.3456
 32.2335
 23.4094
 38.092
 0
 0
 0
 0
 0
 8.18535
 37.5233
 22.8473
 27.8568
 27.8568
 27.8568
 0
 43.6463
 26.4953
 36.647
 31.3528
 31.3528
 31.3528
 0
 41.3038
 42.6028
 45.3982
 47.927
 47.927
 47.927
 0
 43.7379
 32.9545
 39.1918
 38.6911
 38.6911
 23.4521
 22.0227
 30.7246
 37.3497
 30.5123
 36.8239
 43.6578
 32.7261
 41.2068
 47.6235
 43.9773
 38.5746
 44.1135
 56
 46.2169
 43.4396
 43.4396
 0
 48.5695
 41.2553
 36.8646
 48.0833
 31.305
 31.305
 0
 32.078
 37.5766
 26.4575
 43.7379
 32.9848
 10.4403
 33.9853
 26.9258
 31.9061
 40.8534
 27.2764
 40.8412
 31.607
 26.9815
 38.2492
 38.2492
 43.6807
 49.7594
 40.1497
 41.833
 41.833
 41.833
 0
 34.9285
 37.081
 46.1628
 50.06
 23.5797
 23.5797
 23.5797
 23.5797
 0
 0
 21.8174
 31.4643
 43.4396
 35
 30.0333
 30.0333
 0
 31.9687
 31.3688
 39.8999
 33.2866
 33.2866
 33.2866
 0
 49.7594
 42.6849
 41.4367
 37.5366
 51.8941
 43.4741
 42.9535
 47.2546
 47.392
 42.3792
 48.4974
 41.2916
 41.2916
 0
 0
 33.2114
 39.5348
 41.0609
 51.1175
 30.0998
 16.4924
 44.8665
 25.1992
 23.8537
 38.1051
 34.9714
 39.5348
 31.4325
 44.5646
 41.0122
 48.8672
 9.69536
 47
 32.7567
 36.647
 36.6879
 36.6879
 0
 29.9833
 15.6525
 47.2652
 30.7734
 0
 35.5528
 31.4166
 38.0789
 46.1628
 46.1628
 46.1628
 0
 0
 46.4435
 48.2908
 37.2827
 41.4729
 41.4729
 0
 46.744
 50.1697
 32.0312
 51.8363
 51.8363
 51.8363
 50.9019
 47.8435
 40.5832
 47.4236
 47.4236
 47.4236
 38.0789
 43.715
 40.025
 56.3915
 52.8299
 17.5499
 26.4764
 25.7682
 25.7682
 25.923
 50.5272
 38.4708
 31.4006
 31.4006
 43.6921
 42.3792
 42.6028
 51.1175
 39.8372
 41.6773
 49.5278
 32.311
 28.688
 33.9706
 35.819
 31.5278
 38.7556
 36.0694
 30.6594
 49.7494
 49.1833
 45.3542
 51.7591
 44.8776
 45.7821
 49.3761
 52.6498
 40.9268
 49.7996
 33.2866
 46.744
 50.9019
 42.4264
 38.2623
 43.1161
 38.1445
 28.3196
 21.2368
 49.7996
 27.7489
 55.6776
 38.1445
 28.775
 29.1204
 51.4587
 45.5631
 46.7974
 51.4781
 41.3038
 47.5605
 45.0333
 45.1553
 37.6032
 31.4643
 33.2415
 36.606
 37.47
 34.0881
 34
 35.4401
 30.348
 52.469
 43.6578
 46.8081
 54.0463
 51.1468
 50.636
 47.1169
 50.4381
 49.5278
 51.4296
 46.4543
 37.7492
 31.289
 46.9255
 46.422
 29.4109
 30.0666
 14.7648
 34.6266
 38.0395
 27
 28.8964
 44.3847
 45.8585
 52.7731
 53.6749
 43.2319
 53.3479
 42.2611
 45.8694
 47.6235
 38.1051
 47.2546
 34.7563
 37.9605
 34.3657
 30.8383
 37.4433
 19.4165
 32.311
 41.833
 30.5123
 53.6656
 49.679
 52.0769
 56.4004
 48.1144
 52.6118
 50.4183
 56.6127
 51.264
 50.636
 44.3509
 50.3289
 39.975
 30.5941
 30.692
 26.7021
 19.3907
 32.8329
 29.1548
 33.0303
 30.0998
 44.8442
 45.7493
 44.0681
 53.0377
 45.0777
 59.5063
 45.1996
 50.1797
 35.623
 36.1525
 39.3954
 52.8583
 36.9053
 48.0833
 14.8324
 36.1939
 51.4781
 37.3631
 41.1461
 39.3954
 39.3954
 28.7402
 49.7393
 47.4658
 53.647
 57.1314
 50.8626
 37.6563
 50.3786
 51.9423
 46.3357
 41.9047
 37
 50.02
 17.8606
 30.7083
 28.7054
 41.4246
 27.2764
 29
 43.6005
 51.788
 29.5296
 34.5977
 42.4264
 47.4236
 51.4198
 52.0769
 51.5946
 43.3013
 39.2556
 38.1576
 43.7607
 38.3797
 32.2955
 20.9523
 36.318
 35.4119
 53.2447
 52.0577
 54.7814
 53.0377
 45.0444
 40.5093
 58.7367
 54.2218
 56.8771
 45
 54.9363
 44.1475
 46.0543
 40.1373
 22.1811
 35.7211
 30.1662
 25.5343
 32.9697
 46.2169
 51.4684
 49.7795
 54.9545
 54.4059
 45.0444
 44.8776
 41.9881
 30.8058
 35.9722
 31.0966
 31.0966
 26.8142
 29.5127
 47.4025
 45.8694
 60.6383
 36.8646
 36.8646
 54.8908
 55.5518
 46.3033
 53.8702
 56.6392
 21.5639
 49.4166
 47.8226
 32.3265
 30.3645
 23.3024
 45.7821
 31.8591
 47.8539
 50.9411
 51.8556
 55.2449
 45.1996
 43.4511
 50.8724
 50.8724
 35.1852
 23.622
 38.923
 47.9687
 23.3666
 28.3373
 63.5846
 44.3734
 37.5366
 56.3738
 56.3738
 55.3173
 60.3656
 49.679
 56.205
 53.4603
 29.0172
 48.3735
 35
 37.4166
 25.02
 47.4131
 47.8121
 26.9629
 44.7661
 49.7393
 55.3444
 48.2079
 51.614
 49.7795
 41.7253
 29.6985
 42.8135
 34.5832
 42.6263
 28.2312
 39.5727
 59.925
 46.3681
 53.6936
 53.6936
 60.4897
 61.79
 60.2412
 52.8772
 52.8772
 56.9912
 51.9423
 30.7246
 46.9894
 36.2767
 20.6155
 27.6948
 24.3311
 37.3363
 37.3363
 45.9021
 57.9224
 40.4351
 55.6687
 55.6687
 53.8609
 53.2071
 27.7669
 50.636
 50.636
 33.541
 37.7624
 37.2022
 28.775
 59.2368
 23.7065
 23.7065
 48.9694
 48.9694
 63.8827
 62.2816
 62.2816
 64.0078
 62.3137
 59.4054
 35.7491
 50.9804
 14.3527
 45.0999
 29.6479
 31.1127
 34.9285
 39.2173
 36.2905
 51.8459
 58.2151
 53.9166
 53.9166
 54.5252
 43
 43
 45.4863
 27.0555
 27.0555
 50.4282
 34.2637
 31.5911
 41
 63.773
 27.4044
 64.8228
 64.8228
 61.3433
 39.3192
 43.5546
 56.3738
 55.0999
 14.2478
 61.3759
 61.3759
 47.6865
 32.311
 38.7556
 0
 0
 25.02
 28.775
 54.909
 46.3465
 53.2259
 55.5968
 51.0882
 41.7971
 62.6658
 62.6658
 26.9258
 53.4977
 53.4977
 44.8442
 39.975
 60.7536
 25.2785
 24.3516
 60.7454
 49.4065
 49.4065
 49.4065
 34.5977
 53.3948
 60.7618
 32.7872
 0
 0
 0
 19.0526
 40.694
 40.694
 30.3315
 49.7795
 33.9853
 34.3511
 52.0096
 53.0848
 47.571
 49.051
 49.558
 26.5707
 26.5707
 62.7296
 62.7296
 23.4307
 46.5833
 55.0182
 55.0182
 32.6037
 32.6037
 32.6037
 27.074
 27.074
 52.6023
 52.5833
 60.2495
 28.8791
 33.8674
 58.5833
 20.2237
 43.6921
 51.0588
 46.0652
 26.1343
 54.8179
 35.6931
 56.8507
 56.8507
 54.7357
 24.5967
 24.5967
 9.84886
 45.8803
 48.1975
 56.3826
 22.6274
 49.7494
 35.6931
 0
 28.1247
 32.619
 0
 0
 18.7617
 0
 41.2916
 43.6692
 0
 42.6497
 49.7494
 0
 48.8365
 23.8537
 0
 27.4408
 43.6463
 43.6463
 9.69536
 9.69536
 58.4038
 44.3847
 44.3847
 29.7321
 45.9021
 45.9021
 43.0929
 29.5127
 29.5127
 21.7256
 21.7256
 34.0147
 41.9881
 24.1868
 40.3361
 40.3361
 0
 0
 0
 0
 0
 0
 0
 0
 0
 36.5103
 8.77496
 37.108
 10.4881
 10.4881
 32.7261
 27.037
 21.4709
 35.8469
 36.9053
 45.5631
 24.8395
 24.8395
 18.2757
 35.9166
 16.3401
 31.4643
 36.4417
 15.5242
 40.0125
 19
 36.5513
