 300.365
 0
 15.1987
 9.69536
 10.4403
 15.9374
 17.6068
 20.6155
 10.4881
 19.6469
 18.2209
 17.8885
 17.1172
 18.9473
 19.6977
 9.38083
 8.06226
 21.5407
 6.9282
 20.347
 9.69536
 15.3623
 11.7473
 15.6205
 17.5499
 16.2481
 17.5499
 15.9374
 13.8564
 22.1585
 8.66025
 19.5959
 22.1133
 11.3578
 19.6214
 14.8324
 21.1896
 13.7113
 16.2173
 19.6977
 19.8242
 19.105
 16.1864
 20.6398
 16.7631
 10.0995
 10.9087
 21.1896
 23.3238
 8.83176
 22.7816
 23.388
 10.3923
 10.3923
 10.3923
 22.891
 25.807
 13.0384
 13.2665
 14.5258
 14.5258
 14.5258
 23.4734
 19.2614
 15.1327
 18.6548
 11.2694
 19.105
 21
 15.4919
 19.0526
 12.083
 7.34847
 16.1555
 19.5192
 19.5192
 10.5357
 17.8326
 8.24621
 24.5561
 23.3238
 11.4455
 42
 45.7602
 13.5647
 12.3693
 19.0526
 18.0831
 9.69536
 34.1906
 37.9605
 17.5214
 13.9642
 19.3649
 24.3105
 24.3105
 27.5862
 31
 18.3303
 17.2916
 20.9762
 13
 8.83176
 12.8841
 18.7617
 22.1585
 13.4164
 9.59166
 8.60233
 20.3224
 7.74597
 20.1742
 20.1742
 0
 23.8118
 9.53939
 21.0476
 11.4018
 11.4018
 22.6495
 26.4197
 16.8226
 20.025
 18.9209
 22.1359
 19.4165
 21.3073
 21.3073
 11.2694
 20.9762
 22.5832
 22.2486
 9.64365
 26.3629
 20.2978
 20.9284
 20.9284
 20.9284
 22.6053
 23.3666
 14.5258
 18.6548
 18.6548
 21.3542
 21.9545
 15.1658
 25.7488
 25.7488
 25.7488
 19.2614
 24.1247
 21.5407
 10.5357
 16.2788
 23.3452
 16.8523
 13.2288
 9.53939
 8.48528
 24.5357
 20.2485
 12.1655
 25.807
 10.5357
 23.1301
 0
 17.3205
 22.561
 22.6053
 16.8523
 10.583
 0
 20.6155
 19.4936
 17.9444
 18.7883
 28.3725
 13.8924
 19.8242
 23.3024
 27.7308
 18.7083
 6.9282
 22.7816
 26.0192
 26.4008
 13.2665
 25.7488
 23.8118
 25.7876
 0
 0
 20.0499
 23.7065
 23.4094
 25.7682
 0
 21.7025
 20.2485
 15.6205
 25.2982
 0
 0
 0
 16.5227
 23.6008
 12.8062
 21
 19.3391
 0
 9.53939
 7.74597
 13.7113
 24.7184
 17.1464
 17.1464
 9.59166
 20.567
 8.66025
 27.0185
 19.1572
 19.0788
 23.1517
 26.7955
 26.7955
 26.7955
 20.347
 21
 22.3159
 24.1454
 20.3224
 15.6525
 22.6495
 20.6398
 23.622
 18.2483
 8.7178
 24.5967
 26.4953
 30.8058
 0
 16.3401
 16.3401
 16.3401
 13
 27.7308
 25.3574
 25.318
 19.6723
 19.1833
 25.8263
 29.6985
 22.9347
 19.0263
 19.0263
 19.0263
 19.0788
 22.6274
 24.5357
 27.6043
 19.8242
 19.8242
 19.8242
 20.3961
 22.5167
 21.7715
 23.7065
 21.5407
 21.5407
 21.5407
 11.225
 11
 25.7488
 14.2829
 19.6977
 19.6977
 19.6977
 13.4164
 10.4881
 13.0384
 24.7184
 24.7184
 24.7184
 24.7184
 19.0788
 17.3781
 27.6948
 19.799
 19.799
 19.799
 19.799
 23.1948
 27.1662
 22.561
 20.8806
 20.8806
 20.8806
 20.8806
 20.8806
 20.8806
 20.5913
 17.8606
 23.3024
 27.2397
 27.2397
 27.2397
 27.2397
 11.2694
 25.3772
 24.8596
 26.8328
 26.8328
 26.8328
 26.8328
 24.6171
 13
 30.0998
 24.8596
 24.8596
 24.8596
 24.8596
 29.5635
 29.8496
 25.318
 20.9523
 20.9523
 28.7402
 24.2281
 22.2261
 28.931
 26.0192
 25.0599
 20.8087
 22.2036
 14.3178
 9.69536
 21.7486
 25.1794
 13.0384
 8
 14.7648
 26.5707
 26.5707
 26.5707
 14.7648
 19
 26.3059
 12.4097
 17.8045
 17.8045
 17.8045
 22.2711
 21.9545
 27.6043
 20.8327
 17.3205
 21.7025
 21.166
 24.5357
 25.2982
 22.8035
 24.8998
 13.8924
 27.258
 27.7489
 20.2237
 20.2237
 13.0384
 28.3019
 27.7489
 27.7128
 16.6433
 16.6433
 16.6433
 30.4138
 17.3781
 28.4077
 29.7321
 17.3781
 0
 0
 0
 0
 0
 28.7576
 25.7294
 30.282
 22
 18.9737
 18.9737
 18.9737
 21.9545
 27.9106
 20.8567
 31.7805
 13.7477
 13.7477
 13.7477
 14.2829
 13.0384
 26.2488
 29.9165
 8.66025
 13.0384
 21.7486
 26.0384
 14.7648
 20.9045
 14.9666
 30.0832
 30.0832
 30.0832
 30.0832
 22.0227
 19.8242
 28.7228
 11.2694
 21.9545
 22.6274
 17.3494
 23.7276
 25.0799
 13
 29.2062
 22.8473
 25.8263
 27.1662
 9.69536
 27.2213
 25.5539
 26.9815
 27.9643
 28.4781
 17.5499
 17.5499
 17.5499
 24.2074
 29.6985
 32.7872
 22.4944
 22.4944
 26.7769
 23.8537
 20.8327
 32.1092
 0
 0
 0
 0
 30.5941
 11.2694
 32.1403
 13.9284
 23.7276
 23.7276
 10.3923
 8.18535
 30.7083
 30.5778
 19.1311
 19.1311
 14.7309
 20.8087
 24.6779
 30.8383
 19.9499
 19.9499
 23.9792
 27.7849
 20.9284
 25.5539
 11.8322
 22.2935
 20.199
 23.7276
 20.3961
 24.8998
 16.6132
 10.4403
 24.1247
 24.1247
 27.8568
 9.64365
 26.0384
 28.4605
 28.9482
 15.6844
 27.2397
 24.4745
 30.3809
 25.8457
 21.4942
 27.6225
 20.8567
 25.671
 27.7489
 33.8231
 32.0312
 29.3769
 12.8062
 21.3073
 9.84886
 29.7489
 9.8995
 32.1559
 19.105
 32.6343
 29.4109
 15.8745
 23.9792
 27.6225
 28.8791
 21.7715
 22.0227
 23.3452
 22.6716
 26.6271
 15.9687
 12.1655
 26.2679
 25.2587
 15.6205
 12.0416
 28.5132
 27.8209
 18.2757
 29.8998
 25.219
 29.5804
 25.5539
 24.8998
 23.5797
 32.7414
 19.0788
 23.1084
 29.189
 30.6268
 26.4764
 11.6619
 22.7156
 30.8545
 9.74679
 31.4006
 30.1662
 11
 14.8324
 30.9193
 14.9332
 32.078
 21.7486
 31.8591
 28.8097
 23.5797
 23.7276
 26.7208
 23.388
 27.9106
 15.843
 24.8998
 26.7769
 23.4734
 11.7898
 15.5242
 29.4618
 30.9193
 16
 14.1421
 30.1662
 27.7308
 20.9045
 26.0576
 25.8263
 29.4279
 26.1151
 26.4197
 19.975
 31.9531
 24.5357
 22.6495
 28.4253
 16.2481
 12.4499
 31.6386
 11.0454
 31.496
 14.8324
 16.6733
 35.0143
 29.9333
 26.0576
 29.9333
 34.5832
 23.4521
 32.5423
 27.1477
 25.3377
 25.0998
 17.0587
 29.7153
 27.5681
 28.4605
 11.0454
 25.219
 29.6648
 30.8058
 14.3527
 21.6795
 27.8029
 29.95
 26.1151
 31.5753
 23.4307
 15.5885
 20.0499
 21.3073
 29.4109
 25.5343
 13.4907
 28.1069
 26.8887
 26
 13.5647
 28.8617
 29.95
 13.6382
 15.4596
 31.289
 12.6491
 26.4197
 23.4521
 33.9117
 30.2985
 20.9523
 27.8388
 35.0286
 22.3159
 22.8035
 24.8797
 32.0312
 27.5681
 16.7929
 12.8841
 30.8869
 31.0483
 30.8383
 30.692
 13
 30.6594
 28.5132
 20.0998
 22.1359
 27.1662
 28.4077
 21.7256
 21.8403
 22.6936
 32.4037
 22.9783
 24.6982
 15.9687
 22.3383
 11.6189
 16.3095
 28.688
 29.3087
 14.7986
 31.9531
 15.906
 21.1187
 22.0907
 29.2233
 23.4521
 29.6985
 24.6982
 21.7715
 25.593
 27.6043
 27.2947
 15.1987
 30.1662
 14.7309
 30.3809
 29.5127
 17.8606
 29.95
 29.5973
 22.6936
 34.3366
 23.7065
 23.7065
 28.1247
 23.6432
 18.6815
 17.4642
 17.1756
 28.8964
 15.6205
 15.2643
 33.1512
 21.9089
 29.9165
 20.6155
 22.6495
 26.1534
 31.496
 23.6008
 24.1868
 26.4197
 16.3401
 25.807
 29.5127
 17.8885
 30.8221
 31.305
 18.0555
 28.3019
 30.7409
 0
 21.9545
 24.3516
 32.5115
 20.4939
 28.9137
 25.7099
 18.0831
 21.8403
 27.4773
 16.6433
 16.8226
 31.3528
 18.3848
 20.6882
 32.0468
 25.04
 23.4521
 32.2025
 23.4734
 29.8161
 28.3725
 21.7025
 28.9482
 26.6646
 29.2062
 17.088
 31.3688
 18.412
 30.1164
 29.95
 20.664
 23.516
 30.4138
 30.249
 21.7256
 24.3926
 22.561
 19.1572
 27.4955
 19.0263
 31.3528
 16.8819
 19.0263
 33.1964
 20.5913
 20.5913
 23.0651
 31.3209
 24.8193
 26.0768
 30.4959
 23.388
 22.5832
 24.2074
 28.4781
 22.5832
 21.0238
 32.6497
 28
 19.1311
 31.9844
 29.6479
 22.2261
 23.6854
 30.7734
 30.7734
 21
 30.7571
 21.1424
 20.9045
 20.567
 26.2869
 0
 20.2485
 29.6985
 17.5499
 20
 33.1512
 21.5639
 22.4054
 33.3766
 22.2711
 26.7395
 20.8327
 32.218
 25.3377
 22.9129
 24.0208
 22.4499
 26.9258
 28.688
 31.0161
 22.2486
 30.1496
 23.7908
 27.9821
 32
 23.1084
 22.6053
 33.1964
 25.7488
 30.545
 25.4951
 23.0868
 23.622
 24.454
 26.8142
 26.8142
 23.8328
 25.2389
 22.6716
 39.3446
 24.1868
 18.303
 32.9848
 0
 26.8887
 20.9523
 29.9833
 0
 0
 25.593
 22.3159
 31.3528
 31.1288
 25.3574
 30.8383
 22.1585
 29.6985
 36.2215
 24.5967
 24.2281
 34.9857
 23.6643
 23.4307
 29.9833
 24.8797
 20.9523
 27.0555
 21
 24.1247
 23.0651
 30.7409
 32.1559
 26.9815
 19.7231
 27.2397
 27.2397
 0
 23.8747
 21.7486
 29.9165
 0
 23.5372
 28.9482
 28.9655
 27.5862
 26.3818
 27.7308
 23.1301
 31.6544
 29.6985
 22.8692
 24.4745
 35.0286
 26.0576
 21.4476
 32.5115
 26.8514
 24.3311
 31.1769
 22.6053
 23.8956
 24.2899
 62.6817
 23.2594
 24.3311
 23.4094
 25.2389
 9.32738
 27
 21.4476
 27.1846
 26.6833
 25.0599
 22.9783
 27.6586
 25.8263
 27.7489
 10.5357
 32.1714
 26.9629
 26.9629
 21.1424
 24.6171
 32.2955
 25.6515
 27.9821
 22.9347
 26.0384
 26.0384
 30.7896
 24.5764
 0
 24.8797
 18.6011
 18.6011
 23.4947
 22.8254
 22.8254
 26.9444
 23.8118
 23.8118
 23.2809
 21.7715
 21.7715
 30.249
 27.6406
 27.6406
 24.6171
 26.1151
 33.1361
 29.8998
 29.8998
 21
 23.9374
 23.9374
 31.7962
 6.55744
 0
 26.9629
 26.9629
 8.60233
 28.2843
 22.2935
 23.8537
 28.3725
 0
 27.6225
 36.2491
 28.9482
 28.9482
 28.9482
 0
 29.7321
 25.807
 14.4568
 17.088
 21.4243
 20.7123
 20.7123
 17.4356
 26.0384
 17.5214
 25.9037
 20.9284
 28.4781
 12.8062
 12.8062
 26.7208
 29.8998
 9.59166
 11.5758
 24.1454
 29.9666
 16.7929
 28.4781
 24.5153
