 300.365
 0
 8.66025
 13.2288
 13.2288
 12
 19.5192
 25.04
 17.1756
 22.0681
 18.2209
 14.6969
 16.4317
 7.4162
 20.2978
 16.8523
 15.1327
 24.5967
 17.5499
 23.388
 15.1658
 25.3574
 14.1067
 10.1489
 18.1108
 11.3578
 10.5357
 10.3923
 11.6619
 19.799
 17.0294
 16.8819
 25.5343
 18.6279
 23.388
 21.4942
 25.2982
 27.7489
 20.347
 25.865
 12.083
 7.34847
 18.7083
 17.1172
 19.5448
 17.5784
 17.088
 11.7898
 19
 19.6977
 25.5343
 19.0788
 18.6548
 18.6548
 18.6548
 26.4575
 23.6643
 19.0526
 16.3095
 20.2978
 20.2978
 20.2978
 30.0832
 21.9089
 13.7113
 14.2478
 27.6767
 12.083
 10.1489
 18.2757
 32.5423
 27.6043
 19
 8.12404
 12.083
 24.2281
 24.0624
 22.5167
 17.3781
 20.664
 24.0832
 24.5967
 42
 55.6776
 15.6844
 19.6469
 26.4575
 28.9137
 25.1992
 34.1906
 49.548
 14
 22.8473
 23.4521
 28.8964
 28.8964
 27.5862
 43.1393
 8.66025
 22.9565
 22.5167
 21.0713
 23.9792
 19.2873
 16
 10.4403
 19.1572
 22.7596
 16
 23.3238
 17.088
 15.3297
 15.3297
 0
 7.4162
 19.7737
 30.05
 19.7737
 19.7737
 27.1293
 17.5499
 12.1655
 16.4317
 17.72
 28.3196
 13.0384
 7.81025
 7.81025
 19.2354
 12.6491
 9.53939
 33.2566
 18.2757
 21.4243
 30.4138
 15.6525
 15.6525
 15.6525
 20.0749
 25.9037
 20.025
 28.8791
 28.8791
 16.4924
 23.6432
 25.3377
 29.5466
 29.5466
 29.5466
 21.7025
 23.3452
 10.3923
 29.6142
 21.7256
 10.3923
 20.6398
 23.6854
 17.9165
 19.4422
 24.3105
 17.3781
 17.1172
 31.9844
 24.4949
 23.7065
 0
 18.5742
 29.5127
 6.9282
 13.9642
 24.6171
 0
 21.1424
 7.93725
 12.1655
 20.6882
 14.7986
 22.561
 10.8167
 17.6918
 24.1661
 17.9444
 19.799
 19.3132
 34.0881
 16.4924
 19.5448
 30.8545
 26.2298
 24.3926
 0
 0
 15.6844
 27.0185
 26.3629
 33.4963
 0
 22.2711
 9.05539
 28
 25.5734
 0
 0
 0
 21.7486
 7.68115
 30.7896
 21.9773
 18.6279
 0
 21.1424
 18.0555
 26.0576
 24.6577
 18.2209
 18.2209
 14.8997
 8.66025
 21.0476
 31.8748
 20.8567
 14.7986
 17.5784
 32.7872
 32.7872
 32.7872
 17.3205
 8.88819
 24.5561
 7.81025
 18.6815
 24.3105
 15.5885
 9.64365
 7.68115
 14.8661
 20.9523
 12.1655
 20.2978
 22.2711
 0
 19.4679
 19.4679
 19.4679
 17.4356
 34.6266
 29.2062
 24.5967
 26.5141
 20.025
 33.5261
 33.2415
 28.931
 26.4953
 26.4953
 26.4953
 12.5698
 23.7065
 26.8142
 25.6905
 27.2947
 27.2947
 27.2947
 22.6495
 21.4709
 22.5389
 6.9282
 30.1164
 30.1164
 30.1164
 18.5742
 32.8329
 16.7631
 22.1585
 30.8221
 30.8221
 30.8221
 20.4695
 25.2982
 17.8606
 30.2985
 30.2985
 30.2985
 30.2985
 8.88819
 20.1494
 34.2345
 20.4206
 20.4206
 20.4206
 20.4206
 19.975
 28.2666
 8
 18.7617
 0
 0
 0
 0
 0
 13.4536
 23.4734
 10.4403
 8.66025
 8.66025
 8.66025
 8.66025
 21
 14.9666
 4.69042
 8.77496
 8.77496
 8.77496
 8.77496
 24.4745
 15.9687
 23.0217
 24.4949
 24.4949
 24.4949
 24.4949
 32.0936
 33.541
 29.9666
 20.0499
 20.0499
 29.4788
 24.779
 18.412
 36.8782
 12.6095
 29.9333
 21.4476
 21.7715
 21.7945
 29.1719
 26.0768
 11.7898
 26.7021
 28.4781
 32.5423
 26.0384
 26.0384
 26.0384
 20
 21.0238
 34.2491
 28.4781
 14.4568
 14.4568
 14.4568
 19.1572
 19.1833
 30.1662
 21.095
 18.0555
 18.0555
 24
 17
 21.2838
 21.2838
 11.3137
 24.4336
 10.3923
 14.9666
 9.74679
 9.74679
 22.8473
 26.9815
 8
 28.3725
 10.3923
 10.3923
 10.3923
 36.606
 20.9523
 29.2233
 19.5448
 13.0384
 0
 0
 0
 0
 0
 32.0156
 29.4618
 31.9061
 19.1572
 12.1244
 12.1244
 12.1244
 23.8328
 12.1244
 21.9773
 38.8072
 14.0712
 14.0712
 14.0712
 30.1496
 25.318
 8.66025
 30.3974
 30.8869
 27.1477
 27.8388
 25.6125
 23.4521
 23.1517
 38.0657
 33.4365
 33.4365
 33.4365
 33.4365
 19.975
 23.4947
 30.133
 35.6791
 26.7395
 12.1244
 29.9833
 11.5758
 14.1421
 26.7955
 8.48528
 7.07107
 10.4881
 26.0192
 28.2489
 27.2947
 24.5561
 33.4365
 6.9282
 36.3731
 21
 21
 21
 27.6948
 31.4006
 20.8806
 19.975
 19.975
 5.38516
 26.1343
 21.0713
 33.0454
 0
 0
 0
 0
 8.7178
 31.3847
 40.7676
 26.9072
 21.3776
 21.3776
 29.4449
 34.2637
 31.9844
 27.5862
 29.5296
 29.5296
 26.9258
 26.0384
 27.037
 34.5543
 29.8664
 29.8664
 23.3666
 30.0998
 21.8174
 19.0788
 39.3446
 11.3137
 30.0167
 8.77496
 27.9821
 13.1149
 29.95
 19.0526
 17.4929
 17.4929
 26.1534
 35.0286
 8.66025
 27.8209
 39.3065
 26.6833
 33.4515
 7.14143
 35.9444
 27.7128
 24
 24
 22.8035
 7.81025
 26.8514
 16.5831
 32.249
 10.4403
 35.0428
 22.561
 35.0714
 27.4955
 34.9714
 44.3847
 26.2107
 37.054
 38.0789
 22.6053
 21.4942
 32
 25.807
 22.3159
 24.8596
 14.7986
 27.9821
 8.18535
 36.3868
 18.6548
 15.6844
 4.58258
 34.1467
 36.9594
 24.98
 33.0606
 29.6311
 33.4664
 27.1477
 36.524
 27.6948
 26.4008
 18.4391
 38.3536
 23.622
 6.9282
 13.6015
 29.6142
 8.66025
 32.5576
 22.6495
 12.4097
 38.5097
 31.496
 30.1993
 36.8917
 25.1992
 40.8412
 34.7419
 43.1509
 22.1133
 40.1622
 35.9722
 21.9317
 8.48528
 25.02
 13.1529
 26.1151
 26.9444
 16
 13.0767
 30.1164
 37.6298
 41.509
 31.607
 21.4476
 36.3456
 30.1993
 38.0657
 37.0945
 8.66025
 8.66025
 30.7246
 42.1426
 10.8628
 7.34847
 24.4949
 31.4643
 7.14143
 23.9165
 25.1992
 36.6742
 35.0571
 35.0571
 63.0317
 14.7648
 34.1467
 24.3311
 28.3549
 37.8153
 7.81025
 36.9053
 43.9545
 23.8747
 43.8178
 14.8997
 27.9643
 9.53939
 27.6225
 31.4643
 5.19615
 11.3578
 42.0833
 28.775
 19.1833
 31.8591
 35.1994
 49.95
 36.647
 37
 30.05
 42.4853
 6.9282
 40.8534
 26.1725
 34.8855
 32.6956
 16.6733
 39.95
 39.95
 8.88819
 27.4591
 47.0213
 14
 26.4575
 35.6371
 35.6791
 39.2938
 36
 9.32738
 30.7571
 24.2074
 40.0874
 21.9773
 30.9193
 44.0795
 8.83176
 23.6008
 19.975
 47.4763
 10.3923
 29.5127
 39.3319
 31.0483
 35.9583
 16.4924
 23.6432
 37.108
 38.2623
 33.0757
 38.7169
 32.6803
 31.3847
 44.8442
 28.0357
 23.4521
 13.0384
 33.2265
 25.1992
 3.87298
 40.8289
 6.245
 29.8998
 41.2916
 32.2025
 16.2173
 36.4966
 39.5348
 40.1995
 20.9762
 31.257
 41.3521
 26.9258
 30.1496
 9.69536
 24.0208
 16.8819
 7.93725
 8.7178
 34.5977
 31.3209
 39.7366
 39.7618
 34.1906
 17.7482
 35.6511
 45.9347
 20.445
 39.5095
 20.8567
 20.8567
 26.0192
 11.3137
 33.9411
 19.0526
 27.8029
 14.7309
 39.1024
 44
 34.0881
 14.9332
 43.5316
 43.4741
 7
 24.1661
 35.9861
 23.6008
 7.74597
 4.24264
 33.1964
 8.83176
 30.3974
 47.0213
 27.7849
 42.107
 37.7227
 36.8917
 47
 0
 17.3494
 24.0416
 46.6476
 32.8634
 30.8383
 13.8924
 54.5711
 29.6311
 8.18535
 47.4868
 42.2729
 27.7489
 49.8498
 13.0767
 45.6508
 19.1833
 23.4947
 41.6053
 22.1359
 26.096
 13.9642
 28.8964
 24.2487
 6.63325
 18.0555
 49.2037
 43.9318
 39.2046
 44.7549
 40.05
 27.9106
 25.04
 52.1057
 36.0278
 30.0998
 24.4336
 24.454
 54.4334
 54.4334
 45.3321
 21.6795
 48.4355
 50.6458
 42.0238
 21.7256
 0
 23.622
 47.8539
 21.7715
 24.5153
 34.0734
 7.87401
 23.1733
 9.69536
 23.6432
 17.3494
 20.1246
 42.6497
 9
 40.7431
 35.6511
 46.3357
 36.4555
 32.1403
 54.0185
 54.0185
 28.3549
 46.2709
 46.2709
 20.5913
 53.535
 28.0357
 0
 37.51
 12.2882
 51.7011
 56.0625
 30.133
 42.3792
 54.8088
 48.1041
 22.1133
 40.1995
 40.1995
 44.7325
 15.6205
 26.2679
 31.8119
 36.4966
 12.2066
 39.1024
 46.4435
 46.4435
 28
 28
 28.7576
 51.449
 28.6531
 23
 52.9811
 26.6646
 36.2629
 23.6432
 27.2764
 57.28
 57.28
 58.3009
 58.3009
 42.5323
 42.5323
 42.5323
 44.8442
 51.4781
 19.1572
 50.0899
 50.0899
 22.8254
 9.16515
 39.7744
 0
 0
 8.94427
 21.7256
 35.8329
 18.3848
 18.3848
 50.2693
 50.2693
 37.7359
 45.8476
 45.8476
 22.6936
 59.716
 23.516
 23.516
 46.2061
 56.0803
 19.1311
 23
 44.2832
 21.1424
 13.2288
 21.7715
 21.7715
 21.7715
 67.9412
 22.5832
 22.5832
 0
 0
 8.60233
 50.5371
 50.5371
 24.5561
 20.8806
 30.133
 23.8537
 23.8537
 38.2884
 22.2935
 22.7156
 42.9302
 27.7308
 27.7308
 47.5605
 47.5605
 22.7376
 54.8908
 64.2028
 64.2028
 23.388
 20.8087
 52.9245
 27.1477
 60.7865
 61.3922
 80.9197
 73.3689
 73.3689
 23.6432
 56.5597
 56.5597
 21.7945
 21.9317
 6.08276
 31.4802
 30.545
 9.8995
 44.5758
 44.5758
 27.258
 36.6606
 0
 9.64365
 27.8388
 50.5272
 55.8838
 23.4947
 39.598
 33
 0
 23.6643
 36.2905
 0
 0
 19.4165
 0
 0
 9.8995
 0
 20.1246
 9.21954
 0
 33.8378
 20.8567
 0
 24.1661
 7.07107
 0
 18.6815
 18.6815
 36.6197
 55.0727
 55.0727
 20.8327
 22.9783
 22.9783
 51.9326
 26.9629
 0
 12.8841
 0
 40.0874
 34.4964
 34.4964
 41.7253
 48.1248
 0
 16.7631
 16.7631
 16.7631
 0
 0
 0
 21.6795
 31.273
 31.273
 31.273
 21.2603
 22.3383
 0
 0
 9.84886
 14
 25.2785
 6.48074
 53.1131
 11.2694
 0
 29.2404
 56.0714
 13.9642
 59.0593
 59.0593
 35.5387
 35.3412
 26.5141
 26.5141
