 17
 11.2694
 10.3923
 12.3288
 17.2047
 16.7631
 15.9687
 14.4222
 18.4662
 17.1756
 7.4162
 16.5831
 10.5357
 15.1658
 16.6433
 17.3205
 18.4662
 16
 17.088
 10.5357
 20.0749
 9.84886
 12.9228
 15.9374
 7
 16.3401
 16.5227
 20.6882
 13.9642
 16.2173
 17.4929
 17.2337
 15.1658
 20.4206
 15.3623
 17.0294
 11
 17.8045
 10.0995
 2.44949
 17.4642
 15.906
 18.0555
 22.9347
 11.6189
 18.7883
 18.0831
 18.735
 16.1864
 16.8819
 12.3288
 17.8606
 19.2094
 18.1934
 0
 0
 19.4936
 21.3073
 21.4942
 21.4942
 18.2209
 0
 17.1172
 2.64575
 20.664
 21.2838
 19.0788
 19.5959
 16.2481
 6.08276
 10.0995
 19.2354
 19.9249
 18.2483
 17.8885
 4.58258
 15.6525
 13.1529
 20.4206
 17.5499
 17.4642
 16.4924
 17.0587
 0
 20.9284
 20.8567
 14.2127
 15.8745
 18.2209
 22.0907
 0
 20.8327
 19.8746
 3.4641
 3.4641
 0
 21.4709
 0
 21
 8.83176
 2.44949
 22.1133
 15.6525
 21.1424
 22
 20.445
 14.5602
 16.4924
 17.1464
 16.6433
 19.799
 23.3238
 0
 0
 21.1896
 21.8403
 4.24264
 24.2899
 0
 0
 20.0499
 22.7596
 22.6495
 11.7473
 18.4391
 22.8254
 22.0227
 0
 14.8661
 18.3848
 18.412
 6.7082
 18.3303
 15.9374
 4.24264
 21.6795
 8.48528
 0
 20.8806
 13
 21.7025
 13.2288
 0
 20.9284
 7.93725
 14.3178
 6
 6.48074
 0
 10.5357
 4.47214
 20.664
 19.4165
 18.2209
 20.9523
 19.9499
 24.2899
 19
 23.4094
 16.1555
 24.3516
 23.4521
 6.55744
 22.7156
 27.037
 0
 25.1595
 0
 24.0208
 21.7256
 21.7256
 0
 6.9282
 25.219
 20.9045
 16.7033
 21.4243
 8.12404
 19.8242
 19.2094
 19
 13.9284
 21.4243
 17.9165
 15.6205
 17.5784
 22.5832
 7
 14.3875
 13.3041
 0
 0
 21.7486
 9.64365
 3.4641
 7.93725
 0
 3.4641
 22.8473
 4.24264
 10.9545
 0
 15.6205
 0
 22.1359
 17.5214
 19.2354
 19.3649
 14.7648
 0
 20.8567
 19.7484
 23.1517
 17.7764
 15.6205
 24.1039
 26.8701
 27.0185
 21.7715
 10.4403
 24.2899
 21.7256
 22.7596
 10.4403
 12.1655
 0
 22.5389
 26.0192
 26.0192
 24.3926
 16.4924
 3
 21.7025
 21.6795
 26.6083
 14.7309
 21.7025
 22.5167
 17.8606
 19.6977
 0
 17.3205
 15
 0
 23.5372
 10.6771
 11.5758
 14
 15
 25.2982
 9.16515
 6.55744
 12.3693
 16.0312
 19.9249
 0
 24.3516
 24.3516
 2.44949
 0
 17.0587
 14.7986
 0
 22.6495
 19.7484
 22.5167
 17.088
 16.5227
 14.8324
 0
 20.347
 16.1245
 18.4932
 21.0238
 15.6525
 19.0788
 0
 26.2107
 22.6053
 26.9258
 14.7309
 18.2757
 15.6205
 0
 26.2869
 22.8473
 13
 24.0416
 14.8324
 0
 0
 26.1534
 26.1534
 24.3105
 22.1811
 0
 18.5472
 13.0767
 0
 0
 22.5832
 4.3589
 21
 23.516
 17.72
 17.3781
 0
 20.6155
 17.4642
 19.975
 24.2074
 14.7986
 14.3875
 0
 13.2288
 25.219
 21.8632
 12.3693
 11.3137
 10.8628
 0
 14.0712
 11.0905
 11.3137
 22.0454
 11.7473
 7.81025
 7.81025
 25.3969
 16.6433
 19.105
 0
 20.664
 20.8806
 15.4272
 20.4939
 24.1868
 10.9545
 26.9258
 22.5832
 28.7924
 15.1327
 18.6548
 0
 22.6495
 25.8844
 14.7309
 23.5797
 12.9228
 21.3073
 0
 26.0768
 22.7156
 3.4641
 26.096
 13.4907
 26.0192
 19.7737
 22.5832
 26.4008
 4.24264
 28.7228
 23.0434
 3.16228
 17.9444
 6
 13.1149
 21.7945
 13.6382
 27.5136
 19.5959
 9.32738
 14.0712
 0
 11.1803
 25.0599
 14.7309
 22.6053
 13.5277
 0
 14.8324
 14.7309
 0
 0
 4.3589
 4.3589
 16.6433
 26.2679
 8
 15.5242
 0
 21.2838
 20.8806
 20.8806
 11.7473
 14.3527
 14.3527
 0
 16.3707
 15.9687
 21.9545
 0
 22.5832
 25.318
 26.7955
 17.5784
 23
 24.2281
 11.7473
 15.1327
 16.6733
 0
 0
 27
 26.1534
 5.09902
 24.6779
 14.3178
 23.4521
 27.2764
 25.1794
 20.347
 20.347
 2.44949
 28.4781
 27.9106
 16.3401
 25.1595
 15.1658
 16.1555
 15.9374
 26.1151
 14.5258
 24.0208
 17.8885
 0
 1.73205
 5.19615
 25.2389
 26.1725
 0
 22.6495
 24.2074
 21
 15.9687
 0
 13.7477
 0
 0
 21.9773
 21.587
 15.906
 22.2935
 13.6382
 0
 20.8327
 21.7025
 21.7025
 19.4165
 16.8226
 0
 25.7294
 26.1916
 26.1343
 16.6132
 13.5647
 16.2173
 27.4408
 13.9284
 23.622
 19.0526
 23.0651
 22.6053
 4.24264
 26.7208
 17.2047
 19.799
 28.8271
 18.7083
 25.8844
 14.6629
 17.2047
 21.7486
 0
 17.2627
 10.3923
 24.2074
 17.0587
 30.692
 5.19615
 4.24264
 27.55
 26.9815
 21.9545
 25.1794
 25.1794
 21.0238
 15.906
 22.2711
 18.0555
 19.5192
 21.7256
 19.0788
 23.6432
 15.3948
 25.5539
 4.24264
 19.1572
 26.3818
 25.923
 2.44949
 13.5647
 24.2487
 21.8174
 22.7376
 27.9643
 28.7054
 20.9523
 18.2757
 22.1585
 6.9282
 28.7054
 24.3516
 23.4947
 16.6433
 23.4307
 19.4936
 26.7582
 14.7309
 10.4403
 29
 23.4094
 16.7929
 21.8632
 26.8887
 29.5466
 6.85565
 25.5734
 22.6936
 22.6495
 27.1846
 24.3516
 22.9129
 19.799
 19.5192
 27.7489
 20.2978
 27.9106
 20.9523
 23.9792
 6.9282
 13.5647
 25.5734
 28.2312
 28.2312
 25.1992
 25.4165
 18.412
 26.9444
 21.7945
 29.6648
 23.7065
 23.1301
 16.7929
 20.9045
 26.9629
 28.6531
 17.5214
 17.1172
 29.3428
 29.3428
 2
 14.4222
 23.5797
 30.1496
 22.6053
 3.4641
 25.5343
 23.6008
 29.5296
 18.2483
 18.0555
 20.4939
 23.4521
 24.5764
 29
 27.6225
 22.2486
 20.8327
 25.5734
 6.245
 20
 25.9037
 0
 27.9464
 0
 23.6854
 8.88819
 8.88819
 25.1992
 21.2368
 19.8242
 19.8242
 21.4942
 19.2094
 25.7294
 22.5832
 18.9737
 16.7033
 17.8326
 20.347
 27.9464
 26.9629
 26.1725
 30.3315
 30.3315
 28.1247
 22.2261
 28.688
 26.6271
 24.0624
 23.6008
 30.7246
 22.1585
 20.5426
 26.5707
 21.7256
 29.7153
 31.0161
 28.0179
 24.5967
 20.1742
 27.7489
 19.6469
 21.7945
 25.219
 27.4591
 26.1916
 23.1301
 22.1811
 6
 18.2209
 19.2354
 7.34847
 23.4734
 27.5862
 25.2389
 19.5192
 21.9317
 17.8885
 27.7489
 19.4679
 20.8806
 20.8806
 23.4521
 27.8209
 6.08276
 23.4734
 6.08276
 18.6815
 33.9411
 21.6795
 18.4391
 20.8567
 32.2645
 25.5734
 18.7883
 23.4947
 27.7669
 28.3373
 22.2486
 28.0535
 10.4881
 22.5832
 22.8692
 25.1794
 24.8596
 29.4788
 29.4788
 52.4881
 26.1151
 22.4944
 22.1359
 27.4955
 20.2485
 23.5372
 25.318
 23.5797
 21.7025
 23.4947
 24.0624
 26.0768
 31.4006
 16.6132
 21.6795
 24.5967
 27.8927
 22.5389
 21.8174
 28.0535
 22.561
 28.8964
 24.3105
 26.0384
 19.6469
 21.1424
 25.5734
 22.9565
 19.7231
 28.5657
 19.5192
 24.2074
 25.02
 2.44949
 28.1069
 17.5214
 23.8328
 0
 28.6356
 23.1517
 20.3224
 21.4476
 19.105
 25.2587
 23.3666
 19.8242
 24.454
 22.891
 26.9815
 25.219
 27.8568
 29.3258
 2.44949
 27.6225
 24.3516
 18.6011
 28.6356
 20.8567
 19.8494
 30.9031
 22.6274
 0
 25.7682
 23.622
 23.4947
 28.8617
 22.8035
 17.8606
 30.3315
 2.44949
 23.3024
 21.587
 26.4386
 27.4044
 21.7256
 22.0907
 23.1948
 17.9444
 22.8254
 27.7308
 20.1246
 5.74456
 28.0535
 0
 29.5635
 20.6155
 22.6716
 30.6431
 22.2261
 22.3607
 18.412
 28.6531
 25.8457
 12.6491
 26.0768
 23.4521
 27.1109
 21.166
 22.5832
 5.83095
 28.4956
 1.73205
 26.2107
 26.2107
 27.9464
 24.8395
 28.8964
 21.7025
 26.3818
 20.3224
 0
 18.7617
 23.8747
 23.8747
 23.8747
 30.2324
 29.9333
 30.5123
 6.63325
 24.0416
 30.8707
 27.0185
 12.9228
 8.18535
 28.6531
 0
 33.2716
 27.258
 29.1033
 29.1033
 21.7945
 27.1293
 27.8568
 1.73205
 25.2389
 31.1127
 23
 25.0599
 25.2982
 25.8457
 24.4745
 24.1039
 26.0768
 26.1725
 28.0179
 0
 28.2666
 31.3528
 28.3019
 28.688
 31.1769
 24.3721
 15.8745
 0
 28.6182
 8.83176
 7.81025
 0
 0
 25.0799
 19.8242
 24.8395
 29.4958
 22.2711
 22.2711
 25.2587
 25.2587
 27.4591
 29.7321
 21.7256
 29.5127
 29.2062
 27.5681
 30.4138
 23.4094
 21
 21.8403
 26.9258
 28.5482
 20.6155
 26.7582
 26.5141
 27.258
 31.1609
 24.3516
 0
 0
 32.7872
 8.544
 0
 0
 27.1662
 20.664
 2.44949
 24.5967
 24.5764
 21.4476
 22.1585
 29.8831
 12.6095
 5.19615
 21.095
 32.218
 28.2843
 19.7231
 23.0868
 27.2764
 29.5635
 25.1992
 20.8567
 25.8263
 26.9258
 26.5895
 22.2486
 28.688
 21.4709
 27.6043
 27.6043
 28.3549
 31.607
 31.607
 31.0966
 20.9284
 26.096
 6.32456
 27.6948
 23.8328
 23.8328
 31.5753
 19
 0
 19.975
 27.8927
 29.2233
 21.7945
 24.3721
 26.1916
 31.9844
 0
 26.5707
 24.4745
 0
 20.8087
 22.6053
 0
 22.5832
 28.6182
 0
 25.3377
 8.7178
 0
 9.21954
 22.7596
 0
 24.1868
 30.0832
 0
 22.8035
 22.8035
 25.593
 32.573
 0
 20.8806
 20.8806
 0
 27.7489
 27.7489
 0
 24.8596
 0
 0
 26.9815
 26.9815
 26.9815
 22.8035
 0
 22.2935
 23.516
 27.2764
 0
 24.2074
 0
 24.1454
 22.2036
 22.2036
 22.2036
 19.2614
 24.2487
 0
 6
 0
 12.1244
 30.6594
 30.6594
 24.4745
 5.74456
 0
 29.9333
 31.8591
 31.8591
 31.8591
 31.8591
 6.9282
 6.9282
 25.0599
 25.0599
