 27.5136
 22.7376
 29.5635
 29.5635
 29.5635
 29.5635
 29.5635
 39.3319
 39.3319
 37.054
 37.054
 37.054
 37.8814
 37.8814
 37.8814
 29.7489
 28.0357
 28.0357
 27.313
 27.313
 24.5357
 24.5357
 31.9844
 33.2716
 33.2716
 33.2716
 33.2716
 33.2716
 33.2716
 42.0951
 28.7228
 28.7228
 42.0476
 31.0161
 31.0161
 35.1852
 35.1852
 35.1852
 35.1852
 38.923
 37.3497
 37.3497
 37.3497
 36.3043
 36.3043
 36.3043
 36.3043
 41.2068
 41.2068
 41.2068
 41.2068
 45.9347
 45.9347
 45.9347
 0
 0
 0
 32.4654
 29.2746
 29.2746
 29.2746
 0
 0
 0
 0
 33.0606
 33.0606
 35.7631
 35.7631
 35.7631
 35.7631
 18.412
 28.1069
 28.1069
 28.1069
 28.1069
 15.906
 39.37
 39.37
 39.37
 39.37
 39.37
 42
 0
 34.6699
 35.2846
 35.2846
 35.2846
 35.2846
 34.1906
 0
 38.2753
 33.9853
 33.9853
 33.9853
 0
 27.5862
 0
 40.0625
 40.0625
 38.8458
 35.2704
 35.2704
 34.7994
 41.3401
 41.3401
 31.6702
 11.4018
 28.4077
 28.4077
 28.4077
 42.0595
 0
 0
 0
 34.7275
 34.7275
 28.3725
 0
 0
 0
 37.4967
 35.1994
 35.1994
 35.1994
 35.1994
 35.4965
 0
 34.8712
 34.8712
 34.8712
 34.8712
 32.1092
 54.0555
 54.0555
 54.0555
 54.0555
 54.0555
 54.0555
 54.0555
 35.7351
 35.7351
 0
 42.9069
 42.9069
 41.7133
 41.7133
 41.7133
 0
 0
 0
 42.7902
 35.819
 35.819
 48.6107
 40.2865
 40.2865
 31.225
 32.7414
 32.7414
 42.0238
 33.9853
 33.9853
 34.4238
 49.1833
 49.1833
 37
 37
 45.5961
 45.5961
 31.289
 31.289
 31.289
 37.1483
 37.1483
 51.5461
 51.5461
 39.8748
 39.8748
 39.8748
 39.8748
 51.5461
 32.4191
 32.4191
 32.4191
 44.8442
 44.8442
 44.8442
 44.8442
 44.8442
 44.8442
 44.8442
 44.8442
 44.8442
 51.6914
 51.6914
 51.6914
 51.6914
 51.6914
 45.6618
 45.6618
 45.6618
 45.6618
 0
 0
 46.2385
 40.8656
 43.2666
 39.8246
 39.8246
 35.4683
 36.1386
 40.8779
 50.6458
 36.7287
 36.7287
 36.0416
 42.9884
 36.647
 54.1018
 41.2674
 43.9886
 48.0521
 48.0521
 48.0521
 0
 44.5646
 43.2204
 43.2204
 43.2204
 43.2204
 45.1996
 45.1996
 46.744
 46.744
 46.744
 46.744
 46.744
 53.2916
 53.2916
 53.2916
 53.2916
 53.2916
 53.2916
 39.5727
 39.5727
 39.5727
 39.5727
 39.5727
 42.3202
 42.3202
 42.3202
 42.3202
 35
 35
 0
 45.5741
 45.5741
 45.5741
 45.5741
 45.5741
 45.5741
 0
 0
 0
 0
 0
 0
 0
 0
 41.2068
 43.5431
 50.9215
 50.9215
 50.9215
 50.9215
 50.9215
 41.6893
 40.1497
 43.4281
 43.4281
 43.4281
 43.4281
 0
 46.0869
 49.1528
 49.1528
 52.2015
 52.2015
 52.2015
 52.2015
 50.774
 50.774
 50.774
 54.8088
 54.8088
 54.8088
 54.8088
 54.8088
 54.8088
 53.7029
 53.7029
 53.7029
 55.7225
 55.7225
 55.7225
 55.7225
 55.7225
 56.3471
 56.3471
 56.3471
 56.3471
 56.3471
 56.3471
 55.4076
 55.4076
 60.208
 57.7408
 57.7408
 57.7408
 57.7408
 57.7408
 57.7408
 57.7408
 57.7408
 57.7408
 57.7408
 57.7408
 57.7408
 57.7408
 57.7408
 57.7408
 57.7408
 56.4535
 49.2341
 45.4973
 45.4973
 49.5984
 46.0652
 46.0652
 49.96
 49.96
 49.96
 0
 0
 0
 0
 47.0319
 47.0319
 47.0319
 0
 0
 0
 0
 0
 44.5084
 54.3967
 53.0848
 53.0848
 58.4294
 50.4579
 57.3149
 57.3149
 57.3149
 57.3149
 44.6878
 44.6878
 44.6878
 44.6878
 58.258
 58.258
 37.0945
 37.0945
 0
 0
 0
 0
 0
 0
 0
 0
 0
 0
 0
 0
 0
 0
 0
 0
 0
 0
 0
 0
 0
 0
 0
 0
 0
 0
 47.9166
 55.9017
 55.9017
 55.9017
 48.6621
 48.6621
 48.6621
 54.0925
 54.0925
 51.4101
 51.4101
 51.4101
 51.4101
 51.4101
 51.4101
 55.2087
 55.2087
 47.0106
 47.0106
 59.1777
 57.3236
 57.3236
 57.3236
 57.3236
 57.3236
 57.3236
 57.3236
 57.3236
 57.3236
 57.3236
 27.2947
 27.2947
 27.2947
 27.2947
 51.5364
 51.5364
 51.5364
 51.5364
 51.5364
 66.2495
 56.0179
 56.0179
 56.0179
 56.0179
 56.0179
 65.9242
 65.9242
 65.9242
 65.9242
 65.9242
 63.4744
 47.8226
 47.8226
 47.8226
 47.8226
 0
 0
 44.3396
 44.3396
 44.3396
 44.3396
 0
 0
 0
 0
 0
 0
 0
 0
 0
 0
 0
 0
 0
 0
 0
 0
 0
 0
 0
 0
 0
 0
 0
 0
 0
 0
 0
 0
 0
 0
 0
 0
 0
 0
 0
 0
 0
 0
 0
 0
 0
 0
 0
 46.2169
 46.2169
 46.2169
 46.2169
 65.1613
 55.7405
 55.7405
 55.7405
 55.7405
 61.8708
 61.8708
 61.8708
 61.8708
 61.8708
 55.0999
 55.0999
 55.0999
 55.0999
 54.1479
 54.1479
 54.1479
 54.1479
 54.1479
 54.1479
 54.1479
 54.1479
 54.1479
 54.1479
 54.1479
 54.1479
 57.6108
 57.6108
 57.6108
 57.6108
 57.6108
 57.6108
 57.6108
 57.6108
 57.6108
 57.6108
 61.0901
 61.0901
 52.1728
 52.1728
 52.1728
 52.1728
 61.79
 61.79
 61.79
 61.79
 61.79
 61.79
 61.79
 61.79
 61.79
 61.79
 61.79
 61.79
 61.79
 61.79
 61.79
 61.79
 56.8771
 56.8771
 56.8771
 56.8771
 56.8771
 56.8771
 56.8771
 56.8771
 56.8771
 56.8771
 56.8771
 56.8771
 56.8771
 56.8771
 66.3551
 54.7996
 54.7996
 66.1967
 47.9479
 47.9479
 47.9479
 47.9479
 47.9479
 47.9479
 47.9479
 47.9479
 47.9479
 47.9479
 47.9479
 47.9479
 47.9479
 62.458
 62.458
 62.458
 62.458
 62.458
 62.458
 62.458
 62.458
 62.458
 62.458
 62.458
 62.458
 62.458
 62.458
 62.458
 62.458
 56.4181
 56.4181
 56.4181
 56.4181
 56.4181
 56.4181
 67.7643
 67.7643
 67.7643
 67.7643
 67.2012
 67.2012
 67.2012
 67.2012
 67.2012
 67.2012
 67.2012
 60.8769
 66.6258
 66.6258
 66.6258
 66.6258
 66.6258
 66.6258
 66.6258
 66.6258
 66.6258
 66.6258
 66.6258
 66.6258
 66.6258
 66.6258
 66.6258
 66.6258
 66.6258
 66.6258
 66.6258
 66.6258
 66.6258
 66.6258
 66.6258
 66.6258
 66.6258
 66.6258
 66.6258
 66.6258
 66.6258
 66.6258
 66.6258
 66.6258
 66.6258
 66.6258
 66.6258
 66.6258
 65.3911
 65.3911
 65.3911
 65.3911
 65.3911
 65.3911
 65.3911
 65.3911
 65.3911
 65.3911
 65.3911
 65.3911
 65.3911
 65.3911
 65.3911
 65.3911
 65.3911
 65.3911
 65.3911
 65.3911
 65.3911
 65.3911
 65.3911
 65.3911
 65.3911
 65.3911
 65.3911
 65.3911
 65.3911
 65.3911
 65.3911
 65.3911
 65.3911
 65.3911
 65.3911
 65.3911
 65.3911
 65.3911
 65.3911
 65.3911
 65.3911
 65.3911
 65.3911
 65.3911
 65.3911
 65.3911
 65.3911
 65.3911
 65.3911
 65.3911
 65.3911
 65.3911
 65.3911
 65.3911
 65.3911
 65.3911
 65.3911
 65.3911
 65.3911
 65.3911
 65.3911
 65.3911
 65.3911
 65.3911
 65.3911
 65.3911
 65.3911
 65.3911
 65.3911
 65.3911
 65.3911
 65.3911
 65.3911
 65.3911
 65.3911
 65.3911
 65.3911
 65.3911
 65.3911
 65.3911
 65.3911
 65.3911
 65.3911
 65.3911
 65.3911
 65.3911
 65.3911
 65.3911
 65.3911
 65.3911
 65.3911
 65.3911
 65.3911
 65.3911
 65.3911
 65.3911
 65.3911
 65.3911
 65.3911
 65.3911
 65.3911
 65.3911
 65.3911
 65.3911
 65.3911
 65.3911
 65.3911
 65.3911
 65.3911
 65.3911
 65.3911
 65.3911
 65.3911
 65.3911
 65.3911
 65.3911
 65.3911
 65.3911
 65.3911
 65.3911
 65.3911
 65.3911
 65.3911
 65.3911
 65.3911
 65.3911
 65.3911
 65.3911
 65.3911
 65.3911
 65.3911
 65.3911
 65.3911
 65.3911
 65.3911
 65.3911
 65.3911
 65.3911
 65.3911
 65.3911
 65.3911
 65.3911
 65.3911
 65.3911
 65.3911
 65.3911
 65.3911
 65.3911
 65.3911
 65.3911
 65.3911
 65.3911
 65.3911
 65.3911
 65.3911
 65.3911
 65.3911
 65.3911
 65.3911
 65.3911
 65.3911
 65.3911
 65.3911
 65.3911
 65.3911
 65.3911
 65.3911
 65.3911
 65.3911
 65.3911
 65.3911
 65.3911
 65.3911
 65.3911
 65.3911
 65.3911
 65.3911
 65.3911
 65.3911
 65.3911
 65.3911
 65.3911
 65.3911
 65.3911
 65.3911
 65.3911
 65.3911
 65.3911
 65.3911
 65.3911
 65.3911
 65.3911
 65.3911
 65.3911
 65.3911
 65.3911
 65.3911
 65.3911
 65.3911
 65.3911
 65.3911
 65.3911
 65.3911
 65.3911
 65.3911
 65.3911
 65.3911
 65.3911
 65.3911
 65.3911
 65.3911
 65.3911
 65.3911
 65.3911
 65.3911
 65.3911
 65.3911
 65.3911
 65.3911
 65.3911
 65.3911
 65.3911
 65.3911
 65.3911
 65.3911
 65.3911
 65.3911
 65.3911
 65.3911
 65.3911
 65.3911
 65.3911
 65.3911
 65.3911
 65.3911
 65.3911
 65.3911
 65.3911
 65.3911
 65.3911
 65.3911
 65.3911
 65.3911
 65.3911
 65.3911
 65.3911
 65.3911
 65.3911
 65.3911
 65.3911
 65.3911
 65.3911
 65.3911
 65.3911
 65.3911
 65.3911
 65.3911
 65.3911
 65.3911
 65.3911
 65.3911
 65.3911
 65.3911
 65.3911
 65.3911
 65.3911
 65.3911
 65.3911
 65.3911
 65.3911
 65.3911
 65.3911
 65.3911
 65.3911
 65.3911
 65.3911
 65.3911
 65.3911
 65.3911
 65.3911
 65.3911
 65.3911
 65.3911
 65.3911
 65.3911
 65.3911
 65.3911
 55.6776
 55.6776
 55.6776
 55.6776
 55.6776
 55.6776
 55.6776
 55.6776
 55.6776
 58.9152
 58.9152
 58.9152
 58.9152
 58.9152
 58.9152
 58.9152
 58.9152
 58.9152
 58.9152
 58.9152
 58.9152
 58.9152
 58.9152
 58.9152
 58.9152
 58.9152
 58.9152
 58.9152
 58.9152
 58.9152
 58.9152
 58.9152
 58.9152
