 29.9666
 28
 31.1448
 12.8452
 18.412
 42.5323
 46.7333
 43.9886
 30.8383
 26.2679
 23.4947
 33.8083
 27.0185
 35.6651
 39.37
 20.3715
 23.9792
 27.5862
 26.6083
 32.2645
 25.2389
 26.0576
 21.166
 32.5269
 24.0832
 23.5797
 39.9249
 23.9165
 26.2488
 48.5695
 23.3666
 27.6406
 34.3948
 25.9037
 29.8496
 30.0998
 38.1576
 20.9045
 25.7682
 34.3802
 33.4963
 38.7943
 22.1585
 30.4138
 26.5141
 19.7737
 20.347
 40.3237
 44.8219
 24.1454
 30.7083
 34.5977
 24.5967
 24.5967
 0
 32.2955
 49.7695
 23.8747
 29.3769
 20.199
 20.199
 0
 37.3497
 28.4781
 26.4008
 34.9285
 14.0357
 33.8231
 30.3809
 25.2587
 29.9165
 14.7648
 17.1172
 27.037
 25.8457
 32
 14
 22.891
 24.5764
 34.4238
 27.6948
 15.1327
 42
 0
 30.7409
 20.3715
 27.9821
 30.7083
 12.8841
 34.1906
 0
 32.6803
 25.2982
 29.5127
 35.7071
 35.7071
 27.5862
 0
 33.2716
 27.037
 34.5832
 30.7246
 30.7246
 21.3776
 31.0966
 44.9222
 24.5561
 14.9666
 21.4942
 43.8862
 24.3516
 33.9853
 0
 0
 36.0971
 28.3019
 34.6121
 27.55
 0
 32.5576
 39.95
 27.6043
 24.5967
 29.5635
 35.6931
 30.1164
 32.0468
 0
 23.388
 26.533
 33.5112
 33.8526
 26
 51.2738
 33.3017
 39.3319
 39.3319
 0
 33.8674
 36.9594
 30.9193
 28.1957
 0
 33.5261
 30.2985
 23.7276
 32.6956
 32.6956
 0
 28.7402
 35.1568
 37
 22.9347
 27.5862
 37.5633
 23.7276
 31.0805
 21.6333
 21.7486
 32.5423
 37.2559
 27.7128
 37.55
 24.1454
 38.1051
 0
 35.7631
 33.2866
 34.9285
 30.6594
 21.9089
 0
 31.8119
 35.7071
 30.0998
 34.9428
 43.4741
 25.8263
 27.0185
 33.4365
 54.6077
 32.28
 22.7376
 33.2415
 39.9375
 48.0521
 29.2233
 39.7744
 35.4542
 49.1732
 49.1732
 0
 37.081
 34.5832
 36.1939
 35.0428
 0
 30.7409
 37.8682
 28.3019
 34.7275
 34.7275
 34.7275
 0
 26.1343
 37.7227
 26.4575
 30.2985
 30.8545
 0
 24.1454
 22.1133
 34.9714
 45.4643
 32.5576
 32.5576
 26.0576
 37.3095
 24.454
 39.3446
 35.0571
 31.1127
 39.3446
 38.7814
 38.7814
 0
 31.9687
 35.9444
 33.7639
 48.2908
 48.2908
 29.4788
 38.3536
 42.0238
 39.5221
 39.5221
 24.6171
 33.9706
 55.4346
 49.8899
 49.8899
 49.8899
 49.8899
 0
 30.249
 40.7554
 44.3509
 36.647
 36.647
 32.311
 36.7287
 44.5982
 36.8511
 30.9354
 30.9354
 0
 34.4819
 34.2929
 36.7015
 41.2068
 41.2068
 41.2068
 0
 32.4346
 33.6898
 34.3511
 39.7869
 32.5269
 32.5269
 0
 22.5832
 24.8797
 56.2139
 26.7582
 26.7582
 26.7582
 0
 28.7402
 27.6043
 30.6757
 37.7889
 37.7889
 37.7889
 0
 41.2068
 30.4795
 40.3237
 37.7624
 37.7624
 0
 0
 39.37
 37.8286
 40.5093
 35.7491
 35.7491
 35.7491
 35.7491
 0
 0
 29.5466
 33.2114
 44.0795
 46.6798
 46.6798
 46.6798
 0
 28.6705
 37.3898
 40.2741
 47.0106
 47.0106
 47.0106
 0
 40.7185
 32.619
 57.4282
 54.1202
 54.1202
 54.1202
 54.1202
 56.9298
 42.6615
 38.5876
 38.5746
 38.5746
 42.7668
 37
 36.9053
 43.5775
 39.3319
 40.4846
 34.5398
 34.4238
 30.7896
 26.0192
 34.1028
 46.594
 28.0179
 26.0768
 30.315
 59.7997
 59.7997
 59.7997
 31.607
 40.0375
 44.5084
 29.9666
 30.2324
 30.2324
 0
 38.5097
 35.7911
 37.8946
 39.3827
 29.4618
 34.3074
 33.4813
 39.7618
 44.3621
 38.833
 42.0357
 27.037
 39.7366
 43.9431
 35.4542
 35.4542
 30.8058
 54.5527
 53.3104
 41.4608
 32.7719
 32.7719
 0
 43.1625
 37.3497
 42.0119
 58.3609
 29.5973
 0
 0
 0
 0
 0
 42.7785
 39.3065
 58.7452
 38.4708
 31.4802
 31.4802
 0
 35.4401
 44.6318
 32.7109
 46.2277
 28.1247
 28.1247
 0
 28.0179
 29.5127
 42.19
 42.391
 28.3549
 29.2404
 33.0606
 50.8527
 31.9374
 37.1214
 29.6985
 49.6689
 49.6689
 0
 0
 38.5876
 32.7567
 39.6611
 26.4953
 33.0606
 37.3497
 37.1214
 40.4104
 37.7094
 29.2062
 42.4735
 40.6571
 42.1189
 41.7493
 31.5753
 51.2835
 17.5499
 44.317
 42.4735
 42.2256
 37.6829
 37.6829
 0
 39.2556
 44.6766
 57.9741
 38.8587
 0
 41.5692
 36.2215
 36.2353
 56.0179
 56.0179
 56.0179
 56.0179
 56.0179
 46.744
 24.4949
 47.8539
 30.8545
 18.3576
 0
 27.258
 24.8596
 45.2106
 51.3128
 51.3128
 51.3128
 33.2265
 36.5787
 36.5513
 50.5668
 50.5668
 50.5668
 41.3159
 39.3319
 35.8329
 46.6262
 30.8221
 37.47
 33.8526
 40.4351
 40.4351
 37.7359
 36.0416
 27.1662
 36.565
 36.565
 40.8534
 30.7083
 44.5197
 47.7493
 42.1663
 35.4401
 45.4643
 43.1625
 45.4973
 40.5216
 39.6485
 52.3068
 33.7491
 41.2432
 46.2385
 55.2449
 56.3915
 43.4051
 28.6705
 40.4351
 26.4197
 51.643
 27.7849
 61.4492
 35.5106
 49.3964
 48.7852
 35.2278
 44.238
 41.1947
 42.638
 36.8917
 36.9459
 37.3363
 40.1497
 43.1856
 32.2025
 27.6043
 55.2268
 40.0625
 39.7366
 29.6816
 43.359
 53.2541
 38.0657
 44.8553
 50.8232
 49.1223
 39.0384
 46.7012
 41.8091
 47.085
 32.4346
 41.6053
 47.9166
 45.8367
 41.2432
 24.8797
 38.8716
 48.2701
 25.2785
 57.9396
 51.1175
 28
 31.1929
 48.6724
 31.8119
 52.5167
 36.524
 46.3465
 42
 45.3652
 41.1947
 39.5474
 35.4542
 41.497
 31.4643
 39.724
 39.6611
 37.9473
 31.0483
 32.2025
 55.9821
 47.676
 37.1214
 33.8083
 46.9681
 50.1597
 41.4729
 48.5386
 40.6817
 45.2327
 43.4166
 46.1736
 34.1174
 47.4552
 39.6737
 37.8021
 47.9479
 35.3977
 29.6816
 51.5558
 28.8964
 47.4868
 34.1906
 34.7707
 51.4198
 46.7226
 44.5309
 47.8121
 55
 38.1445
 48.6621
 42.0714
 37.9473
 39.6485
 32.249
 42.8952
 40.025
 40.8412
 28.6182
 37.7889
 47.4342
 61.8223
 33.2716
 32.9697
 44.8665
 45.913
 38.1969
 46.6905
 42.0238
 36.8917
 35.171
 38.4838
 44.3283
 42.6263
 27.8747
 49.2849
 43.9886
 39.0256
 26.1343
 46.2817
 49.0204
 29.5466
 31.5119
 47.5079
 31.9531
 43.5546
 41.9881
 53.6656
 44.6542
 35.9026
 39.6106
 53.7959
 34.5832
 40.9756
 40.398
 52.4595
 38.8716
 33.4963
 28.8791
 58.3095
 58.3095
 49.1732
 42.72
 30.545
 52.8394
 46.0652
 34.2053
 41.509
 39.281
 45.3321
 42.4617
 37.5899
 39.8873
 45.6727
 37.4566
 39.8999
 27.8209
 39.6232
 24.4745
 29.95
 52.1632
 45.1553
 31.5119
 50.9117
 29.3598
 35.9166
 40.2368
 47.0106
 42.8369
 42.8719
 40.025
 37.3229
 42.5793
 39.7366
 41.6413
 30.8058
 47.0106
 32.1248
 46.2601
 55.4256
 37.6298
 40.9634
 49.1935
 40.9268
 47.4236
 40.8779
 40.8779
 43.4396
 41.7971
 33.2716
 33.8969
 30.4138
 49.7695
 34.4093
 29.1204
 49.6085
 39.4968
 50.5371
 39.1918
 42.4382
 47.613
 49.8999
 37.5766
 43.5775
 45.1553
 30.1662
 41.6053
 43.2435
 30.1662
 55.3082
 47.4025
 36.0139
 43.1393
 53.4322
 53.4322
 43.2435
 38.4968
 47.0532
 34.7563
 44.8442
 42.6263
 29.5635
 36.8239
 51.0098
 28.688
 32.2335
 48.7545
 30.1828
 35.1994
 50.6952
 45.5631
 38.7169
 52.1153
 42.45
 42.5441
 49.3964
 35.7911
 41.7013
 39.5601
 48.4562
 27.8209
 45.8367
 33.541
 52.811
 52.2111
 39.7618
 37.7624
 50.4083
 44.317
 34.7563
 43.4166
 38.3275
 33.0454
 51.672
 29.9833
 52.0673
 29.6142
 29.2575
 48.6518
 34.7563
 34.7563
 41.7612
 47.4236
 35.623
 43.4741
 44.2945
 46.3249
 38.4578
 40.4351
 47.4868
 47.4868
 32.2335
 56.0357
 44.3283
 33.0151
 59.8247
 46.7868
 37.3631
 48.1975
 47.833
 63.3404
 33.9117
 50.9411
 42.6497
 40.5832
 30.3645
 41.2795
 0
 32.249
 52.4786
 32.1559
 28.688
 49.94
 34.8138
 38.5876
 50.1498
 36.4966
 46.4435
 40.7554
 46.8081
 40.4228
 42.1782
 44.1588
 34.0734
 40.1871
 43.9886
 52.1344
 33.8821
 44.8888
 34.7131
 47.1275
 53.2259
 40.1123
 37.6298
 61.8304
 31.607
 46.6798
 41.5692
 37.6165
 29.3939
 49.7896
 31.3688
 31.3688
 33.9411
 51.3225
 35.2987
 52.0384
 42.0119
 31.7175
 54.8361
 54.8361
 40.2989
 42.9418
 41.3401
 0
 0
 39.8873
 35.623
 56.6569
 47.9896
 35.4401
 45.3542
 30.3809
 57.576
 58.8982
 35.6511
 37.6829
 57.1052
 39.4335
 33.5261
 48.6004
 40.8412
 39.975
 41.845
 31.4166
 38.3406
 41.497
 46.2385
 55.9553
 54.9363
 36.5513
 45.8367
 0
 0
 41.4608
 35.1283
 45.4643
 0
 41.0974
 42.5441
 42.5441
 43.7264
 67.0373
 47.0213
 34.8855
 47.7598
 40.8779
 36.1386
 30.5287
 55.4346
 37.3765
 34.6121
 53.0566
 34.8999
 40.0749
 40.0749
 64.2806
 29.5127
 38.0526
 76.433
 37.47
 42.7668
 29.7658
 33.3167
 33.3167
 55.9553
 33.8674
 33.8674
 43.0929
 38.8844
 49.2849
 48.7134
 45.1885
 43.4511
 43.4511
 74.0068
 74.0068
 74.0068
 74.0068
 37.7094
 65.2533
 33.7935
 62.9206
 34.1321
 46.0652
 0
 0
 0
 0
 31.225
 32.1403
 32.1403
 48.0208
 41.328
 0
 37.4833
 37.4833
 37.4833
 48.8057
 41.5692
 0
 47.1169
 50.4183
 50.4183
 50.4183
 31.0966
 31.0966
 31.0966
 0
 39.6106
 43.4971
 43.4971
 43.4971
 35.6931
 35.6931
 35.6931
 35.6931
 37.0135
 37.0135
 37.0135
 24.8395
 28
 28
 28
 26.5141
 26.3818
 26.3818
 50.3885
 50.3885
 44.8442
 55.6327
 55.6327
 33.5112
 30.8383
 27.8029
 0
 32.5115
 32.5115
 23.7276
 23.7276
 32.8024
 46.7226
 34.641
 0
 37.229
 37.229
 21.0238
 16
 36.2629
 36.2629
 32.8634
 32.8634
 28.2489
