 300.365
 0
 9.32738
 6.85565
 8.83176
 1.41421
 18.2757
 21.7256
 2.44949
 21.7025
 14.9666
 6.9282
 9.59166
 15.5885
 20
 4.89898
 2.44949
 24.8596
 2.44949
 24.3516
 0
 20.4695
 1.73205
 7.81025
 12.6095
 13.0767
 17.6918
 12.4499
 7.81025
 21.9773
 2.44949
 21.9317
 23.1517
 3.4641
 24.1868
 3.4641
 20.3961
 19.4165
 10.4403
 18.2209
 8
 14.7648
 3.4641
 3.4641
 8.77496
 3.31662
 1.73205
 11.5326
 20.6398
 2
 27.3313
 18.735
 0
 0
 0
 26.3629
 24.8395
 4.24264
 2.44949
 1.73205
 1.73205
 1.73205
 26.096
 18.1934
 0
 6.55744
 18.303
 14.1067
 11.4455
 10.583
 23.8118
 19.105
 2.82843
 16.5831
 16.5831
 13.1149
 18.2483
 2.44949
 2.82843
 26.8142
 22.5167
 18.2483
 42
 49.558
 5.38516
 3.31662
 21
 22.6274
 17.3205
 34.1906
 40.6694
 6.85565
 9
 15.6205
 20.8806
 20.8806
 27.5862
 33.1059
 12.4097
 11.7047
 13.0384
 7.74597
 15.6525
 1.73205
 2.82843
 20.9284
 5.56776
 14.8324
 0
 24.7184
 1.41421
 8
 8
 0
 17
 4.24264
 26.0576
 2.44949
 2.44949
 21.7256
 24.4949
 1.73205
 1.73205
 12.2066
 27.1477
 9.84886
 10.5357
 10.5357
 5.74456
 16.5227
 20.1246
 25.2389
 3.60555
 26.6271
 17.5499
 22.2486
 22.2486
 22.2486
 5.09902
 25.0599
 1.41421
 21.8403
 21.8403
 4.3589
 19.2354
 1.73205
 23.4094
 23.4094
 23.4094
 8.12404
 17.4642
 14.7986
 11.3137
 9.27362
 18.2483
 2
 6.9282
 3.31662
 3.31662
 26.7021
 2.44949
 2.44949
 28.4429
 4.24264
 6
 0
 2.44949
 20.9523
 14.7309
 0
 6.32456
 0
 13.8924
 11.5758
 8.83176
 11.225
 25.8263
 7
 16.4924
 20.445
 29.7153
 7.81025
 3
 22.5389
 28.6705
 23.622
 1.73205
 20.1494
 22.7596
 26.9444
 0
 0
 6
 19.4422
 12.1244
 26.3439
 0
 10.4403
 10.583
 11.2694
 16.2173
 0
 0
 0
 0
 20.8567
 5.74456
 11.3137
 8.83176
 0
 2.44949
 0
 9
 26.4386
 7.81025
 7.81025
 3
 1.73205
 4.58258
 30
 1.41421
 0
 1.73205
 26.1343
 26.1343
 26.1343
 6.08276
 8.66025
 16.6132
 17.3494
 6.9282
 10.9087
 19.975
 13.8564
 21.1187
 6
 4.24264
 24.4745
 25.7876
 30.692
 0
 7.74597
 7.74597
 7.74597
 0
 28.688
 26.3629
 28.2666
 18.2757
 1.73205
 27.6043
 25.6515
 21.7025
 17.5499
 17.5499
 17.5499
 13
 13.0384
 16.7332
 14.9666
 15.6844
 15.6844
 15.6844
 0
 11.3137
 1.41421
 21.7025
 14.8661
 14.8661
 14.8661
 0
 7.28011
 27.7669
 2.44949
 15.6525
 15.6525
 15.6525
 11.7473
 7.68115
 4.24264
 29.1204
 29.1204
 29.1204
 29.1204
 0
 6.245
 26.6083
 4.58258
 4.58258
 4.58258
 4.58258
 1.73205
 20.1494
 8.60233
 5.19615
 0
 0
 0
 0
 0
 14.0357
 11.225
 17.4356
 15.3623
 15.3623
 15.3623
 15.3623
 2.44949
 21.7256
 24.4745
 23.7065
 23.7065
 23.7065
 23.7065
 27.4773
 0
 31.4643
 26.4197
 26.4197
 26.4197
 26.4197
 29.4109
 26.1534
 21.7486
 1.41421
 1.41421
 20.0998
 15.6525
 8.60233
 25.5539
 20.6155
 14.7986
 0
 8.66025
 3.31662
 3.4641
 1.41421
 25.3969
 6.85565
 10.3923
 0
 29.2233
 29.2233
 29.2233
 6.9282
 3
 27.8568
 11.7898
 12.1244
 12.1244
 12.1244
 7.74597
 2.44949
 21.9773
 6
 13.1529
 15.8114
 12.1244
 20.8087
 5.19615
 13.1529
 16.4621
 2.23607
 26.9072
 25.7876
 13
 13
 5
 29.5466
 23.8956
 29.7153
 7.74597
 7.74597
 7.74597
 28.8617
 1.73205
 23.8956
 33.4515
 7
 0
 0
 0
 0
 0
 21.095
 19.9249
 30.4302
 6.9282
 12.3288
 12.3288
 12.3288
 11.225
 20.025
 1.73205
 28.6182
 6.9282
 6.9282
 6.9282
 4.58258
 1.41421
 26.3629
 18.4391
 11.8322
 6.55744
 1.73205
 30
 8.12404
 4.89898
 8.66025
 29.9833
 29.9833
 29.9833
 29.9833
 6.08276
 3.74166
 22.0227
 17.5499
 12.2474
 13.9284
 10.4881
 18.3303
 23.1948
 2.82843
 28.8617
 0
 10.5357
 30.3809
 7.93725
 28.7402
 4.3589
 27.1846
 22.6053
 29.7321
 0
 0
 0
 17.72
 22.3607
 33.0151
 5.09902
 5.09902
 20.567
 11.2694
 4.24264
 35.9305
 0
 0
 0
 0
 30.05
 6.7082
 30.545
 3.31662
 0
 0
 7.34847
 13.2665
 20.6882
 33.4066
 20.1494
 20.1494
 9.84886
 8.60233
 6.08276
 31.4643
 20.3224
 20.3224
 5.09902
 22.3159
 0
 1.41421
 19.2873
 13.9284
 13.6748
 17.4356
 19.9499
 25.8457
 14.7648
 3.31662
 23.8747
 23.8747
 29.1548
 13.5277
 1.73205
 31.4484
 31.1929
 8.60233
 27
 6.9282
 23.1948
 19.799
 6.245
 21.166
 0
 20.3961
 14
 33.0757
 35.7211
 31.5753
 7.34847
 4.47214
 14.1421
 35.0999
 16.2788
 33.5261
 6.9282
 27.3496
 33.1059
 9.64365
 4.24264
 22.8692
 11.5326
 0
 12.9615
 16.5227
 0
 14.9666
 15.1987
 2.23607
 24.2487
 25.6905
 14.7309
 15.1658
 33.0908
 30.7246
 8
 24.5764
 8.42615
 34.5688
 18.7083
 6.9282
 3.4641
 27.8209
 5.19615
 17.3781
 20.6398
 17.4069
 28.8617
 4.89898
 4.24264
 32.1403
 19.1833
 36.8511
 37.3229
 17.2337
 12.9615
 36.5924
 13.7477
 31.6228
 0
 26.1343
 28.8791
 0
 13.0384
 14.0712
 19.0526
 8
 4.89898
 22.0454
 28.9137
 1.41421
 17.3205
 20.5913
 34.6699
 32.4191
 15.6844
 11.3137
 34.9857
 27.8209
 0
 12.9615
 20.0998
 30
 14.5945
 4.24264
 3.4641
 20.2485
 26.1534
 4.24264
 20.2485
 8.66025
 13.9642
 37.8021
 16.7033
 31.3369
 13.2288
 12.083
 38.5097
 35.8608
 0
 29.4788
 36.4692
 0
 28
 10.4403
 16.4924
 16.7033
 8.66025
 15.7162
 24.8193
 29.6648
 21.7025
 0
 31.1609
 33.4216
 14.0357
 7.07107
 32.2645
 28.1247
 19.7484
 31.1769
 0
 21.4476
 4.58258
 15.3948
 17.5499
 9.59166
 12
 3
 23.6432
 5.09902
 23.6643
 14.2829
 35.0428
 16.0935
 19
 36.1801
 15.1658
 25.5734
 15.3297
 37.1214
 30.545
 1.41421
 18.735
 41.9643
 14.7986
 6.85565
 21.9773
 37.3095
 30.4631
 11.9583
 17.8885
 36.1525
 14.7648
 33.5261
 34.4384
 17.088
 31.4643
 35.7491
 0
 11.225
 21.4476
 33.4066
 6.63325
 2.44949
 6.9282
 23.3666
 6.9282
 21.3073
 12.6491
 20.1742
 22.5167
 12.8062
 33.4515
 33.0908
 18.1384
 41.9881
 17.6068
 0
 16.4924
 34.1467
 0
 21.7486
 14.7648
 6
 21.4709
 28.0535
 30.7896
 13.4907
 37.3765
 20.9523
 32.4654
 37.5899
 11.7898
 23.8747
 35.6511
 3.4641
 28.0357
 1.73205
 1.73205
 12.083
 20.0499
 10.4403
 3.31662
 20.0749
 33.0151
 21.1187
 20.3715
 42.6146
 7.81025
 37.6962
 18.2483
 8.83176
 0
 26.6083
 9.69536
 14.8997
 25.0799
 12.9228
 29.3087
 36.0971
 26.3818
 37.6829
 36.0139
 18.1659
 23.6643
 38.1969
 0
 9.53939
 5.19615
 33.541
 12.1655
 14.9666
 9.32738
 20.8567
 0
 31.8904
 23.0217
 22.7596
 43.1509
 23
 12.1655
 42.6146
 15.6205
 3.4641
 31.0644
 2.44949
 17.0587
 26.9444
 0
 36.8782
 26.5518
 36.2353
 26.8142
 40.398
 23.4307
 41.7373
 29.1548
 14.9666
 11.4455
 35.2846
 22.6495
 8.66025
 3.31662
 2.44949
 29.3939
 25.632
 22.5167
 43.6234
 29.1548
 28.4605
 47.2652
 17.8326
 17.8326
 17.3494
 38.5616
 0
 0
 25.318
 24.2281
 4.24264
 18.5472
 39.5601
 9.38083
 0
 41.4729
 32.4346
 36.2905
 43.9773
 32.7109
 26.1343
 13.9642
 42.391
 42.391
 6.55744
 30.348
 13.9642
 12.1655
 31.607
 11.3137
 0
 13.9642
 33.0757
 30.8383
 31.0966
 46.3357
 21.9089
 25.2982
 43.6807
 1.41421
 16.4012
 16.5529
 34.1467
 35.805
 6
 15.6525
 14.3178
 29.9333
 40.7063
 36.606
 36.606
 45.111
 45.111
 19.799
 47.8748
 20.9045
 0
 37.2827
 2.44949
 21.2132
 2
 6.08276
 38.7169
 22.3383
 37.1214
 37.1214
 28.0179
 14.7309
 13.4164
 54.6992
 21.8861
 8.66025
 42.0476
 0
 0
 33.0303
 28.6007
 0
 0
 20.4206
 1.73205
 45.3652
 41.8091
 41.8091
 41.5331
 41.5331
 26.4575
 52.2685
 52.2685
 4.24264
 48.4045
 20.025
 16.6733
 29.8998
 39.064
 0
 8.88819
 33.8231
 2.44949
 24.5561
 42.6497
 40.5709
 24.6982
 34.9714
 2.44949
 2.44949
 0
 20.9762
 16.3095
 37.3095
 0
 0
 39.2428
 19.0263
 31.1448
 31.1448
 39.9124
 2.44949
 42.4617
 31.8591
 14.2829
 14.2829
 50.3686
 6.16441
 3.4641
 39.7115
 38.833
 4.24264
 2.44949
 0
 42.7668
 3.4641
 3.4641
 35.6651
 29.2746
 42.4971
 17.5214
 28.7054
 32.2645
 4.89898
 1.73205
 20.7846
 34.5688
 32.7109
 43.0349
 32.665
 36.8917
 36.8917
 43.9659
 25.318
 0
 3.31662
 3.87298
 34.7851
 40.8901
 0
 38.6911
 13.0384
 0
 40.0625
 27
 0
 42.1782
 1.73205
 0
 31.273
 21.7256
 0
 29.189
 34.3802
 0
 34.7851
 7.81025
 0
 0
 32.6956
 0
 11.2694
 11.2694
 46.1628
 39.7366
 39.7366
 3.31662
 1.41421
 1.41421
 33.3467
 27.7308
 0
 17.8885
 0
 21.7486
 15.6205
 15.6205
 28
 35.609
 0
 4.89898
 43.2897
 35.7211
 0
 0
 0
 3.4641
 26.9258
 26.9258
 13.9642
 2.82843
 4.24264
 0
 10.0995
 25.0599
 6.63325
 41.2432
 11.5326
 48.6826
 6.16441
 0
 0
 39.3192
 5.74456
 35.3553
 6.85565
 28.4429
 28.688
 1.73205
 1.73205
