 2.23607
 3.4641
 12.1655
 11.3137
 14.6969
 11.6619
 17.088
 17.5499
 10.9087
 17.2916
 17.1756
 14.8324
 16.3401
 13.7477
 14.0712
 17.4929
 19.8242
 16.6132
 19.975
 12.9228
 10.4403
 15.6525
 17.0587
 17.0587
 18.5472
 7.4162
 16.4924
 8.83176
 14.7309
 16.0312
 15.9374
 17.088
 18.3576
 17.3205
 17.1464
 15.3623
 16.7929
 16.5831
 17.8885
 16.8226
 14.7986
 18.3848
 20.9284
 13.8564
 11.2694
 21.0238
 17.1172
 18.3848
 16.4317
 19.5959
 16.3401
 20.2485
 14.7648
 14.7648
 0
 15.7162
 20.8567
 18.5203
 13.0384
 17.2337
 17.2337
 0
 19.7737
 19.0263
 16.8523
 12.1655
 12.1655
 14.8324
 14.7986
 17.8606
 19.4936
 16.2173
 20.9523
 16.7033
 17.0294
 19.8242
 14.7986
 19.0788
 18.1384
 19.3907
 16
 12.8452
 38.8587
 0
 15.8745
 22.9347
 18.2757
 17.9165
 17.9165
 31.9061
 0
 19.0526
 20.6398
 18.7083
 15.1658
 9.69536
 23.2379
 0
 18.735
 19.0788
 15.6205
 18.9473
 8.83176
 22.5389
 19.9499
 19.1572
 16.2788
 16.2788
 15.4272
 20.2731
 24.2074
 20.8806
 7.61577
 7.61577
 19.9499
 19.799
 19.1311
 14.7648
 14.7648
 17.8885
 20.9523
 18.2483
 13.8564
 20.7364
 22.8035
 18.303
 14.7986
 0
 20.9762
 18.7083
 16
 21.3307
 19
 21.4942
 23.3666
 18.5742
 18.5742
 0
 19.5704
 21.0713
 18.4391
 20.5913
 0
 18.4391
 21.7025
 22.8035
 18.0555
 18.0555
 0
 18.2483
 17.1172
 19.975
 23.1733
 18.9737
 18.5742
 22
 21.3073
 19.2614
 22.3607
 19.2094
 20
 19.975
 23.0434
 20.4695
 21.4476
 21.4476
 20.2237
 22.2036
 22.5832
 19.2354
 21.2603
 0
 22.1359
 19.2354
 20.8087
 22.6053
 21.7256
 22.2935
 20.1246
 19.1572
 22.9129
 24.4336
 22.3383
 22.8254
 24.5153
 18.0831
 20.8567
 26.9258
 21.4709
 20.9045
 20.9045
 0
 20
 22.8254
 24.454
 18.2483
 18.2483
 21.1424
 20.8806
 24.2281
 19.5192
 19.5192
 19.5192
 0
 24.2281
 20.8567
 26.533
 19.2354
 21.3542
 21.3542
 21.9545
 26.4386
 25.219
 22.8692
 19.975
 19.975
 21.7256
 21.7025
 23.4947
 25.2587
 20.9045
 20.0499
 23.4307
 23.0651
 23.0651
 0
 21.6564
 20.3961
 23.9165
 23.516
 8.60233
 25.7099
 20.8327
 20.8567
 24.4131
 11.7473
 25.5147
 19.9499
 21.8861
 26.9072
 0
 0
 0
 0
 23.4521
 24.4949
 23.0217
 22.3607
 20.0749
 21.7256
 21.3073
 25.7488
 22.8692
 16.3095
 16.3095
 0
 21.7945
 24
 21.3073
 25.0998
 13.5277
 13.5277
 0
 24.0208
 22
 27.2764
 21.7025
 9.11043
 9.11043
 0
 27.037
 27.1662
 22.5832
 21.7256
 21.7256
 21.7256
 0
 26.096
 25.219
 23.4947
 22.1811
 22.1811
 22.1811
 0
 23.4734
 22.6495
 23.622
 23
 23
 0
 0
 25.2389
 22.8035
 23.1301
 24.2693
 23.516
 23.516
 23.516
 0
 0
 22.1359
 24.1868
 22.6716
 23.7065
 23.7065
 23.7065
 0
 24.4949
 25.1595
 23.4307
 22.6716
 22.6716
 22.6716
 0
 26.0384
 24.3926
 26.096
 26.8887
 26.8887
 26.8887
 0
 26.8887
 25.0599
 25.4362
 22.8035
 22.8035
 24.6577
 26.2869
 22.7376
 27.8029
 24.3516
 27.7849
 27.0555
 25.2982
 25.219
 27.8927
 27.7849
 21.7256
 25.3969
 26.9815
 26.9444
 22.5832
 22.5832
 0
 26.0768
 26.2679
 24.454
 28.8444
 21.7715
 21.7715
 0
 27.1477
 24.4336
 25.8844
 26.5707
 21.2838
 26.0576
 24.7386
 26.096
 28.4605
 21.9545
 26.5707
 26.9815
 26.0192
 26.0384
 21.1424
 21.1424
 26.9258
 26.0768
 27.0185
 25.1992
 25.1992
 25.1992
 0
 27.0185
 26.096
 25.318
 27.258
 15.2315
 15.2315
 15.2315
 15.2315
 0
 0
 25.4558
 26.3059
 28.688
 24.4131
 16.6433
 16.6433
 0
 26.8887
 25.2587
 27.8029
 29.4788
 11.8743
 11.8743
 0
 29.5127
 26.0768
 22.8473
 29.9333
 28.7228
 26.2679
 27.8747
 26.0576
 27.0185
 26.7208
 27.7849
 26.1151
 26.1151
 0
 0
 26.4386
 24.3721
 25.3377
 28.7402
 23.622
 27
 28.1247
 26.1343
 26.9815
 26.0768
 26.0768
 26.2107
 28.1069
 26.9072
 26.9815
 27.8029
 21.7025
 27.7849
 27.1109
 26.9258
 26.1725
 26.1725
 0
 27.7849
 26.9444
 26.9815
 24.7184
 0
 25.7488
 26.0768
 28.6531
 28.688
 28.688
 28.688
 0
 0
 23.8956
 27.8747
 31.257
 26.8701
 16.6433
 0
 27
 27.9285
 32.2025
 25.219
 11.4455
 0
 27.9285
 27.1293
 28.8791
 26.096
 26.096
 26.096
 27.8927
 26.1725
 26.5707
 32.1559
 31.3209
 28.1957
 25.2389
 28.7576
 28.7576
 27.0555
 28.9137
 29.6816
 26.2107
 26.2107
 26.1151
 28.6531
 27.6225
 27.8029
 26.9815
 27.8568
 28.0535
 30.133
 27.9821
 27
 27.0555
 28.1247
 28.688
 27.258
 26.0576
 28.4429
 29.5635
 26.0576
 30.4795
 26.9444
 28.0535
 27
 28.7576
 31.241
 27.6225
 32.1248
 26.9258
 28.3019
 28.8964
 27.8568
 30.3974
 27.2397
 27.9106
 27.8747
 29.6142
 27.9285
 31.4484
 27.8209
 26.9258
 24.3105
 30.8383
 28.178
 26.9444
 28.6531
 28.3019
 27.8209
 29.3428
 26.9815
 27.8209
 31.7333
 27.4226
 27.9821
 28.7402
 27.1846
 28.2489
 26.1151
 27.037
 28.7402
 26.0576
 28.1069
 28.931
 28.6531
 27.8927
 26.9444
 28.1603
 28.0357
 28.1425
 30.3974
 27.4408
 32.1559
 27.9106
 29.1204
 29.1376
 27.9285
 27.4044
 28.7402
 27.7849
 26.0768
 27.1662
 27.8568
 29
 31.273
 27.8209
 24.3311
 31.5753
 28.775
 28.1425
 27.8209
 28.4429
 28.1603
 27.8388
 28
 28.8964
 29.3087
 28.688
 25.7682
 27.2764
 24.3926
 28.3019
 29.6142
 28.6705
 27.2947
 31
 29
 28.7054
 28.7576
 28.7402
 29.5127
 28.2489
 28.6356
 29.5635
 25.7294
 30.4467
 28.0357
 30.4795
 25.7099
 26.9629
 28.7576
 25.1992
 26.096
 32.1403
 30.4138
 26.9072
 28.8617
 29.8161
 28.7054
 26.9629
 28.688
 29.8329
 27.8747
 28.4781
 29.9666
 29.5466
 29.3598
 26.1343
 29.2746
 31.3847
 28.3196
 26.2107
 25.1794
 30.8383
 29.2916
 27.2947
 26.0768
 30.1496
 28.6705
 27.9106
 29.1376
 28.0179
 28.7402
 28.8271
 28.0891
 29.9833
 28.7054
 28.1247
 29.8329
 27.8209
 29.5973
 27.258
 29.6985
 32.1248
 28.7402
 28.7228
 26.0576
 33.0454
 30.0167
 27.8388
 26.9629
 28.7054
 28.6531
 28.1247
 28.0179
 27.9106
 30.3809
 28.2843
 27.313
 27.0555
 27.8927
 32.9848
 29.9165
 30.4959
 27.8029
 28.2312
 26.9815
 31.4484
 28.7576
 28.7924
 27.7669
 29.0861
 28.688
 27.9643
 29.8329
 27.8747
 28.9655
 30.3809
 26.0576
 26.9629
 28.7402
 27.7849
 30.0333
 28.7054
 27.8747
 28.7228
 27.4773
 28.1425
 28.4429
 25.7682
 32.1092
 32.1092
 27.8747
 27.2029
 30.4138
 27.8029
 30.9516
 27.8209
 29.3258
 28.9828
 27.8747
 27.0924
 31.257
 28.7576
 27.1846
 28.8617
 28.775
 27.8388
 32.28
 26.9258
 28.7054
 26.096
 27.9464
 29.3428
 28.0535
 28.6705
 29.3258
 27.8568
 27.4955
 27.4955
 28.5307
 28.6705
 29.4788
 32.1248
 27.9464
 30.348
 30.545
 26.9629
 29.8161
 30.3809
 27.9285
 28.1603
 28.9137
 28.7402
 29.0172
 29.7658
 28.178
 28.775
 31.3688
 28.6356
 27.8029
 29.5466
 27.8209
 26.0768
 27.8029
 30.692
 28.6705
 28.1425
 27.074
 29.6985
 30.8221
 30.4138
 28.6356
 28.5132
 30.4302
 28.4429
 28.7576
 32.5423
 27.9285
 28.688
 27.8029
 32.0312
 28.8097
 29.5296
 30.4795
 31.5119
 28.9482
 30.4302
 26.3249
 28.688
 28.0713
 26.9815
 30.4138
 27.7849
 28.8271
 27.8388
 29.6311
 30.4138
 27.8568
 31.4006
 28.2312
 28.688
 32.218
 27.9285
 30.7083
 30.7083
 31.305
 29.1719
 30.3809
 29.3428
 33.2566
 27.4226
 27.4226
 27.9643
 30.1164
 32.0156
 29.0172
 29.3428
 29.1033
 28.8444
 29.6311
 27.1846
 28.6531
 27.1662
 29.5127
 27.1662
 29.5127
 31.289
 29.5635
 27
 27.8029
 29.5466
 30.7409
 28.7402
 30.0167
 28.4605
 28.4781
 29.189
 31.5753
 28.6705
 29.5296
 28.688
 29.1548
 29.1376
 29.0345
 29.1548
 28.8617
 28.1603
 29.7153
 31.5119
 29.6479
 29.0345
 29.0172
 27.8209
 30.3974
 0
 25.2389
 27
 30.6268
 30.6268
 0
 27.258
 32.2025
 27.9464
 29.2916
 32.9848
 28.8444
 30.7246
 28.4429
 29.2916
 30.5778
 30.8545
 30.545
 30.4959
 30.5287
 31.6386
 30.6105
 28.7402
 28.3019
 29.7321
 31.241
 28.8791
 29.9666
 29.5466
 28.7054
 28.9137
 27.0555
 33.0151
 33.0151
 28.688
 26.9629
 31.3209
 31.3209
 27.8209
 28.6356
 30.1993
 29.1719
 30.7409
 30.8383
 28.7228
 27.8029
 31.1609
 29.3258
 27
 31.1929
 30.8221
 32.187
 30.7896
 29.5804
 30.3645
 32.0312
 29.1033
 28.7228
 30.5941
 23.516
 29.5127
 27.9821
 29.5804
 28.0179
 27.8747
 27.8209
 28.2135
 29.5296
 28.7402
 27.9643
 28.9828
 27.4408
 29.1376
 28.8964
 19.105
 25.923
 28.5657
 28.5657
 29.5296
 31.305
 29.4958
 27.8029
 29.2746
 28.6705
 31.257
 17.2047
 30.4631
 29.7153
 0
 28.688
 28.4781
 16.4924
 27.6043
 27.8209
 21.9773
 27.037
 26.1343
 21.7025
 26.0384
 28.0535
 25.671
 24.2281
 28.5657
 16.2788
 27
 16.8819
 29.6816
 30.7083
 22.3159
 28.2312
 28.0179
 31.4802
 30.249
 25.593
 27.8388
 26.7769
 23.7065
 26.096
 27.2764
 23.9165
 21.7715
 29.6816
 29.6816
 26.4008
 30.7734
 27.4955
 21.7256
 32.0468
 0
 25.807
 27.313
 26.3439
 23.4094
 28.0357
 29.0689
 23.1084
 22.9347
 30.1164
 25
 32.7567
 22.2486
 33.7343
 27.4773
 22.561
 26.1725
 30.7083
 25.671
 26.1151
 27.55
 28
 26.9072
 29.3939
 23.4094
