 21.4243
 19.2354
 23.3452
 21.8403
 24.2281
 26.6646
 31.0805
 30.692
 25.1992
 32.249
 32.1559
 33.0908
 33.7787
 28.6356
 29.5973
 28.8444
 28.0713
 32.7567
 27.2397
 30.3315
 24.4745
 27.5862
 29.5466
 33.0454
 33.541
 26.9258
 32.3265
 25.7099
 26.9258
 33.7935
 26.0576
 31.9061
 35.9722
 30.3645
 34.2199
 30.3974
 35.623
 28.7228
 34.8999
 33.8969
 33.8969
 33.5559
 35.7771
 34.9142
 28.0357
 31.4802
 28.9828
 35.623
 35.9305
 30.7083
 35.8329
 38.1838
 26.1725
 26.1725
 0
 36.1801
 39.8623
 32.3265
 27.4226
 31.257
 31.257
 0
 37.0945
 37.4166
 32.1559
 29.5466
 29.5466
 31.305
 33.8674
 33.7046
 34.641
 15.6525
 28.0179
 31.3847
 34.5832
 38.6652
 14.8661
 36.7287
 28.7402
 37.7624
 34.1467
 12.7279
 42
 0
 31.3209
 35.6511
 35.0143
 32.6956
 32.6956
 34.1906
 0
 35.609
 34.9428
 36.3043
 35.8469
 35.8469
 27.5862
 0
 34.8568
 36.0278
 34.9714
 33.6006
 9.53939
 36.1248
 39.3446
 36.6879
 31.305
 31.305
 28.4605
 36.6197
 31.8748
 39.0896
 39.0896
 39.0896
 40.1497
 32.5576
 37.8021
 28.7228
 0
 39.0512
 42.9767
 35.7771
 33.9264
 38.6911
 39.6485
 36.4966
 33.9411
 0
 33.0303
 37.7094
 34.176
 41.509
 30.4467
 41.7493
 43.2666
 35.6511
 35.6511
 0
 44.3621
 38.7556
 34.1174
 36.6879
 0
 39.1408
 41.4005
 41.1096
 42.0119
 42.0119
 0
 39.128
 39.8999
 37.47
 35.1994
 34.8568
 37.7757
 39.3954
 37
 31.0322
 31.241
 39.3446
 41.2795
 33.7787
 45.0666
 32.7872
 43.0233
 43.0233
 37.027
 42.6263
 40.8412
 37.5766
 33.3017
 0
 42.0833
 35.6931
 38.223
 38.3275
 43.0465
 37.3898
 37.4833
 39.1535
 44.7214
 41.8091
 31.8748
 40.8779
 46.1519
 37.9473
 35.4542
 48.4252
 40.9023
 40.939
 40.939
 0
 39.3954
 44.0227
 47.0319
 41.497
 41.497
 41.7013
 40.0874
 40.0625
 43.9773
 43.9773
 43.9773
 0
 42.0833
 40.0625
 39.2046
 39.37
 38.7685
 38.7685
 34.9857
 35.805
 41.509
 40.9634
 35.6651
 35.6651
 35.8887
 42.4146
 36.8375
 48.0416
 41.7493
 40.5709
 47.244
 48.4355
 48.4355
 0
 40.8779
 38.6005
 46.4973
 44.3283
 27.5136
 40.8534
 39.128
 39.9625
 41.7971
 28.2666
 36.2767
 41.1218
 42.4853
 48.5695
 0
 0
 0
 0
 39.8372
 47.9166
 43.6578
 43.2204
 36.4966
 41.4488
 43.5201
 51.5267
 44.4972
 32.4962
 32.4962
 0
 39.281
 45.2769
 44.5533
 50.6557
 29.4449
 29.4449
 0
 44.9555
 42.6263
 49.9199
 42.5676
 25.7488
 25.7488
 0
 39.8372
 42.391
 42.4264
 37.2961
 37.2961
 37.2961
 0
 42.2847
 38.4708
 39.2683
 43.8976
 43.8976
 43.8976
 0
 43.4741
 41.9404
 47.4131
 42.638
 42.638
 0
 0
 48.5592
 47.4342
 43.0233
 44.4297
 44.4297
 44.4297
 44.4297
 0
 0
 39.4842
 42.5206
 42.638
 47.9896
 47.9896
 47.9896
 0
 39.064
 45.3652
 43.7379
 46.0977
 46.0977
 46.0977
 0
 45.1331
 39.8748
 48.3322
 47.2969
 47.2969
 47.2969
 0
 49.1528
 48.9081
 48.0833
 44.643
 44.643
 49.8899
 47.8748
 43.1625
 52.6023
 46.9894
 51.2835
 48.5592
 46.0543
 41.5812
 39.6358
 50.04
 40.2368
 41.4849
 38.3014
 43.6578
 44
 44
 0
 43.4511
 46.1844
 47.4658
 43.7379
 34.7994
 34.7994
 0
 48.5901
 45.7384
 50.7543
 49.5379
 32.1403
 42.6146
 45.2217
 46.076
 52.0192
 41.0488
 48.1041
 42.2847
 47.0638
 46.3249
 36.5924
 36.5924
 41.509
 47.4552
 48.7134
 46.594
 46.594
 46.594
 0
 49.4571
 44.5197
 49.7594
 48.8672
 30
 30
 30
 30
 0
 0
 49.8598
 48.8672
 52.6023
 46.7333
 30.0333
 30.0333
 0
 47.8226
 48.7237
 50
 56.0981
 23.9165
 23.9165
 0
 44.5084
 41.5572
 44.3396
 56.701
 40.694
 42.332
 50.8626
 47.3286
 44.0795
 49.7192
 44.6766
 52.5547
 52.5547
 52.5547
 52.5547
 48.0937
 44.317
 51.303
 43.2666
 45.3321
 48.0625
 48.1144
 46.1736
 46.9255
 40.7554
 50.4579
 50.636
 52
 48.2908
 40.1497
 49
 18.6279
 50.7346
 51.3517
 50.1298
 45.7712
 45.7712
 0
 49.558
 53.9537
 51.614
 46.5833
 0
 49.0306
 48.7032
 50.2593
 52.5833
 52.5833
 52.5833
 52.5833
 52.5833
 48.7237
 41.5572
 56.1516
 41.9285
 17.1172
 0
 40.1995
 38.9872
 59.9667
 51.6043
 7.81025
 0
 45.0888
 51.0392
 55.7674
 53.3479
 53.3479
 53.3479
 51.4781
 53.0471
 48.4458
 59.1016
 46.6476
 48.2597
 45.2106
 48.3218
 48.3218
 47.8539
 48.9592
 41.9285
 47.927
 47.927
 48.0208
 41.497
 54.7996
 48.8365
 49.1732
 48.3839
 50.6162
 54.4151
 53.3667
 51.2933
 48.7442
 51.6236
 51.225
 49.9099
 52.1344
 54.7357
 53.4603
 50.4777
 44.8553
 50.2892
 41.328
 50.07
 40.8656
 56.1249
 50.06
 61.1146
 51.643
 46.5618
 52.5262
 53.9073
 58.3009
 50.1398
 49.6588
 48.9796
 53.1695
 52.6783
 50.9804
 42.3792
 47.8017
 45.1553
 50.2096
 43.5316
 49.7896
 49.8197
 49.4773
 53.9166
 56.9386
 49.1935
 52.192
 56.5774
 51.2055
 55.3624
 48.5901
 49.3255
 53.4603
 53
 48.6518
 42.0476
 50.9804
 52.144
 40.4722
 51.7494
 50.9117
 42.3438
 45.5741
 53.0377
 47.8957
 55.1996
 50.6557
 60.1498
 53.9907
 53.7587
 50.2096
 54.0555
 49.1223
 56.8858
 45.1221
 47.8435
 48.7237
 52.5547
 42.7551
 50.1597
 49.99
 49.0408
 52.1728
 46.4758
 51.8363
 50.5569
 50.6656
 56.5774
 52.1536
 53.7494
 53.8702
 55.0636
 49.96
 54.9272
 48.8876
 49.3356
 52.6593
 47.9062
 45.6618
 51.5655
 44.3058
 55.6327
 48.6107
 48.6107
 55.4256
 53.376
 55.5968
 54.7905
 57.1402
 49.5681
 57.8014
 53.8424
 53.9444
 48.7545
 43.8862
 57.376
 48.6724
 49.5278
 45.0666
 57.1139
 52.2398
 52.2303
 48.9387
 52.8299
 49.4368
 54.8452
 53.9351
 55.3805
 53.6283
 48.6107
 49.7695
 54.231
 52.1824
 53.5257
 45.8585
 57.3149
 49.9199
 51.1077
 45.7712
 55.3082
 52.9811
 42.6849
 48.9694
 54.4334
 46.7761
 49.679
 55.4977
 54.3507
 55.7225
 51.6527
 56.5155
 55.7225
 48.2494
 52.3068
 49.5278
 57.0263
 50.448
 45.31
 46.2277
 51.614
 56.5155
 50.8724
 59.2874
 45.8803
 54.1849
 49.4469
 50.06
 53.1225
 53.8424
 51.6817
 47.9166
 53.1319
 51.2152
 55.848
 49.7393
 50.8626
 48.6107
 50.892
 42.9185
 46.7761
 50.3984
 53.3385
 48.9387
 51.2933
 47.0319
 50.04
 53.8702
 53.2541
 52.9339
 57.3236
 50.2593
 51.1566
 54.1756
 50.4381
 49.6085
 46.3573
 51.1077
 46.2925
 54.4151
 49.94
 49.2544
 54.909
 51.672
 51.9326
 56.1605
 56.0446
 56.0446
 54.7814
 50.05
 50.5272
 46.4004
 49.1427
 50.3786
 47.0425
 46.669
 52.1344
 51.1664
 56.2672
 52.6023
 49.7594
 55.4617
 56.5509
 50.8331
 53.3385
 50.5074
 45.9565
 47.8121
 49.163
 48.4665
 51.6333
 54.3139
 49.4267
 54.7449
 51.5267
 51.5267
 53.1319
 52.8678
 57.1052
 53.066
 55.6507
 53.9537
 48.4974
 49.5782
 53.2541
 46.6476
 47.4658
 49.97
 49.8297
 51.1762
 52.7447
 56.8858
 52.6878
 56.6216
 56.2672
 57.463
 53.8795
 52.2972
 50
 51.2738
 51.8556
 47
 52.6878
 48.0104
 50.6063
 55.7943
 53.7587
 53.2541
 54
 56.0446
 52.9906
 52.3068
 51.1371
 51.8652
 54.2494
 48.1871
 50.8429
 48.7032
 48.6107
 53.3667
 50.9313
 50.9313
 54.5436
 56.285
 51.4004
 56.3028
 55.6956
 49.2747
 53.1601
 49.0408
 49.6588
 49.7896
 52.469
 52.5642
 53.0377
 51.0979
 51.449
 52.345
 55.6776
 49.8397
 55.0636
 55.0636
 52.5262
 56.4801
 54.4334
 50.4282
 51.0979
 53
 53
 48.1456
 55.7315
 48.4458
 48.7237
 51.5655
 51.1077
 52.8583
 54.3691
 49.5782
 57.1402
 47.4447
 56.7891
 48.6518
 52.0288
 53.1225
 51.8266
 52.1728
 50.2792
 55.9285
 52.7731
 52.1728
 52.2877
 54.7449
 53.1601
 54.0555
 52.7067
 57.7495
 50.8232
 57.6802
 55.2359
 50.6656
 48.0416
 50.1896
 53.1507
 53.1507
 50.1199
 48.9387
 52.5071
 58.6259
 56.1338
 47.0213
 54.5252
 54.5252
 51.8459
 42.5676
 55.8391
 55.8391
 55.8391
 51.342
 54.1941
 49.98
 56.4624
 54.4518
 52.4976
 49.2341
 55.0727
 58.7367
 52.3641
 51.9904
 60.5558
 57.5152
 48.6107
 58.4123
 50.4183
 50.8724
 54.0093
 45.9021
 52.6023
 49.0612
 54.754
 50.9804
 52.811
 49.8899
 50.8429
 50.8429
 50.8429
 54.1941
 48.1871
 54.6077
 54.6077
 51.1957
 50.2892
 57.4543
 54.7449
 57.3149
 52.0481
 53.2823
 54.3967
 56.2939
 51.2738
 50.2593
 58.7792
 53.1037
 51.0686
 58.6259
 50.6557
 53.2916
 60.531
 52.0865
 46.422
 52.5547
 79.7057
 49.3356
 48.7134
 46.6154
 48.1352
 36.524
 53.7773
 48.2286
 50.0899
 53.7122
 49.3862
 49.5883
 49.8598
 52.5167
 52.5738
 28.688
 53.8981
 51.8749
 51.8749
 47.9687
 50.9902
 59.0931
 48.2183
 50.8626
 44.587
 53.1131
 53.1131
 53.0566
 47.2864
 0
 47.2864
 46.3033
 46.3033
 49.1935
 49.1935
 49.1935
 51.8363
 46.4543
 46.4543
 47.0425
 48.7852
 48.7852
 41.7852
 53.1507
 53.1507
 41.8808
 41.7612
 55.9643
 56.9386
 56.9386
 47.927
 46.7974
 46.7974
 57.4891
 29.6311
 29.6311
 42.7434
 42.7434
 33.2716
 43.9318
 44.7549
 45.3431
 42.4617
 42.4617
 53.0094
 44.2493
 47.0532
 47.0532
 55.1996
 55.1996
 55.0182
 42.2137
 32.4037
 29.5973
 42.45
 45.1664
 45.1664
 40.4846
 50.1398
 38.8587
 56.7979
 42
 59.9917
 40.025
 40.025
 45.1885
 59.0593
 35.0286
 35.171
 51.3907
 54.4426
 43.1161
 46.465
 48.5695
