 17.2916
 14.8324
 14.8997
 9.32738
 8
 8.66025
 8.94427
 13.1529
 13.4536
 10.583
 9.16515
 13.4536
 13.5647
 12.1655
 10.3923
 14.3875
 14.4222
 8.94427
 12.8062
 12.083
 14.9666
 11
 11.3137
 12.6095
 11.1355
 13.2288
 17.3494
 12.1244
 7.74597
 16.5227
 12.8062
 11.5326
 13.2665
 12.0416
 8.83176
 14.1067
 13.2665
 9.64365
 11.9583
 11.2694
 14.7309
 12.4097
 13.1909
 14
 11.3137
 11.7898
 14.3527
 18.303
 11.3578
 12.4499
 12.3288
 12.4097
 13.9284
 0
 0
 12.3693
 13.2288
 14.0357
 13.8924
 8.83176
 0
 0
 18.1384
 12.49
 12.3693
 14.7986
 14.7986
 16.4924
 18.1934
 11.0454
 14.7648
 12.1244
 14.7309
 11.7473
 13.2288
 14.7986
 9.48683
 14.7986
 13.9642
 12.2474
 14.8661
 10.3923
 0
 0
 13.5277
 15.5563
 12.0416
 9.48683
 9.48683
 0
 0
 15.843
 14.7986
 13.6748
 13
 11.2694
 0
 0
 14.8661
 14.3178
 13.0384
 14.5602
 8.7178
 14.7648
 15.7797
 13.8203
 14.8324
 14.8324
 14.3527
 13.1149
 13.2288
 15.9374
 13.8564
 14.3527
 15.6205
 14.8661
 12.083
 15.6205
 0
 12.7671
 16.4924
 15.2971
 14.9666
 14.3178
 14
 13.4536
 18.2757
 0
 14
 14.1067
 12.1655
 9.64365
 14.4222
 13.8564
 15.906
 13.8924
 0
 0
 15.0997
 13.4536
 15.9687
 12.083
 0
 16.5529
 12.7671
 15.5242
 11.2694
 0
 0
 14.3178
 15.3948
 18.2209
 14.8324
 14.8324
 13.9642
 14.8661
 13.2288
 14.8661
 15.3297
 12.2474
 16.5529
 15.1658
 14.7309
 15.1658
 19.0788
 15.1658
 17.3494
 12
 17.3494
 15.8114
 12.8841
 12.8841
 14.3527
 18.2483
 14.7648
 13.8924
 19.0263
 15.5242
 14.7986
 14.7309
 15.5885
 13.8924
 16.3095
 16
 16.7929
 15.6205
 16.1864
 14.0712
 13.8924
 14.7648
 29.5466
 29.5466
 15.6525
 13.9642
 16.4317
 11.8322
 25.4362
 15.1327
 17.3494
 16.4924
 14.4568
 21.7486
 0
 0
 16
 18.2209
 15.4272
 15.1327
 15.6205
 17.8045
 15.9687
 16.3095
 16.1864
 14.0357
 13.0384
 0
 17.0587
 16.5529
 16.7631
 14.4222
 16.5831
 16.5831
 15.6844
 13.5647
 0
 0
 16
 19.105
 14.8324
 17.6635
 10.3441
 19.1833
 19.1572
 15.6205
 13.9284
 7.81025
 16.3095
 16.4621
 17.3781
 18.1659
 18.1659
 0
 0
 0
 16
 16.5529
 14.7648
 15.6205
 15.6205
 16.1555
 17.3205
 14.9332
 17.4929
 9.53939
 0
 0
 17.4069
 16
 15.6525
 15
 10.4403
 0
 0
 15.843
 16.4924
 15.748
 17.3781
 12.2066
 0
 0
 17.8606
 16.4924
 16.4924
 19.0526
 0
 0
 0
 17.72
 18.5203
 19.1311
 15.7162
 0
 0
 0
 14.7986
 16.5227
 13.4536
 18.3303
 0
 0
 0
 17.3781
 14.1067
 19.975
 15.6844
 8.66025
 0
 0
 0
 0
 20.0998
 15.3948
 19.2354
 17.72
 0
 0
 0
 16.2788
 16.5831
 15.7162
 16
 0
 0
 0
 14.7986
 18.412
 15.7162
 14.7648
 0
 0
 0
 16.4621
 14.8324
 16.4924
 18.2209
 0
 15.6205
 15.6525
 19.0788
 14.7986
 16.5529
 15.6205
 15.6844
 15.6844
 19.105
 16.5227
 14.8324
 15.6525
 19.9249
 19.105
 17.4069
 16.4924
 0
 0
 18.2209
 17.3781
 17.6918
 19.9499
 13
 0
 0
 19.1311
 19.0788
 16.4924
 18.2483
 13.9642
 19.0788
 16.8226
 18.3303
 20.2731
 16.5529
 18.3576
 16.4924
 16.5529
 16.4621
 14.7309
 0
 16.4924
 15.5885
 15.0333
 16.4621
 16.4621
 0
 0
 17.3781
 16.8819
 17.3494
 18.2209
 13.8564
 13.8564
 0
 0
 0
 0
 15.6844
 16.5227
 14.7986
 17.5499
 13.8924
 0
 0
 15.6844
 18.2757
 17.4642
 16.4924
 10.4403
 0
 0
 19.1833
 20
 18.1934
 15.9687
 19.1311
 19.9499
 14.7986
 14.7986
 17.3494
 19.9249
 18.3303
 18.5203
 0
 0
 0
 20.025
 19.105
 18.3848
 19.9249
 17.4642
 20.8087
 18.3303
 20.3224
 19.1311
 16.5831
 19.0788
 17.4356
 18.2757
 14.7648
 16.7033
 14.7986
 6.9282
 16.4924
 17.4642
 18.1934
 18.3848
 0
 0
 19.105
 19.0788
 15.6525
 19.1572
 0
 20
 19.0788
 19.9499
 15.5885
 15.5885
 0
 0
 0
 19.105
 18.2209
 16.5227
 19.9499
 4.24264
 0
 19.1311
 17.3494
 16.5529
 15.6844
 15.6844
 0
 18.2209
 19.975
 15.9687
 17.4069
 17.4069
 0
 20.8087
 18.735
 20.025
 16.5831
 19.105
 20.8327
 19.2094
 21.0238
 21.0238
 17.4642
 20
 16.8226
 19.9499
 0
 16.5529
 17.0587
 19.8997
 19.5192
 19.0788
 18.412
 16.4924
 20.9523
 17.4069
 18.2483
 19.2873
 18.735
 19.9499
 19.975
 19.975
 18.5472
 14.8997
 16.5227
 17.4356
 20.7846
 19.1311
 17.3781
 17.3781
 18.1934
 20.8087
 14.7986
 15.6205
 20.2237
 18.2483
 17.5499
 17.4356
 19.3132
 18.303
 17.5784
 19.0526
 21.7715
 20
 18.2483
 16.0624
 20.1494
 19.9249
 20
 18.2209
 15.843
 20.8087
 18.2483
 19.5704
 18.735
 18.3303
 19.2873
 19.9499
 17.3781
 18.2209
 20.8087
 19.5704
 19.2354
 19.1311
 17.4069
 19.0788
 16.6733
 18.2483
 14.8661
 18.1934
 17.4069
 18.2757
 15.6205
 20.0499
 14.8661
 20.0998
 14.7648
 17.4356
 19.2614
 20.8087
 18.1659
 20.8806
 13.9284
 19.0788
 18.2483
 18.4391
 15.6205
 18.2483
 19.105
 16.0312
 19.3649
 20.025
 18.2483
 14.8997
 18.2209
 19.9499
 18.2209
 18.2209
 18.1934
 20
 19.2873
 18.2483
 15.748
 18.2483
 19.1311
 20.0749
 17.4069
 18.2483
 17.3205
 19.975
 15.7797
 20.0499
 16.4924
 14.7986
 14.7648
 19.975
 19.3391
 16.4621
 20.3224
 14.7309
 19.975
 16.2788
 20.664
 17.3781
 13.8924
 20.2237
 17.6918
 20.1246
 15.6205
 18.1934
 19.2094
 19.975
 18.2209
 14.8324
 16.4621
 15.6844
 15.6205
 19.975
 18.1934
 16.4621
 20.1742
 16
 20.0499
 17.3494
 19.7484
 20.4206
 17.4356
 19.0788
 20.0499
 17.3494
 17.4069
 19.0788
 14.7986
 18.2483
 19.3907
 18.2757
 15.7162
 16.4924
 18.2209
 15.2315
 14.8997
 19.5959
 20.9762
 17.4069
 13.8924
 19.2094
 16.5529
 20.3715
 15.748
 12.1655
 17.0294
 13.8564
 19.2873
 14.8324
 14.4914
 13.9284
 19.9249
 15.6525
 17.3781
 15.6525
 16.5227
 20.0499
 15.6205
 17.3205
 19.1572
 15.6844
 18.2209
 17.3781
 19.0788
 16.5831
 16.6733
 17.4069
 16.4621
 19.1311
 15.6844
 20.8087
 15.6525
 20.7846
 15.7162
 17.8885
 15.6205
 19.975
 16.8523
 19.0788
 18.2483
 13.9284
 18.3576
 13.8924
 12.3693
 16.5529
 14.6969
 14.7309
 20.0499
 15.8114
 16.4621
 0
 14.7986
 20.0499
 15.6525
 15.6205
 19.105
 16.7033
 19.975
 19.9499
 13.8924
 15.8745
 13.0384
 18.2757
 17.72
 19.105
 15.6205
 14.7648
 19.9499
 18.3576
 14.7986
 20
 14
 19.9249
 15.6844
 13.8203
 19.9249
 14.7648
 12.2474
 12.1655
 20.025
 14.7986
 13.0384
 14.7648
 14.7309
 20.9523
 17.4069
 15.6205
 19.1311
 17.3781
 16.5227
 15.6844
 18.2209
 15.7162
 14.7648
 18.2209
 18.303
 13
 19.9499
 14.7309
 17.5214
 13.9642
 13.8924
 18.303
 13.9284
 18.2483
 13.1149
 18.2483
 11.4018
 15.5885
 19.1311
 13.8924
 10.4403
 12.1244
 14.7986
 21.2132
 14.7309
 19.0788
 17.8885
 19.0526
 14.7648
 17.3781
 17.3494
 13.2288
 15.8114
 7
 19.105
 12.1655
 17.8326
 18.2757
 11.2694
 20.025
 13.0384
 19.2873
 14.4914
 4.24264
 17.3494
 16.8226
 18.1934
 19.105
 13.7113
 13.7113
 19.105
 18.2757
 11.3578
 11.3578
 12.1655
 12.1655
 18.7083
 15.843
 18.2209
 10.3923
 10.3923
 14.7309
 16.4621
 18.303
 18.2209
 16.4621
 19.5192
 18.2209
 14.9332
 17.2627
 17.3494
 16.7033
 11.225
 17.2916
 16.8523
 11.4455
 13
 14.7648
 8.83176
 13.0384
 15.6525
 12.2474
 17.3781
 11.3137
 6.9282
 17.3781
 7.87401
 6.55744
 12.2474
 8.7178
 18.2483
 10.5357
 15.6205
 17.9165
 17.3205
 14.1067
 13.8924
 19.0788
 13
 12.1655
 18.1659
 13
 11.3578
 0
 16.7929
 14.9666
 7.87401
 7.87401
 7.87401
 14.0712
 11.2694
 12.3693
 13.0767
 13.0767
 13.2665
 14.7648
 10.1489
 5.09902
 16.5831
 9.64365
 1.73205
 16.5227
 11.5758
 6.16441
 13.9284
 14.2829
 6
 13.0384
 13.4536
 14.8661
 13.1149
 17.8885
 9.59166
 16.5529
 16.4924
 3.31662
 3.31662
 15.6205
 12.4097
 10.4881
 10.4881
 14.2829
 10.3923
 4.58258
 12.1655
 8.83176
 7.81025
 14.7309
 12.1244
 8.66025
 6.85565
 14.8997
 3.4641
 14.1421
 6
 6.7082
 10.4403
 12.1244
 3
 14.0357
 13.8564
 5.74456
 13
 10.7238
 11.2694
 13
 5.19615
 4.12311
 13.0767
 8.66025
 1.41421
 14.7648
 7.81025
 9.38083
 4.89898
 10.4403
 6.85565
 6.85565
 28.4429
 2.44949
 6.16441
 5.19615
 7.07107
 6.78233
 11.3137
 5
 13.0384
 6.9282
 6.9282
 8.66025
 9.84886
 0
 11.4455
 7.93725
 13
 9.05539
 6.08276
 6.08276
 9.84886
 9.84886
 2.44949
 8.48528
 9.48683
 9.48683
 9.16515
 6
 6
 7.4162
 11.225
 6
 6
 10.9087
 2.44949
 12.1244
 14.8324
 14.8324
 12.4097
 15.3948
 15.3948
 10.4881
 10.0995
 5.19615
 6.9282
 6.32456
 7.34847
 7.68115
 9.84886
 8.12404
 7.34847
 6.7082
 8
 0
 9.27362
 6.85565
 7.07107
 10
 8
 1.73205
 7.4162
 4.24264
 3.74166
 8.48528
 8.544
 6
 7.93725
 2.82843
 3.4641
 11.3137
 6.9282
 2.44949
 9.53939
 7.14143
 8.18535
 8.66025
 9.16515
 6
