 9.27362
 7.14143
 7.14143
 4.47214
 2.64575
 5.09902
 4.89898
 6.245
 6.48074
 5.38516
 4.89898
 7.07107
 6.245
 6.08276
 4.3589
 7.07107
 7.68115
 5.47723
 7.4162
 5.47723
 8.12404
 5.47723
 7.34847
 6.245
 4.79583
 6.9282
 7.74597
 6.9282
 5.09902
 7.81025
 6.48074
 5.38516
 6.9282
 6.16441
 3.4641
 7.07107
 6.08276
 4.12311
 5.56776
 5.19615
 7.74597
 6.32456
 7.87401
 6.9282
 5.19615
 7.34847
 7.68115
 9.53939
 6.16441
 6.7082
 6
 6.08276
 6.9282
 0
 0
 5.47723
 6.55744
 7.4162
 6.9282
 3.4641
 0
 0
 8.18535
 6.08276
 6.32456
 7.74597
 7.74597
 8.66025
 10.3441
 6.7082
 7.74597
 6
 7.93725
 6.16441
 7.07107
 8.12404
 3.4641
 7.68115
 6.9282
 6.16441
 6.9282
 4.24264
 0
 0
 7.14143
 8.60233
 7.28011
 3.4641
 3.4641
 0
 0
 7.93725
 7.74597
 7.61577
 6.85565
 5.19615
 0
 0
 7.07107
 7
 6.85565
 7.74597
 4.24264
 7.68115
 7.74597
 6.85565
 7.34847
 7.34847
 7.14143
 6.08276
 7.4162
 7.93725
 6.9282
 6.9282
 7.81025
 8.12404
 6
 7.81025
 7.81025
 5.74456
 7.81025
 7.68115
 7.87401
 7.4162
 7.07107
 7.34847
 9.53939
 9.53939
 6.55744
 7.87401
 6
 4.89898
 7.14143
 6.9282
 8.83176
 6.9282
 0
 0
 8.12404
 7.34847
 7.81025
 6.9282
 0
 8.66025
 6.7082
 8.60233
 6
 0
 0
 7
 7.34847
 10.3923
 8.12404
 7.74597
 6.9282
 6.9282
 7.4162
 7.34847
 7.74597
 6.16441
 8.60233
 7.93725
 7.93725
 7.81025
 9.48683
 9.48683
 9.53939
 5
 7.81025
 7.93725
 6.16441
 6.16441
 7.4162
 9.53939
 6.9282
 6.9282
 8.66025
 8.18535
 7.74597
 6.9282
 8.60233
 6.9282
 7.81025
 8.12404
 8.18535
 7.81025
 8.77496
 7
 6.32456
 7.93725
 15.5885
 0
 8.66025
 7
 8.42615
 6.32456
 12.1655
 8.12404
 9.53939
 8.88819
 7.61577
 8.7178
 0
 0
 7.2111
 9.53939
 8.544
 8.12404
 7.81025
 11.2694
 8.48528
 8.12404
 9
 7.07107
 6.08276
 0
 8
 7.81025
 8.83176
 8.60233
 8.77496
 7.81025
 7.81025
 7.34847
 0
 0
 7.81025
 11.225
 8.12404
 8.83176
 4.3589
 10.4403
 9.48683
 8.60233
 6.9282
 1.73205
 9.11043
 8.60233
 9.53939
 10.3441
 0
 0
 0
 0
 8.88819
 8.77496
 7.74597
 7.81025
 5.19615
 8
 8.66025
 7.93725
 9.59166
 4.24264
 0
 0
 9.53939
 8.94427
 7.81025
 7.2111
 5.19615
 0
 0
 8.7178
 8.66025
 7.81025
 9.53939
 6.9282
 0
 0
 10.0995
 9.59166
 7.81025
 9.53939
 9.53939
 0
 0
 9.84886
 9.84886
 8.77496
 7.81025
 0
 0
 0
 7.81025
 9.48683
 6.08276
 8.66025
 0
 0
 0
 8.66025
 6.08276
 10.3923
 7.81025
 4.24264
 4.24264
 0
 0
 0
 11.225
 7.81025
 10.3923
 9.69536
 0
 0
 0
 8.83176
 8.66025
 7.93725
 8.18535
 0
 0
 0
 6.9282
 10.6771
 7.81025
 7.74597
 0
 0
 0
 7.74597
 7
 7.81025
 9.53939
 0
 7.74597
 7.81025
 8.66025
 6.9282
 7.81025
 7
 7.81025
 7.81025
 11.225
 9.48683
 7
 7
 8.66025
 7.81025
 9.53939
 7
 0
 0
 7.81025
 8.66025
 8.12404
 8.66025
 6.08276
 0
 0
 9.59166
 7.81025
 8.12404
 7.81025
 6.9282
 8.66025
 8.18535
 9.48683
 7.87401
 8.77496
 8.66025
 8.88819
 7.81025
 7.74597
 7.87401
 0
 9.32738
 7.74597
 7.81025
 7.74597
 7.74597
 0
 0
 9.53939
 8.83176
 9.53939
 8.66025
 6.85565
 6.85565
 0
 0
 0
 0
 7.81025
 8.66025
 7
 8.83176
 6.9282
 0
 0
 7.81025
 8.66025
 7.81025
 7.74597
 6.9282
 0
 0
 7.93725
 8.66025
 8.60233
 7.93725
 9.59166
 8.66025
 6.9282
 7.81025
 9.53939
 11.225
 7.81025
 7.93725
 0
 0
 0
 10.5357
 8.66025
 10.4881
 8.66025
 9.53939
 8.66025
 10.3923
 8.83176
 10.4403
 7.93725
 10.4403
 9.48683
 10.3923
 7.74597
 8.83176
 7.81025
 5.09902
 7.81025
 9.53939
 7.81025
 9.53939
 0
 0
 8.66025
 8.66025
 7
 11.2694
 0
 11.3137
 9.53939
 8.66025
 7.74597
 7.74597
 0
 0
 0
 11.2694
 7.81025
 6.9282
 8.66025
 3.31662
 0
 8.66025
 8.66025
 8.66025
 8.60233
 5.19615
 0
 7.81025
 9.53939
 7.74597
 7.81025
 7.81025
 0
 8.66025
 8.18535
 8.7178
 8.77496
 9.53939
 11.2694
 9.64365
 9.69536
 9.69536
 9.53939
 7.87401
 9
 11.225
 0
 7.81025
 9.27362
 9.48683
 8.77496
 11.225
 8.83176
 8.66025
 12.2066
 8.66025
 7.81025
 8.24621
 10.3923
 10.3923
 11.2694
 8.77496
 8.66025
 7
 7.81025
 9.53939
 11.2694
 11.225
 9.53939
 8.66025
 8.66025
 12.083
 7.74597
 7.81025
 9.64365
 9.48683
 8.77496
 7.81025
 11.2694
 10.3441
 8.7178
 9.48683
 8.7178
 8.66025
 10.3923
 7.81025
 8.88819
 8.66025
 10.3923
 7.81025
 7.07107
 12.083
 7.81025
 8.83176
 9.84886
 7.81025
 8.77496
 8.66025
 9.48683
 8.60233
 8.66025
 11.225
 10.5357
 7.81025
 8.66025
 8.66025
 8.66025
 10.3923
 6.9282
 8.66025
 7.81025
 10.3923
 7.81025
 11.2694
 7.87401
 11.2694
 7.74597
 9.48683
 11.3578
 12.083
 9.53939
 12.083
 6.9282
 10.3923
 9.53939
 10.3923
 7.74597
 10.3923
 7.81025
 7.14143
 8.77496
 8.7178
 9.48683
 7.81025
 10.3923
 9.53939
 10.3441
 7.81025
 8.60233
 9.53939
 8.06226
 10.3923
 7.93725
 10.3923
 9.64365
 10.9545
 7.87401
 10.3923
 7.81025
 11.3137
 7.93725
 8.7178
 8.66025
 7.74597
 7
 10.3923
 9.59166
 8.60233
 9.84886
 6.9282
 10.4403
 8.18535
 12.8062
 7.81025
 6.08276
 7.81025
 8.18535
 8.77496
 7.81025
 10.3441
 10.4403
 8.66025
 9.53939
 6.9282
 8.66025
 7.81025
 7.74597
 8.66025
 9.48683
 7.81025
 9.48683
 8.12404
 8.66025
 9.48683
 8.77496
 9
 7.81025
 11.225
 9.53939
 8.66025
 7.81025
 11.225
 7.74597
 9.48683
 9
 10.3923
 8.66025
 8.66025
 10.3441
 7.81025
 7
 10.9545
 10.4403
 8.7178
 6.9282
 10.5357
 8.66025
 10.9087
 8.60233
 6
 8
 6.85565
 8.83176
 7.81025
 7.61577
 6.9282
 8.66025
 7.81025
 9.69536
 7.81025
 7.81025
 8.7178
 8.60233
 9.48683
 7.87401
 7.81025
 9.48683
 8.7178
 10.3923
 8.66025
 7.81025
 9.53939
 8.66025
 7.87401
 7.87401
 9.53939
 8.66025
 11.225
 7.87401
 10.0499
 7.81025
 9.53939
 9
 9.53939
 9.53939
 6.9282
 7.81025
 6.9282
 5.38516
 7.81025
 7.74597
 7.87401
 12.083
 7.74597
 7.74597
 0
 6.9282
 8.7178
 7.81025
 7.81025
 10.3923
 7.81025
 8.66025
 7.87401
 6.9282
 7.81025
 6.9282
 8.66025
 9.69536
 10.3923
 7.81025
 6.9282
 11.2694
 7.81025
 7
 10.4881
 6.9282
 11.2694
 7.74597
 6.85565
 9.53939
 7.74597
 6.08276
 6.9282
 8.7178
 6.9282
 6.85565
 6.9282
 7.74597
 9.64365
 7.81025
 6.9282
 8.60233
 7.81025
 7.87401
 6.9282
 9.53939
 7.81025
 6.9282
 9.53939
 10.3923
 6.9282
 10.3441
 6.9282
 7.81025
 6.9282
 6.9282
 7.81025
 6.9282
 8.66025
 6.245
 9.53939
 6
 7.81025
 10.4403
 6.9282
 5.19615
 6
 7.74597
 8.77496
 6.9282
 10.3923
 9
 7.81025
 6.9282
 7.81025
 8.66025
 6.48074
 7.93725
 1.73205
 10.3923
 6.08276
 9.27362
 10.3923
 5.19615
 9.64365
 6.08276
 8
 7.68115
 1.73205
 7.74597
 7.34847
 10.4403
 8.66025
 7
 6.9282
 8.66025
 8.66025
 6
 6
 6
 5.19615
 9.27362
 6.9282
 8.66025
 4.24264
 4.24264
 6.9282
 6.9282
 8.66025
 10.3441
 7.74597
 9
 9.53939
 6.9282
 8.12404
 8.60233
 8
 5.19615
 8.66025
 8.12404
 5.38516
 6.08276
 6.9282
 4.58258
 6.08276
 7.81025
 6.245
 9.53939
 6.08276
 2.44949
 9.48683
 4.3589
 2.44949
 6
 4.3589
 7.81025
 4.3589
 7.81025
 7.4162
 7.74597
 7.07107
 7.74597
 7.81025
 6.9282
 5.19615
 8.66025
 6.9282
 4.24264
 0
 7.34847
 7.14143
 2.44949
 2.44949
 0
 7
 5.19615
 6.08276
 6.08276
 6.245
 6.32456
 7
 5.47723
 3.31662
 9.48683
 3.4641
 0
 8.66025
 5.38516
 1.41421
 6.9282
 7.07107
 3.31662
 6.08276
 6.55744
 6.9282
 6
 7.74597
 4.3589
 7.93725
 8.544
 0
 0
 6.9282
 6.245
 4.3589
 4.3589
 6.55744
 5.09902
 2.44949
 6
 3.4641
 1.73205
 7.74597
 6
 4.24264
 4.24264
 6.9282
 1.73205
 6.9282
 3.4641
 0
 5.09902
 6
 1.41421
 7
 6.9282
 2.82843
 6.08276
 5.47723
 5.19615
 7.07107
 3.31662
 1.73205
 6.245
 2.64575
 0
 6.9282
 3.4641
 5.38516
 3.87298
 5.19615
 1.41421
 1.73205
 3.31662
 1.41421
 3.60555
 1.41421
 3.31662
 1.73205
 6.08276
 2.23607
 6.08276
 1.73205
 8.48528
 6
 3.74166
 0
 5.19615
 2.44949
 6.85565
 4.58258
 1.73205
 0
 5.09902
 3.74166
 1.41421
 6
 3.4641
 0
 6
 1.73205
 3.4641
 3
 5.19615
 1.73205
 3
 4.3589
 0
 6
 7.74597
 0
 6.08276
 7.2111
 2.44949
 4.3589
 5.74456
 2.44949
 4.47214
 2.44949
 1.73205
 4.12311
 5.47723
 4.24264
 5.38516
 3.4641
 2.44949
 0
 4.89898
 4.24264
 1.73205
 6.16441
 5.09902
 0
 2.23607
 3.31662
 1.41421
 5.19615
 4.79583
 2.44949
 4.24264
 1.73205
 2.44949
 5.19615
 2.44949
 0
 4.24264
 5.19615
 6.245
 5.19615
 5.65685
 4.24264
