 17.088
 6.9282
 12.8062
 7.74597
 12.4097
 7.34847
 7.34847
 7.93725
 12.2474
 10.3923
 14.0712
 15.4272
 10.4403
 9.21954
 8.7178
 9.84886
 11.7473
 12.6095
 12.8062
 11.7898
 6.9282
 14.1067
 9.69536
 12.3693
 13.8924
 7.74597
 14.7986
 7.74597
 0
 13.4907
 12.8062
 10.8628
 9.8995
 13.0384
 14.6969
 13.5277
 11.0905
 15.9687
 11.3137
 11.6189
 9.21954
 11.5758
 13.0767
 10.5357
 6.55744
 10.9545
 11.7898
 11.8322
 9.59166
 10.0995
 10.4403
 10.4403
 17.4929
 0
 0
 11.7898
 13.2665
 13.1149
 8.544
 13.0384
 0
 0
 17.088
 15.3623
 12.4499
 9.32738
 0
 12.4097
 13.2665
 14.1067
 15.1987
 13.0384
 13
 12
 13.4164
 14.8324
 8.66025
 8.24621
 13.6748
 12.53
 11.1355
 7.34847
 0
 0
 14.0712
 14.7309
 12.53
 14.9332
 0
 0
 0
 12.9615
 15.3623
 12.9228
 10.4881
 6.7082
 0
 0
 13.5647
 13.4536
 10.3923
 10.3923
 6.9282
 10.5357
 12.6095
 12.1655
 13.0384
 0
 10.5357
 12.8062
 14.6969
 14.6969
 4.69042
 4.69042
 13.4164
 11.4018
 14.1067
 12.7279
 0
 13.2288
 9.38083
 12.6491
 10.4403
 14.7648
 11.6189
 13.4907
 10.1489
 0
 15.8745
 14.4914
 10.4403
 11.7898
 13.7113
 12.8841
 14.3178
 12.4097
 0
 0
 12.083
 13.5647
 11.3137
 10.4403
 0
 11.3137
 14.3178
 8.7178
 16.5529
 0
 0
 14.5258
 14.7648
 8.66025
 12.7671
 11.2694
 11.9583
 14.4914
 14.7309
 10.6771
 14
 11.6189
 12.2474
 12.0416
 15.3948
 12.5698
 11.6619
 11.6619
 10.3923
 18.2209
 14.0357
 13.0767
 12.0416
 0
 15.0997
 9.74679
 9.38083
 7.81025
 13.8924
 14.7648
 14.9666
 13.1149
 14.8324
 9
 14
 12.4097
 14.7648
 11.6189
 13.8924
 15.5242
 14
 14
 14
 0
 11.6189
 14
 16
 12.8841
 12.8841
 15.5242
 9.79796
 15.843
 11.3137
 11.3137
 0
 0
 15.5885
 13.1529
 15.1327
 13.4907
 7.74597
 15.1658
 12.1244
 13.6015
 12.4499
 12.7671
 8.12404
 0
 12.2066
 13.0384
 10.6771
 16.5529
 12.1244
 14.7648
 14.7309
 17.8326
 0
 0
 11.7473
 8.544
 14
 12.083
 2.44949
 14.7986
 13.2665
 14.7986
 13.0767
 7.68115
 14.5258
 13.8924
 14.0357
 15.8114
 0
 0
 0
 0
 13
 14.1067
 11.8322
 13.4536
 8.48528
 14.0357
 14.7648
 17.6068
 13.4907
 7.34847
 0
 0
 13.4907
 14.9332
 14.7309
 18.303
 18.303
 0
 0
 14.5602
 13.2665
 19.2614
 13.2665
 13.2665
 0
 0
 14.7986
 14.8661
 12.2882
 13.8924
 0
 0
 0
 11.4018
 13.1149
 13.0384
 14.4568
 0
 0
 0
 13.4164
 16
 16.0935
 12.3693
 0
 0
 0
 12.9228
 13.7113
 10.4403
 15.3948
 11.225
 0
 0
 0
 0
 16.5227
 16.7929
 13.2665
 14.5602
 0
 0
 0
 17.8326
 13.8924
 14.7648
 14.9666
 0
 0
 0
 14.7986
 14.8661
 15.6205
 13.8203
 0
 0
 0
 15.4919
 15.5242
 14.7309
 13.0767
 0
 14.7309
 16
 10.4881
 15.6844
 14.3178
 12.8841
 15.6525
 16.0312
 14.7986
 16.4924
 17.088
 12.2882
 13.1529
 14.7309
 17.4069
 11.6619
 0
 0
 13.4536
 12.5698
 14.7648
 13.8924
 13.7113
 0
 0
 11.6619
 15.4919
 17.8045
 13.9284
 12.2474
 17.2627
 15.9374
 13.1909
 15.6205
 14.3527
 15.906
 18.1934
 13.8924
 15.6844
 10.9545
 0
 14.7309
 11.5326
 15.6525
 13.8924
 0
 0
 0
 15.6205
 15.3623
 13.4907
 15.0997
 5.38516
 15.1327
 0
 0
 0
 0
 15.9374
 14.7986
 15.9374
 12.0416
 6.9282
 0
 0
 17.7482
 13.6382
 16.1245
 17.8045
 17.8045
 0
 0
 14.3178
 15.3623
 13
 17.7482
 11.3137
 13.1529
 17.9165
 11.7898
 12.2474
 11.3137
 20.8567
 15.1658
 0
 0
 0
 13
 16.7033
 15.3623
 15.3623
 14.7986
 18.1108
 13.8924
 16.4317
 17.5784
 17.6918
 13.8924
 12.4097
 16.4012
 13.8924
 16.6733
 13.8564
 8
 14.9332
 19.0526
 15.1658
 13.6382
 0
 0
 15.4919
 15.9687
 14.7648
 13.4907
 0
 14.3875
 15.3297
 17.1756
 15.748
 9.53939
 0
 0
 0
 14.7648
 16.3401
 18.6279
 16
 6.9282
 0
 13.8924
 13.8924
 17.8885
 10.7238
 10.7238
 0
 14.8324
 12.2882
 18.412
 14
 0
 0
 11.7898
 16.8523
 15.9687
 12.6095
 17.3494
 18.303
 14.7648
 15.9374
 0
 17.5784
 14.7648
 19.1833
 14.8324
 0
 13.9284
 18.4662
 14.8661
 14.7986
 14.0712
 14.8661
 14.3178
 14.2478
 17.8606
 16
 15.9687
 18.2757
 16.1555
 15.1327
 14.9666
 15.6525
 16.6733
 15.1327
 18.6011
 14.7648
 14
 10.5357
 14.8661
 19.7737
 11.4455
 21.4009
 15.1327
 15.5242
 12.8062
 14.7986
 14.1774
 15.3297
 17.8045
 16.1555
 15.3948
 15.9687
 15.6205
 18.2757
 14.7986
 16.6433
 14.7986
 14.7986
 17.2627
 13.7477
 14.5945
 14.7648
 15.3623
 13.9284
 14.7986
 17.8045
 16
 19.3649
 17.8045
 15.906
 18.2483
 15.1327
 17.3781
 19.8242
 14.2127
 15
 16
 14.7648
 12.1655
 18.4932
 17.1464
 13.7477
 14.1067
 19.2094
 16.1555
 18.6548
 17.5214
 10.198
 14.4568
 17.3494
 19.9249
 20.2485
 18.2483
 15.9687
 18.7617
 21.8174
 15.748
 19.9499
 14.0357
 15.9687
 15.5885
 17.8326
 16
 14.8661
 15.1987
 17.2627
 16.7033
 16.4621
 17.2916
 17.2337
 14.7986
 18.2757
 16.5831
 15.2315
 14.9332
 20.5183
 16.4317
 10.4403
 14.8661
 18.3576
 14.8324
 17.1172
 15.6525
 12.4097
 12.7671
 17.4356
 16.5831
 18.412
 18.6279
 14.7648
 20.445
 16.5227
 17.088
 19.1311
 15.6205
 16.6733
 19.7737
 22.4054
 15.3297
 14.3527
 16.7332
 19.3907
 14.7648
 14.7986
 17.8885
 18.9209
 16.6433
 15.6844
 17.8045
 15.0333
 18.735
 19.4679
 20.025
 17.4356
 14.7986
 16.6132
 15.9374
 20.2731
 13.9284
 18.6548
 17.5784
 11.2694
 15.8114
 19.2354
 12.4499
 18.3303
 18.8944
 16.6733
 18.4391
 17.2916
 17.5499
 15.3297
 15.3623
 18.6548
 19.1833
 19.2614
 16.4924
 14.5258
 19.6977
 15.6205
 22.1585
 16.6733
 13.9284
 15.1658
 21.6795
 15.5563
 15.906
 13.2665
 19.9499
 19.6977
 17.8045
 16.7033
 15.3623
 17.2337
 19.0788
 17.4356
 17.2627
 15.8114
 14.6969
 20.0499
 18.1934
 9.64365
 15.6205
 17.7764
 14.9666
 17
 14.0357
 19.4679
 17.2627
 17.8045
 15.5563
 17.5214
 13.9642
 18.5472
 16.2788
 18.2757
 13.9284
 15.9374
 17.6635
 15.6525
 16.0312
 16
 16.0624
 19.8242
 0
 16.6733
 16.3095
 19.6469
 14.7986
 18.2757
 15.6205
 20.6398
 15.6525
 10.7238
 16.1245
 14.7309
 14
 19.0263
 12.4097
 18.2209
 14.4568
 16.3095
 18.3303
 16.2481
 17.3494
 15.9687
 18.3303
 18.9209
 13.6748
 16.8819
 15.6525
 15.6844
 8.12404
 17.8885
 19.8242
 15.906
 19
 18.2757
 19.1833
 20.025
 17.3781
 19.7737
 20.6155
 20.6155
 14.7648
 17.3781
 17.5784
 12.4097
 15.8114
 17.1464
 14.3527
 17.2627
 17.088
 19.1833
 19
 16.3095
 18.412
 17.8606
 17.088
 15.5242
 18.303
 16.7929
 14.8324
 18.2757
 18.2209
 16.5227
 16.3401
 19.1311
 19.1311
 16.1245
 19.2873
 14.3527
 21.166
 14.8324
 19.8242
 19.0788
 12.8062
 18.6011
 9.64365
 16.6132
 16.4924
 17.8885
 16.7332
 17.0587
 18.303
 16.3707
 18.2483
 15.906
 15.906
 19.0788
 17.7764
 16.6733
 19.7737
 17.5784
 14.0357
 18.6279
 15.9687
 17.3781
 0
 17.1172
 20.347
 16.7332
 15.5563
 19.6469
 18.7617
 19.0526
 20.199
 20.5426
 19.975
 17.4929
 14.8324
 18.5742
 18.2757
 14
 17.3781
 17.5784
 19.1833
 13.9642
 15.1658
 16.6733
 17.0294
 18.4391
 15.6205
 16.7033
 15.9687
 20.3224
 17.5214
 18.6011
 15.3623
 15.9687
 18.303
 18.2209
 17.72
 23.3666
 15.1658
 16.1864
 19.0526
 19.0526
 15.6844
 18.735
 14.3178
 20.2485
 18.3848
 18.4932
 14.8661
 15.6844
 19.2614
 12.7671
 0
 13.7477
 16.1864
 18.5472
 0
 0
 19.4165
 17.4642
 17.3781
 15.6205
 18.5742
 16.2788
 13.4536
 15.1327
 20.8087
 13.2288
 17.4642
 19.9249
 13.7477
 14.7648
 20.0749
 18.6279
 15.9687
 15.6525
 21.7256
 19.799
 14.7648
 17.2627
 20.9523
 15.9374
 17.4069
 14.7648
 14.7648
 17.2337
 15.3948
 20.8327
 13.1529
 16
 19.6723
 17.4642
 15.1658
 20.2731
 12.4097
 16.3707
 12.8062
 20.3224
 18.2757
 16.4924
 12.4499
 19.799
 11.7898
 18.1108
 19.1311
 16.8819
 13.2288
 17.9165
 12.2474
 21.2132
 17.8885
 14.7648
 20.567
 15.3623
 20.0499
 13.1529
 18.1384
 20.2485
 20.0749
 14.4222
 22.5389
 16.7631
 15.1658
 16.3707
 15.7797
 16.2788
 13.0384
 17.8885
 20.347
 15.4272
 21.7025
 17.2337
 19.1572
 17.088
 17.0587
 17.088
 14.7648
 14.7648
 20.6398
 17.2047
 0
 20.4206
 15.7162
 15.7162
 14.2829
 15.3948
 15.3948
 13.5277
 16.2788
 14.8324
 14.5602
 15.6525
 13.4907
 14.8997
 19.0788
 9.32738
 21.095
 16.4317
 16.6132
 16.0312
 18.7083
 13.9284
 13.7477
 19.4936
 17.4069
 16.4924
 20.5913
 17.2337
 20.4695
 18.303
 16.8226
 16.7033
 7.93725
 7.93725
 7.93725
 12.1655
 15.748
 11.8322
 12.1655
 12.1655
 0
 13.8924
 13.8924
 12.1244
 15.7162
 8.544
 20.8327
 16.5529
 10.4403
 17.2047
 16.5227
 20.2978
 11.8322
 18.0278
 16.5831
 17.1464
 18.3576
 17.1172
 17.2337
 19.2354
 15.906
 19.1311
 17.088
 16.6433
 14.9332
