 10.4403
 8.66025
 10.0499
 13.1909
 10.583
 12.1244
 10.0499
 7.4162
 11.2694
 8.94427
 11.7898
 12.9615
 12.6095
 10.5357
 14.7648
 10.5357
 6.9282
 13.8924
 4.24264
 13.0384
 9.32738
 12.4097
 2.23607
 10.5357
 11.5758
 13.5647
 13.7113
 17.3494
 12.9615
 13.7477
 10.3923
 16.8523
 9.8995
 8.66025
 10.198
 10.198
 13.9642
 10.5357
 13.5647
 5.74456
 12.083
 13.0384
 15.0665
 15.0665
 15.0665
 11.7898
 9.32738
 9.32738
 14
 12.6095
 14.7648
 9.8995
 9.8995
 0
 0
 13
 13.8924
 9.64365
 9.69536
 9.69536
 0
 0
 14.3527
 11.7898
 13.9642
 7.74597
 0
 14.3178
 17.3205
 13.9642
 16.7929
 16.7929
 10.3923
 13.8924
 11.4018
 13.8924
 13.8924
 12.1244
 12.3693
 13.7477
 15.3623
 4.24264
 0
 0
 10.3923
 8.83176
 14.2478
 13.7113
 0
 0
 0
 10.1489
 6.9282
 14.5258
 13
 13
 0
 0
 10.4403
 13.7113
 13
 7.93725
 7.93725
 10.9545
 11.3137
 13.6382
 12.2066
 0
 0
 11.3137
 13.7113
 13
 13
 6.32456
 13.9642
 9.32738
 13.1529
 10.1489
 0
 13.0384
 14
 9.64365
 9.64365
 14.8324
 14.8661
 13.4536
 14.6969
 0
 12.1655
 14.9666
 12.1244
 14.1067
 8.66025
 9.64365
 15.3948
 13.4164
 0
 0
 14.7309
 13.5647
 12.1244
 14.0357
 0
 10.4403
 15.1658
 9
 12
 0
 0
 13.7113
 14.7986
 12.1655
 8.66025
 11.7473
 9.69536
 11.2694
 18.2483
 8.18535
 10.3923
 13.9284
 12.1244
 12.1244
 13.1149
 9.53939
 14.8997
 7.81025
 10.0995
 13.0384
 13.8564
 12.2474
 12.2474
 12.2474
 13.0384
 11.225
 14.6969
 14.6969
 18.1934
 13.0384
 15.6525
 13.7477
 14.7648
 14.7648
 10.4403
 14.3178
 17.3781
 11.7898
 12.1655
 13.9642
 14.5258
 12.9228
 12.9228
 12.9228
 12.2066
 16.4012
 11.2694
 13.3041
 13.4536
 17.5214
 13
 11.2694
 14.4914
 17.5214
 0
 0
 13.9284
 12.3288
 4.58258
 13.2288
 13.2288
 12.5698
 10.4403
 12.1655
 11.2694
 10.4403
 10.4403
 0
 9
 8.66025
 11.2694
 9.53939
 10.8167
 13.0384
 12.083
 14.3178
 0
 0
 11.2694
 12.9615
 14.7648
 13.2665
 13.2665
 13.8564
 14.0712
 10.7238
 12.4499
 12.4499
 13.0384
 13.1529
 13.2288
 16.4924
 0
 0
 0
 0
 10.4403
 17.3205
 14.1067
 12.083
 12.083
 11.2694
 16.5529
 14.7648
 17.5214
 17.5214
 0
 0
 14.3178
 16.0312
 15.6844
 13.8924
 13.8924
 0
 0
 16.4317
 14.3875
 14.8324
 16.4317
 16.4317
 0
 0
 12.8841
 10.3923
 11.4891
 14.3875
 0
 0
 0
 10.3923
 13.4536
 13.4164
 14.7309
 0
 0
 0
 12.4097
 12.4097
 13.9642
 13.7113
 0
 0
 0
 11.2694
 13.9284
 15.0997
 11.8322
 11.8322
 0
 0
 0
 0
 17.8326
 14.7986
 17.8606
 12.8452
 0
 0
 0
 15.9687
 15.1658
 16.7929
 18.4391
 0
 0
 0
 13.2665
 13.8564
 13
 14.7648
 0
 0
 0
 15.1987
 14.4222
 16.2788
 14.1421
 0
 14.8324
 16.3095
 15.3623
 14.5258
 15.1658
 15.1327
 16.6433
 15.1987
 13.9642
 14
 15.5563
 13.5647
 14.3178
 14.7986
 13.2288
 14.7986
 0
 0
 14.7309
 14.3875
 14.9332
 13.1529
 13.1529
 0
 0
 17.0587
 15.6205
 14.8997
 11.3137
 13.5277
 15.9374
 15.1327
 17.8606
 12.1244
 9.48683
 14
 15.0333
 15.9374
 15.906
 8.30662
 0
 14.2829
 15.4919
 14.4568
 15.4919
 15.4919
 0
 0
 17.8606
 15.3623
 18.2483
 14.4222
 14.4222
 14.4222
 0
 0
 0
 0
 16.2788
 16.7929
 12.9228
 15.3948
 15.3948
 0
 0
 15.9374
 15.906
 16.3095
 14.8324
 14.8324
 0
 0
 15.1658
 15.1327
 15.1327
 14.7648
 15.1327
 14.3527
 16.8226
 15.6525
 14.8997
 15.1327
 14.0357
 15.4919
 0
 0
 0
 17.1172
 15.6205
 19.799
 13.1909
 19.0526
 16.4012
 14.8997
 18.5472
 16.7033
 17.1464
 15.6525
 14.4222
 17.1464
 14.6969
 16.6733
 15.5563
 15.5563
 16.3401
 16.4012
 16.6733
 14.7309
 0
 0
 17.088
 18.6548
 16.0312
 15.2315
 0
 16.7033
 16.4012
 17.088
 16.0624
 16.0624
 0
 0
 0
 15.4596
 15.906
 15.7162
 16.6433
 16.6433
 0
 15.4919
 15.906
 18.2483
 16.8226
 16.8226
 0
 16.0935
 15.9687
 17.088
 15.906
 0
 0
 16.3095
 16.3095
 16.1245
 18.5472
 16.2788
 18.4662
 18.6279
 18.8149
 0
 18.2757
 14.4222
 15.9687
 17.8885
 0
 15.1987
 15.6525
 15.0997
 16.3707
 15.4596
 15.3623
 18.5742
 15.5885
 15.9374
 18.0831
 16
 19.105
 19.0526
 18.0831
 17.5214
 17.7482
 12.3288
 17.8885
 17.5784
 17.5784
 15.1987
 16.6733
 17.8606
 16.4012
 16.6433
 16.4012
 16.7929
 17.2047
 16.6733
 18.2483
 17.5784
 17.2337
 18.6548
 17.9165
 18.5472
 18.303
 14.3527
 18.2209
 17.8885
 16.7033
 15.1327
 18.6011
 15.1987
 16.8523
 17.4069
 16.7631
 15.1987
 16.1245
 18.7617
 16.0935
 16.7033
 16.7033
 17.0587
 16.6733
 17.7764
 17.5499
 15.2315
 17.1172
 17.8885
 15.9374
 16.6733
 15.3623
 13.9642
 16.1864
 17.3494
 16.1245
 15.1658
 16.8523
 17.8045
 17.5784
 18.2483
 15.6205
 19.7737
 18.6279
 19.105
 18.6011
 18.2757
 17.8885
 17.8606
 19.0526
 17.8606
 16.3401
 16.7033
 17.9722
 14.4914
 16.7332
 14.7648
 19.4679
 17.5499
 15.6205
 19.2354
 16.2788
 17.1464
 16.8226
 19.2354
 17.5784
 18.3576
 18.4391
 17.8045
 17.3494
 14.4222
 15.2971
 16.3401
 16.1245
 15.5563
 16.8523
 13.5647
 15.4272
 14.8324
 16.7033
 15.906
 17.4069
 17.1172
 19.3907
 16.7033
 19.6723
 18.6011
 18.6548
 19.105
 17.8606
 16.3095
 17.1464
 15.1658
 16.3707
 16.2788
 16.7033
 13.7113
 16.6733
 17.8606
 15.5563
 15.9687
 13.9284
 17.088
 17.7482
 18.1108
 16.4317
 17.8326
 17.1756
 18.412
 18.0278
 15.9374
 16
 14.4222
 15.4919
 16.3707
 14.3875
 14.7309
 17.8606
 14
 16.0624
 17.4642
 14.9666
 16.7332
 15.4596
 17.8885
 17.8606
 17.8606
 17.5499
 17.3205
 18.7617
 19.3649
 14.9332
 15.9374
 16.8523
 15.5242
 17.5499
 16.4012
 16.7929
 16.4012
 17.5784
 16.7332
 16.6733
 15.9687
 16.7332
 17.3494
 17.8606
 19.3649
 17.2916
 17.088
 15.9374
 17.1172
 18.6279
 17.1756
 17.1756
 17.4642
 12.8452
 15.1658
 15.6525
 15.6525
 16.8523
 16.7332
 18.735
 19.105
 19.2354
 20.6398
 17.8885
 17.8326
 18.2757
 15.6525
 16.4012
 15.1658
 15.4596
 15.9687
 17.088
 15.906
 18.0555
 17.4356
 19.0263
 0
 16.3707
 17.3494
 17.1464
 17.5214
 16.3401
 17.3205
 18.5203
 16.4012
 15.6525
 16.8226
 14.4568
 15.1658
 17.2047
 18.6279
 18.735
 19.0526
 20.199
 16.8819
 17.4069
 21.3073
 16.1555
 18.7617
 16.7033
 15.4919
 16.3401
 17.8885
 15.906
 15.906
 16.3401
 17.8885
 15.5242
 15.9374
 17.4642
 18.2757
 15.9374
 16.8819
 16.4012
 15.9687
 16.8523
 14.9666
 18.2209
 16.6733
 16.8523
 18.2209
 18.4662
 16
 20.567
 18.5472
 19.105
 17.9444
 17.7764
 19.0526
 16.3707
 18.6011
 16.5831
 19.2354
 15.6205
 20
 17.5784
 20.6882
 15.1658
 17.4069
 18.6011
 18.5742
 17.4642
 16.3401
 19.6723
 16.7033
 17.8606
 16.8819
 16.2481
 14.7309
 18.5472
 18.5472
 19.4936
 16.1555
 19.105
 19.7737
 20.2731
 19.6214
 20.3224
 22.891
 19
 19
 19.6723
 17.8606
 19.7737
 17.5499
 16.1555
 17.8326
 16.7332
 21.6564
 15.1327
 0
 19.2354
 17.8885
 19.1311
 19.6469
 17.9165
 18.2483
 18.2483
 19.7737
 20.2978
 16.8523
 19
 16.7929
 18.4932
 18.7083
 17.3494
 19.6469
 17.0587
 20.3224
 17.2627
 18.2757
 22.1585
 16.1864
 19.0263
 21.4476
 16.1864
 16.4012
 18.5742
 20.199
 20.4206
 18.3303
 16.7929
 20.4206
 18.5742
 15.906
 17.8326
 16.7033
 19.4679
 19.6723
 18.0278
 21.4709
 21.4243
 19.5704
 19.105
 17.9444
 19.0263
 17.1464
 19.799
 22.3607
 18.5203
 18.5203
 20.199
 20.347
 18.412
 0
 0
 20.199
 17.8326
 18.5472
 16.7332
 16.6733
 18.0555
 15.9687
 20.2485
 14.9332
 19.7484
 19.1311
 13.7477
 18.3576
 18.4391
 16.2788
 18.4391
 20.2731
 15.9374
 21.5174
 17.9444
 20.2731
 19.6469
 18.5742
 14.3875
 19.4679
 20.2978
 12.49
 12.49
 16.7929
 19.0526
 16.0312
 16.0312
 21.7256
 17.2627
 16.6433
 18.6279
 17.7764
 14.1421
 13.6015
 17.8326
 16.3707
 18.5472
 16.8819
 14.7648
 17.8885
 18.4662
 14.7309
 18.5472
 15.9687
 14
 18.412
 18.412
 17.3494
 18.412
 20.4695
 12.9228
 17.8606
 15.3948
 12
 17.8606
 18.3303
 10.3923
 24.0832
 18.6011
 18.8149
 12.9228
 18.2757
 16.6132
 10.4403
 16.6132
 17.2337
 13.5647
 19.0263
 18.3848
 14.7309
 17.2627
 13.5647
 17.3494
 16.3401
 19.6723
 16.8226
 18.7883
 18.7883
 17.8606
 20.2237
 13
 16.7631
 19.105
 12.2474
 18.7083
 14.7309
 11.0454
 14.1774
 17.9165
 11.1803
 13.7113
 15.6525
 13.2288
 14.2127
 15.3297
 15.9374
 11.8322
 12.53
 13.7477
 18.6011
 15.5242
 14.2829
 18.3848
 13.3417
 13.4536
 16.5831
 13.0384
 14.8997
 17.1464
 10.583
 16.7033
 12.7279
 16.5227
 18.2483
 19.1311
 17.3781
 10.4403
 10.4403
 12
 20.0998
 16.2481
 11.225
 17.3494
 15.748
 13.1529
 13.0384
 18.3303
 10.5357
 13.7113
 13.6748
 9.48683
 12.6491
 11.6619
 14.4222
 12.1244
 14.0712
 15.1658
 17.6068
 17.5784
 15.1658
 13.8924
 19.0263
