 296.742
 0
 19.2354
 22.1359
 27.8209
 28.0357
 28.9828
 28.6531
 27.8209
 29.5127
 33.3017
 34.1614
 34.8281
 30.0167
 28.0713
 33.4216
 30.1828
 23.6432
 29.9666
 28.0891
 24.454
 29.5127
 31.3528
 34.4674
 35.6931
 31.1448
 38.223
 28.688
 26.9629
 27.258
 27.8747
 27.7849
 30.4795
 30.6268
 24.2487
 33.1059
 32.7872
 30.315
 34.5977
 35.4542
 36.7015
 34.1321
 38.6652
 36.3043
 31.9374
 32.8786
 30.1828
 39.8873
 29.6816
 32.2025
 30.6757
 34.641
 27.0185
 0
 0
 30.8545
 33.7639
 33.0151
 27.074
 31.3528
 0
 0
 36.2905
 34.176
 32.1559
 32.909
 32.909
 35.9861
 37.0945
 34.9142
 39.5474
 25.2389
 30.1164
 29.9333
 33.5261
 40.5093
 22.7156
 38.7169
 31.4484
 25.3574
 29.9165
 20.7605
 0
 49.558
 33.4365
 38.9872
 33.5857
 29.1033
 29.1033
 0
 40.6694
 39.6611
 36.4966
 35.819
 35.1994
 20.3961
 0
 33.1059
 38.5487
 39.5601
 35.8329
 33.9411
 18.3303
 37.8682
 41.3884
 35.9722
 35.2562
 35.2562
 29.3428
 31.305
 33.7491
 41.7493
 18.5472
 18.5472
 37.6298
 33.0454
 35.7351
 29.0689
 29.0689
 35.6791
 34.3802
 37.4967
 33.2566
 40.398
 38.4708
 39.8372
 37.9078
 37.9078
 36.0139
 38.1969
 34.9428
 39.0512
 34
 33.8526
 46.1411
 29.9165
 0
 0
 45.6946
 34.1906
 33.4813
 35.4824
 35.4824
 40.1746
 36.5103
 42.9651
 35.2136
 0
 0
 42.1189
 38.5876
 40.9756
 40.025
 40.2741
 36.6879
 41.328
 39.9875
 34.5688
 34.8138
 32.4654
 41
 34.176
 38.7169
 34.8855
 44.2945
 44.2945
 37.51
 40.0999
 42.9535
 37.6165
 33.9853
 0
 41.5452
 42.8252
 41.0853
 41.4849
 38.4708
 41.328
 39.9249
 39.2938
 37.3229
 43.1972
 34.7994
 36.318
 42.332
 31.9531
 36.0278
 46.7868
 35.5528
 35.0286
 35.0286
 0
 41.3159
 41.7493
 46.8935
 36.8511
 36.8511
 42.7434
 43.7493
 46.551
 40.0749
 40.0749
 0
 0
 43.0697
 42.3556
 41.0244
 41.4367
 41.9762
 41.9762
 36.2905
 36.8646
 42.6497
 37.4566
 37.3497
 0
 38.0395
 42.1663
 37.7227
 37.3898
 41.3763
 40.4475
 47.5289
 42.0833
 0
 0
 42.4264
 41.509
 45.5412
 46.7761
 28.5832
 45.5082
 43.8862
 43.4166
 42.3674
 29.0689
 40.6817
 38.4448
 36.9324
 39.6989
 0
 0
 0
 0
 40.5339
 43.9545
 38.092
 36.5787
 37.9473
 42.6028
 40.8167
 47.5395
 41.6533
 35.8887
 0
 0
 42.4382
 45.5302
 43.4396
 48.734
 31.273
 0
 0
 45.1664
 43.6348
 50.1896
 42.5088
 29.95
 0
 0
 40.7185
 46.4866
 39.6358
 37.9868
 37.9868
 0
 0
 47.1063
 40.3237
 39.0512
 38.1314
 0
 0
 0
 43.3359
 42.72
 43.4281
 38.0526
 0
 0
 0
 48.0833
 46.2061
 45.8694
 45.1774
 45.1774
 0
 0
 0
 0
 45.1442
 44.911
 45.913
 47.4868
 0
 0
 0
 41.7971
 42.4146
 40.7799
 42.5206
 0
 0
 0
 39.6106
 39.9249
 40.9878
 38.8587
 0
 0
 0
 44.2945
 43.4741
 44.5533
 44.2719
 0
 48.8876
 44.8665
 46.1844
 51.1762
 47.0319
 52.0961
 48.7647
 47.0744
 43.1856
 42.8019
 51.8556
 42.0595
 43.2666
 43.0349
 44.6878
 37.8946
 0
 0
 42.9418
 43.2897
 44.6878
 48.1664
 36.2905
 0
 0
 0
 46.2277
 49.4065
 47.4552
 36.0139
 48.3735
 47.8644
 50.5173
 53.1507
 43.7035
 52.4881
 44.2832
 42.7902
 41.9524
 38.8072
 0
 43.1741
 40.0874
 46.7226
 41.2674
 41.2674
 0
 0
 45.0666
 42.8135
 45.2106
 43.4741
 30.7734
 30.7734
 0
 0
 0
 0
 48.6724
 50.2991
 45.1221
 49.1732
 34.2199
 0
 0
 0
 47.8748
 51.1175
 52.6023
 28.2312
 0
 0
 45.1664
 43.4396
 43.8862
 55.3895
 45.3872
 43.3128
 52
 41.7013
 45.3762
 46.1411
 50.6754
 45.8585
 0
 0
 0
 49.7695
 46.7868
 48.3218
 49.5883
 49.4773
 51.4879
 50.636
 49.3457
 47.0744
 43.6463
 46.7761
 49.6387
 53.0848
 41.2674
 44.8888
 41.6413
 16.2788
 47.0638
 49.0102
 46.594
 45.5192
 0
 0
 49.2341
 52.2398
 43.4281
 48.949
 48.949
 50.6853
 50.3984
 51.2738
 48.1768
 48.1768
 0
 0
 0
 45.6289
 44.3734
 52.5262
 43.6807
 16.4012
 16.4012
 42.638
 42.8952
 57.3934
 42.6732
 17.9722
 17.9722
 49.163
 49.0918
 57.4369
 45.913
 45.913
 0
 0
 0
 49.5177
 59.2199
 53.9444
 52.1153
 51.6624
 52.0769
 52.0769
 46.0652
 53.1319
 45.31
 47.7284
 0
 41.0366
 47.9375
 53.5257
 43.1856
 47.8748
 51.8556
 48.621
 56.3738
 50.5668
 49.8999
 51.9326
 51.4101
 52.2877
 52.1632
 52.5262
 47.2652
 49.6588
 47.4868
 45.3542
 52.8867
 49.0918
 43.6578
 43.6578
 55.5428
 48.9183
 59.3633
 45.31
 48.4665
 53.619
 54.5069
 57.5413
 51.1762
 52.2207
 53.6097
 53.3667
 54.4334
 53.301
 44.5533
 47.4236
 47.7284
 53.4509
 47.3392
 44.3509
 42.9302
 49.3356
 49.0408
 51.9038
 46.2709
 51.8459
 57.4543
 53.0283
 51.1371
 50.6656
 54.7814
 54.8635
 53.8331
 49.4368
 45.0999
 52.6688
 51.5752
 48.0521
 48
 43.9545
 51.2835
 50.1498
 45.3542
 48.949
 55.9643
 51.2348
 57
 52.0865
 53.7587
 54.5711
 54.4151
 54.4151
 56.5332
 48.6621
 50.5173
 48.518
 53.066
 48.9183
 53.8795
 44.4185
 44.5758
 53.3573
 49.99
 47.0744
 49.3964
 50.6557
 54.074
 53.4228
 52.144
 54.1295
 55.2901
 51.6817
 53.563
 51.0979
 51.0294
 55.6327
 46.1628
 49.7192
 46.9468
 47.3498
 53.9537
 48.7237
 52.3927
 53.535
 47.4763
 54.754
 54.3967
 55.6327
 50.636
 57.7927
 56.6569
 56.0714
 52.1632
 46.7226
 57.5239
 50.2394
 50.0999
 53.0848
 57
 47.2758
 46.7654
 50.0999
 48.4045
 46.744
 49.7192
 52.9434
 52.4118
 52.5262
 51.3323
 52.5167
 55
 52.2207
 56.4801
 48.0729
 55.2992
 51.3907
 53.0754
 49.7092
 55.6956
 45.7384
 49.5681
 51.5267
 46.5081
 49.6488
 53.535
 48.6929
 52.0865
 53.963
 51.8845
 55.5698
 54.5252
 52.9339
 54.1572
 51.7011
 56.4889
 50.7247
 52.8961
 53.3667
 45.3762
 57.6021
 45.3211
 49.1121
 49.9199
 46.7333
 45.0888
 50.6557
 51.0098
 52.915
 50.1298
 53.9351
 54.5436
 53.4509
 52.4881
 50.8527
 53.8331
 48.4149
 60.7947
 47.0106
 49.8899
 46.9468
 55.6147
 49.6387
 48.1664
 48.7852
 50.6162
 50.4282
 52.2972
 53.1789
 55.6327
 53.9815
 52.5357
 55.5518
 50.4083
 49.4368
 49.0714
 47.4658
 49.5883
 48.1871
 43.8976
 49.8999
 50.319
 48.6621
 53.0943
 51.517
 56.4447
 56.4447
 52.259
 54.8726
 48.1768
 48.1248
 43.8406
 45.7275
 48.7032
 48.7134
 47.55
 48.4562
 53.768
 49.5883
 50.7149
 55.4707
 56.4004
 51.1762
 54.5161
 52.3355
 47.9062
 50.1199
 48
 48.6826
 45.299
 49.6588
 49.1121
 52.1249
 47.8539
 47.8539
 49.679
 53.9537
 53.3854
 49.98
 55.0182
 53.6656
 42.0714
 49.7795
 49.8297
 49.4975
 48.6929
 49.8297
 47.8957
 49.6991
 49.2849
 48.816
 52.792
 53.3104
 56.8858
 54.2402
 54.9454
 53.1225
 49.1935
 53.7587
 48.8876
 50.4579
 48.9387
 47.0319
 48.1975
 52.4786
 52.4976
 53.8238
 50.5866
 52
 51.8845
 53.2916
 51.672
 53.8888
 50.6063
 53.8609
 51.0098
 51.2543
 48.8876
 51.0686
 53.2447
 45.3211
 49.6588
 54.2402
 51.672
 56.1249
 53.6843
 52.8772
 53.3292
 51.3517
 49.7896
 46.1736
 53.647
 49.93
 50.5964
 49.0816
 45.2327
 50.4083
 50.4381
 52.3546
 52.5357
 52.5357
 53.3573
 52.6498
 52.0288
 54.0278
 52.9906
 53.3854
 53.3854
 50.5569
 54.9181
 50.4183
 49.5883
 57.0877
 50.7149
 48.6518
 53.6004
 50.8822
 49.5379
 53.0943
 54.8452
 53.5164
 53.3385
 56.3471
 51.6817
 51.5752
 46.3033
 50.1797
 50.1797
 51.7301
 51.7301
 50.9706
 45.3982
 49.7896
 52.7352
 52.1344
 49.4368
 55.0364
 54.2218
 50.6162
 48.8569
 53.3198
 52.2015
 53.5537
 49.548
 56.116
 52.0096
 51.6333
 49.548
 49.3559
 51.4976
 51.4976
 51.8652
 51.9326
 54.0185
 54.0185
 54.0185
 52.0769
 55.4256
 47.9792
 50.4579
 50.4579
 49.2037
 49.2037
 47.9062
 42.9185
 42.9185
 50.1797
 47.392
 54
 41.2068
 54.1756
 49.4368
 51.1371
 50.8626
 47.1487
 55
 54.4518
 55.263
 50.892
 52.1249
 48.1041
 50.9706
 51.2835
 51.2835
 49.93
 45.8912
 53.7959
 53.7959
 51.1664
 50.3587
 51.7107
 47.5079
 47.5079
 46.5188
 52.8772
 45.3652
 50.892
 49.7795
 49.7795
 47.9896
 57.8792
 50.1099
 51.1566
 49.6185
 51.1957
 58
 52.9056
 47.8748
 52.2494
 51.5946
 55.7584
 47.8748
 47.3392
 48.8262
 47.2758
 48.3011
 46.5188
 48.6826
 46.594
 48.7032
 39.9875
 42.1782
 44.8999
 45.8367
 45.8367
 42.8836
 45.1331
 45.1331
 47.8121
 48.0833
 49.7795
 43.9431
 49.8999
 45.5961
 53
 53
 47.4552
 47.2546
 0
 48.9183
 44.6654
 44.6654
 50.5767
 44.7884
 44.7884
 30.9677
 41.2068
 41.2068
 37.4967
 48.9387
 48.9387
 41.7612
 45.1885
 45.1885
 42.45
 42.45
 40.8534
 42.8135
 47.1275
 48.6107
 45.5192
 53.3104
 47.3814
 46.0217
 46.0217
 25.1992
 25.1992
 42.4382
 44.486
 44.486
 40.939
 50.3289
 50.3289
 48.7237
 53.2353
 51.3323
 51.3323
 51.3323
 51.3323
 52.5071
 47.4342
 47.4342
 37.9473
 41.9762
 40.8412
 40.8412
 34.4529
 35.805
 44.8442
 31.6544
 33.9559
 35.1994
 46.0652
 46.0652
 44.7549
 45.6727
 34.2491
 47.9896
 45.0555
 42.7551
 46.9894
 44.7437
 44.7437
