 296.742
 0
 31.8277
 34.3657
 37.4032
 38.5876
 38.2884
 41.2795
 39.0512
 44.3058
 46.9894
 45.3321
 48.7134
 34.0294
 40.9512
 43.2088
 41.7013
 40.9756
 41.9762
 43.566
 37.7492
 46.0652
 40.9023
 42.8952
 49.6991
 37.1887
 42.8952
 35.8469
 35.623
 42.2847
 42.2374
 39.1663
 49.4065
 42.4264
 41.7852
 51.5073
 52.5262
 49.5984
 53.9722
 53.6749
 44.6542
 35.6511
 53.8331
 49.7795
 47.55
 46.465
 44.3847
 47.0532
 41.9524
 46.0326
 48.3115
 47.7284
 42.5793
 0
 0
 0
 49.1833
 42.332
 35.171
 43.1161
 0
 0
 0
 0
 38.4578
 29.1719
 29.1719
 33.7639
 43.0349
 51.6043
 60.4731
 40.4351
 45.3762
 34.6987
 38.5097
 60.8769
 34.6266
 58.2323
 43.4971
 42.7902
 45.4092
 33.4664
 0
 0
 46.9574
 49.7896
 53.2165
 49.3457
 49.3457
 0
 49.548
 48.8262
 51.643
 54.4518
 56.1249
 33.6155
 0
 43.1393
 36.1525
 58.2065
 55.0454
 42.2966
 31.6228
 51.5558
 54.7814
 42.6028
 50.3686
 50.3686
 42.6263
 50.4579
 46.9361
 53.963
 27.6767
 27.6767
 44.3396
 41.9881
 56.0625
 37.4032
 37.4032
 57.4891
 48.1871
 35.8329
 31.4802
 55.6956
 57.5934
 49.5782
 41.7732
 41.7732
 51.643
 41.4246
 35.1568
 64.7611
 47.4868
 48.3942
 69.0869
 40.5709
 0
 0
 0
 0
 39.3065
 56.2583
 56.2583
 55.6866
 60.3241
 63.0476
 60.5723
 60.5723
 60.5723
 60.803
 59.2284
 38.223
 57.3236
 56.6127
 37.4166
 56.9298
 50.02
 46.9681
 47.0956
 50.6952
 42.3792
 40.939
 61.131
 44.8888
 66.106
 66.106
 35.1852
 63.0635
 44.8776
 36.8917
 46.8188
 0
 0
 42.4028
 50.3984
 57.3411
 48.4149
 59.439
 43.1045
 38.9102
 55.0999
 59.127
 48.8057
 51.7204
 68.3008
 37.8418
 43.2551
 72.3187
 56.2761
 53.6097
 53.6097
 53.6097
 55.1271
 63.0397
 72.2288
 60.564
 60.564
 62.9365
 44.1022
 68.0588
 64.7765
 64.7765
 64.7765
 64.7765
 61.1065
 43.6807
 62.7057
 60.8687
 56.3383
 56.3383
 54.7631
 49.548
 52.6688
 55.1996
 52.7541
 52.7541
 43.6005
 46.9148
 45.3431
 63.2139
 40.9023
 39.064
 64.3739
 68.3228
 68.3228
 68.3228
 58.2151
 44.5084
 67.2607
 52.144
 44.9778
 65.169
 41.2916
 48.7852
 45.3982
 42.6263
 54.7449
 42.2374
 50
 56.921
 56.921
 56.921
 56.921
 56.921
 47.5079
 70.8378
 59.4559
 55.6327
 51.7301
 61.4573
 65.2304
 73.6817
 65.7419
 48.239
 0
 0
 45.3542
 66.6408
 67.0224
 73.3757
 47.085
 0
 0
 0
 0
 0
 44.1588
 47.8121
 0
 0
 0
 0
 48.4355
 56.4978
 56.4978
 56.4978
 56.4978
 52.1824
 50.448
 46.1844
 58.9067
 58.9067
 58.9067
 58.9067
 44.3734
 39.6611
 68.0808
 39.0384
 0
 0
 0
 0
 0
 46.465
 63.0635
 63.0635
 63.0635
 63.0635
 63.0635
 63.0635
 46.3357
 66.0227
 43.4971
 56.701
 56.701
 56.701
 56.701
 56.5951
 48.9081
 45.1774
 45.1996
 0
 0
 0
 0
 46.1519
 57.5413
 60.2744
 60.2744
 60.2744
 60.2744
 69.0145
 69.7639
 66.0076
 38.3536
 0
 0
 0
 0
 0
 45.6946
 78.4219
 67.7864
 67.8454
 60.0417
 62.1048
 74.6994
 44.0454
 55.263
 53.7308
 70.0999
 57.2189
 57.2189
 57.2189
 43.2551
 44.0227
 70.0928
 58.6515
 47.3392
 0
 0
 0
 0
 0
 45
 47.8853
 47.8853
 68.9348
 45.5192
 73.3348
 73.3348
 50.5668
 63.5374
 48.1248
 49.6085
 43.6921
 0
 0
 0
 47.571
 60.4649
 60.4649
 60.4649
 60.4649
 71.4493
 46.6047
 67.3424
 57.3324
 43.0465
 43.0465
 0
 0
 0
 0
 0
 0
 0
 0
 42.1426
 0
 0
 0
 0
 0
 0
 37.8418
 0
 0
 0
 0
 44.1701
 83.1625
 56.0892
 57.7754
 77.3757
 61.3514
 43.5086
 43.4626
 75.5778
 71.4633
 71.4633
 71.4633
 71.4633
 67.8896
 67.7274
 75.4586
 65.0615
 71.8819
 60.0999
 53.5817
 45.9021
 51.225
 64.4205
 47.2335
 57.1927
 62.546
 61.3025
 58.7452
 62.145
 33.3766
 70.1071
 48.7442
 73.0616
 47.8957
 0
 0
 0
 0
 0
 0
 0
 0
 0
 0
 0
 0
 0
 0
 0
 48.3322
 63
 82.4742
 66.0227
 28.3019
 28.3019
 58.5747
 56.9473
 85.5628
 61.0246
 31.7017
 31.7017
 43.5086
 48.0208
 82.8251
 72.3049
 72.3049
 72.3049
 74.8532
 77.3822
 70.0714
 76.0263
 70.1712
 51.1371
 75.0733
 48.6415
 48.6415
 51.2738
 56.1249
 58.2323
 44.3509
 0
 0
 0
 0
 0
 0
 0
 0
 0
 0
 0
 0
 0
 0
 0
 0
 0
 0
 0
 0
 0
 0
 0
 0
 0
 0
 0
 0
 43.0349
 74.027
 79.8937
 83.4386
 72.4914
 74.3909
 63.7966
 77.3499
 51.923
 70.7814
 57.463
 54.8088
 47.2017
 56.3028
 64.0547
 61.0082
 67.4537
 51.4781
 74.92
 43.4396
 69.4478
 75.7298
 83.006
 69.5917
 79.1644
 71.5681
 53.9907
 50.6656
 79.5801
 48.6313
 61.9677
 71.3022
 56.107
 54.4885
 67.8822
 63.7887
 66.4831
 43.1625
 74.135
 54.4243
 84.113
 72.7461
 89.3364
 79.6994
 75.6835
 57.3324
 78.4538
 62.3057
 82.7768
 69.5054
 43.2204
 51.6527
 76.7203
 63.3246
 72.4431
 64.9076
 58.1636
 56.7186
 51.2055
 71.211
 75.6769
 59.0593
 59.0593
 77.608
 80.2247
 64.304
 60.7701
 72.298
 80.635
 48.2908
 71.3232
 60.564
 66.9776
 66.7158
 66.7158
 76.987
 58.3952
 57.3934
 46.8615
 69.7639
 73.6139
 63.4271
 80.5792
 83.5703
 73.3962
 89.3588
 68.7314
 79.7747
 58.1893
 70.4202
 86.296
 53.8981
 52.2972
 67.1416
 81.8291
 60.0333
 67.2978
 55.3805
 77.3757
 71.4703
 75.8749
 78.8987
 81.3142
 52.8583
 61.9839
 75.1532
 50.0799
 79.9062
 70.2211
 68.3447
 68.3447
 47.3181
 77.408
 62.1772
 57.2713
 62.2736
 66.7458
 47.0319
 72.3533
 57.9914
 47.655
 46.1736
 64.5523
 81.4432
 73.4098
 83.2586
 77.5435
 49.3862
 75.8749
 48.1664
 89.1011
 52.8867
 74.7797
 69.217
 65.1844
 87.9261
 51.3225
 70.0571
 55.6597
 74.0068
 66.7683
 75.9078
 45.4313
 78.905
 78.6321
 67.424
 76.1577
 64.1171
 80.5419
 74.9266
 54.5619
 70.5549
 55.4256
 49.7393
 71.7635
 60.7865
 55.9106
 46.1519
 69.2676
 59.9583
 70.8237
 51.0098
 79.925
 79.8874
 81.4125
 60.0083
 73.973
 48.6004
 49.295
 49.2037
 64.9538
 64.2884
 58.4038
 75.1665
 65.681
 49.5379
 78.8987
 77.201
 72.3671
 81.3695
 76.7072
 76.7072
 79.4166
 61.4248
 70.1641
 59.1693
 48.6004
 51.449
 46.0326
 65.7495
 66.5507
 46.0869
 80.6908
 52.4595
 52.5357
 79.5173
 82.4439
 74.2024
 53.963
 53.8609
 68.2569
 46.6905
 64.3506
 64.5213
 61.709
 76.5506
 50.636
 80.827
 76.4984
 76.4984
 48.7545
 76.8895
 83.006
 69.8713
 83.3247
 67.6831
 71.7914
 74.0878
 52.0288
 68.9855
 52.2781
 62.434
 55.5878
 49.5782
 76.9545
 47.833
 75.7562
 82.9638
 78.4156
 80.7094
 51.0882
 74.7329
 58.0517
 47.4236
 57.2538
 67.0671
 71.631
 51.264
 72.1457
 78.9873
 47.4658
 76.2824
 82.9819
 80.6846
 72.2565
 76.7529
 74.98
 72.0069
 72.0069
 69.9929
 52.5357
 55.5338
 61.9031
 71.218
 46.9468
 46.9468
 47.8539
 83.2286
 72.7393
 80.5916
 80.5792
 44.5197
 74.9066
 49.4469
 59.607
 62.9206
 48.9081
 72.6705
 50.8527
 50.6656
 61.0574
 80.1436
 49.2544
 78.905
 82.4075
 82.4075
 74.8999
 83.5045
 83.5045
 70.9436
 72.1041
 78.6193
 78.6193
 71.3372
 49.7293
 57.8187
 66.8506
 62.2977
 53.3104
 57.3585
 80.1436
 71.4913
 45.0666
 45.0666
 83.6301
 50.5668
 78.3135
 82.0183
 76.5245
 44.1701
 67.2978
 79.3788
 79.3788
 57.7062
 57.7062
 73.7767
 74.411
 48.8365
 74.3102
 83.3307
 51.3615
 84.3386
 78.8797
 73.1163
 61.0983
 53.1601
 70.4202
 50.4282
 57.7148
 57.7148
 57.7148
 69.6419
 51.1566
 65.4828
 80.895
 80.895
 74.6458
 49.0102
 82.0366
 82.0366
 82.0366
 48.0208
 75.4718
 62
 50.1797
 50.1797
 76.1971
 76.1971
 75.2064
 65.3988
 65.3988
 74.7128
 81.9451
 53.7866
 53.7866
 81.0802
 63.5925
 69.4334
 76.9025
 50.8626
 52.1344
 61.79
 58.2323
 58.2323
 58.2323
 64.591
 72.9657
 75.4255
 75.4255
 52.9528
 42.4028
 83.5763
 83.5763
 75.7694
 56.701
 79.9062
 63.6003
 63.6003
 66.053
 54.9272
 56.5774
 77.801
 74.4379
 74.4379
 71.9861
 71.9861
 64.2884
 81.9817
 73.5527
 73.5527
 53.0377
 72.4293
 54.4702
 78.2496
 51.8652
 77.8524
 93.3435
 73.7428
 73.7428
 57.1489
 58.9322
 58.9322
 69.9643
 45.8803
 49.5883
 62.9285
 57.2713
 46.0977
 71.3232
 71.3232
 58.6771
 72.1041
 72.1041
 56.5066
 48.4252
 80.7713
 58.2838
 74.3034
 45.913
 71.5891
 71.5891
 54.3415
 57.7321
 57.7321
 67.8822
 65.7191
 65.7191
 79.5613
 58
 58
 56.0446
 50.4579
 50.4579
 58.3609
 68.7968
 68.7968
 65.7875
 50.02
 50.02
 50.6063
 50.6063
 59.0424
 72.0625
 55.1543
 65.1537
 48.0833
 65.2074
 73.0342
 55.8928
 55.8928
 47.7389
 47.7389
 67.0373
 69.0217
 69.0217
 67.335
 62.5859
 62.5859
 68.9348
 74.3774
 71.6798
 71.6798
 71.6798
 71.6798
 64.2106
 48.7955
 48.7955
 48.7955
 61.1801
 67.1118
 67.1118
 67.1118
 58.2838
 52.6973
 51.3323
 42.9418
 62.4019
 51.3225
 51.3225
 69.1231
 70.9295
 45.8476
 61.0246
 61.0246
 69.7352
 45.8585
 71.5052
 71.5052
