 10.583
 0
 10.1489
 10.1489
 13.0384
 13
 12.0416
 12.0416
 13.0767
 11
 11.7898
 11.7898
 13.1149
 11.5758
 11.5758
 12.9615
 8.66025
 8.66025
 6.85565
 13.8924
 13.8924
 13.8924
 5.65685
 10.3923
 13.1529
 13.6382
 13.8924
 13.8924
 13.8924
 13.8924
 12.1244
 16.4924
 13.1149
 9.48683
 10.583
 10.583
 15.5563
 15.5563
 13.5647
 13.5647
 13.5647
 12.1655
 15.0997
 15.0997
 15.0997
 15.0997
 11.5326
 11.5326
 11.5326
 11.5326
 14.4914
 11.7898
 11.7898
 0
 0
 13.8564
 13.8564
 11.7473
 11.7473
 11.7473
 0
 0
 13.9642
 12.2474
 12.2474
 12.2474
 0
 14
 18.1659
 14.4568
 14.4568
 14.4568
 11.2694
 11.2694
 13.8924
 13.8924
 13.8924
 13
 12.1655
 17.2916
 18.303
 18.303
 0
 0
 12.1655
 12.1244
 14.9332
 15.906
 0
 0
 0
 12.1655
 8.66025
 15.2971
 15.2971
 15.2971
 0
 0
 13.0384
 14.4914
 13
 8.06226
 8.06226
 13.2288
 14.7986
 14.0357
 12.9615
 0
 0
 13.0384
 13.0384
 13.8924
 13.8924
 7
 7
 11.5326
 13.0767
 9.69536
 0
 13.8924
 15.1327
 10.9087
 10.9087
 16.4621
 16.4621
 14.1067
 14
 0
 13.0767
 15.6205
 14.7309
 14.7309
 9.53939
 15.0997
 15.0997
 13.8564
 0
 0
 15.1658
 13.1909
 13.8924
 14.7986
 0
 12.1655
 15.9374
 12.2066
 12.4097
 0
 0
 14.9332
 16.1864
 13.8924
 11.2694
 12.1655
 10.8628
 13.0384
 13.0384
 10.3923
 13
 14.1067
 14.1067
 14.1067
 13.9284
 10.4403
 10.4403
 8.66025
 10.583
 13.9284
 13.9284
 13.1149
 13.1149
 13.1149
 13.8924
 12.1655
 12.1655
 12.1655
 19.0526
 13.9284
 13.9284
 13.8564
 16.6733
 16.6733
 13.0767
 15.6844
 15.6844
 14.8997
 14.7648
 14.7648
 15.1327
 14.3178
 14.3178
 14.3178
 13.9284
 17.8606
 13.9284
 14
 14
 14
 15.5885
 13.1149
 14.5258
 17.8885
 0
 0
 14.7986
 14.5258
 7.34847
 13.8564
 13.8564
 13.8564
 11.3137
 15.7797
 12.1244
 13
 13
 0
 10.3923
 11.2694
 12.2066
 13.0384
 10.5357
 14
 12.2474
 15
 0
 0
 13.1529
 14.0712
 14.8661
 14.3178
 14.3178
 15.6205
 15.1327
 14.7986
 13.2665
 13.2665
 13.8924
 14.3178
 16.2173
 18.2209
 0
 0
 0
 0
 13.0384
 17.3494
 16.1864
 14.7986
 14.7986
 13.1149
 18.0831
 14.7986
 18.7083
 18.7083
 0
 0
 16.2173
 17.3205
 17.2337
 14.3178
 14.3178
 0
 0
 17.1172
 16.3095
 15.9687
 17.5784
 17.5784
 0
 0
 16.7332
 12.2882
 13.6382
 15.5242
 0
 0
 0
 11.3137
 15.3623
 14.0357
 16.6433
 0
 0
 0
 12.6491
 15.1658
 14.7986
 14.0712
 0
 0
 0
 13.9642
 15.1658
 16.6733
 15.4272
 15.4272
 0
 0
 0
 0
 21
 17.0587
 19.0263
 14.3527
 0
 0
 0
 17.0294
 16.4012
 17.3781
 19.1311
 0
 0
 0
 15.1658
 16.7929
 14.9666
 15.9374
 0
 0
 0
 16.8226
 15.9374
 17.4642
 17.0587
 0
 16.2788
 17.4642
 16.4317
 15.1987
 16.7033
 15.5563
 17.1464
 17.5214
 14.4568
 17.088
 16.7033
 14.7986
 15.4596
 16.3707
 14.9332
 15.9374
 0
 0
 16.1555
 15.9374
 17.6918
 14.3527
 14.3527
 0
 0
 17.4929
 17.8606
 18.412
 13.6015
 15.0333
 18.5742
 16.7033
 18.3576
 14.0357
 12.6886
 15.9374
 16.8226
 16.9115
 18.0278
 10.8167
 0
 16.4621
 17.5499
 16.8226
 16.4012
 0
 0
 0
 19.0788
 17.088
 20.7123
 16.5831
 16.5831
 16.5831
 0
 0
 0
 0
 17.1172
 18.6279
 15.5242
 17.4642
 17.4642
 0
 0
 16.9115
 18.5742
 18.3303
 16.2788
 16.2788
 0
 0
 16.9115
 16.1555
 17.8326
 16
 17.5499
 15.8745
 18.4662
 16.8226
 19.0788
 15.9374
 16.1555
 17.1172
 0
 0
 0
 19.0263
 18.4391
 20.9762
 15.6205
 21.1424
 19.105
 16.5529
 19.1572
 19.975
 18.7617
 16.8523
 17.8606
 19.8242
 15.906
 18.303
 17.6068
 17.6068
 19.2614
 20.3224
 17.5784
 18.2483
 0
 0
 20.2237
 20.1494
 18.3848
 19.4936
 0
 19.6469
 18.303
 20.199
 16.6433
 16.6433
 0
 0
 0
 18.4662
 18.0278
 17.4069
 17.1172
 17.1172
 0
 16.7033
 18.0555
 19.0788
 17.3781
 17.3781
 0
 18.412
 17.4642
 18.0831
 17.5499
 0
 0
 17.4356
 19.3649
 17.8606
 19.1572
 17.4642
 20.2731
 20.9523
 20
 0
 20.9762
 15.6525
 18.303
 19.4936
 0
 16.8523
 17.1172
 15.6205
 19.105
 17.4069
 17.4356
 19.7737
 16.6733
 17.1464
 19.975
 17.9165
 21.0238
 22.5832
 20.4939
 18.7617
 18.4391
 14.7309
 18.4932
 19.9249
 18.6011
 16.3707
 19.0788
 19.105
 17.9165
 18.2483
 19.1311
 18.5203
 19
 18.2483
 20.9523
 18.4932
 19.6723
 21.166
 19.7484
 19.7737
 19.2873
 15.2315
 20.6882
 19.0788
 17.9444
 16.3401
 22.0907
 16.4012
 18.4662
 19.3649
 19.5448
 17.8885
 18.412
 20.7123
 17.2337
 18.735
 18.3576
 19.7484
 18.6011
 20.2485
 19.5192
 17.9444
 19.7737
 19.6469
 17.7764
 19.4679
 17.7764
 16.1555
 17.3781
 20.9523
 19.0788
 18.3303
 17.8885
 19.0526
 18.7883
 21.4009
 18.2757
 22.1133
 21.8403
 21.5639
 19.0526
 20.7364
 20.4939
 21
 20.8327
 19.4165
 16.8819
 19.0263
 19.0788
 16.1864
 18.3303
 16.6733
 21.1896
 20.4695
 16.1245
 20.4695
 18.6011
 19.799
 17.3781
 21.1896
 18.8149
 20.2485
 19.6723
 19.0263
 17.9444
 16.3707
 17.7482
 17.5784
 17.2047
 16
 17.9165
 16
 16.6733
 15.5563
 18.6548
 16.8523
 18.5203
 18.0831
 19.799
 17.8885
 22.6936
 19.8242
 21.4009
 19.7231
 19.6723
 17.1756
 19.1572
 15.6844
 17.3781
 17.1464
 18.5742
 14.9666
 18.303
 18.8414
 17.1172
 17.1464
 15.4596
 18.303
 18.9737
 19.7484
 18.0555
 19.9499
 17.8326
 19.6469
 19.105
 18.3303
 19.0526
 15.6525
 16.7332
 19.2354
 16.4012
 16.3707
 20.9045
 16.7033
 16.8523
 18.7883
 18.4662
 18.303
 17.8326
 22.1359
 19.975
 20.347
 19.105
 20.2731
 19.2873
 20.5426
 17.8606
 17.8326
 18.4662
 17.1172
 18.8149
 18.0555
 17.8606
 18.6011
 19.7231
 18.3576
 19.4936
 18.4391
 18.3576
 19.0526
 20.199
 21.166
 19.6723
 18.0831
 18.0831
 18.3303
 20.6882
 18.4391
 18.4391
 18.8149
 15.3297
 17.3494
 17.9165
 18.2757
 18.5472
 17.8326
 19.2614
 20.9045
 19.8242
 22.1811
 20.2485
 20.4695
 19.7737
 17.3781
 17.9165
 16.8819
 17.1756
 17.4069
 18.5742
 18.5203
 21.6333
 19.9499
 21
 0
 19.1311
 19.6214
 19.1572
 19.0788
 19.0788
 19.0263
 20.2237
 17.9444
 17.8885
 19.5959
 15.6844
 17.1172
 20.2485
 19.7484
 19.5192
 19.6723
 21.7256
 19.6977
 19.6469
 22.8692
 18.4662
 20.4695
 18.0831
 17.1172
 19.0526
 21.166
 16.3707
 16.3707
 18.4932
 20
 16.7033
 18.0555
 17.8606
 20.347
 17.8885
 18.5742
 19.105
 16.9115
 19.6469
 17.2337
 19.4679
 19
 18.4391
 19.7737
 21.5407
 17.7764
 20.9762
 19.105
 20.2978
 19.0788
 19.0788
 18.8149
 17.9444
 18.4932
 18.4662
 20.445
 17.8606
 21.1896
 19.4936
 21.1896
 17.3494
 19.2354
 19.799
 19.7737
 19.5192
 17.5784
 20.9045
 19.2354
 19.0526
 17.9165
 17.8045
 15.3297
 20.2485
 20.2485
 19.8242
 16.7033
 22.0907
 20.5426
 20.8327
 22.1133
 19.6469
 23.3452
 20.3224
 20.3224
 19.6469
 19.6723
 21.4243
 19.6723
 17.9444
 19.6723
 18.0831
 22.891
 15.9687
 0
 21.5407
 19.4165
 20.2731
 20.2731
 19.6977
 18.7617
 18.7617
 20.8567
 19.6469
 18.0555
 20.9523
 17.8045
 19.0526
 19.4422
 16.6733
 21.5174
 17.8606
 22.7376
 17.7482
 20.9762
 20.9762
 17.8326
 19.6469
 22.6274
 19.0526
 19.6469
 18.5203
 18.5203
 20.4695
 19.0788
 18.5742
 20.9523
 19.6977
 19.6977
 19.0526
 18.0831
 19.0263
 20.2731
 19.1311
 19.1311
 22.3383
 19.6214
 19.6214
 17.6352
 21.0238
 17.2627
 20.1494
 22.9783
 22.9783
 22.9783
 21.8632
 21.8632
 21.8632
 0
 0
 0
 19.1311
 21
 18.0831
 16.6132
 20.445
 17.1756
 20.9045
 18.3848
 20.3224
 22.0907
 22.0907
 19.8242
 20.2978
 16.3401
 16.3401
 16.3401
 16.3401
 16.3401
 20.8806
 19.6723
 19.6723
 19.6723
 17.1172
 17.1172
 23.4094
 23.4094
 23.4094
 17.8885
 20.2731
 17.1756
 17.1756
 23.3452
 19.0526
 19.0526
 19.0526
 16.3707
 15.3948
 15.3623
 15.3623
 16.8523
 16.8523
 16.8523
 14.7986
 17.8885
 17.8885
 17.8885
 20.445
 20.445
 20.445
 18.412
 19
 21.7025
 19.0526
 22.2486
 15.9687
 15.9687
 16.5529
 16.5529
 16.5529
 20.347
 20.347
 24.8998
 19.6723
 19.6723
 19.6723
 19.975
 17.7764
 11.0454
 20
 19.6214
 18.0831
 20.199
 18.412
 16.4012
 17.8885
 17.8885
 18.5742
 16.8523
 16.8523
 19.6723
 19.4936
 19.4936
 18.303
 20.2731
 13.9642
 17.5784
 20.3224
 20.3224
 20.3224
 15.9687
 14.9332
 14.9332
 14.9332
 14.9332
 14.9332
 14.9332
 14.9332
 14.9332
 16.6433
 16.6433
 16.6433
 16.6433
 16.6132
 16.6132
 15.4919
 15.4919
 19.7737
 14.1774
 18.9737
 15.9687
 14.8661
 14.8661
 14.8661
 14.8661
 14.8661
 17.5499
 21.8403
 21.8403
 21.8403
 19.105
 19.105
 19.105
 19.105
 24.4131
 24.4131
 24.4131
 24.4131
 24.4131
 24.4131
 24.4131
 24.4131
 24.4131
 24.4131
 24.4131
 24.4131
 24.4131
 24.4131
 24.4131
 24.4131
 24.4131
 24.4131
 24.4131
 24.4131
 24.4131
 24.4131
 24.4131
