 8.83176
 0
 10.3923
 13.6015
 24.7992
 33.6749
 33.6749
 35.7351
 43.5546
 31.0805
 23.1517
 19.975
 37.8286
 33.0757
 40.1622
 42.9767
 55.9464
 37.3631
 56.6569
 28.2666
 44.8107
 25.1595
 43.8862
 40.9512
 34.7707
 21.7025
 23.1084
 28.3373
 41.9643
 36.4006
 44.8776
 33.541
 43.1045
 47.2546
 39.9249
 12.5698
 34.3657
 22.1133
 25.1794
 21.7025
 34.7707
 43.8748
 41.6653
 34.7707
 34.7707
 58.155
 53.5537
 33.8083
 49.0102
 58.5406
 36.565
 46.2493
 52.6308
 52.6308
 52.6308
 23.4094
 54.2494
 58.8303
 56.7891
 55.1815
 55.1815
 55.1815
 37.3497
 21.7486
 49.6387
 26.1343
 26.1343
 28.0357
 22.891
 38.223
 25.5734
 25.3969
 47
 36.8917
 37.081
 29.189
 22.3159
 37
 45.5631
 42.7785
 31.3847
 22.5389
 54.0648
 54.0648
 41
 57.2975
 34.6121
 33.7343
 33.7343
 48.7545
 0
 41.1704
 63.364
 20.1246
 20.1246
 20.1246
 43.6692
 0
 47.0532
 22.5832
 27.4591
 65.7875
 18.7083
 64.0859
 50.5866
 57.3236
 46.4866
 46.4866
 54.4334
 49.8799
 58.1893
 39.0768
 0
 0
 46.7226
 63.561
 24.5764
 68.4471
 68.4471
 68.4471
 48.6004
 56.116
 53.9537
 41.2432
 45.7821
 39.3319
 33.0606
 0
 37.1349
 34.6121
 38.7556
 33.9264
 43.2204
 50.9706
 33.5857
 43.9659
 43.9659
 0
 29.4279
 40.0999
 47.4447
 33.0757
 0
 40.9145
 20.2731
 52.3546
 15.1658
 15.1658
 0
 27.9643
 10.3923
 42.7317
 62.9126
 52.8867
 49.7795
 64.6375
 68.0808
 52.6213
 59.6657
 53.5257
 61.0328
 62.2254
 32.8938
 66.1287
 46.2709
 0
 0
 21.8403
 45.8803
 58.3009
 62.2013
 62.2013
 38.8587
 43.4741
 46.0435
 57.3934
 52.4595
 36.8782
 34.641
 39.5601
 56.5066
 56.5155
 50.03
 44.8665
 43.5086
 40.5093
 52.192
 31.289
 44.8553
 43.852
 0
 0
 0
 25
 33.3766
 18.0555
 0
 36.524
 49.1528
 41.4126
 29.7658
 0
 0
 0
 0
 45.5851
 57.9483
 53.6283
 53.6283
 53.6283
 56.9298
 59.7662
 64.1716
 53.3385
 53.3385
 53.3385
 64.5446
 59.1439
 69.2459
 37.3631
 60.663
 63.0317
 45.7384
 23.8118
 23.8118
 0
 0
 0
 0
 49.8096
 49.8096
 38.6005
 40.2244
 32.7109
 57.6975
 57.6975
 55.5338
 46.2277
 48.7545
 63.5138
 63.5138
 63.5138
 63.5138
 63.5138
 61.0819
 37.6962
 51.3323
 51.614
 46.6154
 54.037
 25.0799
 22.7156
 37.0945
 40.5093
 40.5093
 0
 49.3052
 49.3052
 17
 36
 36
 36
 0
 0
 0
 0
 46.5833
 46.5833
 46.5833
 0
 0
 0
 0
 0
 0
 0
 0
 0
 0
 0
 45.7712
 45.7712
 45.7712
 0
 0
 0
 24.3516
 58.4466
 58.4466
 58.4466
 58.4466
 60.5558
 60.5558
 47.0638
 59.9333
 59.9333
 59.9333
 59.9333
 59.9333
 59.9333
 30.5941
 40.8779
 43.8976
 51.3225
 51.3225
 51.3225
 51.3225
 54.3967
 43.9773
 56.3649
 55.3082
 55.3082
 55.3082
 55.3082
 51.5849
 61.7252
 66.888
 55.9464
 55.9464
 55.9464
 55.9464
 52.5452
 30.8869
 36.9594
 58.1722
 58.1722
 15.5885
 15.5885
 55.2268
 23.8747
 49.5681
 37.9078
 55.7225
 51.2835
 49.93
 56.5774
 57.9828
 49.548
 63.8827
 71.1266
 59.4054
 54.4426
 54.4426
 54.4426
 67.2756
 65.146
 34.7275
 64.3739
 43.7836
 43.7836
 0
 0
 0
 22.9783
 66.106
 46.2493
 36.4829
 52.6213
 49.5278
 57.4543
 45.2438
 55.9553
 52.8678
 34.7419
 44.1928
 44.3734
 44.3734
 59.3296
 59.9917
 67.6314
 60.2661
 60.2661
 60.2661
 60.2661
 32.8329
 59.1016
 45.5851
 72.3533
 35.819
 35.819
 35.819
 35.819
 0
 0
 17.4642
 27.1293
 52.8015
 59.5903
 38.0132
 38.0132
 0
 0
 0
 0
 27.4955
 27.4955
 27.4955
 0
 48.1975
 48.3425
 63.2456
 38.3927
 67.9706
 63.4508
 58.7537
 61.0819
 68.2422
 64.5755
 46.3033
 40.1248
 40.1248
 0
 0
 0
 0
 35.9166
 65.5591
 43.9318
 39.598
 68.7241
 50.3885
 43.9318
 47.5395
 37.7227
 66.9328
 59.1946
 58.4123
 58.4123
 60.3573
 23.9165
 46.0869
 58.7792
 38.5746
 57.0263
 57.0263
 57.0263
 28.2843
 10.4881
 10.4881
 54.0278
 54.0278
 57.8792
 54.1387
 54.0093
 58.1636
 58.1636
 58.1636
 58.1636
 58.1636
 68.1542
 49.4065
 35.9305
 53.2447
 53.2447
 53.2447
 60.291
 64.2262
 64.2262
 66.0681
 66.0681
 66.0681
 72.215
 71.6031
 61.9839
 50.8822
 50.8822
 50.8822
 64.8845
 37.3363
 59.5651
 69.6132
 62.2816
 39.6106
 24.5764
 52.5071
 52.5071
 45.5522
 74.4245
 44.6542
 57.1489
 57.1489
 59.8749
 57.1752
 43.1972
 63.3798
 43.8748
 62.2896
 49.8799
 62.442
 23.4307
 33.6749
 61.7738
 58.515
 51.7301
 60.7371
 60.7371
 70.3847
 61.7981
 67.0448
 46.8508
 56
 61.0655
 64.195
 65.4523
 43.9659
 71.854
 28.8617
 51.8652
 71.4773
 67.2458
 35.623
 56.3738
 59.7829
 47.8121
 43.5431
 64.8999
 56.2228
 56.8683
 43.6348
 50.9706
 36.1525
 72.111
 61.1882
 69.5989
 61.709
 62.1128
 43.8862
 70.0643
 53.3198
 30.5941
 59.925
 55.2992
 30.8221
 53.6283
 60.3158
 63.4271
 28.4605
 55.8838
 50.7642
 56.9912
 73.6614
 68.8259
 69.7639
 67.6387
 53.7587
 73.1847
 55.254
 72.8697
 54.2863
 58.4038
 24.3516
 39.4081
 70.9718
 57.5152
 57.5152
 39.975
 57.9483
 46.4758
 53.7308
 49.97
 52.8961
 57.9741
 57.1577
 66.4756
 63.0872
 72.3257
 66.0454
 57.3934
 47.9583
 65.7571
 73.7835
 33.0908
 31.3688
 57.5587
 60.7783
 52.1632
 16
 57.7927
 56.4092
 59.975
 45.5412
 52.1536
 69.2315
 70.0214
 72.1526
 76.2758
 72.6498
 76.6225
 59.3212
 75.5116
 41.3159
 59.8582
 63.9296
 30.5287
 57.8014
 26.9629
 42.5793
 35.2987
 35.2987
 58.2495
 51.3712
 51
 51
 64.591
 63.1823
 64.5368
 50.6261
 58.9491
 48.9183
 27.2397
 36.3868
 66.0606
 70.0714
 56.7274
 74.7864
 74.7864
 63.2456
 44.9444
 64.9461
 66.9403
 55.1996
 55.1996
 59.4559
 69.5701
 51.9711
 73.1574
 66.7832
 73.5595
 68.6877
 76.4003
 74.2496
 44.1135
 65.3529
 23.8956
 62.442
 42.2966
 57.4978
 54.7449
 38.1445
 49.4166
 32.7414
 46.7226
 66.0606
 36.8646
 57.8533
 54.8179
 64.0625
 53.3667
 69.1954
 45.8912
 68.5711
 34.9428
 45.7384
 45.7384
 58.3952
 59.0762
 15.0997
 55.9732
 41.4246
 43
 77.1881
 62.7455
 51.9615
 63.293
 70.4911
 77.4468
 66.8057
 72.2011
 69.7209
 80.2434
 45.7384
 73.1232
 31.289
 43.4396
 51.7011
 55.0818
 50.3389
 62.2575
 62.2575
 94.6731
 65.3911
 56.0089
 73.5323
 68.913
 39.3954
 54.9818
 54.8999
 29.95
 50.319
 50.319
 50.9019
 55.2087
 45.8476
 47.244
 60.2578
 60.2163
 60.2163
 64.0781
 74.5855
 71.3372
 59.203
 81.2465
 43.1509
 75.2795
 37.8021
 53.4322
 55.9375
 46.2601
 46.6154
 60.4483
 65.123
 58.0086
 75.3127
 55.3715
 66.5883
 40.5339
 69.4766
 69.4766
 61.6279
 45.8912
 39.4081
 39.0256
 7.61577
 53.2259
 59.6406
 56.107
 61.5792
 59.0424
 59.0424
 79.6053
 79.3788
 74.96
 55.2992
 80.3741
 50.3587
 46.0326
 62.6179
 26.8514
 44.8553
 66.9328
 67.9779
 27.7849
 69.9214
 48.621
 67.7938
 68.2349
 70.6895
 45.8694
 69.5917
 32.0156
 49.6185
 27.1293
 46
 55.1634
 60.7207
 55.8749
 68.7241
 48.5695
 48.5695
 74.458
 71.9583
 56.7539
 74.5319
 74.5319
 84.2556
 54.2679
 50.1797
 77.1103
 34.6987
 43.0116
 42.1307
 53
 62.482
 62.482
 33.5559
 72.5672
 67.0746
 60.8276
 60.8276
 53.2353
 74.9867
 29.5296
 67.2681
 67.2681
 47.5289
 40.0874
 63.6867
 48.9592
 43.3359
 8.88819
 8.88819
 43.1625
 43.1625
 43.1625
 43.1625
 43.1625
 84.8705
 86.6314
 57.4804
 54.7814
 81.3388
 40.0999
 41.7732
 37.7757
 59.4306
 35.7631
 45.31
 63.498
 78.0705
 78.0705
 41.2311
 41.2311
 70.7036
 43.3013
 43.3013
 72.5052
 44.833
 44.833
 42.9069
 28.178
 55.1906
 49.8096
 67.2309
 53.563
 50.4282
 50.4282
 78.1217
 40.6817
 65.8407
 82.7406
 84.8528
 36.4829
 64.2339
 64.2339
 75.8354
 41.0122
 39.8121
 0
 0
 0
 45.1664
 79.3347
 75.0533
 50.9902
 50.9902
 70.7814
 70.7814
 87.761
 87.761
 48.0729
 72.3187
 72.3187
 43.1393
 54.5619
 53.591
 45.9565
 44.8553
 69.4982
 34.7275
 34.7275
 34.7275
 44.7325
 73.6071
 84.8469
 51.8652
 51.8652
 51.8652
 87.6413
 87.6413
 41.7852
 41.7852
 56.9473
 70.1285
 33.3916
 58.6856
 72.2565
 70.0714
 50.5866
 78.1025
 52.3068
 31.7017
 31.7017
 31.7017
 31.7017
 30.0167
 57.6975
 37.4967
 37.4967
 34.322
 34.322
 34.322
 46.1628
 46.1628
 39.3446
 73.3621
 66.106
 56.4358
 56.4358
 84.2852
 48.7032
 48.7032
 82.0975
 66.9776
 51.4879
 60.2993
 63.3009
 80.6722
 80.6722
 85.6154
 43.2897
 43.2897
 29.5804
 26.0768
 57.931
 44.0114
 45.3982
 61.4817
 40.8412
 0
 43.8406
 52.2207
 52.2207
 69.3325
 41.0974
 0
 19.0788
 19.0788
 0
 0
 0
 0
 0
 45.2548
 0
 0
 0
 0
 32.2335
 0
 0
 0
 0
 43.589
 43.589
 43.589
 55.0091
 55.0091
 55.0091
 45.5412
 45.5412
 45.5412
 36.7015
 36.7015
 36.7015
 36.7015
 0
 0
 0
 0
 0
 0
 0
 0
 0
 0
 0
 42.7785
 34.7563
 34.7563
 36.9053
 27.8747
 33.2866
 66.2722
 66.2722
 69.5629
 30.133
 30.133
 41.3038
 63.0476
 63.0476
 63.0476
 63.0476
 16.6433
 16.6433
 40.0999
 40.0999
