 31.5595
 0
 25.4362
 11.2694
 2.44949
 34.1321
 34.1321
 24.5561
 38.1969
 38.1969
 15.1987
 34.2783
 40.5093
 22.1585
 18.5742
 17.2337
 42.4382
 16.1245
 42.0595
 26.0192
 28.5132
 25.318
 33.2716
 33.2716
 39.7869
 14.7986
 14.7986
 16.8523
 13.4536
 7.74597
 28.9482
 14
 12.1244
 35.0143
 7.81025
 31.3847
 14.7986
 12.9228
 22.383
 27.258
 27
 16.4317
 34.9428
 25.219
 25.219
 41.7612
 42.3792
 23.8747
 23.8747
 39.0512
 39.0512
 9.64365
 35.3977
 0
 0
 20.2485
 20.2485
 38.5746
 36.6197
 40.5832
 0
 0
 30.3645
 31.9218
 22.7816
 24.8797
 24.8797
 24.8797
 22.2486
 37.4166
 25.8263
 4.89898
 40.9145
 13.0767
 6.7082
 38.4838
 4.24264
 35.5949
 42.8952
 10.583
 22.4722
 5.19615
 0
 0
 35.6651
 49.4267
 12
 8.77496
 8.77496
 0
 0
 32.0624
 55.8301
 27.4044
 26.3059
 5.19615
 0
 0
 12.8062
 31.1929
 33.0606
 39.281
 39.281
 46.2817
 34.1028
 10.7238
 47.5289
 0
 38.4578
 38.4578
 44.8553
 26.6458
 0
 0
 12.2474
 49.1223
 17.2916
 40.05
 0
 28.8617
 21.4476
 36.7696
 33.1662
 36.524
 14.3178
 14.3178
 14.3178
 0
 42.7083
 5.74456
 9.84886
 30.7896
 41.1096
 14.9332
 41.2068
 10.0499
 0
 0
 28.3549
 8.66025
 41.7253
 16.2481
 0
 29.6311
 17.2916
 40.694
 15.3623
 0
 0
 39.3827
 25.593
 23.5797
 45.0222
 44.7102
 14.6969
 47.3075
 42.2729
 42.2493
 39.8748
 39.8748
 39
 41.7133
 14.7986
 45.7056
 24.454
 0
 35.0571
 27.4773
 22.891
 42.0357
 41.5331
 0
 38.1707
 27.258
 27.8029
 24.6982
 9.84886
 42.6615
 7.34847
 7.81025
 7.81025
 22.2486
 41.1825
 13.4536
 21.095
 21.095
 41.9404
 31.6386
 31.6386
 31.6386
 0
 0
 36.3043
 17.5499
 43.8064
 17.0294
 0
 36.9594
 32.6497
 51.3225
 28.4077
 0
 0
 0
 0
 15.9374
 54.3507
 40.9023
 40.9023
 40.9023
 41.1339
 43.8292
 48.3322
 13.4907
 13.4907
 0
 43.4971
 37.3898
 43.6119
 14.8997
 40.2244
 42.0238
 30.4959
 29.1376
 0
 0
 31.4006
 29.6648
 39.6106
 20.347
 0
 0
 10.3923
 32.3419
 19.6723
 0
 41.1218
 9
 22.1585
 22.1585
 22.1585
 0
 0
 0
 40.9023
 21.2368
 21.2368
 21.2368
 21.2368
 37.4166
 15.9374
 25.2389
 15.1327
 11.5326
 0
 0
 31.0483
 30.5614
 26.2679
 40.8779
 0
 0
 0
 43.8406
 40.7554
 54.7266
 54.7266
 54.7266
 54.7266
 54.7266
 54.7266
 53.0189
 20
 42.8602
 0
 0
 0
 47.8121
 49.5782
 48.6518
 48.6518
 0
 0
 0
 41.7493
 42.5911
 18.7083
 40.0749
 0
 0
 0
 35.623
 31.5911
 28.6705
 32.6497
 32.6497
 0
 0
 0
 0
 10.5357
 46.0652
 19.8242
 22.1359
 0
 0
 0
 47.7703
 6.9282
 16.5227
 25.807
 0
 0
 0
 1.73205
 49.5278
 15.9374
 8.88819
 0
 0
 0
 15.4272
 14.2829
 13.0384
 43.7836
 0
 24.2487
 25.2785
 34.5832
 23.8956
 24.5153
 34.2345
 41.1947
 39.6485
 46.4866
 38.4708
 51.7107
 15.843
 46.2601
 52.1153
 49.4267
 17.5214
 0
 0
 42.6732
 43.4511
 19.2094
 46.5081
 7.14143
 0
 0
 33.5857
 35.7911
 29.1548
 41.8091
 8.66025
 21.1896
 40.8656
 17.0587
 34.8855
 12.083
 26.0384
 48.0833
 11.6619
 11.6619
 11.2694
 0
 45.5412
 7.93725
 14.9332
 14.9332
 0
 0
 0
 15.9374
 48.5798
 14
 9.79796
 9.79796
 9.79796
 0
 0
 0
 0
 25.318
 25.5539
 19.6977
 37.5633
 10.3923
 0
 0
 42.8952
 23.6008
 42.5911
 15.1327
 15.1327
 0
 0
 43.795
 49.7494
 49.7494
 30.5941
 47.0106
 48.9387
 51.449
 51.449
 41.1096
 43.9773
 51.5461
 51.5461
 51.5461
 51.5461
 51.5461
 33.5559
 37.3765
 31.6702
 47.7598
 39.128
 21.4476
 44.7102
 18.412
 7.68115
 47.2864
 14.8997
 40.4722
 25.7294
 25.7294
 48.9183
 8.94427
 5.38516
 14.2829
 12.1655
 19.799
 48.4562
 0
 0
 25.8457
 26.3818
 26.3818
 36.524
 0
 29.6985
 42.0119
 38.2884
 13.6748
 13.6748
 0
 0
 0
 24.2074
 49.6085
 20.2731
 48.4974
 48.4974
 0
 0
 48.2908
 29.6142
 29.6142
 0
 0
 48.2701
 46.9361
 50.2096
 24.0416
 0
 0
 37.9737
 28.9655
 40.0999
 48.8365
 53.619
 22.5167
 35.6371
 22.7376
 0
 0
 0
 49.558
 17.2047
 0
 20.2978
 52.5833
 42.6263
 42.6263
 19.2094
 46.422
 46.422
 33.121
 24.3105
 22.5389
 42.2493
 24.1247
 39.7869
 31.8434
 36.8375
 9.84886
 9.84886
 24.6982
 53.0943
 49.1732
 49.051
 49.051
 50.4381
 25.0799
 47.0532
 20.9045
 20.9045
 48.2701
 36.606
 27.037
 34.7707
 39.95
 39.2301
 15.6844
 51.0196
 22.6053
 53.8145
 47.7389
 47.7389
 14.7986
 49.6387
 50.2494
 50.2494
 8
 45.6399
 16.8226
 42.0714
 42.0714
 24.8596
 34.7563
 38.223
 12.6491
 40.9268
 31.3688
 21.6795
 27.8388
 9.38083
 51.8749
 45.5192
 12.2474
 53
 11.3137
 11.3137
 51.049
 49.5379
 21.9545
 50.5668
 50.5668
 38.2361
 21
 31.3369
 42.5441
 29.3428
 37.3363
 13
 37.1887
 48.5489
 13.0384
 2.44949
 2.44949
 2.44949
 2.44949
 2.44949
 22.1359
 51.8266
 47.676
 17.8885
 17.8885
 46.8828
 46.9361
 18.412
 13.5277
 32.3883
 31.305
 38.7943
 31.1448
 5.19615
 48.2701
 20.9284
 52.9528
 51.1762
 51.1762
 53.5537
 6.9282
 52.2207
 51.7204
 51.7204
 17.1464
 42.3556
 20.6155
 12.3288
 38.6005
 18.2209
 29.2062
 28.7576
 15.9374
 43.3128
 29.8496
 19.4165
 5.38516
 54.3783
 54.7266
 54.7266
 54.7266
 52.5071
 54.8999
 54.8999
 54.8999
 15.8745
 6.9282
 44.7214
 46.5296
 38.2753
 44.4185
 33.3467
 38.4187
 53.3104
 53.3104
 27.4044
 45.3872
 45.3872
 17.5784
 17.5784
 51.2152
 52.6023
 20.2237
 51.5558
 5
 44.4297
 44.4297
 21.166
 41.9047
 29.5296
 29.5296
 13.9284
 29.8664
 19.2094
 17.088
 2.44949
 42.6615
 51.3323
 51.3323
 51.3323
 6.16441
 46.9574
 52.792
 52.792
 52.792
 51.1273
 44.6542
 13.4907
 14.9332
 49.8397
 33.9853
 36.4966
 28.3901
 43.2897
 25.1396
 51.1468
 57.3847
 50.1597
 56.0357
 22.3159
 47.0213
 55.2721
 55.2721
 55.0273
 40.0375
 51.6333
 20.2731
 42.0951
 25.2389
 20.8327
 42.2374
 20.445
 3.74166
 12.2882
 51.923
 51.923
 52.2303
 52.2303
 52.2303
 46.3033
 46.3033
 46.3033
 38.4708
 12.1244
 28.0535
 0
 31.5119
 27.0185
 51.3517
 52.6878
 54.4426
 54.4426
 54.4426
 56.6127
 56.6127
 42.6146
 42.6146
 54.5436
 21.1187
 40.9878
 40.9878
 27.8568
 25.4558
 25.4558
 46.1194
 5.19615
 5.19615
 5.19615
 8
 8
 47.8644
 47.8644
 6.7082
 0
 41.6173
 28.0179
 7.34847
 49.94
 32.28
 23.5372
 58.5406
 39.2173
 39.2173
 60.7454
 60.7454
 60.7454
 55.3263
 48.2908
 48.2908
 45.299
 25.923
 25.923
 33.1662
 20.9523
 20.9523
 28.8964
 28.8964
 6.32456
 6.16441
 55.3263
 55.3263
 54
 7.28011
 7.28011
 47.2864
 19.1311
 19.1311
 13.0384
 45.7384
 34.2637
 26.0576
 53.3198
 28.8617
 59.4811
 59.4811
 54.5894
 61.3351
 61.3351
 52.5262
 52.5262
 51.3128
 51.3128
 35.3695
 41.8688
 7.87401
 7.87401
 32.1248
 9.69536
 9.69536
 0
 0
 0
 0
 0
 0
 14.3178
 48.9898
 36.2767
 36.2767
 36.2767
 36.5103
 3.31662
 40.7308
 31.8591
 56.4889
 30.7246
 30.7246
 54.2033
 54.2033
 65.284
 60.05
 60.05
 59.8749
 57.3149
 57.3149
 40.4599
 46.3141
 46.3141
 3.4641
 3.4641
 19.1311
 19.1311
 43.1277
 6.16441
 6.16441
 6.16441
 55.2721
 55.2721
 55.5968
 55.5968
 55.5968
 47.0106
 23.3024
 0
 35.0428
 13.4907
 31.9687
 55.5428
 55.5428
 55.5428
 61.5386
 61.5386
 59.4475
 67.1193
 40.0749
 40.0749
 55.3082
 36.1939
 36.1939
 0
 37.4166
 12.7671
 12.7671
 0
 0
 6.08276
 20.3224
 20.3224
 7.34847
 40.5956
 40.5956
 28.1425
 28.1425
 28.1425
 28.1425
 11.225
 22.891
 22.891
 29.7489
 29.7489
 59.8247
 18.5742
 30.282
 68.1175
 56.4004
 56.4004
 56.4004
 86.5737
 86.5737
 58.5406
 40.4475
 0
 0
 0
 3.4641
 3.4641
 3.4641
 3.4641
 3.4641
 3.4641
 4.58258
 36.6197
 36.6197
 25.2587
 25.2587
 25.2587
 7.87401
 7.87401
 7.87401
 7.87401
 14.3527
 14.3527
 57.1489
 57.1489
 57.1489
 57.1489
 57.1489
 57.1489
 57.1489
 54.2679
 54.2679
 52.7067
 3.87298
 3.87298
 3.87298
 3.87298
 3.87298
 48.3425
 6.48074
 33.2566
 42.5911
 9.53939
 9.53939
 0
 0
 0
 49.2849
 49.2849
 45.7165
 35.0714
 58.0172
 58.0172
 58.0172
 44.7325
 0
 0
 0
 0
 0
 0
 0
 0
 0
 0
 30.3974
 30.3974
 0
 31.3688
 29.5804
 0
 13.1149
 9.32738
 9.32738
 9.32738
 9.32738
 9.32738
 9.32738
 9.32738
 9.32738
 35.5106
 57.1227
 57.1227
 57.1227
 57.1227
 57.1227
 57.1227
 57.1227
 57.1227
 57.1227
 28.2843
 28.2843
 0
 0
 0
 46.2601
 1.73205
 0
 0
 0
 0
 0
 0
 0
 0
 0
 4.3589
 4.3589
 4.3589
 4.3589
 5.74456
 0
 0
 0
 0
 0
 0
 34.176
 34.176
 34.176
 36.5513
 36.5513
 36.5513
