 26.7582
 0
 22.8035
 21.9317
 20.6155
 16.3401
 16.3401
 15.9687
 26.5518
 22.1359
 23.3024
 36.2353
 31.289
 16.3401
 15.4272
 7.81025
 29.5804
 21.7486
 26.4008
 25.5147
 16
 27.6043
 20.0499
 22.3159
 32.2025
 20.2237
 25.7876
 27.1293
 3.31662
 15.1327
 25.3574
 27.6406
 11.3137
 27.6043
 12.9228
 12.9228
 16
 24.5561
 25.02
 20.9045
 23.4307
 9.79796
 29.4788
 29.4788
 0
 34.6554
 29.5804
 29.5804
 5.74456
 31.9687
 15.8745
 15.1658
 15.1658
 0
 0
 22.9129
 11.0905
 29.4788
 22.9129
 22.9129
 0
 0
 23.3666
 29.9333
 21.6795
 26.7955
 0
 20.7123
 32.9848
 32.5576
 29.5466
 29.5466
 31.305
 18.4662
 18.1384
 37.6696
 37.6696
 27.0185
 33.2866
 22.9347
 27.258
 7.34847
 0
 0
 30.3315
 36.7831
 19.3907
 25.5539
 0
 0
 0
 22.9783
 33.2866
 29.5296
 29.6479
 29.6479
 0
 0
 10.1489
 28.7054
 29.4618
 21.4009
 21.4009
 33.121
 27.5681
 0
 40.1248
 0
 0
 7.93725
 35.7771
 29.1548
 0
 0
 17.3494
 30.7734
 23.1517
 29.7321
 0
 31.5119
 24.1454
 28.7054
 28.7054
 38.223
 17.2047
 27.9821
 21.5174
 0
 35.1426
 23.6854
 16.8523
 32.8786
 28.9137
 8.94427
 39.8623
 15.4919
 0
 0
 43.2204
 11.0905
 31.9687
 21.095
 0
 28.9655
 25.3969
 27.8029
 22.1133
 0
 0
 35.805
 30.315
 22.1359
 28.5482
 37.3765
 16.2173
 40.4599
 39.0896
 29.7489
 32.9697
 10.9545
 28.8791
 28.8791
 18.412
 34.4093
 30.4138
 30.4138
 26.1534
 33.9853
 22.4944
 36.0971
 36.0971
 36.0971
 37.108
 22.2486
 27.5862
 27.5862
 17.8606
 37.51
 26.0768
 17.4642
 13.4907
 13.4907
 30.4795
 16.0312
 24.5561
 16.6733
 32.7567
 33.0757
 10.8628
 11
 0
 0
 28.8097
 24.8998
 42.4028
 22.9347
 22.9347
 34.4384
 25.04
 45.1221
 30.6268
 30.6268
 0
 0
 44.317
 16.3095
 36
 38.9872
 0
 18.9737
 33.0303
 38.5876
 34.2929
 9.84886
 0
 0
 30.4302
 27.7128
 34.9428
 16.5831
 28.4429
 37.3363
 28.2843
 28.0891
 0
 0
 28.775
 25.5539
 36.756
 23.7487
 0
 40.1248
 25.632
 32.7261
 15.6205
 0
 34.0294
 22.5832
 18.7083
 9.8995
 0
 0
 0
 0
 31.6386
 25.4951
 9.32738
 12.0416
 12.0416
 33.0151
 23.9583
 32.7109
 19.0526
 19.0526
 0
 0
 28.2843
 35.6791
 36.8782
 46.3357
 0
 0
 0
 43.7035
 41.7373
 49.4672
 20.664
 0
 0
 0
 0
 42.4264
 10.3923
 38.6135
 0
 0
 0
 34.5977
 44
 37.0945
 13.2288
 0
 0
 0
 33.5559
 37.7359
 24.6982
 34.4674
 0
 0
 0
 27.9285
 33.0757
 31.5753
 27.313
 0
 0
 0
 0
 0
 43.0116
 42.9418
 29.2062
 26.096
 0
 0
 0
 41.7133
 30.5778
 19.7231
 29.4958
 0
 0
 0
 13.6748
 37.6298
 13.1149
 9.53939
 0
 0
 0
 16.2173
 26.096
 20
 35.4824
 0
 37.6298
 40.7308
 30.1828
 28.3019
 26.9815
 35.7771
 42.638
 43.7493
 40.1248
 32.2645
 51.1175
 11.1355
 39.6611
 45.3652
 41.2311
 11.0905
 0
 0
 38.5487
 37.6165
 21.0238
 36.1801
 36.1801
 0
 0
 36.9188
 35.1852
 36.2491
 32.3419
 12.8841
 42.0595
 42.2137
 31.0644
 33.3017
 11.3137
 30.0167
 44.3283
 26.096
 34.7419
 7.68115
 0
 38.5487
 8.7178
 18.2209
 15.1327
 15.1327
 0
 0
 26.5141
 41.7013
 15.6525
 9.53939
 9.53939
 9.53939
 0
 0
 0
 0
 40.9634
 33.2265
 19.6214
 34.5977
 34.5977
 0
 0
 47.2969
 28.775
 45.1331
 31.4643
 0
 0
 0
 40.1871
 44.5421
 13.2288
 38.1051
 41.5452
 39.3954
 54.3139
 12.8841
 35.7771
 37.7359
 46.3249
 23.4307
 0
 0
 0
 35.8329
 32.3265
 30.8058
 40.5216
 47.3498
 43.1393
 38.3667
 34.0147
 34.8855
 46.7868
 26.1151
 33.8231
 32.6497
 13.7113
 44.5533
 10.198
 10.198
 14.4914
 28.1425
 25.7876
 42.9884
 0
 0
 34.0881
 49.7795
 17.0294
 37.8814
 0
 28.5132
 47.2864
 43.7493
 18.6815
 18.6815
 0
 0
 0
 14.4568
 47.4025
 30.7734
 47.6865
 0
 0
 43.9204
 42.9185
 44.8776
 12.9615
 0
 0
 44.7325
 40.2492
 55.2811
 19.0526
 0
 0
 36.8375
 25.923
 43.566
 45.0333
 45.0777
 45.3321
 46.7226
 35.8329
 0
 37.3363
 39.7995
 48.4768
 26.9629
 0
 14.5945
 45.2769
 38.0789
 9.53939
 19.4936
 42.72
 15.1658
 35
 37.3898
 32.8024
 38.1182
 32.5115
 46.1194
 31.1127
 45.0444
 19.0788
 14.7986
 20.9762
 50.6853
 46.0652
 41.2916
 14.3875
 45.8803
 26.9629
 39.7618
 39.724
 19.0526
 47.4658
 36.9053
 30.249
 41.1825
 45.6399
 49.295
 40.9634
 48
 37.7624
 44.7102
 48.3115
 33.9117
 27.8029
 40.7185
 43.852
 13.8924
 11.2694
 41.833
 17.1464
 38.1445
 16.7033
 31.0805
 39.6863
 39.7869
 30.1993
 44.8999
 30.4302
 32.4346
 35.7771
 28.6705
 50.1597
 46.3033
 18.2209
 47.1487
 13.2288
 10.1489
 47.7179
 45.793
 16.8523
 41.1947
 21.166
 47.1063
 43.1393
 25.5734
 36.8646
 35.6651
 47.1487
 46.7119
 50.951
 49.5278
 31.607
 36.606
 58.3781
 45.299
 46.2493
 10.4403
 19.5704
 41.2189
 44
 18.7083
 16.6733
 41.8808
 40.4969
 32.619
 26.4953
 34.2491
 37.4032
 46.1519
 50.5173
 32.4037
 48.6415
 35.609
 51.303
 44.1362
 12.3693
 47.4131
 19.1572
 45.0444
 49.9099
 10.4403
 13.9642
 33.5559
 24.5764
 17.8885
 39.975
 37.7624
 39.7618
 42.4735
 42.6263
 49.1528
 46.2709
 31.4325
 35.6651
 46.7868
 55.4437
 19.0788
 10.4403
 45.5192
 49.93
 14.9332
 15.1658
 29.9165
 29.7321
 43.1741
 41
 44.8442
 43.0233
 52.9811
 35.6791
 52.3259
 42.3674
 24.5561
 49.7896
 49.7896
 36.973
 13
 47.4763
 48.0104
 7.74597
 44.4072
 26.1916
 38.0526
 17.3494
 22.7596
 44.9555
 34.2783
 20.0998
 43.5201
 38.5746
 33.4216
 29.6311
 39.4335
 50.3984
 49.8297
 12.2474
 45.607
 29.8496
 55.3534
 45.1774
 14.3178
 11.2694
 51.3225
 43.6348
 25.2587
 25.632
 45.8476
 40.5339
 39.3319
 48.3011
 48.7032
 29.9333
 51.817
 41.7493
 45.4313
 50.5371
 18.9209
 18.9209
 51.6817
 8.66025
 44.0681
 41.9643
 43.6119
 22.2036
 35.6371
 33.7343
 45.9565
 51.0294
 37.3898
 40.8412
 27.8388
 48.8057
 11.5326
 43.6348
 10.1489
 10.6771
 44.3621
 21.4709
 21.7256
 41.1947
 31.5753
 44.1475
 0
 45.1774
 34.2199
 54.1479
 48.8774
 49.0204
 26.096
 26.096
 47.1275
 10.6771
 44.3847
 12.8452
 45.4423
 46.4435
 37.8021
 26.3629
 39.5221
 37.4032
 39.128
 42.9884
 28.8617
 14.7309
 46.2925
 13.9284
 9.05539
 41.7732
 22.5832
 14.7986
 0
 41.7253
 46.6154
 29.6816
 48.0208
 48.3529
 36.2629
 53.2541
 36.7015
 25.219
 51.4101
 51.4101
 14.1067
 48.9592
 50.6063
 9.48683
 42.6732
 45.4973
 21
 42.72
 33.8378
 45.1996
 28.3019
 18.2209
 35.6371
 20.8087
 49.1528
 11.7898
 46.0869
 13.8924
 20.347
 44.4747
 40.8656
 23.388
 33.0606
 51.0979
 41.6293
 28.8964
 50.6162
 25.04
 51.4004
 51.4004
 50.9019
 50.5173
 8.48528
 53.6097
 53.6097
 48.2079
 16.7929
 43.9318
 43.4396
 34.6266
 42.5793
 50.0999
 38.223
 28.6705
 0
 0
 13.5277
 26.096
 46.9787
 46.9787
 13
 44.8776
 36.8103
 17.3494
 0
 47.9792
 30.0666
 44.7549
 40.1622
 56.6127
 49.5984
 49.5984
 54.9818
 54.9818
 59.6406
 52.4404
 52.4404
 59.6238
 52.0577
 8.66025
 50.1199
 44.0908
 47.2335
 25.5539
 30.7409
 42.391
 30.7409
 51.3517
 29.95
 15.6844
 9.05539
 51.614
 51.614
 49.7494
 23.0651
 23.0651
 49.366
 47.392
 47.392
 30.7083
 34.9714
 41.2311
 56.5597
 51.1273
 37.4566
 57.3149
 57.3149
 59.3127
 50.1797
 52.9622
 19.105
 48.4768
 48.9694
 14.3178
 14.3178
 37.4166
 26.2679
 32.9393
 0
 0
 38.4057
 42.9185
 20.567
 23.4734
 25.923
 11.5758
 22.3607
 30.7409
 17.8885
 17.8885
 41.3159
 22.6495
 22.6495
 34.3948
 36.4966
 53.1883
 40.9145
 48.3218
 63.4823
 55.9553
 55.9553
 55.9553
 53.0189
 52.4404
 51.3225
 49.96
 49.96
 49.96
 38.9615
 44.2832
 27
 27
 39.9875
 28.3901
 37.9473
 31.5911
 21.4009
 15.3297
 17.5784
 22.6053
 18.7617
 37.7359
 37.7359
 15.9374
 15.9374
 48.9387
 25.0799
 54.69
 54.69
 38.2361
 38.2361
 38.2361
 52.3546
 52.3546
 54.8999
 44.2041
 50.8331
 26.9815
 19.8242
 51.8556
 39.2938
 11.0454
 40.4228
 29.3939
 42.2256
 17.088
 30.4959
 11.2694
 11.2694
 21.4709
 42.6146
 29.9165
 52.9245
 51.672
 23.4094
 52.9906
 42.8836
 48.0625
 45.3652
 45.3652
 53.0566
 49.9199
 49.9199
 52.5642
 44.2267
 44.2267
 38.2753
 30.7734
 30.7734
 39.3065
 19.8242
 19.8242
 15.748
 37
 37
 25.2982
 26.1916
 34.9714
 43.4396
 43.4396
 18.6011
 24.1247
 39.3192
 37.5366
 31.1609
 42.2611
 25.2389
 41.509
 38.7814
 41.1582
 31.9844
 38.8716
 34.2199
 36.9324
 31.5753
 31.5753
 31.5753
 41.3038
 55.5608
 53.5444
 34.7563
 34.7563
 34.7563
 20.1246
 20.1246
 29.0172
 31.5436
 22.5832
 39.1024
 32
 15.1658
 40.5586
 28.6531
 33.8674
 17.2916
 23.9374
 26.3439
 40.05
 42.9884
 32.619
 26.7582
 43.1277
 28.3196
 53.0943
 33.4963
 38.1576
 30.282
