 29.6816
 0
 23.3452
 18.3848
 20
 16.4621
 16.4621
 12.1244
 15.3623
 18.3848
 16.8819
 28.3373
 19.6214
 12.2882
 9.05539
 2.44949
 23.1301
 11.2694
 23.1084
 14.1774
 6.9282
 17.1172
 18.5742
 13.2288
 21.2603
 20.9284
 26.0576
 17.6918
 9.48683
 18.1384
 15
 16
 8.66025
 19
 12.1655
 26.096
 11
 24.4745
 18.6011
 15.4596
 15.9687
 9.84886
 14.7986
 21.6795
 21.6795
 22.891
 20.2237
 21.1187
 10.9545
 19.4422
 13
 11.8322
 10.5357
 0
 0
 14
 11.7898
 20.1494
 13.6748
 18.303
 0
 0
 16.7033
 21.2132
 8.24621
 24.8395
 0
 23.4947
 27
 19.1311
 19.8242
 11.3578
 20.8567
 13.8924
 20.025
 25.3377
 9.32738
 14.9332
 21.9773
 15.6525
 20.199
 8.48528
 0
 0
 21.6102
 27.9285
 12.6095
 16.6433
 0
 0
 0
 18.0278
 26.5707
 21.0238
 19.8494
 9.48683
 0
 0
 12.49
 18.6548
 17.4642
 15.3948
 8.12404
 22.2036
 17.8045
 13.1529
 28.4429
 0
 18.6011
 9.16515
 22.0907
 22.9347
 22.9347
 22.9347
 15.9374
 21.4709
 15.9687
 19.6723
 0
 21.5174
 14.0357
 20.8806
 13.7113
 25.3377
 14.1067
 22.0907
 22.6274
 0
 23.3666
 23.7065
 14.9666
 20.5426
 20.4695
 10.8167
 27.1293
 18.3576
 0
 0
 37.1753
 14.5258
 21.7486
 13.9642
 0
 22.9783
 18.2757
 18.7883
 21.7025
 0
 0
 23.8956
 26.1534
 15.4272
 20.1742
 26.5518
 12.1244
 29.1376
 20.8806
 21.7256
 22.9347
 4.24264
 17.4929
 22.6495
 13.8203
 24.8395
 23.4734
 23.4734
 20.4939
 24.6982
 19.3649
 24.6779
 19.1833
 0
 25.7488
 19.4679
 16.8523
 4.12311
 18.303
 25.02
 23.622
 20.6155
 10.0995
 2.44949
 20.0499
 16
 15.1658
 16.4924
 21.9317
 21.4942
 10.4403
 12.8841
 12.8841
 0
 18.4391
 17.1172
 32.573
 17.2916
 17.2916
 21.2132
 15.9374
 33.9117
 22.1811
 22.1811
 0
 0
 30.3809
 14.0357
 31.4325
 27.2397
 27.2397
 14.5258
 22.6053
 26.7582
 23.1948
 6.55744
 6.55744
 0
 22.1359
 20.9045
 23.7276
 11.3578
 21.4009
 24.4745
 26.3249
 18.4391
 0
 0
 19.0263
 17.4929
 23.3238
 19.4165
 19.4165
 27.2213
 21.095
 28.6531
 13.9642
 13.9642
 21.1424
 19.5704
 17.8885
 12.9228
 0
 0
 0
 0
 21.7715
 16
 10.0995
 9.79796
 5.19615
 24.0416
 14.7648
 24.1039
 10.9087
 8.24621
 0
 0
 17.088
 21.5407
 26.9629
 34.4529
 34.4529
 0
 0
 27.2764
 27.4773
 34.6266
 15.9687
 15.9687
 0
 0
 0
 32.0312
 5.47723
 24.2281
 0
 0
 0
 24.7184
 30.6268
 23.7487
 6.9282
 0
 0
 0
 21.3542
 25.2982
 16.4317
 21.5174
 0
 0
 0
 20.664
 21.4476
 20.9762
 15.4272
 15.4272
 0
 0
 0
 0
 32.28
 29.1719
 20.6882
 20.1246
 0
 0
 0
 25.7682
 24.5153
 12.8452
 14.8661
 0
 0
 0
 9.16515
 24.4745
 10.0995
 12.3693
 0
 0
 0
 11.6619
 16.4924
 10.1489
 22.7156
 0
 26.9815
 28.0535
 17.4929
 16.3095
 16.5227
 21.5407
 26.096
 28.8964
 26.1343
 19.105
 35.805
 5.74456
 25.3574
 31.3688
 28
 5.47723
 0
 0
 23.9165
 23.4307
 10.583
 22.9565
 3.4641
 0
 0
 22.561
 19.7231
 26.4197
 21.4709
 0
 32.1092
 28.3373
 19.1572
 24.4745
 2.44949
 20.8567
 30.0666
 18.6548
 30.2324
 1.41421
 0
 24.4745
 13.9642
 16
 10.3923
 0
 0
 0
 15.8114
 27.6406
 9.38083
 13.1149
 6.9282
 14.7986
 0
 0
 0
 0
 28.6705
 19.0788
 11.6189
 21.1896
 0
 0
 0
 32.1092
 17.3781
 29.4279
 23.4094
 23.4094
 0
 0
 24.98
 29.3769
 6.9282
 24.2899
 26.6083
 25.1197
 37.55
 4.3589
 21.1896
 23.388
 32.2645
 11.225
 0
 0
 0
 20.664
 16.7033
 12.0416
 27.2947
 29.2404
 32.1092
 23.4521
 21.1187
 29.5804
 29.7153
 17.5784
 20.025
 20.8087
 10.5357
 27.9464
 10.6771
 10.8628
 8.66025
 21.2838
 13.8924
 29.0172
 0
 0
 20.6398
 38.3667
 9.84886
 24.5153
 0
 14.0712
 31.5753
 27.8029
 12.2066
 14.1421
 0
 0
 0
 5
 31.4802
 19.105
 31.0966
 31.0966
 0
 28.3725
 27.1846
 30.1993
 6
 6
 0
 28.775
 24.6374
 38.7169
 6.08276
 0
 0
 22.1811
 10.8167
 27.6406
 26.9072
 28.775
 31.241
 29.6648
 22.6274
 0
 32.311
 25.3377
 33.1813
 17.5784
 0
 10.583
 30.1993
 23.8747
 13.8564
 13.2288
 28.8964
 9.05539
 23.4521
 24.8596
 17.5784
 23.7908
 22.0907
 28.2312
 15.1327
 28.8097
 14.7309
 9.94987
 5.09902
 33.0908
 28.4956
 26.0576
 5.47723
 28.5832
 17
 23.1517
 27.8388
 5.2915
 30.3809
 21.0238
 15.8114
 24.1247
 28.6705
 32.619
 27.8209
 29.4279
 25.1992
 30.3645
 30.7083
 26.096
 17.5784
 25.5539
 25.4165
 13.5647
 14
 25.3969
 9.21954
 23.8747
 12.53
 15
 27.0555
 25.807
 21.4476
 28.4077
 16.8819
 19.5448
 19.8242
 24.1454
 33.0303
 28.3725
 13.9642
 30.545
 9.05539
 7.14143
 31.5436
 28.4781
 5.56776
 26.0384
 12.53
 29.6648
 29.1548
 8.12404
 22.0907
 21.8403
 31.1929
 34.5543
 33.4515
 31.9061
 21.2368
 33.2415
 39.3446
 27.8209
 29.8664
 13.8924
 13.5277
 26.7021
 28.3019
 11.1355
 9.69536
 25.3574
 25.3574
 17.3781
 17.8885
 20.9762
 25.1992
 27.5318
 36.4829
 25.8263
 30.1662
 22.1811
 33.9411
 29.6648
 7.74597
 31.1609
 16.8523
 29.4618
 33.0303
 11.4018
 7.68115
 19.1311
 10.4881
 13.4536
 22.9129
 27.7849
 25.4362
 29.4788
 29.3428
 30.8058
 31.0483
 15.6205
 28.931
 31.3369
 38.6911
 17.1756
 13.1149
 30.2159
 33.2265
 11.1355
 10.583
 18.4391
 22.4944
 28.775
 27.037
 28.6705
 25.2982
 38.7298
 21.6795
 34.6121
 26.3818
 8.7178
 32.0624
 32.0624
 26.7395
 13.1909
 32.0156
 31.6386
 8.66025
 29.6311
 20.9045
 24.5764
 9.69536
 9.48683
 30.5614
 20.664
 10.4403
 30.7083
 24.6982
 20.8327
 15.6205
 34.4384
 32.3419
 31.4802
 14.2829
 31.9844
 22.1359
 41.1825
 27.7128
 8.88819
 13.9642
 34.9142
 26.9815
 15.1327
 16.1864
 30.0333
 25.2587
 24.2281
 35.6511
 30.1662
 15.6205
 34.7707
 25.9422
 28.3549
 31.8904
 9.16515
 25.3377
 34.176
 10.3923
 28.8791
 26.4008
 28.2312
 9.84886
 19.6469
 17.72
 30.4795
 32.4962
 24.2693
 33.0303
 20.2485
 30.692
 10.7238
 27.258
 9.64365
 14.7309
 28.8097
 13.1909
 15.1658
 26.4197
 22.1585
 30.1496
 0
 31.6228
 20.8567
 37.4166
 31.3209
 32.665
 14.4914
 14.4914
 30.692
 15.748
 27.6767
 8.94427
 30.315
 32.3265
 19.6977
 9
 22
 23.4307
 32.665
 25.5539
 19.3907
 14.0712
 27.6586
 16.7033
 11.3578
 26.0768
 13.9642
 15.4596
 15.4596
 28.0535
 33.3916
 22.5167
 32.6037
 35.0143
 25.671
 37.2961
 19.8242
 21.5407
 35.426
 35.426
 21.7945
 30.7083
 33.9264
 13.0384
 24.7184
 29.3258
 9.32738
 26.9444
 20
 36.8646
 10.3923
 14.3527
 26.6271
 18.4662
 30.692
 8.7178
 27.0555
 14.8661
 12.3288
 28.3373
 24.4745
 16.3401
 21.8174
 33.0151
 26.9815
 13.6748
 34.2637
 7.81025
 34.7851
 34.7851
 34
 34.2345
 14.0712
 35.0856
 35.0856
 28.9482
 9.16515
 27.4408
 24.6171
 22.6274
 31.5119
 32.2335
 25.04
 19.7737
 19.7737
 31.5753
 19.975
 22.6936
 29.5296
 29.5296
 12.1244
 28.9655
 22.4054
 17.8606
 0
 31.0644
 21.5407
 27.8209
 23.4734
 38.7169
 34.0588
 34.2345
 35.1852
 35.1852
 42.7551
 33.4216
 33.4216
 41.1947
 33.4066
 13.9284
 31.5278
 27.6043
 33.4365
 16.3095
 23.7487
 24.0208
 18.2483
 33.0454
 19.8242
 18.9737
 11.3137
 33.2716
 33.2716
 29.5127
 14.4222
 14.4222
 29.9833
 31.8434
 31.8434
 12.8841
 23.4734
 26.9815
 36.9865
 33.1059
 26.1343
 35.9444
 35.9444
 40.1622
 32.311
 35.4683
 13.2288
 29.0517
 34.1614
 17.4069
 0
 17.3781
 17.8045
 17.4642
 0
 0
 28.3019
 27.9106
 25.3377
 20.9284
 9.21954
 12.1655
 6.48074
 14.0357
 20.6155
 20.6155
 26.0768
 17.5784
 17.5784
 16
 33.0151
 34.7563
 25.7488
 35.4683
 41.9404
 38.1576
 38.1576
 38.1576
 34.4238
 38.704
 31.8904
 30.8221
 30.8221
 13.1529
 22.1811
 33.4365
 16.4621
 20.2731
 22.8692
 29.5296
 23.4947
 25.6515
 5.19615
 15.6205
 6
 22.2036
 13.4907
 25.7099
 25.7099
 20.6398
 20.6398
 33.9706
 18.7083
 36.3318
 36.3318
 29.5804
 29.5804
 29.5804
 36.6606
 36.6606
 34.4819
 31.9844
 33.0757
 20.2731
 17.088
 33.9706
 27.9643
 14.7309
 16.3401
 29.3598
 26.1343
 18.1108
 26.5141
 13
 13
 21.0238
 29.5466
 29.7153
 38.2623
 33.4216
 17.088
 35.7071
 31.6544
 30.7246
 30.7083
 30.7083
 36.2767
 33.0908
 0
 34.6843
 27.8388
 27.8388
 21.7025
 29.189
 29.189
 22.0907
 19.8242
 19.8242
 11.3137
 25.2785
 25.2785
 14.8324
 27.1109
 21.7025
 33.0151
 33.0151
 20.2731
 14.7986
 27
 24.2899
 12.53
 27.0924
 19.2094
 23.1084
 28.1603
 30.0998
 15.3623
 25.9037
 19.3649
 21.9089
 20.9762
 20.9762
 20.9762
 25.04
 37.4833
 34.4238
 17.3781
 17.3781
 0
 12.9228
 12.9228
 13
 20.8567
 8.544
 34.8138
 20.025
 13.1529
 26.2679
 18.2209
 26.9444
 14.4568
 23.516
 18.4391
 28.7228
 29.1719
 30.4467
 19.1833
 28.3019
 15
 38.8716
 18.303
 29.9833
 12.8452
