 13.0384
 0
 11.2694
 10.6771
 10.5357
 11.6189
 11.6189
 4.89898
 7.48331
 8.12404
 12.0416
 15.6525
 9.32738
 9.27362
 8
 12.6095
 11.3137
 8.48528
 10.4403
 5.19615
 0
 6.08276
 8.83176
 1.73205
 8.12404
 14
 12.8841
 10.3923
 10.3923
 9.69536
 4.89898
 6.245
 6.08276
 7.93725
 10.4881
 16.5227
 6.16441
 12.4097
 13.8564
 4.24264
 7.74597
 11.5326
 1.41421
 14.9666
 14.9666
 12
 8.77496
 11.7473
 12.1244
 9.38083
 9.84886
 8
 8.60233
 0
 0
 5.74456
 12.4097
 6.9282
 5.38516
 5.19615
 0
 0
 7
 8.18535
 4.24264
 15.6525
 0
 12.0416
 13.8924
 5.74456
 12
 6.85565
 12.53
 7.68115
 11.2694
 11
 4.3589
 6.9282
 13.7113
 10.0499
 9.64365
 3.4641
 0
 0
 11.5326
 15.3948
 8.66025
 13
 0
 0
 0
 5
 15.6205
 12.1244
 9.64365
 4.24264
 0
 0
 13.1149
 8
 7.81025
 5.74456
 4.24264
 11.6189
 8.66025
 13.9642
 15.9374
 0
 8.18535
 12.8841
 7.34847
 13.5277
 13.5277
 0
 7.34847
 10.1489
 6.7082
 7.74597
 0
 9.32738
 6.85565
 8.18535
 4.24264
 13.9284
 8.544
 9.53939
 13.1149
 0
 14.4222
 12.2882
 8.66025
 9.16515
 11.0905
 9.84886
 12.7671
 10
 0
 0
 32.4346
 10.5357
 13.5647
 5.19615
 0
 13.9642
 10.0995
 10.1489
 11.2694
 0
 0
 9.32738
 14.8324
 7.81025
 7.34847
 15.5885
 10.3923
 14.7986
 9.38083
 11.4018
 9.05539
 12.8062
 10.1489
 12.7671
 8.88819
 12.2474
 16.2788
 0
 13.5277
 11.2694
 10.4881
 12.0416
 8.18535
 0
 11.0454
 11.3137
 8.83176
 10.9545
 9.69536
 12.8841
 10.1489
 9.74679
 11.6189
 10.8167
 9.79796
 6.85565
 7
 8.60233
 12.9228
 8
 11.5326
 11.225
 0
 0
 8.18535
 10.0995
 17.2047
 8.88819
 0
 6.245
 6.9282
 18.0831
 12
 0
 0
 0
 14.7648
 6.9282
 17.8885
 13.9284
 13.9284
 12.1655
 10.5357
 13.8564
 15.3297
 10.0995
 10.0995
 0
 11.2694
 14.8661
 13.0384
 9.48683
 12.0416
 11.0454
 18.9473
 3
 0
 0
 7.4162
 12.1244
 9.69536
 11.0454
 11.0454
 15.4272
 9.8995
 15.9374
 8.66025
 8.66025
 10.4881
 7.34847
 7.07107
 15.1327
 0
 0
 0
 0
 11.7898
 7.93725
 13.6015
 12.0416
 4.89898
 13.2665
 6.245
 12.9228
 13
 3.87298
 0
 0
 7.68115
 7.87401
 14.7648
 16.6433
 0
 0
 0
 12.7671
 14.1774
 15.9374
 10.3923
 0
 0
 0
 0
 18.6279
 9.38083
 11.6619
 0
 0
 0
 15.4596
 18.1384
 12.2474
 12.8062
 0
 0
 0
 14.3178
 9.84886
 9.84886
 12.6095
 0
 0
 0
 12.9615
 8.48528
 13.6748
 0
 0
 0
 0
 0
 0
 17.1172
 14.2127
 10.4403
 9.16515
 0
 0
 0
 14.6969
 12.2474
 10.0995
 4.24264
 0
 0
 0
 12.2474
 14.7648
 13.5277
 15.906
 0
 0
 0
 16.7033
 7.34847
 10.9087
 14.3527
 0
 13
 14.9666
 8.66025
 2.44949
 6.245
 8.60233
 10.4403
 13
 11.7473
 2.44949
 19.7484
 11.7898
 14.2478
 16.6733
 13.7113
 13.5277
 0
 0
 10.4881
 12.8062
 7.81025
 12.53
 10.0995
 0
 0
 13
 4.69042
 12.3693
 13.1529
 13.1149
 16.7332
 13.2665
 9.69536
 15.9687
 13.8564
 9.21954
 17.1172
 7.68115
 16.4924
 12.4097
 0
 14
 14.7648
 12.4097
 10.4403
 0
 0
 0
 7.74597
 16.1864
 13.7113
 16.0935
 1.73205
 8.66025
 0
 0
 0
 0
 13.8924
 8.544
 12.0416
 11.4018
 6.9282
 0
 0
 14.7648
 7.93725
 13.6748
 12.3693
 0
 0
 0
 10.8167
 15.4596
 11.3137
 7.14143
 15.3623
 14.4568
 20.4695
 13
 9.38083
 12.7671
 15.2315
 7.14143
 0
 0
 0
 8.7178
 0
 4.24264
 18.0555
 15.1327
 15.5885
 15.3297
 10.0995
 13.5277
 15.9687
 7.34847
 13.8924
 11.7473
 11.6619
 15.1658
 14.6969
 3.4641
 13.4536
 8.66025
 4.3589
 17.5499
 0
 0
 8.94427
 23.5584
 12.2882
 13
 0
 4.24264
 16.3401
 10.8628
 12.53
 6
 0
 0
 0
 13.1529
 15.1658
 8.94427
 15.9687
 15.9687
 0
 16.5831
 13.9284
 14.7648
 12.9228
 0
 0
 14
 15.4596
 20.2978
 9.84886
 0
 0
 12.2474
 6.08276
 12
 14.3178
 15.906
 13.2288
 15.6205
 10.9545
 0
 17.2916
 15.5242
 17.6068
 8
 0
 11
 16.4317
 14.7648
 15.5885
 9
 17.2337
 16.5529
 14.3875
 9.32738
 9.32738
 9.53939
 11.3578
 12.083
 4.47214
 14
 14.8661
 14.7309
 10.4881
 14.4568
 14.1067
 14.2127
 11.0905
 14.4222
 12.2066
 13.7113
 13.4907
 11.6619
 14.8661
 10.5357
 8.06226
 9.8995
 13.5647
 16
 13.5647
 15.4272
 12.5698
 18.0555
 14.8324
 14.3875
 8.66025
 15.9374
 15.6205
 12.49
 14.7648
 15.7162
 10.4403
 15.7162
 12.4499
 7.68115
 18.0555
 14.3178
 8.88819
 10.6301
 4.89898
 6
 5.19615
 13.4164
 13.2288
 14.1421
 12.3288
 14.7648
 14.8997
 12.49
 15.6525
 11.6189
 11.6619
 13.5647
 15.1327
 13.5647
 12.6491
 9.32738
 13.5277
 11.2694
 14.9332
 15.5563
 14.8661
 15.906
 9.38083
 16.8226
 21.0713
 16.7631
 17.8606
 15.6205
 9.79796
 16.7332
 16.5831
 12.49
 14.6629
 13.9284
 14.7648
 11.225
 9.69536
 10.3923
 18.9473
 12.8452
 19.105
 19.2094
 15.3948
 9.16515
 13.6015
 14.1774
 12.2882
 16.2788
 14.2127
 16.5529
 16
 17.2916
 12.8841
 7
 8
 13.2288
 4.58258
 14.7648
 15.1327
 13.2288
 13.9642
 15.6205
 14.9332
 5.19615
 15.1987
 18.2757
 17.1172
 9.32738
 13.2288
 17.72
 17.1172
 11.6619
 13.5647
 14.4914
 11.7898
 14.7648
 16.3095
 11.2694
 16.5227
 20.8327
 6.08276
 14.6969
 18.9737
 6.32456
 15.6525
 15.6525
 14.7648
 13.4907
 15.6205
 14.1421
 14.3875
 16.1245
 14.8324
 13.1909
 15.4919
 10.583
 13.9284
 9.11043
 14.8997
 14.7309
 14.3527
 7.48331
 7.81025
 16.6733
 15.1658
 19.5704
 14.0712
 14.7648
 10.4881
 20.2731
 16.2481
 12.3693
 14.4568
 15.906
 15.6205
 11.2694
 7.34847
 15.9687
 6.08276
 12
 20
 14.7309
 5.19615
 15.6525
 15
 11.2694
 17.7764
 10.5357
 16.8226
 15.9374
 12.9228
 14.7986
 8.544
 15.6525
 9.69536
 7.07107
 6.9282
 14.1067
 15.0997
 12.49
 17.2047
 10.4403
 17.8606
 12.6095
 15.1658
 14.4568
 16.3707
 17.5214
 12.6095
 11.5326
 16.2788
 9.84886
 11.4018
 0
 15.6525
 9.11043
 17.8326
 16.6433
 14.4222
 3.87298
 3.87298
 17.2627
 15.6525
 11.7898
 13.5277
 18.3848
 15.3297
 8.48528
 9.32738
 8.66025
 12.2882
 16.5831
 9.8995
 8.7178
 11.7898
 17.4356
 15.9374
 13.2288
 17.3494
 12.4097
 15.5885
 15.5885
 16.7033
 15
 14
 13.7477
 17.3781
 13.2665
 17.8606
 2.23607
 9.05539
 16.6733
 16.6733
 18.5742
 16.6132
 16.5831
 13.7477
 13.4536
 14.1067
 8.66025
 15.906
 9.64365
 20.2237
 8.544
 10.5357
 13.1909
 10.9087
 18.6815
 14
 18.2209
 13.0384
 13.2288
 15.8114
 9.38083
 7.93725
 10.4881
 13.9642
 16.0312
 5.19615
 14.8997
 7.4162
 15.9374
 15.9374
 14.2127
 17.8326
 15.8745
 16.5831
 16.5831
 15.9374
 12.49
 11.7898
 12.1655
 13.7477
 15.3623
 17.3494
 15.8745
 6
 0
 17.3205
 14.4568
 13
 15.0333
 15.0333
 14
 15.6205
 13.3041
 14.3178
 0
 14.7648
 12.2882
 17.5499
 11.2694
 19.0526
 16.4924
 18.5203
 16.3707
 16.3707
 22.8035
 18.4391
 18.4391
 22.6053
 17.9165
 15.5242
 14.9666
 13.4164
 15.4919
 10.3923
 9.8995
 15.0997
 4.69042
 16.5831
 8.83176
 14.1067
 15.6205
 18.412
 18.412
 18.303
 12.4097
 12.4097
 18.3303
 14.8661
 14.8661
 10.4403
 10.8628
 16.3401
 18.0555
 14.2127
 14.7648
 18.5203
 18.5203
 20.2731
 16.8523
 17.5214
 9.16515
 15.1327
 16.3095
 17.1756
 0
 3.4641
 8.24621
 5.19615
 0
 0
 14.4222
 13.2288
 15.5885
 13
 9.27362
 14.7986
 6.9282
 6.08276
 17.72
 17.72
 12.53
 10.8167
 10.8167
 1.41421
 19.0788
 16.5831
 17.1756
 19.799
 20.2485
 19.0526
 19.0526
 19.0526
 18.2209
 22.8254
 17.8606
 16.1864
 0
 14.8661
 7.34847
 16.1245
 7.34847
 10.4403
 13.5277
 18.2757
 11.2694
 15.8114
 8.544
 10.6301
 8.66025
 11.6189
 11.6619
 14.1067
 14.1067
 13.4907
 13.4907
 16.6733
 7.93725
 20.2237
 20.2237
 15.1987
 15.1987
 15.1987
 18.9737
 18.9737
 15.5885
 16.7033
 17.0587
 12.8452
 14.6969
 17.1172
 9.8995
 14
 6.32456
 18.2209
 12.1655
 12.2474
 13.9642
 15.0997
 15.0997
 12.8062
 12.9615
 19.3907
 18.735
 16.7033
 9.27362
 19.1311
 15.6844
 14.4222
 15.906
 0
 18.2209
 19.1311
 0
 16.8226
 13.9642
 0
 7.34847
 19.2614
 0
 8.66025
 13.1909
 13.1909
 11.225
 11
 11
 1.73205
 16.5831
 12.2882
 14.3527
 14.3527
 16.7033
 5.19615
 12.9615
 10.3923
 0
 11.4455
 10.9087
 6.55744
 16
 13.1909
 5.2915
 8.12404
 3.31662
 8.66025
 13
 0
 0
 13.1529
 23.2379
 22.6716
 5.19615
 0
 0
 8.88819
 0
 0
 5.47723
 6
 16.7332
 3.4641
 14
 9.32738
 1.41421
 17.1756
 14.9666
 14.9332
 11.8322
 13.8564
 17.3781
 17.088
 13.7113
 14.7648
 13.1909
 20.6398
 2.44949
 17.3781
 2.44949
