 305.197
 0
 9.32738
 11.225
 7.74597
 17.1756
 17.1756
 16.7929
 36.0832
 24.1454
 23.622
 19.4422
 37.3631
 17.9444
 18.9473
 32.2025
 49.5278
 18.4391
 49.0204
 27.7849
 26.1343
 29.4958
 40.1373
 32.078
 39.0768
 15.8745
 17.5784
 14.7648
 25.2785
 9.32738
 34.641
 16.6733
 22.4944
 29.2233
 12.8062
 18.8149
 25.3772
 17.8885
 26.4386
 29.5127
 25.5734
 25.318
 44.2719
 19.6977
 19.6977
 50.0799
 45.3542
 19.0526
 20.8567
 45.4423
 19.6723
 22.7816
 37.1349
 0
 0
 24.6171
 22.8254
 40.4104
 37.4566
 36.4829
 0
 0
 26.4197
 30.7083
 30.7409
 14.4222
 14.4222
 14.7309
 14.8997
 41.497
 30.1662
 14.7309
 40.5832
 16.6733
 13.4536
 39.37
 14.6969
 42.0595
 34.3802
 11.0905
 23.3452
 13.2288
 0
 49.558
 28.8964
 54.2218
 24.7184
 15.2971
 15.2971
 0
 40.6694
 29.8831
 49.1732
 28.3725
 29.8329
 12.2882
 0
 33.1059
 27.037
 34.7419
 36.2767
 44.699
 11.5758
 53.6936
 34.8855
 28.6182
 44.3847
 44.3847
 43.6692
 22.9783
 50.3885
 22.4499
 22.4499
 0
 21.7945
 44
 25.7876
 45.9239
 45.9239
 29.6142
 22.9347
 39.064
 33.5112
 38.7427
 25.04
 25.807
 19.7231
 19.7231
 40.5709
 15.1658
 20.9762
 40.6079
 37.1887
 23.0651
 47.3181
 11.8322
 0
 0
 16.2788
 19.799
 30.1993
 28.7924
 28.7924
 24.8395
 28.3019
 52.8583
 20.347
 0
 0
 44.3509
 23.1733
 29.3939
 51.9808
 46.744
 24.6779
 57.6888
 46.6262
 45.0444
 52.0961
 28.8791
 38.1445
 41.9404
 26.533
 48.1975
 23.1517
 0
 35.0571
 31.496
 24.2074
 40.5463
 41.7373
 0
 39.9625
 30.0998
 32.3574
 42.9767
 20.1742
 43.6921
 17.8885
 19.7484
 27.1846
 43.4626
 42.5323
 20.5913
 31.9374
 17.2627
 33.2114
 41.2189
 25.04
 22.1359
 0
 0
 35.6791
 30.9193
 45.2106
 25.1396
 0
 39.975
 34.7707
 55.263
 31.3528
 0
 0
 0
 0
 28.3373
 51.0392
 44.2493
 44.2493
 44.2493
 44.9778
 54.8452
 45.1442
 30.8221
 30.8221
 0
 43.7493
 34.0881
 49.95
 28.1957
 38.8201
 44.2832
 26.7582
 36.2905
 0
 0
 36.0416
 32
 44.2493
 28
 28
 47.3709
 24.6171
 18.4662
 28.4253
 28.4253
 46.4327
 20.2485
 19.0263
 28.3549
 0
 0
 0
 0
 41.2916
 32.6343
 30.315
 27.4955
 32.6956
 33.7787
 28.9137
 34.3802
 30.7246
 28.0713
 0
 0
 33.1512
 36.9865
 27.258
 43.6463
 43.6463
 0
 0
 47.927
 41.9285
 56.542
 26.533
 26.533
 0
 0
 0
 0
 34.1614
 43.2088
 43.2088
 0
 0
 48
 51.0196
 41.2068
 31.1288
 0
 0
 0
 42.6615
 42.6497
 32.1714
 31.9687
 0
 0
 0
 36.6879
 39.9375
 28.4781
 40.5709
 0
 0
 0
 0
 0
 14.7986
 46.4435
 25.7876
 28.7054
 0
 0
 0
 46.1086
 17.8606
 28.5657
 29.5296
 0
 0
 0
 31.305
 42.6146
 32.28
 32.6037
 0
 0
 0
 33.5559
 28.4781
 34.3511
 39.3192
 0
 29.4788
 26.7955
 36.3731
 41.5331
 33.7935
 43.3359
 44.2719
 38.8716
 44.3509
 49.8799
 45.7712
 37.2961
 41.7732
 54.7266
 47.4236
 33.8378
 0
 0
 44.5646
 38.1314
 36.6742
 46.7654
 33.2866
 0
 0
 37.51
 39.0896
 34.4819
 39.3192
 36.8375
 21.0476
 43.3244
 33.3916
 34.7707
 44.2945
 34
 43.2666
 24.3311
 11.6619
 40.7185
 0
 42.4264
 33.5708
 32.187
 31.5119
 31.5119
 0
 0
 30.0998
 35.9861
 37.7492
 35.5246
 25.318
 25.318
 0
 0
 0
 0
 29.0172
 38.3797
 33.4365
 39.9875
 34.2199
 0
 0
 41.1825
 33.3317
 41.7253
 31.6544
 31.6544
 0
 0
 47.9583
 44.3621
 37.7492
 43.2897
 50.2096
 40.5832
 44.8888
 38.8458
 44.8776
 37.51
 49.1833
 36.7287
 0
 0
 0
 36.9053
 42.9535
 42.2966
 47.4868
 40.4846
 24.7588
 42.2374
 29.6985
 17.5784
 41.0122
 29.6816
 38.3797
 34
 31.9374
 40.5956
 35.1994
 9.84886
 39.598
 27.7489
 34.2345
 35.9305
 0
 0
 34.4819
 24.8596
 34.2345
 35.0856
 35.0856
 40.5216
 39.8246
 41.2432
 36.2215
 36.2215
 0
 0
 0
 41.0122
 46.4327
 35.9861
 44.833
 44.833
 44.833
 44.3396
 46.2385
 37.5233
 38.8844
 38.8844
 38.8844
 49.163
 42.0119
 45.8476
 40.2741
 40.2741
 0
 41.2432
 46.2925
 41.2795
 57.2626
 49.2037
 25.923
 38.9102
 32.573
 32.573
 13.7477
 47.2229
 40.2492
 30.8058
 0
 31.5278
 39.3573
 40.8289
 36.318
 34.5832
 39.95
 42.8836
 35.6791
 31.9687
 35.9722
 41.1339
 29.4279
 40.0125
 42.4028
 38.1445
 34.5977
 40.398
 42.7434
 47.2864
 49.1833
 45.7384
 39.3319
 45.5961
 39.0512
 45.5961
 35.7771
 40.025
 46.7226
 45.0666
 41.9404
 46.9361
 39.3446
 38.3275
 29.4958
 50.4083
 32.573
 49.2341
 40.5339
 21.3073
 30.7896
 47.2864
 40.7063
 33.0908
 35.819
 37.0945
 40.1871
 37.6298
 34.9428
 40
 34.2053
 36.2491
 29.9333
 42
 43.0581
 36.524
 40.9634
 25.3772
 52.3163
 47.2864
 39.2301
 49.8698
 41.1947
 38.5616
 44.5197
 47.3603
 39.7869
 45.1885
 43.5546
 37.6032
 35.6511
 48.4974
 46.422
 36.4966
 37.8286
 23.6432
 38.8587
 43.0929
 30.8058
 15.2315
 43.382
 41.2432
 44.4072
 38.223
 31.8434
 46.5403
 38.7814
 36.1663
 41.7612
 38.1051
 39.3573
 37.855
 34.6121
 38.1969
 31.9218
 40.5832
 28.1247
 25.6515
 45.607
 35.0999
 46.7761
 44.9778
 41.7133
 49.1935
 38.8716
 45.0555
 46.1194
 46.7868
 40.8412
 49.9199
 46.5725
 42.8135
 41.2068
 32.8634
 36.4143
 35.0428
 25.8844
 40.5216
 35.6511
 37.5233
 21.1424
 38.2361
 45.111
 31.1929
 39.064
 37.47
 52.6213
 36.6742
 40.6571
 35.4119
 30.3645
 38.1576
 43.9204
 41.2674
 41.7133
 25.2389
 41.8569
 45.0777
 36.428
 43.8748
 43.9318
 43.9318
 29.6648
 34.6121
 43.0929
 44.2945
 43.1972
 44.4072
 33.8969
 37.855
 43.9204
 45.288
 40.9756
 40.3361
 44.1475
 26.7769
 34.5977
 34.4529
 44.317
 16.5529
 40.8656
 38.8201
 35.5246
 37.4833
 23.4521
 59.0762
 41.2795
 39.4208
 37.3765
 51.342
 35.8329
 38.092
 34.2783
 46.9787
 40.694
 36.8646
 29.189
 41.3159
 41.1947
 44.643
 68.593
 45.7493
 47.9166
 37.9078
 57.9396
 47.9375
 42.391
 48.8262
 44.9333
 43.4166
 42.9185
 46.594
 42.1663
 31.7962
 40.4969
 36.2491
 17.8326
 29.5804
 39.95
 40.0375
 40.9634
 42.8836
 36.9324
 38.704
 37.3497
 33.4664
 33.1813
 29.9666
 32.1559
 0
 30.1828
 38.1051
 38.3014
 49.163
 44.5084
 32.619
 32.619
 44.3734
 37.7757
 39.95
 46.2169
 43.8406
 27.0185
 49.4166
 49.95
 35.8608
 34.6266
 20.2485
 40.5093
 30.9516
 36.9594
 36.1663
 33.3167
 42.9418
 35.327
 38.223
 36.0416
 0
 27.8927
 27.037
 31.0644
 38.1314
 30.2324
 29.2404
 45.31
 44.8999
 28.2489
 43.0233
 43.0233
 36.3043
 45.6508
 40.5709
 41.9643
 40.0125
 30.7409
 44
 36.524
 35.5106
 18.4662
 48.1871
 37.3095
 28.2666
 31.4802
 35.8469
 44.7102
 34.0588
 37.0945
 41.4849
 33.0303
 32.9848
 34.2345
 31.4643
 36.318
 30.249
 40.5339
 43.3013
 43.8064
 43.7607
 43.7607
 44.2719
 43.9773
 45.4092
 43.0465
 43.0465
 43.8292
 45.4863
 31.3369
 46.465
 31.0644
 22.9347
 30.1164
 27.7308
 30.1164
 30.1164
 47.0638
 39.3065
 28.3549
 32.6803
 32.6803
 44.2719
 34.7563
 30.282
 36.2629
 0
 30.7246
 31.4484
 28.9655
 35.609
 38.1314
 30.2159
 30.2159
 41.1947
 41.1947
 41.7013
 43.7721
 43.7721
 48.1871
 43.715
 47.3603
 35.8748
 36.9053
 25.671
 38.5357
 30.8707
 34.2199
 39.6485
 30.0998
 31.7962
 32.45
 44.8665
 44.8665
 44.8665
 44.8665
 36.7967
 36.7967
 30.282
 27.0924
 27.0924
 48.5283
 33.4066
 31.3528
 36.4692
 40.2865
 27.2764
 40.0625
 40.0625
 40.3485
 52.8961
 34.0441
 38.9615
 38.092
 20.2485
 44.8553
 0
 47.697
 34.2053
 38.0526
 0
 0
 24.3105
 30.3974
 29.6985
 29.6648
 29.6648
 42.4264
 42.4264
 34.2199
 27.6043
 0
 26.0768
 29.9833
 29.9833
 32.665
 22.561
 33.7194
 25.632
 26.8142
 34.2345
 50.5074
 50.5074
 50.5074
 61.1964
 35.0286
 37.7359
 31.3369
 31.3369
 31.3369
 42.3792
 12.53
 37.8814
 37.8814
 30.3315
 27.074
 29.95
 22.1359
 22.1359
 35.4824
 47.0532
 24.5764
 38.4448
 24.1868
 0
 33.5708
 33.5708
 20.8327
 32.4191
 26.2488
 26.2488
 30.315
 30.315
 30.315
 24.5967
 24.5967
 34.6266
 32.7872
 32.2955
 34.2199
 33.541
 33.5261
 19
 42.0357
 38.0132
 25.1992
 35
 30.8707
 18.3303
 40.7308
 0
 26.3629
 17.8885
 17.8885
 9.53939
 41.9881
 32.909
 22.4277
 21.4476
 24.1868
 28.7576
 0
 0
 15.843
 0
 30.692
 17.2916
 0
 0
 26.9444
 0
 35.8608
 29.5635
 0
 30.6105
 25.6125
 0
 27.4226
 20.8567
 20.8567
 11.0905
 0
 26.0768
 28.8444
 23.4947
 31.8277
 45.0666
 51.672
 28.1247
 55.6597
 55.6597
 17.3494
 17.3494
 53.2071
 35.6511
 35.6511
 49.224
 49.224
 0
 0
 41.1704
 41.509
 41.509
 0
 0
 49.7795
 49.7795
 49.7795
 18.7617
 37.1753
 6
 6
 24.5357
 26.8328
 27.9285
 9.38083
 32.665
 13
 30.0832
 30.0832
 17.4069
 17.1172
 17.2047
 20.9045
 30.2985
 22.2486
 32.6956
 17.3205
 17.3205
