 28.4781
 0
 26.0576
 24.5764
 22.8254
 21
 21
 15.6525
 24.2281
 23.6008
 22.9783
 34.5688
 28.1603
 17.8606
 15.5242
 4.3589
 28.3725
 18.7617
 29.1033
 22.1133
 14.9666
 23.9165
 23.9165
 20.6398
 29.0172
 23.3024
 28.3019
 24.1661
 2.44949
 18.303
 21.8632
 25.04
 12.49
 24.4745
 16.6733
 32.7414
 17.3494
 25.5539
 26.2488
 20.347
 21.4942
 9.53939
 25.2389
 24.5764
 0
 29.6816
 28.0535
 25.0998
 9.32738
 26.9629
 17.2916
 16.4621
 19.4165
 0
 0
 22.2036
 12.1244
 26.1916
 20.664
 21.2838
 0
 0
 23.3452
 29.1033
 16.4621
 26.4197
 0
 25.2982
 33.541
 26.9815
 28.931
 9.27362
 29.5127
 17.9444
 23.516
 36.1663
 8.24621
 22.1811
 31.9844
 23.3666
 29.5296
 7.54983
 0
 0
 28.0179
 34.8138
 19.105
 24.8797
 0
 0
 0
 24
 33.2566
 27.7489
 26.5895
 26.5895
 0
 0
 13.0384
 26.5141
 25.5343
 19.4679
 19.4679
 29.1033
 25.04
 8.60233
 35.9444
 0
 24.1661
 8.77496
 28.8617
 27.6225
 27.6225
 27.6225
 19.1833
 28
 22.1811
 25.318
 0
 29.4618
 23.7065
 27.4044
 20
 35.8469
 19.3907
 27.8209
 25.2982
 0
 30.8221
 27.4226
 20.4206
 28.5832
 27.6225
 13.9642
 36.2905
 22.561
 0
 0
 43.7035
 14.5945
 30.4138
 19.6977
 0
 30.7896
 26.1151
 25.2982
 25.02
 0
 0
 34.9285
 30.7409
 23.388
 26.096
 33.7343
 17.5784
 35.6651
 31.273
 28.6531
 29.2916
 10.3441
 26.6833
 29.6479
 18.5742
 31.3369
 31.3209
 31.3209
 27.1846
 32.0312
 24.8193
 32.9545
 27.1477
 0
 34.9571
 22.9565
 27.0185
 10.2956
 19.2873
 32.9697
 29.3258
 21.7256
 15.3297
 8.24621
 28.4605
 18.735
 23.6432
 17.9165
 31.1288
 31.3209
 12.6095
 14.3178
 14.3178
 0
 27.9821
 25.7876
 40.5832
 23.1517
 23.1517
 33.0908
 24.6779
 42.107
 28.6531
 28.6531
 0
 0
 38.5876
 19.1833
 39.4462
 35.4965
 35.4965
 20.6155
 28.7924
 34.6987
 31.0483
 11.225
 11.225
 0
 29.1548
 27.313
 29.5635
 16.3707
 27.5862
 32.7414
 28.8964
 27.4773
 0
 0
 27.1109
 24.6982
 33.3617
 24.0832
 0
 38.5746
 25.593
 35.9583
 17.3494
 0
 29.0345
 25.318
 22.6495
 13.8564
 0
 0
 0
 0
 28.8964
 25.4951
 12.2474
 13
 5
 30.8545
 23.7065
 33.0303
 16.7929
 8.60233
 0
 0
 26.7582
 31.3369
 36.647
 43.3128
 0
 0
 0
 37.3229
 37.8946
 44.4185
 22.5832
 0
 0
 0
 0
 40.4228
 11.7473
 32.3419
 0
 0
 0
 31.0805
 38.3536
 31.5119
 13.9642
 0
 0
 0
 29.8998
 33.2415
 25.7294
 29.5804
 0
 0
 0
 26.9815
 31.9374
 29.3939
 24.0416
 0
 0
 0
 0
 0
 44.2945
 39.064
 28.7054
 27.2397
 0
 0
 0
 36.1109
 31.4643
 19.5192
 26.5707
 0
 0
 0
 13.1529
 34.9285
 13.2665
 11.2694
 0
 0
 0
 15.6844
 25.04
 17.6918
 32.0624
 0
 35.8608
 37.7889
 27.9643
 25.1197
 25.5734
 31.4006
 37.5899
 39.4208
 34.7994
 26.4008
 46.1844
 10.3923
 34.8999
 38.5876
 36.4143
 8.83176
 0
 0
 32.6497
 31.9531
 20.2485
 31.1448
 14.7648
 0
 0
 31.496
 30.2159
 36.2077
 28.2666
 10.4881
 41.2795
 39.3827
 28.178
 31.1769
 10.0499
 28.8791
 40.4969
 25.1992
 36.2767
 6.40312
 0
 34.6843
 12.49
 19.8242
 14.7648
 0
 0
 0
 23.8537
 38.0657
 14.7309
 12.3288
 12.3288
 13.4536
 0
 0
 0
 0
 38.2623
 31.5753
 19.975
 31.6228
 31.6228
 0
 0
 42.6028
 27.6225
 41.7493
 30.9677
 0
 0
 0
 35
 38.923
 13.8924
 33.7046
 35.4824
 34.7563
 49.163
 9.64365
 29.95
 33.1813
 41.9762
 21.3542
 0
 0
 0
 31.1288
 28.3019
 26.0192
 36.1939
 43.9773
 42.2847
 33.1361
 32.2335
 36.8782
 42.391
 25.1992
 29.6816
 29.8664
 13.5277
 39.37
 12.083
 12.083
 15.5885
 28.931
 22.5832
 39.598
 0
 0
 32.249
 47.4131
 15.843
 36.5377
 0
 27.2213
 42.2256
 39.4842
 18.3848
 18.3848
 0
 0
 0
 13.8924
 42.4028
 28.4605
 41.3642
 0
 0
 37.5899
 36.8646
 40.4599
 11.225
 0
 0
 39.281
 34.4384
 49.2544
 16.7033
 0
 0
 32.9545
 21.9317
 39.5727
 36.8375
 36.8782
 42.8719
 43.1161
 33.5708
 0
 41.2553
 32.7109
 44.833
 26.0384
 0
 14.9666
 41.2189
 33.0303
 14.4222
 19.1311
 39.3573
 14.1067
 33.6898
 35.1852
 30.4959
 35.3695
 32.3265
 42.6615
 28.5482
 40.5463
 20.2978
 15.4272
 17.2627
 43.9659
 39.975
 35.4542
 12.9615
 39.0512
 24.454
 32.7109
 37.6962
 16.4317
 41.9047
 30.9193
 28.0179
 35.4542
 41.0122
 46.7547
 40.025
 41.2189
 34.4819
 39.2428
 44.2945
 35.623
 26.9444
 34.4819
 38.704
 15.4919
 14.4222
 36.3731
 15.6205
 33.1059
 18.7083
 26.9444
 36.0278
 38.3927
 28.7054
 42.7434
 27.2947
 31.257
 31.8434
 31
 44.3509
 40.5832
 19.799
 40.1123
 14
 10.5357
 40.7308
 39.4335
 15.6844
 35.819
 20.0499
 43.2088
 40.1248
 21.9089
 32.619
 32.7261
 45.111
 46.0543
 47.4447
 43.6234
 32.1403
 42.0357
 53.6749
 39.4968
 39.3954
 14.2478
 20.3961
 35.6791
 39.9875
 18.735
 15.843
 39.3446
 34.2783
 29.6985
 26.1725
 33.2866
 35.242
 41.9643
 48.3529
 35.0999
 43.0349
 34.7851
 45.0555
 37.8021
 12.3693
 41.2432
 21.7486
 36.1525
 42.4146
 12.9615
 13.2288
 28.3196
 20.2237
 20.0499
 35.6371
 37.9737
 35.1994
 39.8999
 41.7493
 44.6318
 42.1426
 28.6007
 37.1483
 42.4971
 47.5605
 20.6398
 12.53
 40.7063
 42.6146
 16
 14.1774
 27.313
 29.5127
 39.0768
 35.8887
 39.8121
 37.1753
 50.4183
 32.2955
 45.5631
 37.1349
 21.7025
 44
 44
 36.4829
 14.7648
 39.9625
 41.3159
 8.7178
 37.027
 28.5657
 33.1512
 17.5499
 18.412
 39.5601
 31.4802
 20.6155
 42.5911
 36.0139
 32.5883
 28.2666
 40.7063
 45.3762
 43.1625
 15.9687
 45.8803
 30.6105
 52.2781
 39.9124
 13.1149
 15.1327
 46.8188
 40.2244
 22.8473
 26.0384
 40.7554
 35.6651
 36.8375
 47.8435
 43.8292
 27.4408
 45.6399
 38.1314
 37.8286
 42.7668
 17.4356
 37.8814
 43.3935
 12.2882
 38.1969
 35.7211
 38.4448
 20.025
 30.0666
 30.0167
 43.1277
 46.2385
 33.7194
 42.391
 27.9285
 43.0349
 13.7113
 38.704
 10.4881
 15.9374
 40
 20.025
 23.7908
 39.6358
 32.9848
 40.7063
 0
 43.7379
 33.5559
 49.8297
 42.4853
 42.6615
 26.0384
 26.0384
 40.5463
 17.2047
 38.2492
 13.2288
 38.5357
 43.2897
 29.4788
 20.9762
 36.606
 33.0908
 40.7676
 38.7169
 26.9629
 17.1172
 40.6202
 17.8885
 10.9087
 37.855
 20.8327
 17.4356
 0
 39.0384
 44.2493
 29.5466
 43.1625
 45.7056
 35.623
 46.5081
 30.1662
 26.9629
 44.8442
 44.8442
 19.5448
 39.7995
 44.2945
 13.1909
 34.4674
 43.1972
 20.0749
 36.973
 31.686
 47.1805
 23.8328
 21
 34.7994
 23.0651
 43.2666
 12.7671
 40.2989
 17.6068
 19.5704
 39.6485
 36.0971
 25.219
 32.9242
 46.9787
 40.025
 23.7276
 43.8862
 21.4709
 45.6399
 45.6399
 44.0114
 42.4382
 14.4222
 45.5412
 45.5412
 39.3065
 15.843
 40.2492
 35.0856
 34
 43.1161
 46.1736
 35.6791
 29.2746
 29.2746
 45.5851
 17.8606
 28.5482
 41.1947
 41.1947
 14.3178
 38.9358
 33.9264
 22.2036
 0
 44.2493
 30.4959
 41.4849
 37.9605
 49.7795
 44.5533
 57.1577
 47.3603
 47.3603
 53
 44.833
 44.833
 52.9434
 42.2256
 12.2066
 45.1553
 38.6523
 46.9468
 23.5584
 31.9061
 37.108
 28.3196
 47.4025
 29.6142
 21.4942
 11.3137
 45.7712
 45.7712
 42.7083
 21.7025
 21.7025
 43.5316
 43.795
 43.795
 26.2298
 32.28
 37.3765
 49.4166
 45.1996
 37.027
 49.7393
 49.7393
 52.2207
 42.4735
 47.2546
 20.2731
 41.2553
 47.9062
 18.303
 18.303
 32.5576
 26.7582
 29.5973
 0
 0
 38.2623
 38.1969
 28.1957
 25.318
 19.7737
 14.4568
 15.0997
 26.9815
 22.7816
 22.7816
 37.0135
 24.0416
 24.0416
 28.8964
 38.8587
 47.3392
 39.1024
 47.6025
 53.4696
 50.0899
 50.0899
 50.0899
 46.8081
 49.7795
 43.1393
 45.0777
 45.0777
 14.7648
 32.3574
 44.3058
 25.219
 27.8388
 37.0945
 32.0468
 35.7211
 33.1964
 16.4621
 19
 14.9332
 24.4949
 18.6011
 36.5513
 36.5513
 21.0713
 21.0713
 47.5395
 26.9258
 49.0204
 49.0204
 38.4057
 38.4057
 38.4057
 48.6518
 48.6518
 47.4552
 41.1825
 45.1664
 29.2746
 22.2711
 45.1885
 39.1791
 15.6205
 29.7153
 34.2345
 40.5093
 24.0208
 34.2491
 13.7113
 13.7113
 26.2869
 42.5676
 34.7563
 51.4101
 45.607
 25.1992
 46.7226
 42.2729
 43.0465
 41.9881
 41.9881
 47.3181
 44.7884
 44.7884
 45.8258
 41.1947
 41.1947
 31.9218
 35.4119
 35.4119
 36.2215
 25.3377
 25.3377
 19.799
 37.3765
 37.3765
 26.9629
 32.665
 32.2335
 45.3762
 45.3762
 25.3377
 25.4362
 35.6931
 33.0757
 23.4734
 36.8782
 27.4044
 34.5977
 37.1753
 41.4246
 26.0768
 35.4683
 30.9193
 33.8969
 33.8821
 33.8821
 33.8821
 36.6606
 50.8232
 47.613
 30.1496
 30.1496
 30.1496
 21.4243
 21.4243
 23.622
 32.1248
 20.8806
 42.8019
 32.1559
 15.3297
 40.6079
 29.4788
 35.609
 20
 30.1662
 28.1069
 37.3363
 38.5876
 36.0416
 29.3428
 37.7094
 26.4386
 50.8724
 27.8029
 42.332
 26.6083
