 33.8083
 0
 29.4958
 20.2731
 19.4936
 16.0312
 16.0312
 13.2288
 28.8617
 22.2486
 18.303
 33.9411
 31.3209
 15.2971
 11
 11.6189
 37.4433
 14.8661
 35.9166
 22.9347
 21.8403
 25.7294
 29.4279
 23.6854
 29.6816
 23.4734
 31.7648
 22.7156
 1.73205
 19.975
 27.4955
 19.6723
 14.3178
 29.5466
 13.6015
 33.6006
 18.2757
 25.7876
 23.3666
 23.7065
 25.04
 8
 27.2029
 27.6767
 27.6767
 34.5832
 34.6121
 27
 7
 31.9061
 15.906
 12.2474
 22.1585
 0
 0
 19.4936
 9.21954
 33.9411
 26.096
 26.7021
 0
 0
 25.6515
 28.2843
 19.975
 32.7567
 32.7567
 27.6948
 33.5261
 28.6705
 26.4386
 11.2694
 33.7935
 14.7648
 17.9165
 36.4692
 10.198
 28.9137
 33.0151
 17.2916
 28.6356
 9.48683
 0
 0
 31.3688
 42.8252
 16.7033
 19.975
 19.975
 0
 0
 28.775
 41.2916
 28.7402
 29.2062
 9
 0
 0
 11.6189
 28.2843
 29.5127
 29.4788
 7.81025
 36.9594
 30.1662
 4.69042
 41.7013
 41.7013
 32.7414
 8.66025
 35.3836
 27.6225
 27.6225
 27.6225
 19.7737
 36.3043
 20.2731
 33.4365
 0
 27.7849
 19.4422
 34.7419
 27.8927
 35.4119
 16.6132
 27.9464
 28.8791
 0
 34.7563
 23.2594
 16.8523
 27.4044
 33.1059
 12.8841
 39.5095
 19.0263
 0
 0
 39.5601
 13.6015
 34.3802
 19.799
 0
 33.1964
 22.9347
 34.1174
 21.5174
 0
 0
 35.609
 31.5119
 26.4953
 35.0286
 39.9875
 14.1421
 43.8862
 33.7343
 36.2077
 38.2361
 8.66025
 32.7109
 37.4166
 15.5242
 40.05
 30.8545
 30.8545
 35.6931
 29.1376
 23.5797
 39.4208
 31.8748
 31.8748
 35.609
 31.0805
 27.1846
 10.9545
 18.303
 37.4166
 25.671
 22.0907
 13.5277
 11.4455
 35.1568
 17.1464
 22.9347
 22.8035
 34.7994
 30.249
 12.8841
 15.3623
 15.3623
 15.3623
 31.1448
 22.5167
 44.5758
 21.0238
 21.0238
 31.9061
 28.3196
 48.7237
 30.6105
 30.6105
 0
 0
 45.4973
 18.412
 46.0435
 40.5339
 40.5339
 32.0156
 37.6165
 42.8602
 38.2623
 12.0416
 12.0416
 0
 38.2361
 33.8969
 40.2741
 15.6525
 36.0416
 40.3113
 33.8231
 25.5539
 0
 0
 31.0805
 31.1769
 34.5109
 26.4953
 26.4953
 43.0233
 27.4773
 32.2025
 13.9642
 13.9642
 35.8329
 22.6495
 18.6279
 10.9545
 10.9545
 0
 0
 0
 34.8999
 24.2899
 7.34847
 11.6189
 11.6189
 34.2199
 23.4307
 31.607
 15.906
 12.6095
 0
 0
 27.9821
 32.2645
 35.0571
 45.4753
 45.4753
 0
 0
 41.6173
 41.7971
 49.4368
 17.5784
 17.5784
 0
 0
 0
 46.9787
 13.7113
 42.4146
 0
 0
 0
 41.0853
 48.6415
 41.5812
 12.8841
 0
 0
 0
 35.242
 40.9145
 21.9317
 37.7359
 0
 0
 0
 33.9264
 31.4166
 31.9061
 29.4279
 29.4279
 0
 0
 0
 0
 36
 41.3401
 26.4953
 27.7128
 0
 0
 0
 40.2119
 25.2587
 13.2288
 22.891
 0
 0
 0
 10.4403
 40.8779
 9.79796
 3.60555
 0
 0
 0
 11.5758
 22.1811
 16.0935
 37.7359
 0
 34.5398
 35.0856
 31.1288
 25.8263
 23.9374
 33.4066
 39.4335
 40.8901
 43.4971
 35.6651
 48.239
 10.9087
 43.4166
 50.448
 44.1022
 11.4018
 0
 0
 41.5812
 38.5487
 20.3224
 41.9524
 14.3527
 0
 0
 34.7707
 36.2077
 32.3265
 37.3095
 13.9284
 37.6962
 40.5339
 26.5707
 38.1051
 19.1572
 28.5307
 42.4028
 20.5426
 27.9285
 15.6205
 0
 37.8814
 2.44949
 13.2665
 11.0905
 11.0905
 0
 0
 21.5174
 39.281
 10.3923
 5.65685
 17.72
 17.72
 0
 0
 0
 0
 36.524
 29.4109
 14.7648
 33.0454
 13.8924
 0
 0
 43.6348
 25.8263
 42.72
 27.4408
 27.4408
 0
 0
 43.1161
 47.2864
 12.8452
 33.8083
 45.3211
 42.8952
 48.6415
 10.4403
 38.0263
 39.6232
 48.7647
 20.6155
 0
 0
 0
 34.7563
 34.1174
 25.5147
 46.1519
 41.0244
 39.0384
 40.0625
 29.3769
 28.6705
 43.2204
 21.6564
 34.0147
 27.8388
 8.60233
 41.4849
 5
 17.0587
 10.8628
 22.2036
 22.2486
 41.5812
 0
 0
 31.4325
 44.3734
 10.4403
 36.5103
 0
 26.2869
 45.7165
 42.7434
 11.7473
 11.7473
 0
 0
 0
 15.1658
 48.0833
 24.6171
 48.3942
 48.3942
 0
 45.9456
 44.1022
 37.51
 9.59166
 0
 0
 46.1844
 41.7493
 48.6826
 17.088
 17.088
 0
 37.3631
 24.0416
 44.3396
 42.4146
 46.2169
 37.8814
 41.4005
 31.6228
 31.6228
 29.5296
 43.9773
 45.0999
 22.2036
 0
 11.0454
 42.6028
 39.0512
 7.28011
 17.2047
 41.9404
 8.544
 33.9117
 33.8083
 26.6083
 36.524
 25.7682
 42.2019
 27.6948
 43.2435
 11.6189
 10.3923
 16.1864
 48.3942
 46.7547
 43.7035
 12.2066
 45.1885
 21.5407
 42.0238
 31.607
 14.7986
 49.7996
 35.7631
 23.8537
 36.5103
 44.1701
 43.2435
 34.2053
 46.1844
 34.0294
 48.0729
 45.0666
 26.2107
 23.6008
 43.4051
 42.2847
 9.16515
 4.58258
 41.5692
 14.4222
 40.3485
 13.7113
 24.5561
 36.6742
 37.5633
 24.8596
 42.0476
 29.8664
 27.7128
 33.9853
 22.7156
 49.2138
 44.7325
 10.4403
 48.0833
 7.34847
 11.3137
 46.9894
 45.4092
 12.8452
 44.0568
 14.4568
 45.1885
 34.9285
 22.3383
 39.2301
 31.9687
 41.1582
 38.2361
 41.8091
 46.9787
 25.7876
 30.3809
 51.303
 43.2782
 46.4758
 3.87298
 14.9332
 44.8442
 42.4264
 13
 10.8628
 39.5348
 39.7869
 25.219
 22.2486
 31.3369
 33.7343
 40.3113
 44.1362
 19.975
 46.9894
 31.4802
 49.5379
 45.9239
 9.48683
 49.7494
 12.2066
 47.6025
 47.833
 4.24264
 8.12404
 36.8646
 21.9089
 11.7898
 40.2741
 30.282
 35.0856
 33.2716
 36.647
 43.6692
 37.7359
 27.6043
 27.8747
 45.8148
 50.8527
 13.1529
 7.34847
 45.1664
 49.5076
 10.5357
 9.79796
 21.7025
 24.4949
 42.2137
 43.4741
 40.4722
 42.8836
 47.0425
 34.4529
 49.3559
 40.6079
 23.1084
 46.2925
 46.2925
 31.0483
 8
 47.9166
 48.2804
 6.48074
 45.9021
 17.6918
 40.0749
 9.21954
 17.8885
 44.1362
 25.9615
 12.3288
 37.7757
 36.8782
 27.8568
 21.5174
 31.257
 43.1741
 44.699
 5.47723
 38.9872
 25.2587
 50.3885
 42.9418
 8.66025
 6.08276
 47.0106
 41.4005
 18.4391
 21
 44.5982
 36.1109
 36.2353
 42.6732
 43.6234
 25.219
 47.8853
 42.0238
 44.8665
 49.163
 12.2882
 38.2884
 50.309
 6
 47.0532
 39.7366
 46.9787
 16.1864
 37.6962
 24.6982
 40.0874
 42.72
 32.1092
 33.1059
 21.7715
 45.4092
 4.24264
 42.6146
 4.47214
 4.24264
 41.5933
 12.9615
 15.5242
 36.9594
 26.7955
 37.1887
 0
 38.4838
 30.1828
 49.6387
 45.1774
 50.319
 20.4939
 20.4939
 49.163
 1.73205
 41.7732
 6.16441
 47.2546
 41.2674
 36.6197
 20.1742
 30.1496
 32.0468
 31.607
 38.6135
 22.2036
 6.85565
 44.2719
 7.81025
 3
 41.2432
 14.3875
 8.77496
 8.77496
 39.9249
 39.3192
 21.9773
 43.8634
 41.9524
 31.8434
 53.5817
 33.9117
 18.9209
 51.1273
 51.1273
 7
 47.8435
 47.8644
 1.41421
 40.8412
 38.9872
 13.5277
 38.092
 23.1084
 35.609
 22.0227
 6.08276
 28.5657
 13
 44.7214
 4.58258
 42.0357
 7.34847
 9.84886
 41.3884
 28.7402
 16.0312
 24.5357
 43.3013
 38.5227
 23.1084
 51.3225
 20.4695
 51.7204
 51.7204
 49.8899
 50.5964
 50.5964
 49.1833
 49.1833
 46.2061
 8.66025
 38.5616
 39.724
 21.9089
 35.2987
 37.5899
 29.9333
 20.025
 20.025
 43.2782
 5.47723
 17.5214
 45.8803
 45.8803
 5.09902
 43.6463
 26.8328
 9.84886
 9.84886
 36
 22.0227
 40.1746
 30.8383
 53.3479
 39.4842
 39.4842
 47.8748
 47.8748
 59.0762
 50.5569
 50.5569
 59.7997
 50.2792
 50.2792
 44.9555
 42.332
 37.3765
 14.9332
 22.5832
 34.5832
 22.9565
 40.5709
 18.1659
 11.8322
 1.41421
 44.6318
 44.6318
 43.2319
 13.4536
 13.4536
 41.9881
 33.4515
 33.4515
 24.1039
 26.1343
 34.4384
 45.6618
 47.613
 27.2947
 51.2543
 51.2543
 52.1824
 50.04
 44.2267
 7.81025
 45.0777
 35.8608
 6
 0
 33.3916
 15.7797
 20.025
 20.025
 20.025
 30.0167
 31.8277
 17.8045
 15.5885
 20.4206
 3.4641
 20.8806
 18.6279
 16.4012
 16.4012
 29.6816
 19.0788
 19.0788
 26.2679
 32.4191
 46.2925
 29.9333
 38.4838
 53.0471
 49.95
 49.95
 49.95
 51.6527
 45.9239
 47.833
 43.3128
 43.3128
 43.3128
 37.1349
 33.0454
 18.1108
 18.1108
 31.3369
 21.5407
 27.8388
 23.4734
 10.3923
 9.16515
 15.4919
 15.6205
 9.53939
 24.4131
 24.4131
 19.5448
 19.5448
 35.0286
 24.8998
 44
 44
 31.5119
 31.5119
 31.5119
 41.2189
 41.2189
 44.2267
 40.5832
 45.1664
 18.1659
 21.0238
 46.2277
 29.0861
 13.9642
 30.1993
 22.7156
 32.6803
 23.0651
 21.9545
 6.08276
 6.08276
 34.9428
 32.1559
 35.9583
 39.37
 39.3573
 23.4094
 44.8888
 33.8969
 41.2674
 34.9428
 0
 43.1509
 40.0125
 0
 44.0341
 30.5287
 30.5287
 29.7825
 25.1992
 0
 28.3725
 28.3725
 28.3725
 19.5448
 28.3725
 0
 22
 23.7276
 23.7276
 37.7227
 37.7227
 23.9583
 23.9583
 33.0606
 25.9037
 23.6432
 38.4708
 38.4708
 34.322
 35.8887
 35.8887
 23.7908
 34.8568
 21.587
 23.7487
 26.9258
 26.9258
 26.9258
 32.1403
 44.699
 40.9878
 22.8473
 22.8473
 0
 21.7256
 21.7256
 20
 27.4226
 12.7671
 34.8138
 25.0799
 12.9228
 29.7153
 23.3666
 33.6006
 20.4939
 30.3315
 20.664
 31.1288
 37.027
 34.1614
 19.5704
 34.9857
 16.2173
 45.0777
 25.8457
 35.1283
 16.5529
