 27
 0
 23.6008
 23.4521
 21.7715
 17.1172
 17.1172
 18.3848
 18.3848
 23.8118
 24.5764
 24.5764
 30.5287
 17.088
 16.5529
 6.9282
 29.1376
 22.1133
 25.2389
 25.5147
 16
 26.9815
 19.1311
 21.9545
 32.249
 21.6795
 28.7576
 27.6948
 3
 17.088
 23.6432
 28.2135
 12.3288
 12.3288
 13.5277
 13.5277
 16.4621
 24.5561
 26.4575
 20.9762
 23.4521
 11
 28.4781
 28.4781
 0
 32.9393
 29.2233
 29.2233
 7.4162
 30.249
 17.3205
 16
 16
 0
 0
 23.3666
 12.7671
 28.2666
 28.2666
 28.2666
 0
 0
 24.8193
 30.7571
 20.9045
 20.9045
 0
 21.0238
 32.078
 32.2025
 30.8383
 30.8383
 31.241
 19.0788
 19.6214
 38.2361
 38.2361
 27.258
 33.5261
 23.6854
 27.9821
 27.9821
 0
 0
 30.7246
 36.5787
 19.799
 26.2488
 0
 0
 0
 23.6643
 34.0147
 29.9165
 28.931
 28.931
 0
 0
 12.2474
 28.931
 28.8444
 20.5913
 20.5913
 31.9687
 26.8328
 4.3589
 39.3954
 0
 0
 8.66025
 34.0588
 29.3598
 0
 0
 18.7617
 29.5127
 24.1661
 28.4781
 0
 31.9374
 24.3926
 27.9106
 27.9106
 38.7556
 17.8326
 29.5466
 22.1585
 0
 34.4384
 26.4764
 16.7033
 32.8938
 28.2135
 11.8322
 40.2368
 24.4336
 0
 0
 45.0666
 11.7047
 31.5278
 22.0907
 0
 29.5127
 26.4764
 26.3059
 22.1359
 0
 0
 36.2905
 30.1828
 22.7376
 27.2029
 36.8511
 16.8819
 40.2989
 36.4829
 28.775
 31.6386
 12
 29.1204
 29.1204
 19.5959
 33.4216
 31.1127
 31.1127
 25.6905
 34.4529
 23.2594
 35.426
 35.426
 35.426
 36.6606
 22.2261
 27.2764
 27.2764
 18.2483
 36.9053
 27.2397
 19.0263
 14.6969
 14.6969
 29.6816
 18.7617
 26.0192
 16.4317
 31.5595
 33.4515
 12.2474
 11.0905
 0
 0
 29.2062
 25.807
 41.6533
 23.4947
 23.4947
 33.9559
 25.8844
 43.8178
 31
 31
 0
 0
 43.5431
 19.4936
 19.4936
 38.7556
 0
 19.799
 33.0303
 37.3363
 33.5857
 10.5357
 0
 0
 29.8496
 27.5136
 34.7563
 16.6733
 28.2666
 36.6879
 28
 29.5466
 0
 0
 27.0185
 27.037
 37.3631
 24.2487
 0
 39.8873
 26.1343
 35.805
 16.4317
 0
 34.0734
 25
 21.8174
 10.8628
 0
 0
 0
 0
 31.0644
 26.4575
 10.6771
 13.1909
 13.1909
 32.8329
 25.2389
 35
 19.6977
 19.6977
 0
 0
 27.7128
 36.606
 38.923
 47.6655
 0
 0
 0
 42.0119
 40.7308
 47.3286
 21.4709
 0
 0
 0
 0
 41.9285
 11.6189
 38.1445
 0
 0
 0
 34.1467
 43.4281
 35.0571
 14.2127
 0
 0
 0
 32.2645
 37.7227
 26.4197
 33.5559
 0
 0
 0
 28.2312
 35.3836
 31.8904
 28.2489
 0
 0
 0
 0
 0
 44.5309
 43.9318
 30.545
 26.3818
 0
 0
 0
 40.6694
 31.305
 19.1311
 28.5657
 0
 0
 0
 13.0767
 36.9594
 13.8924
 10.4881
 0
 0
 0
 16.8523
 26.4575
 20.2237
 36.1525
 0
 38.6135
 40.9878
 31.305
 28.3019
 27.9643
 35.6791
 41.0366
 42.4028
 39.1152
 30.8058
 50.2195
 10.9087
 37.1214
 44.6766
 40.1622
 11
 0
 0
 35.3977
 35.3129
 21.4942
 33.4664
 33.4664
 0
 0
 34.9428
 33.8969
 36.9594
 30.8221
 11.4455
 43.4511
 43.4511
 30.5123
 32.3265
 10.6771
 29.9666
 45.1664
 26.3059
 37.3898
 7
 0
 37.7094
 11.2694
 19.3907
 16.4317
 0
 0
 0
 26.1343
 41.1825
 17.2916
 12.083
 12.083
 12.083
 0
 0
 0
 0
 40.05
 34.4819
 20.1494
 34.4093
 34.4093
 0
 0
 46.1086
 30.2159
 45.5192
 32.6956
 0
 0
 0
 40.0625
 42.2256
 15.1327
 36.4006
 41.7493
 37.6431
 54.0833
 11.6189
 35.9166
 37.5766
 45.3762
 24.2693
 0
 0
 0
 34.4819
 31.3688
 28.8964
 38.923
 47.9896
 45.1221
 38.1445
 34.322
 37.3898
 47.0956
 26.5707
 34.6121
 33.7935
 13.8924
 43.2319
 12.1655
 12.1655
 17.088
 30.3645
 25.671
 43.0349
 0
 0
 35.1994
 49.2646
 18.2483
 39.4968
 0
 30.282
 46.7333
 44.238
 19.2354
 19.2354
 0
 0
 0
 16.2788
 46.4973
 31.9687
 46.7333
 0
 0
 41.2916
 40.7922
 44.0227
 12.0416
 0
 0
 43.1277
 37.8814
 52.8394
 19.2614
 0
 0
 36.2629
 25.807
 43.1161
 41.7013
 41.7612
 46.5296
 46.2709
 36
 0
 41.1218
 36.7151
 47.3709
 26.7955
 0
 14.8997
 44.4635
 35.8748
 13.0767
 19.799
 43.6234
 14.8997
 35.171
 36.565
 33.121
 39.2938
 33.0303
 46.3141
 31.5595
 44.5309
 20.2237
 15.6844
 19.799
 48.6929
 45.1885
 40.5339
 15.0665
 43.2435
 28.8791
 38.1051
 41.7971
 18.6011
 46.5403
 34.4093
 30.3974
 41.1704
 45.2217
 49.8498
 41.6053
 47.0744
 37.1753
 42.9302
 47.927
 35.819
 28.2843
 37.921
 43.795
 14.7648
 13.1529
 41.1461
 17.8885
 37.9078
 19.1572
 30.8221
 38.2623
 41.4005
 30.1828
 46.6905
 30.8707
 32.8938
 35.4119
 31.241
 49.94
 46.1628
 20.0749
 45.8476
 14.7309
 12.0416
 44.7102
 45.1885
 17.8885
 41.4126
 21.166
 47.2546
 44.2719
 25.1992
 37.5633
 36.1248
 48.0416
 48.1664
 50.6754
 49.1325
 33.7194
 41.4005
 57.7927
 43.4166
 43.9773
 12.4499
 20.9762
 38.9487
 43.0813
 19.1311
 17.0294
 43.2897
 39.3319
 32.6343
 27.7489
 35.7911
 37.3363
 45.0999
 50.9313
 33.5559
 47.927
 36.2629
 49
 43.1741
 13
 46.9787
 20.6882
 41.7133
 46.9681
 13.2665
 13.9284
 33.0757
 24.1247
 20.2731
 39.4335
 39.8372
 38.4448
 42.72
 43.0581
 48.6004
 46.6905
 31.4643
 36.9053
 47.2864
 54.7266
 20
 11.3137
 44.8776
 48.5077
 15.5885
 15.7162
 30.8058
 30.3645
 43.2666
 41.0244
 44.2832
 42.4382
 53.4135
 35.4824
 49.95
 41.9881
 24.4336
 48.621
 48.621
 40
 13.0767
 44.5197
 47.6235
 7.81025
 41.9524
 29.7321
 37.0405
 18.2483
 21.7945
 45.1774
 34.4964
 20.8567
 45.7602
 38.8587
 35.1852
 31.4325
 41.5692
 48.7647
 47.9166
 13.7113
 49.6588
 31.4006
 56.0535
 44.4072
 14.3178
 13.0384
 51.614
 44.9778
 25.671
 27.2029
 44.7214
 40.5709
 40.7676
 49.7896
 48.5489
 31.5911
 49.5782
 41.328
 42.3556
 48.9183
 19.3649
 19.3649
 48.3115
 11.7898
 43.9431
 39.95
 44.1248
 21.4709
 34.7131
 33.0757
 45.3542
 49.5278
 36.9594
 42.0476
 29.8831
 47.8853
 12.2474
 44.4522
 11.3137
 13.9642
 44.8107
 22.1585
 24.4131
 42.7434
 33.0606
 43.9318
 0
 47.7912
 35.9861
 55.263
 47.613
 48.3115
 27.3861
 27.3861
 47.6865
 14.3178
 43.6463
 13
 42.8952
 47.2758
 34.7707
 24.1661
 39.3827
 36.1939
 42.6263
 43.8178
 28.4956
 17.3494
 46.0543
 16.2173
 9.69536
 43.0349
 25.2587
 16.5529
 0
 43.1393
 46.6798
 30.348
 47.9375
 48.6621
 37.47
 51.1175
 36
 26.9444
 49.6689
 49.6689
 16.6733
 45.9239
 49.1528
 12.083
 40.3237
 46.3141
 22.2261
 40.2989
 33.5708
 47.0319
 27.6948
 19.5959
 36.9865
 23.4307
 48.4768
 12.1655
 44.2493
 17.5499
 20.2978
 43.4511
 40.1123
 26.4008
 35.8469
 51.1566
 42.0951
 27.9643
 49.2544
 24.8596
 51.6236
 51.6236
 49.9199
 46.6798
 10.583
 51.0392
 51.0392
 45.2106
 16.7033
 44.0454
 41.2916
 34.9714
 43.4741
 48.6518
 37.7227
 29.5466
 0
 49.7393
 14.0357
 27.074
 47.3392
 47.3392
 13.8924
 43.0465
 36.4692
 20
 0
 48.5489
 32.249
 44.7214
 40.3609
 56.5509
 48.2079
 48.2079
 53.563
 53.563
 59.439
 50.6458
 50.6458
 58.2924
 49.7896
 11.7473
 49.0204
 43.2666
 49.0102
 27.1293
 33.9117
 41.2432
 31.6386
 51.8652
 30.0333
 19.8494
 12.2474
 51.0392
 51.0392
 47.9375
 25.8844
 25.8844
 47.4763
 48.7032
 48.7032
 30.7246
 36.1663
 42.3438
 54.8635
 50.636
 39.9875
 54.9181
 54.9181
 57.2364
 48.7647
 52.8394
 19.975
 46.0652
 49.5984
 14.7648
 14.7648
 38.0526
 26.9444
 32.249
 0
 0
 41.6173
 44.7549
 23.7908
 26.9444
 25.7876
 13.0384
 20.199
 29.6985
 21.4476
 21.4476
 42.8486
 23.516
 23.516
 33.2566
 38.2623
 52.4309
 44.1248
 51.6817
 60.2329
 57.2101
 57.2101
 57.2101
 52.1344
 51.672
 49.1732
 51.3128
 51.3128
 51.3128
 38.4968
 45.2327
 29.3258
 29.3258
 40.8289
 31.0966
 38.1969
 34.9285
 20.9284
 17.5499
 17.8885
 25.3969
 20.0998
 38.2099
 38.2099
 17.9165
 17.9165
 50
 26.5895
 53.5724
 53.5724
 38.4187
 38.4187
 38.4187
 53.3479
 53.3479
 54.827
 44.5758
 50.0999
 29.5466
 21.3307
 50.8527
 42.9418
 12.2474
 40.2244
 32.2645
 43.2551
 20.9284
 33.8821
 13.2288
 13.2288
 23.3666
 43.4511
 31.4802
 53.2165
 50.7937
 24.8998
 51.6527
 42.8836
 47.9792
 44.6206
 44.6206
 52.9339
 48.3529
 48.3529
 50.1099
 44.8888
 44.8888
 38.1314
 33.2114
 33.2114
 39.6106
 22.1585
 22.1585
 17.7482
 40.4228
 40.4228
 28.8791
 29.7153
 35.6371
 46.1844
 46.1844
 22.8035
 26.1534
 39.3065
 37.8814
 30.282
 40.7063
 27.2764
 40.9878
 38.7427
 41.2916
 31.3847
 39.0256
 35.7211
 35.7211
 35.7211
 35.7211
 35.7211
 41.509
 55.857
 52.9811
 34.7707
 34.7707
 34.7707
 21.1424
 21.1424
 21.1424
 33.0454
 23.388
 40.4351
 33.541
 15.8745
 43.0697
 29.5635
 35.171
 17.9165
 26.4008
 29.2233
 40.0999
 43.0349
 36.1248
 29.6311
 41.2311
 28.0357
 53.8888
 31.8434
 41.5211
 29.5296
