 8.12404
 13.8924
 6.78233
 2.82843
 0
 9.53939
 23.1517
 3.87298
 16.9706
 27.4773
 10.8628
 23.0868
 8.83176
 11.1803
 21.9317
 9.59166
 7.93725
 16.5831
 12.083
 14.8997
 14.1421
 18.2209
 0
 13.3041
 18.4391
 4
 8.48528
 5.74456
 21.0238
 10.4881
 5.38516
 10.3923
 20.8087
 17.5499
 5.56776
 14.6629
 3
 14.4568
 1
 1
 17
 4.58258
 15.6844
 15.9374
 3.74166
 4.58258
 14.3178
 8.12404
 14.2127
 8.24621
 10.4881
 6.85565
 10.0995
 10.3923
 9.64365
 5
 11.7047
 4.3589
 11.4891
 5.56776
 13.1149
 15.1327
 3.4641
 14.1067
 6.48074
 14.5945
 5.83095
 1.41421
 16.4924
 0
 17.8326
 0
 18.4662
 0
 18.6815
 2
 15.6205
 0
 14.6969
 1
 13.9642
 19.6723
 0
 18.0555
 2
 2.44949
 15.0333
 16.0312
 1
 1
 17.6068
 18
 0
 30.9677
 0
 17.9444
 33.541
 0
 37.2425
 18.9209
 27.7849
 3.31662
 35.4965
 21.6333
 21.6333
 3
 22.7596
 27.258
 30.0333
 24.1247
 5.09902
 20.3961
 20.3961
 5.2915
 38.9102
 38.9102
 13.8564
 2.44949
 39.8623
 30.133
 13
 37.9605
 33.6303
 4
 4
 6.55744
 22.2711
 30.6105
 30.6268
 4.69042
 24.1454
 31.289
 27.8388
 6.7082
 29.7153
 28.8271
 26.5141
 7.93725
 24.5357
 27.4591
 28.1957
 28.1957
 28.1957
 27.9106
 8.77496
 29.5127
 24.8596
 24.8596
 9.74679
 26.0576
 26.3059
 21.5639
 21.5639
 13.1529
 27.55
 29.5296
 24.0832
 24.0832
 26.9629
 26.9444
 28.688
 11.3578
 38.1838
 26.2679
 14.3527
 25.5539
 28.5132
 27.9821
 15.0997
 24.6374
 26.7208
 26.0384
 17.8326
 32.28
 24.6577
 24.6577
 18.1934
 26.1534
 25.5734
 33.3017
 76.7529
 28.7228
 16.5831
 26.2107
 32.0624
 80.3928
 80.3928
 35.4401
 32.8938
 26.5707
 26.5707
 37.7227
 11.5326
 26.4197
 35.5528
 35.5528
 45.2217
 7.61577
 21.2603
 46.3789
 48.5489
 19.975
 5.19615
 50.2792
 91.0275
 91.0275
 59.3633
 59.3633
 57.5934
 57.5934
 67.0448
 67.0448
 63.7574
 63.7574
 63.7574
 73.9324
 69.0941
 69.0941
 73.0958
 73.0958
 69.0072
 69.0072
 66.9851
 66.9851
 69.7782
 69.7782
 70.342
 70.342
 70.9154
 70.9154
 70.9154
 72.5534
 78.0897
 80.4301
 80.4301
 80.4301
 80.4301
 80.4301
 80.4301
 80.4301
 80.4301
 80.4301
 80.4301
 80.4301
 54.1202
 7.4162
 12.6886
 12.6886
 48.8672
 13.6015
 14.2829
 0
 0
 0
 0
 0
 3.87298
 3.87298
 3.87298
 3.87298
 3.87298
 3.87298
 3.87298
 3.87298
 3.87298
 3.87298
 3.87298
 3.87298
 3.87298
 3.87298
 3.87298
 3.87298
 3.87298
 3.87298
 3.87298
 3.87298
 3.87298
 3.87298
 3.87298
 3.87298
 3.87298
 3.87298
 3.87298
 3.87298
 3.87298
 3.87298
 3.87298
 3.87298
 3.87298
 3.87298
 3.87298
 3.87298
 3.87298
 3.87298
 3.87298
 3.87298
 3.87298
 3.87298
 3.87298
 3.87298
 3.87298
 3.87298
 3.87298
 3.87298
 3.87298
 3.87298
 3.87298
 3.87298
 3.87298
 3.87298
 3.87298
 3.87298
 3.87298
 3.87298
 3.87298
 3.87298
 3.87298
 3.87298
 3.87298
 3.87298
 3.87298
 3.87298
 3.87298
 3.87298
 3.87298
 3.87298
 3.87298
 3.87298
 3.87298
 3.87298
 3.87298
 3.87298
 3.87298
 3.87298
 3.87298
 3.87298
 3.87298
 3.87298
 3.87298
 3.87298
 3.87298
 3.87298
 3.87298
 3.87298
 3.87298
 3.87298
 3.87298
 3.87298
 3.87298
 3.87298
 3.87298
 3.87298
 3.87298
 3.87298
 3.87298
 3.87298
 3.87298
 3.87298
 3.87298
 3.87298
 3.87298
 3.87298
 3.87298
 3.87298
 3.87298
 3.87298
 3.87298
 3.87298
 3.87298
 3.87298
 3.87298
 3.87298
 3.87298
 3.87298
 3.87298
 3.87298
 3.87298
 3.87298
 3.87298
 3.87298
 3.87298
 3.87298
 3.87298
 3.87298
 3.87298
 3.87298
 3.87298
 3.87298
 3.87298
 3.87298
 3.87298
 3.87298
 3.87298
 3.87298
 3.87298
 3.87298
 3.87298
 3.87298
 3.87298
 3.87298
 3.87298
 3.87298
 3.87298
 3.87298
 3.87298
 3.87298
 3.87298
 3.87298
 3.87298
 3.87298
 3.87298
 3.87298
 3.87298
 3.87298
 3.87298
 3.87298
 3.87298
 3.87298
 3.87298
 3.87298
 3.87298
 3.87298
 3.87298
 3.87298
 3.87298
 3.87298
 3.87298
 3.87298
 3.87298
 3.87298
 3.87298
 3.87298
 3.87298
 3.87298
 3.87298
 3.87298
 3.87298
 3.87298
 3.87298
 3.87298
 3.87298
 3.87298
 3.87298
 3.87298
 3.87298
 0
 0
 0
 0
 0
 0
 0
 0
 0
 0
