 8.18535
 7.28011
 10.6301
 7.93725
 15.1327
 2.64575
 21.9317
 14.8997
 0
 5.19615
 3
 1
 25.8844
 4.89898
 14.6629
 24.8596
 11.7047
 7.74597
 21.0476
 25.9615
 7.93725
 31.6386
 13.4536
 2.82843
 29.7489
 15.1658
 2
 19.4422
 30.9516
 4.3589
 21.4942
 9.8995
 34.6121
 31.749
 22.0454
 30.0832
 16.2481
 29.6816
 15.1987
 17.4642
 29.2916
 16.0312
 30.8707
 31.5278
 13.0767
 10.3923
 30.0998
 7.54983
 28.688
 24.9399
 6.08276
 26.7582
 4.47214
 6.85565
 24.5357
 23.2594
 4.58258
 19.8494
 4.47214
 22.5389
 5.2915
 5.74456
 24.5357
 2.82843
 22.2036
 2
 21.3776
 17.1464
 0
 18.4932
 0
 19.0263
 2.23607
 19.7484
 2.64575
 18.2483
 2.82843
 16.7332
 2.82843
 17.2627
 4.47214
 3.60555
 18.5472
 2.64575
 18.4391
 19
 1
 0
 18.7883
 17.2916
 0
 4.24264
 20.3961
 60.0833
 18.1108
 2
 2
 18.735
 66.4304
 66.4304
 66.4304
 18.1384
 62.8092
 62.8092
 62.8092
 15.9374
 0
 0
 0
 0
 15.9687
 2.23607
 2.23607
 22.2486
 67.6166
 67.6166
 67.6166
 21.9317
 69.5701
 68.542
 68.542
 67.4981
 65
 25.2389
 25.2389
 20.9523
 0
 0
 0
 17.4642
 3.60555
 3.60555
 3.60555
 18.8944
 58.8048
 55.9375
 55.9375
 17.6352
 0
 0
 0
 0
 0
 0
 20.1246
 58.9746
 58.9746
 58.9746
 18.9209
 3
 3
 3
 3
 15.4272
 1
 1
 1
 1
 2.44949
 2.44949
 2.44949
 16.0935
 16.0935
 4.24264
 14.1421
 56.1694
 54.9363
 7.14143
 12.8841
 56.4181
 53.963
 54.4334
 12.3693
 9.53939
 53.9166
 53.9166
 11
 52.5262
 55.7405
 55.7405
 103.325
 56.7891
 11.7898
 58.0086
 58.0086
 58.0086
 15.906
 62.3217
 62.0484
 62.0484
 110.788
 65.582
 17.7764
 0
 0
 0
 0
 20.9523
 7.93725
 7.93725
 7.93725
 9.11043
 26.4197
 26.4197
 26.4197
 12.6886
 12.6886
 32.0624
 32.0624
 15.7162
 15.7162
 35.609
 35.609
 21.4942
 38.5227
 38.5227
 38.5227
 36.2905
 36.2905
 22.3159
 22.3159
 33.541
 33.541
 22.1359
 22.1359
 29.6311
 29.6311
 14.1774
 14.1774
 27.8927
 19
 19
 19
 19
 0
 0
 0
 0
 0
 0
 0
 0
 0
 0
 0
 23.8118
 15.0665
 15.0665
 15.0665
 19.2094
 11.7047
 11.7047
 11.7047
 0
 0
 0
 0
 0
 0
 0
 0
 0
 0
 0
 0
 0
 0
 0
 0
 0
 0
 0
 0
 0
 0
 0
 0
 0
 0
 0
 0
 0
 0
 0
 0
 0
 0
 0
 0
 0
 0
 0
 0
 0
 0
 0
 0
 0
 0
 0
 0
 0
 0
 0
 0
 0
 0
 0
 0
 0
 0
 0
 0
 0
 0
 0
 0
 0
 0
 0
 0
 0
 0
 0
 0
 0
 0
 0
 0
 0
 0
 0
 0
 0
 0
 0
 0
 0
 0
 0
 0
 0
 0
 0
 0
 0
 0
 0
 0
 0
 0
 0
 0
 0
 0
 0
 0
 0
 0
 0
 0
 0
 0
 0
 0
 0
 0
 0
 0
 0
 0
 0
 0
 0
 0
 0
 0
 0
 0
 0
 0
 0
 0
 0
 0
 0
 0
 0
 0
 0
 0
 0
 0
 0
 0
 0
 0
 0
 0
 0
 0
 0
 0
 0
 0
 0
 0
 0
 0
 0
 0
 0
 0
 0
 0
 0
 0
 0
 0
 0
 0
 0
 0
 0
 0
 0
 0
 0
 0
 0
 0
 0
 0
 0
 0
 0
 0
 0
 0
 0
 0
 0
 0
 0
 0
 0
 0
 0
 0
 0
 0
 0
 0
 0
 0
