 5.65685
 2
 7.54983
 11.5758
 16.8226
 0
 26.4386
 17
 0
 14.1421
 5.38516
 9.8995
 21.5407
 6.78233
 11.9164
 23.2594
 8.88819
 5.47723
 25.0799
 28.1247
 4.12311
 32.9242
 14.0357
 2
 32.311
 14.9666
 2
 18.5472
 33.6452
 7.07107
 20.0499
 7.07107
 34.8138
 32.8024
 20.445
 31.7333
 18.3303
 31.6386
 17.1464
 17.9444
 31.607
 15.4919
 31.0161
 30.8058
 12.53
 12.2474
 29.1719
 5.47723
 27.7128
 27.2947
 5
 25.1794
 7.4162
 7.61577
 24.8596
 21.6102
 5.47723
 22.5389
 5.56776
 22.9565
 5.19615
 4.89898
 22.2711
 4
 22.2261
 2.44949
 21.6102
 18.6548
 2.23607
 19.0788
 4
 18.303
 0
 18.3576
 0
 16.2173
 1.41421
 15.8745
 1.41421
 17.7764
 2
 0
 17.6918
 0
 21.1424
 20.6882
 1.41421
 1.41421
 20.8327
 19.3649
 2.82843
 1
 19.5448
 52.7447
 18.303
 1
 1
 17.2337
 58.0172
 58.0172
 27.7849
 14.7309
 54.4702
 54.4702
 54.4702
 13.3791
 2.82843
 52
 53.4041
 53.4041
 13.4164
 0
 0
 22.4054
 59.5819
 59.5819
 59.5819
 20.5183
 62.2656
 61.709
 61.709
 59.3212
 57.28
 17.8606
 17.8606
 16.1864
 5.09902
 49.4267
 52.2781
 14.1774
 4.79583
 52.0481
 48.734
 12.0416
 50.3587
 47.8957
 4.3589
 9.79796
 4.89898
 51.7011
 46.7012
 46.7012
 46.7012
 47.7284
 9.59166
 50.3984
 6.245
 6.245
 8.94427
 5.83095
 44.7214
 46.8722
 46.8722
 7.81025
 5.09902
 48.7032
 45.5631
 45.5631
 6.55744
 49.679
 47.3392
 8.7178
 38.1838
 6.85565
 7.74597
 46.6154
 47.833
 9.8995
 8.544
 48.1248
 46.5833
 47.3075
 5.65685
 13.1529
 45.111
 45.111
 2.64575
 45.6727
 48.4252
 12.6491
 12.6491
 50.4678
 2.64575
 50.1697
 9.48683
 9.48683
 6.48074
 6.48074
 55.0727
 6.08276
 6.08276
 6.08276
 7.54983
 6.16441
 6.16441
 6.16441
 6.16441
 13.0384
 0
 0
 0
 6.245
 16.5831
 16.5831
 16.5831
 10.7238
 10.7238
 20.5913
 20.5913
 13
 13
 24.3721
 24.3721
 18.868
 29.0861
 29.0861
 29.0861
 28.775
 28.775
 18.0831
 18.0831
 26.8514
 26.8514
 16.4317
 16.4317
 23.0868
 23.0868
 12.8841
 12.8841
 18.9209
 12.5698
 12.5698
 12.5698
 12.5698
 0
 0
 0
 0
 0
 0
 0
 0
 0
 0
 0
 17.0294
 13.4536
 13.4536
 13.4536
 11.8322
 7.87401
 7.87401
 0
 0
 0
 0
 0
 0
 0
 0
 0
 0
 0
 0
 0
 0
 0
 0
 0
 0
 0
 0
 0
 0
 0
 0
 0
 0
 0
 0
 0
 0
 0
 0
 0
 0
 0
 0
 0
 0
 0
 0
 0
 0
 0
 0
 0
 0
 0
 0
 0
 0
 0
 0
 0
 0
 0
 0
 0
 0
 0
 0
 0
 0
 0
 0
 0
 0
 0
 0
 0
 0
 0
 0
 0
 0
 0
 0
 0
 0
 0
 0
 0
 0
 0
 0
 0
 0
 0
 0
 0
 0
 0
 0
 0
 0
 0
 0
 0
 0
 0
 0
 0
 0
 0
 0
 0
 0
 0
 0
 0
 0
 0
 0
 0
 0
 0
 0
 0
 0
 0
 0
 0
 0
 0
 0
 0
 0
 0
 0
 0
 0
 0
 0
 0
 0
 0
 0
 0
 0
 0
 0
 0
 0
 0
 0
 0
 0
 0
 0
 0
 0
 0
 0
 0
 0
 0
 0
 0
 0
 0
 0
 0
 0
 0
 0
 0
 0
 0
 0
 0
 0
 0
 0
 0
 0
 0
 0
 0
 0
 0
 0
 0
 0
 0
 0
 0
 0
 0
 0
 0
 0
 0
 0
 0
 0
 0
 0
 0
 0
 0
 0
 0
 0
 0
