 32.4654
 12.7279
 34.5543
 5.2915
 1.41421
 5
 26.4386
 3.60555
 4.3589
 29.1548
 17.088
 23.9374
 7.2111
 21.0476
 38.2623
 9.94987
 16.4317
 19.9499
 13.6015
 7.07107
 17.4069
 13.6382
 14.6969
 6.7082
 21.6333
 3.87298
 0
 5.2915
 23.6643
 11.225
 6.32456
 9.59166
 24.2487
 10.3923
 5.19615
 12.2474
 0
 11.5758
 4.3589
 7.28011
 17.8885
 14.4568
 18.1108
 14.2127
 12.9615
 1.41421
 2.23607
 12.53
 0
 27.313
 8
 24.9199
 5.38516
 5.65685
 22
 0
 14.0712
 0
 21.6333
 9.69536
 8.544
 3.87298
 19.4422
 1
 8.7178
 13.1529
 6.48074
 4
 16.1245
 18.0555
 18.7617
 16.4012
 13.5277
 16.9115
 13.0384
 5.65685
 17.4356
 3.16228
 27.4955
 2.23607
 15.6205
 4.12311
 11.5326
 35.4824
 2.64575
 6.48074
 4.12311
 19.1311
 5.2915
 15.7797
 19.3391
 11.7473
 14.2478
 55.0999
 9.8995
 10.9545
 53.1413
 4.79583
 4.79583
 19.9249
 27.7849
 6.32456
 52.192
 31.1448
 31.1448
 0
 20.6155
 48.9285
 52.0481
 10.6771
 9.64365
 7.87401
 7.87401
 8
 57.376
 57.376
 12.6491
 4.24264
 4.24264
 34.3511
 15.4272
 59.203
 32.3574
 2.23607
 2.23607
 3.74166
 18.4391
 27.6948
 49.4571
 12.9228
 15.2971
 47.0319
 26.2679
 2.82843
 49.4267
 27.4773
 17.4929
 12.9228
 23.3666
 46.3789
 28.0891
 28.7924
 30.5941
 37.1214
 11.0454
 48.949
 32.3728
 31.9844
 7.87401
 23.6432
 30.5287
 46
 31.7175
 2
 13.3791
 47.9479
 32.0156
 32.1248
 17.4642
 48.0208
 38.6135
 18.8414
 38.1838
 27.6586
 22.5389
 36.428
 47.4236
 30.133
 1.73205
 46.6583
 36
 37.8814
 17.2916
 28.8617
 44.3621
 37.1483
 12.49
 37.4833
 47.085
 21.8403
 41.9404
 43.6807
 12.0416
 48.816
 20.3961
 48.6004
 14.0712
 48.6107
 54.7631
 21.7486
 55.8749
 51.1077
 11.3578
 23.8956
 58.4551
 61.8708
 58.2409
 58.2409
 58.2409
 66.8954
 61.4898
 61.4898
 12
 12
 12
 6.08276
 6.08276
 5.47723
 5.47723
 2.44949
 2.44949
 1
 1
 2.23607
 7.81025
 7.81025
 7.81025
 11.1355
 11.1355
 1.41421
 1.41421
 8.60233
 8.60233
 11.4891
 11.4891
 3.4641
 3.4641
 0
 0
 3.74166
 9.32738
 9.32738
 9.32738
 9.32738
 0
 0
 0
 0
 0
 0
 0
 0
 0
 0
 0
 3.16228
 7.61577
 7.61577
 7.61577
 16.5227
 6.48074
 6.48074
 0
 0
 0
 0
 19.2614
 19.2614
 19.2614
 19.2614
 19.2614
 19.2614
 19.2614
 19.2614
 19.2614
 19.2614
 19.2614
 19.2614
 0
 0
 0
 0
 0
 0
 0
 0
 0
 0
 0
 0
 0
 0
 0
 0
 0
 0
 0
 0
 0
 0
 0
 0
 0
 0
 0
 0
 0
 0
 0
 0
 0
 0
 0
 0
 0
 0
 0
 0
 0
 0
 0
 0
 0
 0
 0
 0
 0
 0
 0
 0
 0
 0
 0
 0
 0
 0
 0
 0
 0
 0
 0
 0
 0
 0
 0
 0
 0
 3.60555
 3.60555
 3.60555
 3.60555
 3.60555
 3.60555
 3.60555
 3.60555
 3.60555
 3.60555
 3.60555
 3.60555
 3.60555
 3.60555
 3.60555
 3.60555
 3.60555
 3.60555
 3.60555
 3.60555
 4.79583
 4.79583
 4.79583
 4.79583
 4.79583
 4.79583
 4.79583
 4.79583
 4.79583
 4.79583
 4.79583
 4.79583
 4.79583
 15.1658
 15.1658
 15.1658
 15.1658
 15.1658
 15.1658
 15.1658
 15.1658
 15.1658
 4.58258
 4.58258
 4.79583
 4.79583
 4.79583
 4.79583
 4.79583
 4.79583
 4.79583
 4.79583
 4.79583
 16.5227
 16.5227
 16.5227
 16.5227
 16.5227
 16.5227
 16.5227
 0
 0
 0
 0
 0
 0
 0
 0
 0
 0
 0
 0
 0
 0
 0
 0
 0
 0
 0
 0
 0
 0
 0
 0
 3.4641
 3.4641
 0
 0
 0
 0
 0
 0
 0
 0
 0
 0
 0
 0
 0
 0
 0
 0
 0
 0
 0
 0
 0
 0
 0
 0
 0
 0
 0
 0
 1.73205
 1.73205
 0
 0
