 29.3598
 25.2587
 31.8277
 3
 27.0185
 23.1733
 26.4386
 30.3315
 13.9284
 5.56776
 0
 23.9792
 32.8481
 4
 38.2623
 2.44949
 3.87298
 23.5797
 1
 3
 40.2244
 7.81025
 2.82843
 42
 21.1896
 2.64575
 45.3431
 3.16228
 48.6724
 45.5082
 6.245
 1.73205
 31.8119
 10.247
 3.87298
 8.60233
 0
 8.83176
 3.16228
 3.16228
 17.8326
 12.4499
 18.7083
 13.0384
 10.4403
 6
 6.78233
 6.245
 14
 23.8956
 12.4499
 23.7276
 7.81025
 4.47214
 21.7715
 1
 11.1355
 2
 13.784
 4.24264
 13.5647
 3
 38.3406
 0
 8.83176
 15.0333
 2.44949
 1
 20.6398
 10.3923
 1.73205
 16.0312
 15.3623
 16.6132
 12.2066
 0
 15.5563
 2.64575
 18.1108
 0
 15.5885
 2.44949
 35.5246
 1
 0
 2.23607
 10.7703
 17.7764
 0
 11.4891
 0
 1
 17
 30.9677
 13.3041
 31.209
 55.5068
 55.5068
 57.2101
 11.4455
 27.7849
 16.1245
 54.6168
 24.2074
 27.1293
 7.81025
 19.4165
 55.4166
 53.563
 5.19615
 16.6132
 0
 0
 32.8024
 60.4235
 60.4235
 34
 0
 0
 34.3511
 14.2829
 60.8851
 46.7119
 6
 6
 15.6844
 0
 42.8135
 51.8845
 12.8841
 18.8149
 51.4976
 41.4729
 8.3666
 50.8232
 41.5812
 17.4642
 5.74456
 25.0799
 51.0882
 40.6694
 40.6694
 40.6694
 39.6232
 14.7648
 50.6261
 26.9072
 26.9072
 9.84886
 28.3373
 38.0132
 47.4236
 47.4236
 8.42615
 13.1149
 50.3885
 35.2562
 35.2562
 10.247
 50.6754
 37.4166
 8.48528
 38.1838
 14.4914
 14.0712
 37.1618
 48.7545
 30.9354
 7.28011
 49.0408
 34.4384
 32.187
 0
 24.3311
 46.7974
 37.1483
 1.73205
 30.6594
 48.2701
 20.1742
 20.1742
 32.0936
 2
 51.0098
 23.8747
 23.8747
 12.0416
 36.1663
 54.8544
 21.3307
 21.3307
 41.1582
 8.12404
 26.2679
 61.3188
 96.4417
 49.1121
 11.3578
 12.9615
 12.9615
 51.0784
 2
 9.64365
 9.64365
 9.64365
 2
 2
 1.41421
 1.41421
 4.47214
 4.47214
 1.73205
 1.73205
 3
 12.9615
 12.9615
 12.9615
 22.2036
 22.2036
 6.7082
 6.7082
 20.9762
 20.9762
 15.2971
 15.2971
 16
 16
 16
 16
 4.69042
 7.93725
 7.93725
 7.93725
 7.93725
 0
 0
 0
 0
 0
 0
 0
 0
 0
 0
 0
 0
 7.93725
 7.93725
 7.93725
 15.5885
 15.6525
 15.6525
 15.6525
 0
 0
 0
 1.41421
 1.41421
 1.41421
 1.41421
 1.41421
 1.41421
 1.41421
 1.41421
 1.41421
 1.41421
 1.41421
 1.41421
 1.41421
 1.41421
 1.41421
 1.41421
 1.41421
 1.41421
 1.41421
 1.41421
 1.41421
 1.41421
 1.41421
 1.41421
 1.41421
 1.41421
 1.41421
 1.41421
 1.41421
 1.41421
 1.41421
 1.41421
 1.41421
 1.41421
 1.41421
 1.41421
 2.23607
 2.44949
 2.44949
 2.44949
 2.44949
 2.44949
 2.44949
 2.44949
 2.44949
 2.44949
 2.44949
 2.44949
 2.44949
 2.44949
 2.44949
 2.44949
 2.44949
 2.44949
 2.44949
 2.44949
 3
 3
 3
 3
 3
 3
 3
 3
 3.31662
 3.31662
 3.4641
 3.4641
 3.4641
 3.4641
 3.4641
 3.4641
 3.4641
 0
 0
 0
 0
 0
 0
 0
 0
 0
 0
 0
 0
 0
 0
 0
 0
 0
 0
 0
 0
 0
 0
 0
 0
 0
 0
 0
 0
 0
 0
 0
 0
 0
 0
 0
 0
 0
 0
 0
 0
 0
 0
 0
 0
 0
 0
 0
 0
 0
 0
 0
 0
 0
 0
 0
 0
 0
 0
 0
 0
 0
 0
 0
 0
 0
 0
 0
 0
 0
 0
 0
 0
 0
 0
 0
 0
 0
 0
 0
 0
 0
 0
 0
 7.4162
 7.4162
 8.3666
 8.3666
 8.3666
 8.3666
 8.3666
 8.3666
 8.3666
 8.3666
 7.07107
 7.07107
 10.2956
 10.2956
 10.2956
 10.2956
 7.87401
 7.87401
 7.81025
 7.81025
 7.81025
 7.81025
 7.81025
 7.81025
 7.81025
 7.81025
 6.08276
 6.08276
 6.08276
 6.08276
 6.08276
 2.44949
 6.7082
 2
 2
 2
 5
 5
 5
 1.73205
 1.73205
 1.73205
 4.24264
