 29.3598
 5.83095
 27.313
 12.1244
 19.8494
 0
 26.4386
 19.5959
 0
 6.63325
 5.47723
 4.79583
 24.9399
 8.3666
 9.05539
 26.2107
 11.4891
 3.31662
 26.7582
 29.4618
 2.82843
 34.4529
 17.5784
 0
 33.4515
 19.5192
 2.82843
 21.095
 36.0971
 4
 22.4944
 7.93725
 36.5924
 35.0856
 23.2164
 34.2199
 20.7846
 33.6601
 19.0788
 18.8414
 33.9559
 18
 32.4962
 33.1361
 14.0357
 14.5258
 31.4325
 12.0416
 29.5127
 28.6356
 10.4403
 26.7021
 8.88819
 11
 26.7769
 24.7386
 9.69536
 24.8395
 8.88819
 25.0998
 8.66025
 7.93725
 25.5734
 6.32456
 24.2693
 5.56776
 23.2594
 20.7123
 2.23607
 20.199
 2.23607
 20
 3
 19.9499
 3.16228
 18.6548
 4.79583
 19.6214
 4.58258
 21.5174
 6.85565
 7.07107
 22.6495
 6.40312
 23.5372
 24.0832
 4.3589
 4
 23.0651
 21.5407
 3.31662
 4.79583
 20.6398
 62.6339
 20.1494
 4.79583
 4.79583
 19.4422
 67.2235
 67.2235
 27.7849
 19.5448
 62.6099
 62.6099
 62.6099
 19.1833
 2.64575
 2.64575
 2.64575
 3.31662
 20.3961
 6
 6
 27.6406
 32.7261
 32.7261
 9.79796
 26.3629
 70.2922
 34.3511
 7.74597
 7.74597
 32.3574
 25.2982
 25.2982
 21.587
 2.64575
 27.6948
 62.8013
 21.4009
 0
 0
 26.2679
 19.3391
 58.8388
 27.4773
 1.41421
 17.5499
 0
 27.5318
 28.0891
 28.7924
 28.7924
 31.225
 20.7605
 59.3801
 59.3801
 31.9844
 17.7764
 0
 30.5287
 55.1725
 31.7175
 18.8149
 0
 0
 32.0156
 32.0156
 0
 0
 34.3948
 16.8819
 38.1838
 0
 17.3781
 36.428
 58.0689
 58.0689
 15.6525
 57.2538
 53.0943
 55.2901
 13.1909
 6.16441
 55.5158
 37.1483
 11.1803
 53.9815
 57.5065
 57.5065
 41.9404
 57.5326
 11.0454
 58.7282
 58.7282
 48.6004
 15.906
 65.6049
 63.4902
 63.4902
 55.8749
 68.0808
 68.0808
 68.0808
 69.9857
 61.8708
 73.1847
 73.1847
 73.1847
 76.2102
 80.0375
 80.0375
 80.0375
 81.9207
 78.0449
 78.0449
 86.9655
 86.9655
 90.2663
 90.2663
 94.7048
 94.7048
 97.242
 97.242
 97.242
 101.578
 103.557
 103.557
 101.681
 101.681
 102.601
 102.601
 98.209
 98.209
 100.827
 100.827
 100.792
 100.792
 104.757
 104.757
 104.757
 99.5389
 106.672
 108.231
 108.231
 108.231
 108.231
 108.231
 108.231
 108.231
 108.231
 108.231
 108.231
 108.231
 125.495
 125.495
 125.495
 114.582
 131.571
 131.571
 131.571
 131.571
 131.571
 131.571
 131.571
 131.571
 131.571
 131.571
 131.571
 131.571
 131.571
 131.571
 131.571
 131.571
 131.571
 131.571
 131.571
 131.571
 131.571
 131.571
 131.571
 131.571
 131.571
 131.571
 131.571
 131.571
 131.571
 131.571
 131.571
 131.571
 131.571
 131.571
 131.571
 131.571
 131.571
 131.571
 131.571
 131.571
 131.571
 131.571
 131.571
 131.571
 131.571
 131.571
 131.571
 131.571
 131.571
 131.571
 131.571
 131.571
 131.571
 131.571
 131.571
 131.571
 131.571
 131.571
 131.571
 131.571
 131.571
 131.571
 131.571
 131.571
 131.571
 131.571
 131.571
 131.571
 131.571
 131.571
 131.571
 131.571
 131.571
 131.571
 131.571
 131.571
 131.571
 131.571
 131.571
 131.571
 131.571
 131.571
 131.571
 131.571
 131.571
 131.571
 131.571
 131.571
 131.571
 131.571
 131.571
 131.571
 131.571
 131.571
 131.571
 131.571
 131.571
 131.571
 131.571
 131.571
 131.571
 131.571
 131.571
 131.571
 131.571
 131.571
 131.571
 131.571
 131.571
 131.571
 131.571
 131.571
 131.571
 131.571
 131.571
 131.571
 131.571
 131.571
 131.571
 131.571
 131.571
 131.571
 131.571
 131.571
 131.571
 131.571
 131.571
 131.571
 131.571
 131.571
 131.571
 131.571
 131.571
 131.571
 131.571
 131.571
 131.571
 131.571
 131.571
 131.571
 131.571
 131.571
 131.571
 131.571
 131.571
 131.571
 131.571
 131.571
 131.571
 131.571
 131.571
 131.571
 131.571
 131.571
 131.571
 131.571
 131.571
 131.571
 131.571
 131.571
 131.571
 131.571
 131.571
 131.571
 131.571
 131.571
 131.571
 131.571
 131.571
 131.571
 131.571
 131.571
 131.571
 131.571
 131.571
 131.571
 131.571
 131.571
 131.571
 131.571
 131.571
 131.571
 131.571
 131.571
 131.571
 131.571
 131.571
 131.571
 131.571
 131.571
 131.571
 131.571
 131.571
 131.571
 131.571
 131.571
 131.571
 131.571
 131.571
 131.571
 131.571
 131.571
 131.571
 131.571
 131.571
 131.571
 131.571
