 29.3598
 6.63325
 27.313
 27.074
 18.0555
 1
 26.4386
 15.5885
 0
 5.2915
 4.69042
 35.0428
 26.0768
 7.4162
 13.784
 25.7099
 12.4097
 5.09902
 22.891
 28.5132
 5.38516
 33.9706
 16
 1
 33.1059
 17.72
 2
 21.1187
 33.4515
 4.47214
 22.1811
 9.8995
 35.2846
 34.1028
 22.9129
 32.619
 18.8149
 33.0454
 18.5742
 18.9473
 31.8277
 17.5214
 32.5423
 33.3766
 14.7309
 12.6095
 30.9677
 9.8995
 30.1993
 28.2843
 7.81025
 26.6271
 5.19615
 9.32738
 26.0384
 24.779
 6.48074
 23.0651
 6.245
 24.9199
 7.07107
 7.48331
 38.3406
 5.2915
 23.8956
 5.19615
 23.0651
 20.4939
 0
 20
 2.44949
 19.6977
 2.64575
 19.799
 2.44949
 18.1659
 4.3589
 18.2483
 3.4641
 17.8045
 5.19615
 6.78233
 19.2614
 6
 19.4679
 21.3542
 3.60555
 0
 21.3542
 19.6723
 2.64575
 5.09902
 21.2368
 62.6099
 19.6214
 3.74166
 3.74166
 19.2873
 67.1193
 67.1193
 67.1193
 18.8414
 63.5059
 63.5059
 63.5059
 16.7929
 0
 0
 0
 3.31662
 17.6918
 3.74166
 3.74166
 24.7386
 69.9571
 69.9571
 69.9571
 24.4745
 70.9225
 70.2068
 70.2068
 68.1762
 65.8711
 26.8142
 29.8831
 23.3666
 2.23607
 2.23607
 2.23607
 19.6723
 0
 0
 0
 19.6214
 60.3324
 58.9915
 58.9915
 18.3576
 0
 0
 0
 28.7924
 30.5941
 58.1464
 22.3607
 59.5231
 59.5231
 31.9844
 20.3224
 2.23607
 2.23607
 2.23607
 31.7175
 18.6279
 1
 1
 1
 32.1248
 0
 0
 0
 16.8523
 38.1838
 1.73205
 15.7162
 57.0438
 58.1893
 58.1893
 16.0312
 57.0526
 56.3738
 56.1338
 13.9284
 7.07107
 55.5338
 37.1483
 11.7898
 54.9454
 57.3585
 57.3585
 41.9404
 57.576
 12.53
 58.7792
 58.7792
 58.7792
 16.7033
 64.8537
 63.5689
 63.5689
 55.8749
 68.0661
 18.5742
 1
 1
 1
 1
 21.6564
 8.7178
 8.7178
 8.7178
 11.6619
 28.7054
 28.7054
 28.7054
 14.3527
 14.3527
 33.5112
 33.5112
 17.3781
 17.3781
 37.108
 37.108
 23.9165
 40.0375
 40.0375
 40.0375
 37.9737
 37.9737
 24.8193
 24.8193
 35.2136
 35.2136
 22.9129
 22.9129
 30.4631
 30.4631
 18.4391
 18.4391
 27.8927
 19.8494
 19.8494
 19.8494
 19.8494
 0
 0
 0
 0
 0
 0
 0
 0
 0
 0
 0
 26.4197
 15.9687
 15.9687
 15.9687
 21.8861
 12.6491
 0
 0
 0
 0
 0
 0
 0
 0
 3.87298
 4.12311
 4.12311
 4.12311
 3.31662
 3.60555
 3.60555
 3.60555
 3.60555
 3.16228
 3.16228
 3.16228
 3.16228
 3.16228
 3.16228
 3.16228
 0
 0
 0
 0
 0
 0
 0
 0
 0
 0
 0
 0
 0
 0
 0
 0
 0
 0
 0
 0
 0
 0
 0
 0
 0
 0
 0
 0
 0
 0
 0
 0
 0
 0
 0
 0
 0
 0
 0
 0
 0
 0
 0
 0
 0
 0
 0
 0
 0
 0
 0
 0
 0
 0
 0
 0
 0
 0
 0
 0
 0
 0
 0
 0
 0
 0
 0
 0
 0
 0
 0
 0
 0
 0
 0
 0
 0
 0
 0
 0
 0
 0
 0
 0
 0
 0
 0
 0
 0
 0
 0
 0
 0
 0
 0
 0
 0
 0
 0
 0
 0
 0
 0
 0
 0
 0
 0
 0
 0
 0
 0
 0
 0
 0
 0
 0
 0
 0
 0
 0
 0
 0
 0
 0
 0
 0
 0
 0
 0
 0
 0
 0
 0
 0
 0
 0
 0
 0
 0
 0
 0
 0
 0
 0
 0
 0
 0
 0
 0
 0
 0
 0
 0
 0
 0
 0
 0
 0
 0
 0
 0
 0
 0
 0
 0
 0
 0
 0
 0
 0
 0
 0
 0
 0
 0
 0
 0
 0
 0
 0
