 38.2492
 31.8748
 38.8201
 17.6635
 19.7737
 35.0999
 50.2593
 18.5472
 32.9848
 51.4393
 29.5804
 47.6025
 16.7332
 30.1662
 45.6289
 16.5227
 28.0535
 44.2719
 13.7113
 3.60555
 43.2204
 7.07107
 27.0924
 39.8873
 6.32456
 25.4951
 36.9324
 25.0998
 1.41421
 34.2929
 25.4165
 34.0147
 6.32456
 8
 16.9115
 11.1803
 18.4662
 11.9164
 22.3607
 23.7908
 13.0767
 25.593
 13.5647
 6.32456
 30.1496
 29.5973
 7.74597
 36.8511
 15.3948
 15.0333
 40.05
 17.8606
 41.8808
 37.8418
 22.383
 26.4197
 34.4238
 27.6948
 30.3974
 28.2489
 38.2492
 41.7732
 24.9399
 41.5812
 23.3666
 48.8774
 14.3875
 22.4054
 52.1536
 25.865
 53.619
 27.4408
 51.6624
 29.9165
 48.7134
 38.223
 38.7298
 34.8999
 34.5109
 36.3593
 49.4368
 46.465
 30.1662
 46.1844
 21.4009
 18.8149
 52.5642
 55.7763
 23.9374
 28.5132
 55.3173
 54.6535
 30.1662
 9.74679
 35.2136
 62.6498
 29.9833
 37.3095
 14.3527
 51.6624
 83.66
 40.2616
 10.247
 43.909
 78.0128
 39.2428
 55.3715
 55.3715
 55.3715
 51.1077
 33.6006
 49.4166
 82.2496
 82.2496
 82.2496
 83.9107
 49.679
 21.0713
 20.9284
 34.3511
 52.7541
 33.0757
 32.3574
 34.3657
 78.8353
 35.5387
 60.025
 27.6948
 0
 39
 59.1777
 59.1777
 26.2679
 44.3734
 4.58258
 27.4773
 54.3691
 49.3052
 46.6798
 2.64575
 5.74456
 5.74456
 5.74456
 4.24264
 47.0319
 4.24264
 42.9651
 70.8378
 48.1456
 64.9307
 64.9307
 64.9307
 69.3037
 40.7922
 58.1206
 9.21954
 32.0156
 69.9357
 61.327
 61.327
 61.327
 29.6985
 38.1838
 65.681
 39.5095
 4.69042
 1.73205
 1.73205
 48.8057
 0
 1.73205
 2.44949
 47.085
 67.335
 67.335
 37.1483
 55.2901
 55.2901
 55.2901
 69.4766
 41.9404
 6.55744
 6.55744
 1.41421
 1.41421
 48.6004
 54.8817
 12.2066
 6.40312
 6.40312
 55.8749
 11.4455
 53.9722
 47.9792
 11.3137
 11.3137
 20.2237
 46.744
 48.9081
 19.6469
 19.2094
 47.4236
 33.8674
 26.4386
 26.4386
 49.679
 32.9697
 21.6102
 32.9242
 48.5695
 42.1782
 19.3132
 39.0512
 46.0543
 25.5343
 51.1664
 46.2493
 23.0651
 47.0425
 42.1545
 45.6399
 33.2866
 44.1928
 39.9124
 48.3218
 38.0263
 41.9047
 31.0805
 48.7647
 45.1996
 29.5296
 46.7333
 53.3948
 54.1295
 54.1295
 54.1295
 54.1295
 54.1295
 54.1295
 54.1295
 54.1295
 54.1295
 54.1295
 54.1295
 46.5188
 25.0799
 52.7162
 58.0086
 42.5558
 29.6816
 57.6715
 57.6715
 57.6715
 57.6715
 57.6715
 57.6715
 57.6715
 57.6715
 57.6715
 57.6715
 57.6715
 57.6715
 57.6715
 57.6715
 57.6715
 57.6715
 57.6715
 57.6715
 57.6715
 57.6715
 57.6715
 57.6715
 57.6715
 57.6715
 57.6715
 57.6715
 57.6715
 57.6715
 57.6715
 57.6715
 57.6715
 57.6715
 57.6715
 57.6715
 57.6715
 57.6715
 57.6715
 57.6715
 57.6715
 57.6715
 57.6715
 57.6715
 57.6715
 57.6715
 57.6715
 57.6715
 57.6715
 57.6715
 57.6715
 57.6715
 57.6715
 57.6715
 57.6715
 57.6715
 57.6715
 57.6715
 57.6715
 57.6715
 57.6715
 57.6715
 57.6715
 57.6715
 57.6715
 57.6715
 57.6715
 57.6715
 57.6715
 57.6715
 57.6715
 57.6715
 57.6715
 57.6715
 57.6715
 57.6715
 57.6715
 57.6715
 57.6715
 57.6715
 57.6715
 57.6715
 57.6715
 57.6715
 57.6715
 57.6715
 57.6715
 57.6715
 57.6715
 57.6715
 57.6715
 57.6715
 57.6715
 57.6715
 57.6715
 57.6715
 57.6715
 57.6715
 57.6715
 57.6715
 57.6715
 57.6715
 57.6715
 57.6715
 57.6715
 57.6715
 57.6715
 57.6715
 57.6715
 57.6715
 57.6715
 57.6715
 57.6715
 57.6715
 57.6715
 57.6715
 57.6715
 57.6715
 57.6715
 57.6715
 57.6715
 57.6715
 57.6715
 57.6715
 57.6715
 57.6715
 57.6715
 57.6715
 57.6715
 57.6715
 57.6715
 57.6715
 57.6715
 57.6715
 57.6715
 57.6715
 57.6715
 57.6715
 57.6715
 57.6715
 57.6715
 57.6715
 57.6715
 57.6715
 57.6715
 57.6715
 57.6715
 57.6715
 57.6715
 57.6715
 57.6715
 57.6715
 57.6715
 57.6715
 57.6715
 57.6715
 57.6715
 57.6715
 57.6715
 57.6715
 57.6715
 57.6715
 57.6715
 57.6715
 57.6715
 8.42615
 2.23607
 2.23607
 0
 0
 0
 0
 0
 8.12404
 8.12404
 3.87298
 3.87298
 3.87298
 3.87298
 3.87298
 0
 0
 0
 0
 0
 0
 0
 0
 0
 0
 0
 0
 0
 0
 0
 0
 0
 0
 0
 0
 0
 0
 0
 0
 0
 0
 0
