 29.3598
 12.6886
 18.1108
 1.73205
 10.0995
 11.5758
 26.4386
 24.1661
 4.58258
 17.4356
 3.31662
 17.6918
 32.8481
 1
 38.2623
 11.0454
 3.16228
 16.5831
 12.083
 15.4596
 16.5227
 21.4709
 3.87298
 10.7238
 23.7487
 6.16441
 4.3589
 7.4162
 31.5911
 5.74456
 8.66025
 1.73205
 31.5753
 22.561
 9.21954
 22.2036
 7.34847
 20.0998
 5.83095
 3.74166
 19.3907
 4.69042
 19.3649
 19.4679
 5.2915
 3.87298
 17.6635
 1
 19.2614
 18.1108
 3.87298
 18.868
 5.2915
 3.60555
 19.6469
 12.3693
 5.65685
 10.3923
 5.47723
 10.9545
 7.93725
 8.24621
 10.9087
 4.89898
 10.5357
 6.08276
 9.38083
 8.544
 8.12404
 7.81025
 6.08276
 13.5277
 10.247
 11.5326
 10.0995
 8.94427
 9.94987
 5.47723
 9.53939
 18.2209
 8.42615
 9.74679
 7.4162
 8.42615
 8
 6.63325
 4.69042
 5.91608
 10.4403
 10.0995
 5.2915
 6.16441
 11.1803
 30.9677
 11.9583
 8.18535
 48.9081
 10.8628
 49.3559
 10.247
 27.7849
 6
 48.4355
 13.9642
 13.9642
 4.79583
 13.0384
 45.0333
 45.7275
 13.7113
 10.583
 10.1489
 10.1489
 13.6748
 54.4518
 54.4518
 54.4518
 9.79796
 52.9906
 34.3511
 1.73205
 1.73205
 47.2864
 11.6619
 11.6619
 8.88819
 7.4162
 45.0777
 44.4185
 7.28011
 10.9087
 42.6966
 43.8748
 7.28011
 44.8553
 44.4297
 15.748
 6.78233
 16.4621
 42.2137
 44.1248
 44.1248
 44.1248
 44.5533
 7.74597
 42.5793
 16.5227
 16.5227
 0
 17.6068
 42.6028
 41.4367
 41.4367
 10.247
 19.799
 39.975
 42.2137
 42.2137
 17.8045
 41.7852
 43.909
 6.40312
 38.1838
 17.1756
 4.69042
 41.4608
 41.5211
 19.8746
 1
 38.5876
 41.4367
 39.3446
 1
 21.6333
 40.2368
 88.5494
 88.5494
 39.3065
 39.1918
 20.5426
 20.5426
 40.4351
 2
 40.025
 22.2935
 22.2935
 3.74166
 47.8539
 48.3839
 17.3205
 17.3205
 50
 1
 18.7083
 50.9608
 97.5961
 56.8946
 56.8946
 12.4097
 58.9661
 61.709
 61.709
 61.709
 63.9062
 107.462
 107.462
 67.283
 67.283
 71.1126
 71.1126
 73.0616
 73.0616
 81.5475
 81.5475
 81.5475
 81.3388
 84.2318
 84.2318
 83.1685
 83.1685
 84.9353
 84.9353
 78.6575
 78.6575
 85.7205
 85.7205
 81.0987
 81.0987
 85.0882
 85.0882
 85.0882
 80.7094
 91.225
 87.5557
 87.5557
 87.5557
 87.5557
 87.5557
 87.5557
 87.5557
 87.5557
 87.5557
 87.5557
 87.5557
 66.3023
 66.3023
 66.3023
 93.8829
 58.6345
 58.6345
 58.6345
 58.6345
 58.6345
 58.6345
 58.6345
 58.6345
 58.6345
 58.6345
 58.6345
 58.6345
 58.6345
 58.6345
 58.6345
 58.6345
 58.6345
 58.6345
 58.6345
 58.6345
 58.6345
 58.6345
 58.6345
 58.6345
 58.6345
 58.6345
 58.6345
 58.6345
 58.6345
 58.6345
 58.6345
 58.6345
 58.6345
 58.6345
 58.6345
 58.6345
 58.6345
 58.6345
 58.6345
 58.6345
 58.6345
 58.6345
 58.6345
 58.6345
 58.6345
 58.6345
 58.6345
 58.6345
 58.6345
 58.6345
 58.6345
 58.6345
 58.6345
 58.6345
 58.6345
 58.6345
 58.6345
 58.6345
 58.6345
 58.6345
 58.6345
 58.6345
 58.6345
 58.6345
 58.6345
 58.6345
 58.6345
 58.6345
 58.6345
 58.6345
 58.6345
 58.6345
 58.6345
 58.6345
 58.6345
 58.6345
 58.6345
 58.6345
 58.6345
 58.6345
 58.6345
 58.6345
 58.6345
 58.6345
 58.6345
 58.6345
 58.6345
 58.6345
 58.6345
 58.6345
 58.6345
 58.6345
 58.6345
 58.6345
 58.6345
 58.6345
 58.6345
 58.6345
 58.6345
 58.6345
 58.6345
 58.6345
 58.6345
 58.6345
 58.6345
 58.6345
 58.6345
 58.6345
 58.6345
 58.6345
 58.6345
 58.6345
 58.6345
 58.6345
 58.6345
 58.6345
 58.6345
 58.6345
 58.6345
 58.6345
 58.6345
 58.6345
 58.6345
 58.6345
 58.6345
 58.6345
 58.6345
 58.6345
 58.6345
 58.6345
 58.6345
 58.6345
 58.6345
 58.6345
 58.6345
 58.6345
 58.6345
 58.6345
 58.6345
 58.6345
 58.6345
 58.6345
 58.6345
 58.6345
 58.6345
 58.6345
 58.6345
 58.6345
 58.6345
 58.6345
 58.6345
 58.6345
 58.6345
 58.6345
 58.6345
 58.6345
 58.6345
 58.6345
 58.6345
 58.6345
 58.6345
 58.6345
 58.6345
 58.6345
 58.6345
 58.6345
 58.6345
 58.6345
 58.6345
 58.6345
 58.6345
 58.6345
 58.6345
 58.6345
 58.6345
 58.6345
 58.6345
 58.6345
 58.6345
 58.6345
 58.6345
 58.6345
 58.6345
 58.6345
 58.6345
 58.6345
 58.6345
 58.6345
 58.6345
 58.6345
 58.6345
 58.6345
 58.6345
 58.6345
 58.6345
 58.6345
 58.6345
 58.6345
 58.6345
 58.6345
 58.6345
 58.6345
 58.6345
 58.6345
 58.6345
 58.6345
 58.6345
