 13.3791
 6.9282
 12.49
 0
 2.64575
 6.7082
 23.622
 4.12311
 17.0294
 24.6982
 6.48074
 20.5183
 9.84886
 7.54983
 19.3391
 9.74679
 5.19615
 16.1245
 13.1529
 17.2916
 13.2665
 19.2354
 1.41421
 11.6189
 21.0238
 5
 8.12404
 5
 24.2899
 7.54983
 4.58258
 8.42615
 22.1359
 19.1311
 5.56776
 17.2047
 3.4641
 16.5227
 0
 1
 16.0312
 2.23607
 15.7162
 16.7929
 2.82843
 2
 15.1987
 9.38083
 14.4568
 12.1244
 11.1355
 9.59166
 10.7703
 11.0454
 10.6301
 5.09902
 9.79796
 5
 10.198
 6.48074
 11.4891
 14.5945
 4.3589
 13.7477
 5.83095
 14.4914
 5.74456
 2.82843
 17.2337
 1.73205
 18.7883
 1
 19.0526
 1.73205
 20.7123
 2.82843
 15.1658
 0
 14.6969
 1
 13
 17.8326
 0
 16.3707
 3.60555
 1.73205
 16.0312
 16.7332
 0
 0
 18.3303
 18.8944
 0
 29.3939
 0
 19.6214
 32.4808
 0
 36.7151
 19.2614
 19.2614
 4.79583
 34
 23.2809
 23.2809
 4
 23.4947
 28.0891
 30.8545
 24
 4.12311
 20.3961
 20.3961
 3.87298
 38.2492
 38.2492
 14.4568
 3.16228
 39.5854
 30.1164
 14.4568
 37.1349
 33.3766
 4.79583
 4.79583
 5.56776
 23.8747
 29.0517
 29.8831
 6.245
 26.3439
 29.8831
 25.2587
 8.24621
 28.688
 27.1293
 27.7849
 9.38083
 24.96
 28.6007
 26.0576
 26.0576
 26.0576
 27.1477
 10.583
 29.8329
 26.1725
 26.1725
 11.4891
 26.6271
 24.2487
 22.4277
 22.4277
 14.5258
 27.5318
 28.2489
 26.7769
 26.7769
 27.7489
 28.2489
 28
 12.2882
 38.1838
 27
 15.8745
 24.1039
 27.9464
 29.5466
 16.2173
 24.0832
 26.4386
 27.7489
 18.303
 33.0606
 24.4336
 24.4336
 19.1311
 26.6083
 25.9037
 33.8969
 77.3563
 29.9833
 17.4929
 27.8568
 32.573
 82.1158
 82.1158
 36.8239
 32.5576
 26.3059
 26.3059
 39.8497
 13.6382
 27.1846
 35.6371
 35.6371
 47.7389
 8.48528
 21.1896
 46.3033
 49.9199
 19.799
 6
 49.689
 91.8205
 91.8205
 60.3738
 60.3738
 57.7927
 57.7927
 68.8985
 68.8985
 64.8614
 64.8614
 64.8614
 74.1552
 69.4694
 69.4694
 73.5051
 73.5051
 70.3136
 70.3136
 69.0145
 69.0145
 71.1548
 71.1548
 72.5948
 72.5948
 71.5402
 71.5402
 71.5402
 74.8933
 78.702
 81.1172
 81.1172
 81.1172
 81.1172
 81.1172
 81.1172
 81.1172
 81.1172
 81.1172
 81.1172
 81.1172
 55.9285
 7.14143
 11.6189
 11.6189
 51.7397
 11.4891
 13.8203
 13.8203
 13.8203
 0
 0
 0
 19.2614
 19.2614
 19.2614
 19.2614
 19.2614
 19.2614
 19.2614
 19.2614
 19.2614
 19.2614
 19.2614
 19.2614
 19.2614
 19.2614
 19.2614
 19.2614
 19.2614
 19.2614
 19.2614
 19.2614
 19.2614
 19.2614
 19.2614
 19.2614
 19.2614
 19.2614
 19.2614
 19.2614
 19.2614
 19.2614
 19.2614
 19.2614
 19.2614
 19.2614
 19.2614
 19.2614
 19.2614
 19.2614
 19.2614
 19.2614
 19.2614
 19.2614
 19.2614
 19.2614
 19.2614
 19.2614
 19.2614
 19.2614
 19.2614
 19.2614
 19.2614
 19.2614
 19.2614
 19.2614
 19.2614
 19.2614
 19.2614
 19.2614
 19.2614
 19.2614
 19.2614
 19.2614
 19.2614
 19.2614
 19.2614
 19.2614
 19.2614
 19.2614
 19.2614
 19.2614
 19.2614
 19.2614
 19.2614
 19.2614
 19.2614
 19.2614
 19.2614
 19.2614
 19.2614
 19.2614
 19.2614
 19.2614
 19.2614
 19.2614
 19.2614
 19.2614
 19.2614
 19.2614
 19.2614
 19.2614
 19.2614
 19.2614
 19.2614
 19.2614
 19.2614
 19.2614
 19.2614
 19.2614
 19.2614
 19.2614
 19.2614
 19.2614
 19.2614
 19.2614
 19.2614
 19.2614
 19.2614
 19.2614
 19.2614
 19.2614
 19.2614
 19.2614
 19.2614
 19.2614
 19.2614
 19.2614
 19.2614
 19.2614
 19.2614
 19.2614
 19.2614
 19.2614
 19.2614
 19.2614
 19.2614
 19.2614
 19.2614
 19.2614
 19.2614
 19.2614
 19.2614
 19.2614
 19.2614
 19.2614
 19.2614
 19.2614
 19.2614
 19.2614
 19.2614
 19.2614
 19.2614
 19.2614
 19.2614
 19.2614
 19.2614
 19.2614
 19.2614
 19.2614
 19.2614
 19.2614
 19.2614
 19.2614
 19.2614
 19.2614
 19.2614
 19.2614
 19.2614
 19.2614
 19.2614
 19.2614
 19.2614
 19.2614
 19.2614
 19.2614
 19.2614
 19.2614
 19.2614
 19.2614
 19.2614
 19.2614
 19.2614
 19.2614
 19.2614
 19.2614
 19.2614
 19.2614
 19.2614
 19.2614
 19.2614
 19.2614
 19.2614
 19.2614
 19.2614
 19.2614
 19.2614
 19.2614
 19.2614
 19.2614
 0
 0
 0
 0
 0
 0
 0
 1.73205
 1.73205
 1.73205
 0
