 32.7109
 30.5778
 25.4558
 19.7484
 19.8746
 34.2345
 53.0189
 16.0312
 33.4515
 29.1548
 30.8221
 45.0333
 13.1909
 30.4302
 45.0222
 9.79796
 30.3809
 41
 7.68115
 11.0905
 40.4599
 9.16515
 26.5141
 37.2693
 5.83095
 24.0624
 36.3456
 17.6635
 1.41421
 34.3511
 18.0831
 33.2866
 1
 8
 19.4422
 9.94987
 25.4558
 7.2111
 27.258
 24.4131
 6.9282
 24.5764
 9.27362
 11.5758
 28.3725
 34.1028
 17.7764
 35.623
 18.3576
 14
 35.9305
 15.6525
 37.2827
 36.9324
 18.9737
 24.1454
 39.8999
 21.7025
 44.1362
 10.9087
 46.1411
 39.4081
 22.1585
 41.5452
 24.8998
 34.5543
 26.7769
 30.7896
 36.3731
 22.5832
 43.5086
 25.671
 38.9615
 27.3861
 44.9333
 30.7734
 47.7493
 20.199
 50.8429
 36.0832
 51.4781
 46.3141
 25.0599
 41.9166
 30.1164
 34.3511
 38.5487
 37.9342
 35.7071
 27.9643
 47.1487
 43.6119
 22.5167
 30.9677
 29.4109
 46.6047
 29.9833
 33.5559
 10.4881
 39.9124
 27.7849
 21.6795
 27.0555
 56.8067
 79.3599
 79.3599
 57.0701
 24.7184
 4
 51.9134
 32.7109
 44.3058
 83.9285
 83.9285
 83.9285
 83.5763
 34.0147
 34.6987
 21.4243
 34.3511
 34.0441
 33.0757
 11.0905
 38.6005
 80.2994
 35.1994
 46.4543
 9.11043
 4.24264
 26.5895
 49.5782
 1.73205
 26.2679
 40.2244
 26.4575
 27.4773
 56.2761
 44.4297
 59.1523
 59.1523
 59.1523
 76.184
 72.2357
 72.2357
 28.5307
 3.60555
 3.60555
 3.60555
 32.45
 64.1015
 64.1015
 23.5584
 23.5584
 46.076
 58.7112
 58.7112
 32.0156
 73.4575
 49.7896
 1
 34.3948
 46.6798
 38.1838
 46.6476
 52.8204
 3.60555
 0
 0
 0
 3.4641
 0
 2.64575
 46.9574
 60.7042
 60.7042
 37.1483
 40.9878
 4.12311
 0
 0
 41.9404
 7.4162
 51.1762
 3
 3
 48.6004
 51.3323
 13.7477
 3.87298
 44.833
 55.8749
 11.1803
 35.0571
 64.3584
 64.3584
 61.8708
 64.0156
 29.8831
 55.8211
 20.567
 24.0208
 49.7293
 39.1918
 25.4558
 25.4558
 36.9594
 33.2566
 41.4005
 30.9516
 26.9072
 39.724
 39.2556
 38.4318
 22.3607
 30.133
 45.4092
 36.9324
 30.7409
 44.4635
 28.7576
 42.5206
 19.0788
 39.0128
 37.8814
 45.111
 37.1887
 41.509
 47.4552
 43.8064
 38.1707
 49.6588
 42.8952
 55.2992
 49.9099
 0
 0
 0
 0
 0
 0
 0
 0
 0
 0
 46.4004
 47.6025
 33.1512
 58.8558
 39.6863
 55.3895
 30.8058
 30.8058
 30.8058
 0
 0
 0
 0
 0
 0
 0
 0
 0
 0
 0
 0
 0
 0
 0
 0
 0
 0
 0
 0
 0
 0
 0
 0
 0
 0
 0
 0
 0
 0
 0
 0
 0
 0
 0
 0
 0
 0
 0
 0
 0
 0
 0
 0
 0
 0
 0
 0
 0
 0
 0
 0
 0
 0
 0
 0
 0
 0
 0
 0
 0
 0
 0
 0
 0
 0
 0
 0
 0
 0
 0
 0
 0
 0
 0
 0
 0
 0
 4
 4
 0
 0
 0
 0
 0
 0
 0
 0
 0
 0
 0
 0
 0
 0
 0
 0
 0
 0
 0
 0
 0
 0
 0
 0
 11.0454
 11.0454
 5.83095
 5.83095
 5.83095
 5.83095
 5.83095
 5.83095
 5.83095
 5.83095
 5.83095
 5.83095
 5.83095
 5.83095
 5.83095
 5.83095
 5.83095
 5.83095
 5.83095
 5.83095
 0
 0
 0
 0
 0
 0
 0
 0
 0
 0
 0
 0
 0
 0
 0
 0
 0
 0
 0
 0
 0
 0
 4.69042
 4.69042
 4.47214
 4.47214
 4.69042
 4.69042
 4.69042
 4.69042
 4.69042
 4.69042
 4.69042
 4.69042
 4.69042
 4.69042
 4.69042
 4.69042
 4.69042
 4.69042
 4.69042
 4.69042
 4.69042
 4.69042
 8.12404
 8.12404
 3.87298
 3.87298
 3.87298
 3.87298
 7.93725
 0
 0
 0
 0
 0
 0
 0
 0
 0
 0
 0
 0
 0
 0
 0
 0
 0
 0
 0
 0
 0
 0
 0
 0
 0
 0
 0
