 27.6043
 17.72
 29.8329
 5.74456
 10.8628
 22.8035
 42.2374
 4.69042
 24.1247
 40.3361
 20.4206
 35.6791
 6.55744
 19.0263
 33.3617
 1.73205
 15.5885
 31.225
 4.24264
 3.60555
 29.6985
 2.64575
 11.7898
 29.5466
 4.69042
 10.0499
 23.3452
 8.94427
 11
 18.3576
 10.198
 17.8045
 10.247
 6.48074
 8.77496
 1
 10.2956
 1.41421
 12.0416
 10.247
 1
 7.07107
 1
 1.41421
 11.9164
 15.6844
 2.44949
 22.2486
 1
 1
 25.7876
 0
 26.3249
 25.7488
 3
 9.94987
 26.6646
 11.3578
 28.9482
 12.49
 27.6406
 25.6905
 13.0384
 22.2935
 13.8924
 27.5681
 14.3527
 15.1987
 30.8383
 6.9282
 34.1321
 8.3666
 34.9142
 12.2066
 35.0143
 18.2757
 33.3916
 18.5203
 35
 18.8149
 33.2415
 27.8747
 19.0526
 24.2074
 13.7113
 16.7631
 30.2324
 33.1361
 18.303
 10.583
 36.2491
 38.6394
 10.3923
 4.58258
 14.0712
 39.9124
 15.5885
 17.3781
 24.3105
 31.225
 31.225
 20.2978
 19.1833
 42.5793
 92.3418
 92.3418
 92.3418
 92.3418
 92.3418
 92.3418
 92.3418
 92.3418
 97.2523
 97.2523
 97.2523
 99.96
 99.96
 99.96
 99.96
 99.96
 99.96
 99.96
 99.96
 99.96
 93.1773
 93.1773
 93.1773
 93.1773
 93.1773
 93.1773
 43.589
 11.6189
 10.3441
 21.587
 16.5831
 13.4907
 43.5086
 28.931
 45.2217
 17.2337
 11.6619
 11.6619
 11.6619
 13.5647
 29.6142
 16.4012
 46.594
 86.5217
 86.5217
 45.0666
 9.79796
 4.12311
 4.12311
 34.4238
 40.1373
 17.4069
 13.0767
 13.0767
 38.9743
 13.4907
 13.8203
 35.0143
 38.1838
 42.2847
 37.2827
 9.69536
 17.3205
 48.7852
 31.5119
 9.32738
 15.843
 14.3527
 27.2213
 50.1498
 11.7473
 37.1483
 32.0156
 14.5602
 15.1987
 53.2823
 41.9404
 15.906
 36.3593
 8.88819
 48.6313
 48.6004
 34.2929
 22.9565
 15.3297
 40.025
 55.8749
 24.4131
 32.0936
 48.1352
 17.6352
 61.8708
 30.7083
 30.0333
 35.623
 33.9411
 33.3766
 30.7734
 26.5141
 37.027
 78.0449
 78.0449
 46.0977
 23.2379
 40.8534
 25.4755
 58.155
 19.2354
 46.2493
 21.4476
 11.3578
 60.8523
 52.5928
 5.2915
 5.2915
 21.7715
 53.5257
 8.94427
 51.3517
 25.4951
 51.8749
 18.303
 54.2033
 29.8161
 54.8908
 24.4131
 31.0483
 57.3149
 69.1231
 66.3023
 66.3023
 66.3023
 66.3023
 66.3023
 66.3023
 66.3023
 66.3023
 66.3023
 66.3023
 66.3023
 61.3107
 30.5941
 26.6271
 71.7496
 57.463
 33.2866
 34.1174
 63.1902
 63.1902
 63.1902
 63.1902
 63.1902
 63.1902
 63.1902
 63.1902
 63.1902
 63.1902
 63.1902
 63.1902
 63.1902
 63.1902
 63.1902
 63.1902
 63.1902
 63.1902
 63.1902
 63.1902
 63.1902
 63.1902
 63.1902
 63.1902
 63.1902
 63.1902
 63.1902
 63.1902
 63.1902
 63.1902
 63.1902
 63.1902
 63.1902
 63.1902
 63.1902
 63.1902
 63.1902
 63.1902
 63.1902
 63.1902
 63.1902
 63.1902
 63.1902
 63.1902
 63.1902
 63.1902
 63.1902
 63.1902
 63.1902
 63.1902
 63.1902
 63.1902
 63.1902
 63.1902
 63.1902
 63.1902
 63.1902
 63.1902
 63.1902
 63.1902
 63.1902
 63.1902
 63.1902
 63.1902
 63.1902
 63.1902
 63.1902
 63.1902
 63.1902
 63.1902
 63.1902
 63.1902
 63.1902
 63.1902
 63.1902
 63.1902
 63.1902
 63.1902
 63.1902
 63.1902
 63.1902
 63.1902
 63.1902
 63.1902
 63.1902
 63.1902
 63.1902
 63.1902
 63.1902
 63.1902
 63.1902
 63.1902
 63.1902
 63.1902
 63.1902
 63.1902
 63.1902
 63.1902
 63.1902
 63.1902
 63.1902
 63.1902
 63.1902
 63.1902
 63.1902
 63.1902
 63.1902
 63.1902
 63.1902
 63.1902
 63.1902
 63.1902
 63.1902
 63.1902
 63.1902
 63.1902
 63.1902
 63.1902
 63.1902
 63.1902
 63.1902
 63.1902
 63.1902
 63.1902
 63.1902
 63.1902
 63.1902
 63.1902
 63.1902
 63.1902
 63.1902
 63.1902
 63.1902
 63.1902
 63.1902
 63.1902
 63.1902
 63.1902
 63.1902
 63.1902
 63.1902
 63.1902
 63.1902
 63.1902
 63.1902
 63.1902
 63.1902
 63.1902
 63.1902
 63.1902
 63.1902
 63.1902
 63.1902
 63.1902
 63.1902
 63.1902
 63.1902
 63.1902
 63.1902
 63.1902
 63.1902
 63.1902
 63.1902
 63.1902
 63.1902
 63.1902
 63.1902
 63.1902
 63.1902
 63.1902
 63.1902
 63.1902
 63.1902
 63.1902
 63.1902
 63.1902
 63.1902
 63.1902
 63.1902
 63.1902
 63.1902
 63.1902
 63.1902
 63.1902
 63.1902
 63.1902
 63.1902
 63.1902
 63.1902
 63.1902
 63.1902
 63.1902
 63.1902
 63.1902
 63.1902
 63.1902
 63.1902
 63.1902
 63.1902
 63.1902
 63.1902
 63.1902
 63.1902
 63.1902
