 29.3598
 4.24264
 2.44949
 7.07107
 13.3041
 1.73205
 26.4386
 12.8062
 0
 16.0935
 0
 12.1655
 19.2614
 3.31662
 11.225
 20.6398
 6.40312
 7.2111
 21.6102
 24.5561
 5.91608
 30.5941
 11.6619
 4.79583
 29.9165
 14.4568
 1
 16.7033
 31.4325
 2.64575
 17.5499
 4
 31.7175
 30.2324
 17.9165
 29.2404
 15.0333
 28.4781
 13.3041
 13.2288
 28.0891
 11.6619
 29.9833
 28.8964
 9.69536
 10.7703
 26.3439
 8.66025
 25.5147
 23.7697
 4.79583
 23.0868
 4
 4.89898
 23.8747
 20.025
 3.31662
 19.2094
 2.23607
 19.1311
 2.44949
 1
 22.1811
 0
 20.4939
 0
 17.9722
 14.7648
 1
 15.6205
 1
 15.4919
 1
 16.1864
 0
 15.0333
 0
 16.0312
 0
 17.9444
 1
 1.73205
 17.2047
 0
 17.088
 17.9722
 1.41421
 1.41421
 17.4642
 16.1245
 0
 1
 16.6433
 55.8211
 16.4012
 0
 0
 18.3848
 59.0762
 59.0762
 59.0762
 16.6132
 56.1783
 56.1783
 56.1783
 16.2788
 3.87298
 3.87298
 3.87298
 3.74166
 15.6205
 0
 0
 22.2261
 62.2816
 62.2816
 62.2816
 20.199
 63.0238
 61.709
 61.709
 61.1474
 59.2537
 17.9165
 17.9165
 14.4222
 1.41421
 1.41421
 1.41421
 15.1658
 3.87298
 53.768
 53.6843
 13.784
 51.9134
 51.0784
 6.245
 13.4907
 7.48331
 52.6308
 52.5642
 52.5642
 52.5642
 50.9313
 13.1529
 52.8015
 8.60233
 8.60233
 11.3137
 7.14143
 49.5782
 48.8569
 48.8569
 11.0454
 7.87401
 49.96
 48.7852
 48.7852
 6.245
 51.1175
 49.99
 10.1489
 10.1489
 4.69042
 7.2111
 50.4282
 49.8297
 7.28011
 6.48074
 50.2892
 48.3735
 50.2195
 4.47214
 10.7703
 48.0104
 48.0104
 4.79583
 46.7333
 48.3218
 11.5758
 11.5758
 51.4781
 4.69042
 51.9423
 10.4403
 10.4403
 8.88819
 57.4195
 55.8122
 55.8122
 105.014
 61.3188
 61.3188
 61.3188
 61.2454
 106.799
 66.5808
 66.5808
 66.5808
 68.2788
 73.2598
 73.2598
 73.2598
 72.4293
 115.974
 115.974
 79.7998
 79.7998
 83.0181
 83.0181
 86.5506
 86.5506
 89.9055
 89.9055
 89.9055
 94.2603
 94.5727
 94.5727
 94.2497
 94.2497
 95.226
 95.226
 88.176
 88.176
 94.2815
 94.2815
 93.1397
 93.1397
 97.0927
 97.0927
 97.0927
 91.9348
 99.8248
 97.9694
 97.9694
 97.9694
 97.9694
 97.9694
 97.9694
 97.9694
 97.9694
 97.9694
 97.9694
 97.9694
 75.9013
 75.9013
 75.9013
 106.141
 70.746
 70.746
 70.746
 80.2558
 80.2558
 80.2558
 80.2558
 80.2558
 80.2558
 80.2558
 80.2558
 80.2558
 80.2558
 80.2558
 80.2558
 80.2558
 80.2558
 80.2558
 80.2558
 80.2558
 80.2558
 80.2558
 80.2558
 80.2558
 80.2558
 80.2558
 80.2558
 80.2558
 80.2558
 80.2558
 80.2558
 80.2558
 80.2558
 80.2558
 80.2558
 80.2558
 80.2558
 80.2558
 80.2558
 80.2558
 80.2558
 80.2558
 80.2558
 80.2558
 80.2558
 80.2558
 80.2558
 80.2558
 80.2558
 80.2558
 80.2558
 80.2558
 80.2558
 80.2558
 80.2558
 80.2558
 80.2558
 80.2558
 80.2558
 80.2558
 80.2558
 80.2558
 80.2558
 80.2558
 80.2558
 80.2558
 80.2558
 80.2558
 80.2558
 80.2558
 80.2558
 80.2558
 80.2558
 80.2558
 80.2558
 80.2558
 80.2558
 80.2558
 80.2558
 80.2558
 80.2558
 80.2558
 80.2558
 80.2558
 80.2558
 80.2558
 80.2558
 80.2558
 80.2558
 80.2558
 80.2558
 80.2558
 80.2558
 80.2558
 80.2558
 80.2558
 80.2558
 80.2558
 80.2558
 80.2558
 80.2558
 80.2558
 80.2558
 80.2558
 80.2558
 80.2558
 80.2558
 80.2558
 80.2558
 80.2558
 80.2558
 80.2558
 80.2558
 80.2558
 80.2558
 80.2558
 80.2558
 80.2558
 80.2558
 80.2558
 80.2558
 80.2558
 80.2558
 80.2558
 80.2558
 80.2558
 80.2558
 80.2558
 80.2558
 80.2558
 80.2558
 80.2558
 80.2558
 80.2558
 80.2558
 80.2558
 80.2558
 80.2558
 80.2558
 80.2558
 80.2558
 80.2558
 80.2558
 80.2558
 80.2558
 80.2558
 80.2558
 80.2558
 80.2558
 80.2558
 80.2558
 80.2558
 80.2558
 80.2558
 80.2558
 80.2558
 80.2558
 80.2558
 80.2558
 80.2558
 80.2558
 80.2558
 80.2558
 80.2558
 80.2558
 80.2558
 80.2558
 80.2558
 80.2558
 80.2558
 80.2558
 80.2558
 80.2558
 80.2558
 80.2558
 80.2558
 80.2558
 80.2558
 80.2558
 80.2558
 80.2558
 80.2558
 80.2558
 80.2558
 80.2558
 80.2558
 80.2558
 80.2558
 80.2558
 80.2558
 80.2558
 80.2558
 80.2558
 80.2558
 80.2558
 80.2558
 80.2558
 80.2558
 80.2558
 80.2558
 80.2558
 80.2558
 80.2558
 80.2558
 80.2558
 80.2558
 80.2558
