 20.3961
 21.4942
 14.6629
 10.5357
 10.0995
 22.1133
 43.2666
 9
 23.7697
 41.1339
 21.1424
 36.3318
 6.32456
 19.4936
 31.5436
 0
 15.2315
 25.923
 2
 2.64575
 26.096
 4.3589
 12.0416
 27.074
 4.12311
 9.16515
 24.6577
 0
 9.53939
 23.0217
 0
 18.5203
 10.4403
 9.69536
 2.82843
 0
 7.81025
 0
 11.5326
 11.1355
 7.28011
 7.34847
 7
 4.89898
 11.9583
 15.6525
 1.41421
 21.7715
 1.73205
 0
 22.8692
 0
 18.8944
 17.1464
 4.89898
 10.3923
 20.9762
 9.32738
 24.3721
 5.56776
 26.5141
 26.3439
 2.23607
 26.4764
 5.91608
 26.8887
 10.0499
 14.8661
 30.7896
 8.3666
 33.9853
 12
 27.9821
 13.7477
 24.6982
 17.2916
 26.4386
 16.6433
 29.5296
 12.8841
 30.8545
 28.7576
 8.7178
 26.2488
 9.48683
 12.8452
 31.5595
 30.7409
 17.1172
 11.9583
 35.3553
 28.6356
 13.6015
 30.9677
 14.8997
 28.1247
 20.8806
 17.8606
 25.1396
 39.8999
 27.7849
 20.8087
 20.347
 36.318
 36.318
 17.0587
 38.8458
 9.64365
 18.6011
 36.5787
 12.1244
 30.8545
 30.8545
 9.74679
 25.4362
 25.4362
 27.6043
 13.2288
 23.1948
 22.4722
 31.0644
 25.9808
 18.6548
 20.445
 20.445
 18.9209
 37.6829
 15.2971
 15.6844
 19.1311
 34.8281
 12.2882
 7.2111
 22.2711
 17.5784
 12.1655
 35.3836
 28.3901
 36.9324
 14.4568
 21
 21
 21
 12.083
 27.4226
 16.5831
 37.9605
 86.1452
 86.1452
 44.911
 16.9115
 4.47214
 4.47214
 23.2379
 41.833
 17.7764
 32.0156
 32.0156
 41.2553
 13.784
 19.3907
 26.0576
 38.1838
 41.6893
 33.1361
 10
 15.0997
 48.8876
 32.187
 11.6619
 6
 9.59166
 30.0167
 50.7642
 11.6189
 37.1483
 34.7851
 12.1244
 15.1327
 44.2041
 41.9404
 14.4568
 35.7211
 10.3923
 43.0349
 48.6004
 33.3766
 22.3607
 17.72
 48.5798
 55.8749
 21.8861
 29.0172
 43.0813
 17.7482
 61.8708
 34.5832
 18.1108
 38.092
 33.1662
 39.5474
 33.6898
 18.0278
 36.318
 78.0449
 78.0449
 52.3737
 16.2788
 40.9512
 21.2132
 62.466
 17.2047
 42.6849
 21.1187
 12.1244
 12.1244
 51.6817
 11.8743
 11.8743
 20.0998
 52.4214
 13.7477
 57.463
 18.4932
 53.2165
 18.3303
 57.2887
 23.1084
 56.0803
 24.1661
 27.8747
 61.2944
 65.8559
 66.5958
 66.5958
 66.5958
 66.5958
 66.5958
 66.5958
 66.5958
 66.5958
 66.5958
 66.5958
 66.5958
 60.4235
 24.9199
 28.2489
 69.8427
 54.5894
 32.0468
 29.6985
 0
 0
 0
 0
 0
 3.87298
 3.87298
 3.87298
 3.87298
 3.87298
 3.87298
 3.87298
 3.87298
 3.87298
 3.87298
 3.87298
 3.87298
 3.87298
 3.87298
 3.87298
 3.87298
 3.87298
 3.87298
 3.87298
 3.87298
 3.87298
 3.87298
 3.87298
 3.87298
 3.87298
 3.87298
 3.87298
 3.87298
 3.87298
 3.87298
 3.87298
 3.87298
 3.87298
 3.87298
 3.87298
 3.87298
 3.87298
 3.87298
 3.87298
 3.87298
 3.87298
 3.87298
 3.87298
 3.87298
 3.87298
 3.87298
 3.87298
 3.87298
 3.87298
 3.87298
 3.87298
 3.87298
 3.87298
 3.87298
 3.87298
 3.87298
 3.87298
 3.87298
 3.87298
 3.87298
 3.87298
 3.87298
 3.87298
 3.87298
 3.87298
 3.87298
 3.87298
 3.87298
 3.87298
 3.87298
 3.87298
 3.87298
 3.87298
 3.87298
 3.87298
 3.87298
 3.87298
 3.87298
 3.87298
 3.87298
 3.87298
 3.87298
 3.87298
 3.87298
 3.87298
 3.87298
 3.87298
 3.87298
 3.87298
 3.87298
 3.87298
 3.87298
 3.87298
 3.87298
 3.87298
 3.87298
 3.87298
 3.87298
 3.87298
 3.87298
 3.87298
 0
 0
 0
 0
 0
 0
 0
 0
 0
 0
 0
 0
 0
 0
 0
 0
 0
 0
 0
 0
 0
 0
 0
 0
 0
 0
 0
 0
 0
 0
 0
 0
 0
 0
 0
 0
 0
 0
 0
 0
 0
 0
 0
 0
 0
 0
 0
 0
 0
 0
 0
 0
 0
 0
 0
 0
 0
 0
 0
 0
 0
 0
 0
 0
 0
 0
 0
 0
 0
 0
 0
 0
 0
 0
 0
 0
 0
 0
 0
 0
 0
 0
 0
 0
 0
 0
 0
 0
 0
 0
 0
 0
 0
 0
 0
 0
 0
 0
