 19.0788
 11
 21.3776
 3.60555
 9.32738
 4
 26.4386
 9.69536
 1.41421
 21.0238
 12.083
 18.7617
 14.2478
 17.6068
 25.2785
 16.7332
 16.6132
 13.5647
 16.9706
 19.7231
 7.93725
 23.6643
 8.12404
 6.245
 25.5147
 9.59166
 1
 11.4018
 31.1769
 7.81025
 11.1355
 6.78233
 30.9354
 24.8395
 12.1244
 21.7945
 9.21954
 18.8414
 9.11043
 16.5831
 21.6564
 17.9444
 21.9317
 21.9773
 11.4018
 5.56776
 19.4422
 3.60555
 20.7846
 30.4795
 2.64575
 27.8927
 1
 0
 22.7156
 12.2882
 7.34847
 8.88819
 7
 12.6491
 0
 4.47214
 11.8322
 2.64575
 10.247
 3.60555
 10.7238
 11.6619
 11.7898
 21.0476
 13
 20.3961
 11.1803
 15.906
 7.87401
 8.06226
 12
 7.68115
 11.225
 8.3666
 4
 3
 6.245
 1.73205
 7.48331
 7.2111
 3.16228
 10.6301
 13
 19
 10.9545
 10.6771
 19.0263
 41.1947
 15.3948
 7.48331
 41.0122
 7.61577
 43.0116
 14.1421
 27.7849
 2.23607
 40.9756
 17.4356
 17.4356
 2
 12
 39.8497
 39.2173
 4.58258
 1.73205
 0
 0
 8.42615
 48.3115
 48.3115
 2.44949
 8.42615
 47.1699
 53.2071
 7.93725
 44.9444
 44.7102
 9.94987
 9.94987
 14.2829
 18.868
 39.3446
 39.064
 11.225
 12.8452
 37.027
 36.5924
 3.16228
 36.4966
 39.5601
 15.8114
 2.64575
 16.8523
 37.2961
 38.1969
 38.1969
 38.1969
 38
 1.73205
 36.1801
 18.3576
 18.3576
 4.47214
 14.3527
 36.8511
 32.4346
 32.4346
 4.89898
 7.48331
 35.0999
 34.0147
 34.0147
 7.93725
 34.7563
 39.4715
 5.91608
 38.1838
 15.2315
 6.85565
 40.3609
 33.6303
 20.7846
 0
 33.9706
 38.4838
 39.1663
 1
 26.2488
 31.225
 37.1483
 2.82843
 36.0555
 34.3366
 21.9089
 21.9089
 41.7732
 4.47214
 35.6651
 18
 18
 5.47723
 46.8615
 40.3733
 14.9332
 14.9332
 52.8299
 4.58258
 15
 46.1628
 46.1628
 57.1664
 57.1664
 57.1664
 53.507
 61.384
 61.384
 61.384
 56.9122
 78.0449
 78.0449
 71.1056
 71.1056
 67.7422
 67.7422
 76.2955
 76.2955
 74.94
 74.94
 74.94
 85.1117
 80.3243
 80.3243
 85.3581
 85.3581
 80.3803
 80.3803
 80.1187
 80.1187
 78.8036
 78.8036
 86.4002
 86.4002
 82.6741
 82.6741
 82.6741
 84.303
 85.5862
 91.515
 91.515
 91.515
 91.515
 91.515
 91.515
 91.515
 91.515
 91.515
 91.515
 91.515
 70.7602
 70.7602
 70.7602
 96.2393
 65.169
 65.169
 65.169
 65.169
 65.169
 65.169
 65.169
 65.169
 65.169
 65.169
 65.169
 65.169
 65.169
 65.169
 65.169
 65.169
 65.169
 65.169
 65.169
 65.169
 65.169
 65.169
 65.169
 65.169
 65.169
 65.169
 65.169
 65.169
 65.169
 65.169
 65.169
 65.169
 65.169
 65.169
 65.169
 65.169
 65.169
 65.169
 65.169
 65.169
 65.169
 65.169
 65.169
 65.169
 65.169
 65.169
 65.169
 65.169
 65.169
 65.169
 65.169
 65.169
 65.169
 65.169
 65.169
 65.169
 65.169
 65.169
 65.169
 65.169
 65.169
 65.169
 65.169
 65.169
 65.169
 65.169
 65.169
 65.169
 65.169
 65.169
 65.169
 65.169
 65.169
 65.169
 65.169
 65.169
 65.169
 65.169
 65.169
 65.169
 65.169
 65.169
 65.169
 65.169
 65.169
 65.169
 65.169
 65.169
 65.169
 65.169
 65.169
 65.169
 65.169
 65.169
 65.169
 65.169
 65.169
 65.169
 65.169
 65.169
 65.169
 65.169
 65.169
 65.169
 65.169
 65.169
 65.169
 65.169
 65.169
 65.169
 65.169
 65.169
 65.169
 65.169
 65.169
 65.169
 65.169
 65.169
 65.169
 65.169
 65.169
 65.169
 65.169
 65.169
 65.169
 65.169
 65.169
 65.169
 65.169
 65.169
 65.169
 65.169
 65.169
 65.169
 65.169
 65.169
 65.169
 65.169
 65.169
 65.169
 65.169
 65.169
 65.169
 65.169
 65.169
 65.169
 65.169
 65.169
 65.169
 65.169
 65.169
 65.169
 65.169
 65.169
 65.169
 65.169
 65.169
 65.169
 65.169
 65.169
 65.169
 65.169
 65.169
 65.169
 65.169
 65.169
 65.169
 65.169
 65.169
 65.169
 65.169
 65.169
 65.169
 65.169
 65.169
 65.169
 65.169
 65.169
 65.169
 65.169
 65.169
 65.169
 65.169
 65.169
 65.169
 65.169
 65.169
 65.169
 65.169
 65.169
 65.169
 65.169
 65.169
 65.169
 65.169
 65.169
 65.169
 65.169
 65.169
 65.169
 65.169
 65.169
 65.169
 65.169
 65.169
 65.169
 65.169
