 29.3598
 5.2915
 5.74456
 27.074
 27.0185
 26.1916
 26.4386
 29.0345
 28.0179
 29.1548
 32.2335
 35.0428
 32.8481
 35.2987
 38.2623
 34.5832
 12.7279
 39.8372
 38.5746
 37.9473
 40.2244
 40.8412
 41.6773
 42
 44.6878
 45.7821
 45.3431
 46.7119
 48.6724
 4.58258
 43.2897
 10.0499
 50.04
 49.5278
 45
 47.7703
 47.4236
 42.5088
 42.4971
 40.4228
 42.4735
 18.4391
 42.5441
 40.9023
 15
 15.6525
 42.5911
 13.0384
 30.7734
 40.1746
 39.9124
 40.4228
 40.2865
 40.1373
 36.3318
 25.1595
 39.7492
 25.4362
 40.0999
 24.3311
 38.8587
 38.833
 38.3406
 7.28011
 38.2099
 6.245
 36.5513
 40.1995
 4.12311
 21.4009
 34.9428
 20.445
 35.9861
 20.9523
 37.2559
 37.4433
 36.2629
 18.6279
 36.1939
 18.8149
 35.1141
 4
 35.5246
 5.56776
 34.6987
 34.8855
 5.2915
 5.47723
 32.8786
 32.5423
 4.3589
 5.19615
 31.5595
 63.435
 20.6882
 31.209
 68.4471
 20.6155
 67.424
 28.8097
 27.7849
 27.4226
 63.1506
 27.0924
 27.0924
 26.0768
 25.2785
 63.9218
 63.0714
 63.0714
 24.8797
 5.91608
 5.91608
 32.8024
 69.6204
 69.6204
 69.6204
 35.5949
 71.7147
 70.1926
 70.1926
 68.6877
 66.3325
 31.749
 31.749
 20.2237
 28.6531
 62.5939
 61.7414
 26.4764
 0
 0
 0
 19.8494
 59.1439
 57.8792
 27.8927
 19.1833
 27.313
 61.3922
 59.4895
 59.4895
 59.4895
 57.4717
 21.8632
 59.5819
 29.8831
 29.8831
 22.4722
 32.0312
 56.1338
 56.285
 56.285
 32.8634
 2.82843
 2.82843
 2.82843
 2.82843
 33.3916
 58.1206
 57.1752
 35.2987
 35.2987
 38.0789
 39.5095
 57.28
 56.5597
 56.5597
 16.6733
 56.701
 55.7136
 56.2939
 14.5258
 37.6431
 54.2679
 54.2679
 11.4018
 54.1479
 56.8331
 56.8331
 105.176
 58.438
 12
 58.2495
 58.2495
 58.2495
 49.8999
 63.8749
 63.3246
 53.535
 53.535
 68.7023
 56.6833
 60.1831
 68.4398
 115.672
 73.3076
 73.3076
 67.4907
 75.8683
 80.635
 73.7021
 73.9594
 78.9177
 123.713
 123.713
 86.5506
 85.3815
 89.7664
 89.4092
 90.8075
 90.8075
 96.7471
 96.7471
 96.7471
 104.178
 102.898
 104.709
 101.079
 101.079
 101.089
 104.733
 101.143
 101.143
 100.135
 100.135
 106.949
 107.476
 104.914
 104.914
 108.467
 105.266
 106.771
 112.597
 112.597
 112.597
 112.597
 112.597
 112.597
 112.597
 112.597
 112.597
 112.597
 112.597
 82.0549
 82.0549
 82.0549
 114.42
 77.8845
 77.8845
 77.8845
 77.8845
 77.8845
 77.8845
 77.8845
 77.8845
 77.8845
 77.8845
 77.8845
 77.8845
 77.8845
 77.8845
 77.8845
 77.8845
 77.8845
 77.8845
 77.8845
 77.8845
 77.8845
 77.8845
 77.8845
 77.8845
 77.8845
 77.8845
 77.8845
 77.8845
 77.8845
 77.8845
 77.8845
 77.8845
 77.8845
 77.8845
 77.8845
 77.8845
 77.8845
 77.8845
 77.8845
 77.8845
 77.8845
 77.8845
 77.8845
 77.8845
 77.8845
 77.8845
 77.8845
 77.8845
 77.8845
 77.8845
 77.8845
 77.8845
 77.8845
 77.8845
 77.8845
 77.8845
 77.8845
 77.8845
 77.8845
 77.8845
 77.8845
 77.8845
 77.8845
 77.8845
 77.8845
 77.8845
 77.8845
 77.8845
 77.8845
 77.8845
 77.8845
 77.8845
 77.8845
 77.8845
 77.8845
 77.8845
 77.8845
 77.8845
 77.8845
 77.8845
 77.8845
 77.8845
 77.8845
 77.8845
 77.8845
 77.8845
 77.8845
 77.8845
 77.8845
 77.8845
 77.8845
 77.8845
 77.8845
 77.8845
 77.8845
 77.8845
 77.8845
 77.8845
 77.8845
 77.8845
 77.8845
 77.8845
 77.8845
 77.8845
 77.8845
 77.8845
 77.8845
 77.8845
 77.8845
 77.8845
 77.8845
 77.8845
 77.8845
 77.8845
 77.8845
 77.8845
 77.8845
 77.8845
 77.8845
 77.8845
 77.8845
 77.8845
 77.8845
 77.8845
 77.8845
 77.8845
 77.8845
 77.8845
 77.8845
 77.8845
 77.8845
 77.8845
 77.8845
 77.8845
 77.8845
 77.8845
 77.8845
 77.8845
 77.8845
 77.8845
 77.8845
 77.8845
 77.8845
 77.8845
 77.8845
 77.8845
 77.8845
 77.8845
 77.8845
 77.8845
 77.8845
 77.8845
 77.8845
 77.8845
 77.8845
 77.8845
 77.8845
 77.8845
 77.8845
 77.8845
 77.8845
 77.8845
 77.8845
 77.8845
 77.8845
 77.8845
 77.8845
 77.8845
 77.8845
 77.8845
 77.8845
 77.8845
 77.8845
 77.8845
 77.8845
 77.8845
 77.8845
 77.8845
 77.8845
 77.8845
 77.8845
 77.8845
 77.8845
 77.8845
 77.8845
 77.8845
 77.8845
 77.8845
 77.8845
 77.8845
 77.8845
 77.8845
 77.8845
 77.8845
 77.8845
 77.8845
 77.8845
 77.8845
 77.8845
 77.8845
 77.8845
 77.8845
 77.8845
 77.8845
 77.8845
 77.8845
 77.8845
