 29.3598
 7.07107
 27.313
 10.0499
 27.0185
 1.73205
 26.4386
 15.5242
 0
 5.09902
 4
 35.0428
 32.8481
 5.2915
 13.2665
 34.5832
 12.7279
 39.8372
 38.5746
 37.9473
 40.2244
 33.3617
 41.6773
 42
 33.2866
 15.1987
 45.3431
 20.2978
 31.9374
 45.5082
 22.7596
 10.0499
 50.04
 34.2929
 22.9347
 32.619
 17.9444
 31.5595
 18.2757
 18.5203
 31.3688
 17.4356
 42.5441
 33.4066
 14.7309
 12.9228
 31.1448
 11.1355
 30.545
 28.1603
 8.18535
 27.1662
 5.91608
 6.85565
 25.5734
 25.1197
 6.32456
 22.7376
 6.55744
 24.4131
 7.2111
 6.85565
 38.3406
 5.38516
 38.2099
 4.47214
 22.4277
 19.975
 1.41421
 20.347
 2.44949
 20.199
 4
 19.9499
 37.2559
 19.4679
 5
 18.1108
 3.31662
 18.6011
 4.69042
 5.74456
 18.9209
 4.47214
 18.6279
 20.025
 3.87298
 2.23607
 19.8494
 19.1833
 3.31662
 5.19615
 21.4009
 63.435
 19.4936
 4
 4
 19.7737
 67.5944
 67.5944
 67.5944
 18.1659
 63.671
 63.671
 63.671
 16.9706
 1.41421
 1.41421
 1.41421
 1.73205
 17
 4.24264
 4.24264
 24.5764
 70.2922
 70.2922
 70.2922
 23.1301
 71.4003
 70.1997
 70.1997
 68.3593
 66.3626
 25.4165
 25.4165
 21.9545
 2.82843
 2.82843
 2.82843
 18.4932
 0
 0
 0
 20.347
 59.8164
 59.7746
 59.7746
 18.6279
 27.313
 60.803
 58.6003
 58.6003
 58.6003
 58.3009
 22.9565
 60.2412
 60.2412
 60.2412
 20.7846
 0
 0
 0
 0
 16.2173
 0
 0
 0
 0
 0
 0
 0
 16.1555
 16.1555
 3.31662
 15.9687
 57.5587
 57.28
 57.28
 15.843
 57.4108
 56.6304
 56.4889
 14.1421
 7.68115
 54.8999
 54.8999
 12
 54.3231
 57.5674
 57.5674
 104.202
 58.1034
 12.7671
 58.9746
 58.9746
 58.9746
 17.6352
 64.2962
 62.498
 53.535
 53.535
 67.4389
 20.4695
 1.41421
 1.41421
 1.41421
 1.41421
 22.7596
 8.94427
 8.94427
 8.94427
 10.0499
 29.0861
 29.0861
 29.0861
 13.6382
 13.6382
 33.7639
 33.7639
 17.5214
 17.5214
 37.3898
 37.3898
 24.9399
 40.3113
 40.3113
 40.3113
 38.092
 38.092
 24.9399
 24.9399
 35.2846
 35.2846
 23.0651
 23.0651
 30.5778
 30.5778
 17.6635
 17.6635
 28.8444
 19.9249
 19.9249
 19.9249
 19.9249
 0
 0
 0
 0
 0
 0
 0
 0
 0
 0
 0
 25.4755
 15.906
 15.906
 15.906
 21.7256
 12.53
 0
 0
 0
 0
 0
 0
 0
 0
 0
 4.12311
 4.12311
 4.12311
 4.12311
 3.60555
 3.60555
 3.60555
 3.60555
 3.16228
 3.16228
 3.16228
 3.16228
 3.16228
 3.16228
 3.16228
 3.16228
 3.16228
 3.16228
 3.16228
 3.16228
 3.16228
 3.16228
 3.16228
 3.16228
 3.16228
 3.16228
 3.16228
 3.16228
 3.16228
 3.16228
 3.16228
 3.16228
 3.16228
 3.16228
 3.16228
 3.16228
 3.16228
 3.16228
 3.16228
 3.16228
 3.16228
 3.16228
 3.16228
 3.16228
 3.16228
 3.16228
 3.16228
 3.16228
 3.16228
 3.16228
 3.16228
 3.16228
 3.16228
 3.16228
 3.16228
 3.16228
 3.16228
 3.16228
 3.16228
 3.16228
 3.16228
 3.16228
 3.16228
 3.16228
 3.16228
 3.16228
 3.16228
 3.16228
 3.16228
 3.16228
 3.16228
 3.16228
 3.16228
 3.16228
 3.16228
 3.16228
 3.16228
 3.16228
 3.16228
 3.16228
 3.16228
 3.16228
 3.16228
 3.16228
 3.16228
 3.16228
 3.16228
 3.16228
 3.16228
 3.16228
 3.16228
 3.16228
 3.16228
 3.16228
 3.16228
 3.16228
 3.16228
 3.16228
 3.16228
 3.16228
 3.16228
 3.16228
 3.16228
 3.16228
 3.16228
 3.16228
 3.16228
 3.16228
 3.16228
 3.16228
 3.16228
 3.16228
 3.16228
 3.16228
 3.16228
 3.16228
 3.16228
 3.16228
 3.16228
 3.16228
 3.16228
 3.16228
 3.16228
 3.16228
 3.16228
 3.16228
 3.16228
 3.16228
 3.16228
 3.16228
 3.16228
 3.16228
 3.16228
 3.16228
 3.16228
 3.16228
 3.16228
 3.16228
 3.16228
 3.16228
 3.16228
 3.16228
 3.16228
 3.16228
 3.16228
 3.16228
 3.16228
 3.16228
 3.16228
 3.16228
 3.16228
 3.16228
 3.16228
 3.16228
 3.16228
 3.16228
 3.16228
 3.16228
 3.16228
 3.16228
 3.16228
 3.16228
 3.16228
 3.16228
 3.16228
 3.16228
 3.16228
 3.16228
 3.16228
 3.16228
 3.16228
 3.16228
 3.16228
 3.16228
 3.16228
 3.16228
 3.16228
 3.16228
 3.16228
 3.16228
 3.16228
 3.16228
 3.16228
 3.16228
 0
 0
 0
 0
 0
 0
 0
 0
 0
 0
 0
