 5.09902
 4.3589
 4.58258
 10.247
 13.1909
 0
 17
 13.9284
 1.73205
 14.7986
 1.41421
 10.4403
 20.199
 3.74166
 10.4403
 22.9565
 6.85565
 5.65685
 23.7697
 26.1534
 4.24264
 32
 12.6095
 1.73205
 31.3369
 14.5602
 0
 18.7883
 31.1769
 3.4641
 19.1572
 3.60555
 32.9697
 30.6594
 19.5192
 29.6311
 16.5227
 29.2233
 13.8924
 15.4596
 29.6816
 11.9164
 31.0805
 30.8869
 10.9545
 11
 27.8209
 7.2111
 26.7769
 25.1992
 4.47214
 23.7065
 5.09902
 5.38516
 25.2587
 20.2978
 4.24264
 20.445
 3.16228
 21.4476
 2.23607
 1.73205
 22.3159
 1
 21.6333
 0
 20.9523
 16.9706
 2.44949
 15.906
 2.64575
 16.9706
 1
 17.8885
 0
 15.7162
 1
 16.3707
 1
 17.4356
 2.44949
 0
 17.0587
 0
 18.0831
 18.4662
 1
 0
 17.7764
 16.2788
 1.41421
 0
 17.1756
 54.1202
 16.9115
 0
 0
 17.7482
 58.5491
 58.5491
 58.5491
 15.2971
 55.7853
 55.7853
 55.7853
 14.7648
 2.64575
 2.64575
 2.64575
 3.16228
 14.7648
 0
 0
 21.7256
 60.9344
 60.9344
 60.9344
 19.9499
 62.5779
 60.8687
 60.8687
 59.8331
 58.4123
 18.2757
 18.2757
 14.8661
 2.82843
 51.2152
 52.6973
 14.7648
 4.3589
 52.4976
 51.7204
 12.6095
 51.5946
 49.1732
 5.83095
 11.3137
 7.4162
 52.2303
 50.6261
 50.6261
 50.6261
 49.7293
 11.7898
 51.6043
 7.81025
 7.81025
 10.0995
 6.55744
 46.7333
 47.7074
 47.7074
 9.11043
 5.56776
 49.8096
 47.0956
 47.0956
 6.48074
 50.01
 48.3425
 9.84886
 38.1838
 5.74456
 7.07107
 47.697
 48.7442
 8.544
 8.06226
 49.1427
 48.2908
 49.1325
 6
 12
 47.0106
 47.0106
 3.87298
 46.669
 48.3632
 11.7898
 11.7898
 51.4198
 3.60555
 51.0979
 10.3923
 10.3923
 7.74597
 7.74597
 55
 6.245
 6.245
 6.245
 9.59166
 5.56776
 5.56776
 5.56776
 5.56776
 13.784
 0
 0
 0
 3.4641
 16.4012
 16.4012
 16.4012
 10.5357
 10.5357
 20.3715
 20.3715
 13.6015
 13.6015
 24.0416
 24.0416
 19.3132
 26.9629
 26.9629
 26.9629
 26.6458
 26.6458
 19.3907
 19.3907
 25.5147
 25.5147
 16.7332
 16.7332
 22.4944
 22.4944
 13.0767
 13.0767
 19.975
 12.6886
 12.6886
 12.6886
 12.6886
 0
 0
 0
 0
 0
 0
 0
 0
 0
 0
 0
 16.0312
 11.5758
 11.5758
 11.5758
 11.5326
 8.30662
 8.30662
 8.30662
 0
 0
 0
 19.2614
 19.2614
 19.2614
 19.2614
 19.2614
 19.2614
 19.2614
 19.2614
 19.2614
 19.2614
 19.2614
 19.2614
 19.2614
 19.2614
 19.2614
 19.2614
 19.2614
 19.2614
 19.2614
 19.2614
 19.2614
 19.2614
 19.2614
 19.2614
 19.2614
 19.2614
 19.2614
 19.2614
 19.2614
 19.2614
 19.2614
 19.2614
 19.2614
 19.2614
 19.2614
 19.2614
 19.2614
 19.2614
 19.2614
 19.2614
 19.2614
 19.2614
 19.2614
 19.2614
 19.2614
 19.2614
 19.2614
 19.2614
 19.2614
 19.2614
 19.2614
 19.2614
 19.2614
 19.2614
 19.2614
 19.2614
 19.2614
 19.2614
 19.2614
 19.2614
 19.2614
 19.2614
 19.2614
 19.2614
 19.2614
 19.2614
 19.2614
 19.2614
 19.2614
 19.2614
 19.2614
 19.2614
 19.2614
 19.2614
 19.2614
 19.2614
 19.2614
 19.2614
 19.2614
 19.2614
 19.2614
 19.2614
 19.2614
 19.2614
 19.2614
 19.2614
 19.2614
 19.2614
 19.2614
 19.2614
 19.2614
 19.2614
 19.2614
 19.2614
 19.2614
 19.2614
 19.2614
 19.2614
 19.2614
 19.2614
 19.2614
 19.2614
 19.2614
 19.2614
 19.2614
 19.2614
 19.2614
 19.2614
 19.2614
 19.2614
 19.2614
 19.2614
 19.2614
 19.2614
 19.2614
 19.2614
 19.2614
 19.2614
 19.2614
 19.2614
 19.2614
 19.2614
 19.2614
 19.2614
 19.2614
 19.2614
 19.2614
 19.2614
 19.2614
 19.2614
 19.2614
 19.2614
 19.2614
 19.2614
 19.2614
 19.2614
 19.2614
 19.2614
 19.2614
 19.2614
 19.2614
 19.2614
 19.2614
 19.2614
 19.2614
 19.2614
 19.2614
 19.2614
 19.2614
 19.2614
 19.2614
 19.2614
 19.2614
 19.2614
 19.2614
 19.2614
 19.2614
 19.2614
 19.2614
 19.2614
 19.2614
 19.2614
 19.2614
 19.2614
 19.2614
 19.2614
 19.2614
 19.2614
 19.2614
 19.2614
 19.2614
 19.2614
 19.2614
 19.2614
 19.2614
 19.2614
 19.2614
 19.2614
 19.2614
 19.2614
 19.2614
 19.2614
 19.2614
 19.2614
 19.2614
 19.2614
 19.2614
 19.2614
 19.2614
 19.2614
 19.2614
 19.2614
 19.2614
 19.2614
 19.2614
 19.2614
 19.2614
 19.2614
 0
