 492.005
 25.0998
 25.0998
 34.4093
 34.4093
 36.3731
 36.3731
 34.2929
 38.7685
 38.7685
 40.6079
 40.6079
 40.6079
 39.6106
 31.8434
 31.8434
 43.6463
 43.6463
 43.6463
 43.6463
 43.6463
 43.9431
 43.9431
 43.9431
 41.2674
 42.9535
 42.9535
 38.0263
 36.6742
 36.6742
 40.8779
 44.0681
 44.0681
 43.8862
 42.45
 44.317
 43.4626
 39
 45.8694
 43.909
 38.3275
 42.3202
 42.3202
 45.1221
 43.6807
 47.2546
 49.1833
 47.2864
 49.1325
 43.4626
 44.2493
 43.909
 43.2897
 43.9659
 44.7996
 49.7092
 46.4758
 46.2601
 50.7937
 35.6791
 54.1849
 47.1487
 47.1487
 47.244
 47.244
 42.9418
 49.3052
 51.1273
 40.0874
 43.3935
 46.7761
 47.3709
 43.1972
 47.4552
 47.4552
 50.3686
 53.2259
 38.4838
 54.3599
 54.3599
 56.3471
 52.792
 44.0681
 47
 49.5883
 54.4794
 44.7325
 41.6173
 55.6687
 47.4974
 50.8626
 49.0306
 45.4533
 45.4533
 49.0714
 51.3225
 51.3225
 53.376
 58.0775
 49.8899
 49.8899
 40.1248
 40.1248
 58.4466
 64.6297
 37.7359
 58.6174
 58.6174
 59.0931
 53.9444
 50.3885
 49.548
 64.2495
 58.2065
 50.5866
 63.1506
 46.0217
 58.3267
 50.01
 50.01
 42.332
 42.332
 57.7408
 64.0781
 59.0169
 57.3149
 49.5278
 54.754
 67.6609
 46.0435
 48.9387
 63.4192
 63.4192
 60.9426
 60.9426
 60.9426
 53.9444
 63.5453
 63.5453
 55.6776
 55.2268
 64.3351
 49.1121
 57.7495
 52.1536
 56.701
 62.0886
 57.9051
 53.8981
 63.2851
 55.7674
 80.1311
 56.8946
 63.435
 58.6345
 53.563
 53.563
 54.0278
 50.3587
 57.6888
 57.6888
 64.4903
 64.4903
 46.8295
 68.942
 61.7171
 57.3236
 46.7974
 67.335
 60.9918
 57.3498
 54.7631
 61.327
 53.6097
 56.1694
 56.1694
 53.8795
 51.6527
 57.1489
 59.1946
 59.1946
 51.2835
 64.3428
 62.0322
 62.5939
 62.5939
 69.0072
 51.3712
 58.8558
 58.8558
 58.8558
 56.5243
 56.7274
 65.8863
 61.1719
 61.1719
 61.1719
 53.0283
 65.7723
 55.4707
 55.7674
 61.8628
 68.6731
 54.2494
 54.2494
 54.8179
 54.1479
 75.5645
 57.8878
 50.8822
 52.1536
 76.6616
 59.975
 50.9117
 71.6519
 53
 66.873
 71.6938
 56.6392
 55.0364
 61.2617
 55.5968
 56.5951
 61.0492
 58.6515
 67.7864
 59.4475
 65.1613
 65.1613
 67.1565
 69.6204
 56.4712
 53.1883
 58.1378
 70.157
 54.8088
 34.8281
 65.582
 56.5774
 57.3672
 34.8425
 65.521
 60.4235
 69.8999
 35.7071
 73.1984
 56.4092
 59.5399
 36.6333
 77.4468
 50.2295
 36.5787
 53.4603
 72.7874
 58.3181
 36.8511
 36.8511
 67.0746
 58.643
 40.9145
 40.9145
 59.3885
 66.9328
 38.3667
 38.3667
 66.9029
 70.4628
 36.2905
 36.2905
 70.6612
 74.686
 34.4819
 44.0568
 76.302
 51.3323
 36.0416
 65.169
 54.8088
 37.3631
 67.4463
 70.739
 35.9305
 60.2661
 76.7268
 35.3412
 55.9643
 79.1581
 63.561
 76.5637
 56.9122
 72.2496
 55.6507
 69.527
 71.5821
 57.3236
 76.5114
 57.4282
 77.2917
 54.9181
 59.8916
 55.8301
 67.3498
 74.3976
 79.3536
 58.3609
 78.3964
 78.3773
 73.4098
 65.3376
 58.0086
 59.9833
 54.4518
 72.1873
 73.0137
 77.4855
 57.4108
 79.2086
 78.1345
 52.345
 63.6475
 67.8012
 64.5291
 80.2247
 56
 81.8963
 75.9605
 83.8332
 75.6307
 60.0833
 66.9701
 66.888
 66.888
 75.1332
 78.4666
 69.491
 81.7924
 57.4108
 79.7684
 55.9106
 59.8916
 63.5059
 77.7174
 63.5925
 61.1882
 78.3071
 77.6724
 90.4765
 75.8419
 62.9047
 53.4135
 69.6563
 55.263
 76.909
 71.3162
 78.3645
 81.1542
 59.0931
 59.0931
 56.8507
 56.8507
 69.5126
 78.6193
 60.2329
 80.8703
 81.0987
 80.2558
 64.5678
 68.7168
 63.0635
 60.2246
 69.527
 75.0733
 79.467
 83.4626
 59.4727
 59.9583
 84.0595
 84.0595
 56.8067
 56.8067
 60.2329
 60.2329
 77.55
 79.9938
 79.6681
 77.5758
 58.9746
 73.8038
 64.3195
 62.8967
 70.1427
 73.0685
 79.5424
 79.5424
 81.6823
 76.8245
 65.0154
 61.3433
 56.0803
 56.0803
 59.1101
 59.1101
 75.3326
 75.3326
 82.4197
 72.1526
 63.6946
 78.4156
 66.2042
 57.7321
 76.5637
 71.5192
 79.7684
 78.5684
 77.3563
 74.7596
 63.0635
 54.3415
 66.1211
 73
 59.2284
 59.2284
 71.9236
 71.9236
 78.2752
 66.0076
 76.6877
 76.6877
 66.4981
 59.8916
 101.784
 65.1613
 65.1613
 73.1369
 73.7699
 61.441
 71
 77.9551
 76.4788
 83.8749
 60.3241
 66.0303
 74.1215
 74.1215
 74.1215
 74.1215
 64.5446
 76.0526
 76.0526
 73.0411
 73.0411
 73.0411
 73.0411
 73.0411
 73.0411
