 492.005
 23.6643
 12.8452
 20.8567
 36.9594
 33.0908
 33.0908
 45.0111
 40.2616
 40.2616
 40.8656
 27.4591
 27.4591
 40.0125
 40.0125
 21.6795
 37.1483
 24.454
 21.0238
 26.8887
 24.1868
 33.5261
 33.5559
 26.6646
 36.9188
 33.0151
 35.2846
 25.3377
 41.9524
 35.0571
 27.037
 38.5876
 41.9166
 34.0147
 28.8444
 34.9142
 32.8634
 27.4044
 33.5559
 32.0156
 26.4008
 33.2716
 28.8271
 31.3688
 37.6962
 40.0625
 35.6931
 39.5601
 38.8716
 38.6523
 32.1559
 42.4264
 32.218
 33.9264
 40.9878
 37.6829
 35.805
 33.4216
 38.6782
 22.5832
 40.0749
 35.1852
 33.8526
 38.9872
 36.4829
 37.9078
 36.5924
 40.8289
 34.4238
 35.6511
 41.0122
 47.2969
 28.688
 40.8779
 35.6371
 40.5339
 40.5956
 25.7682
 41.7373
 41.7373
 43.0233
 39.0768
 33.0454
 37.1887
 40.3237
 41.1947
 40.5832
 36.428
 47.1063
 42.1663
 43.9886
 37.3363
 43.1741
 0
 42.1307
 39.1535
 39.1535
 45.5302
 42.4146
 38.2492
 0
 27.8029
 27.8029
 43.4626
 53.0094
 25.593
 44.0681
 44.0681
 43.5316
 40.4969
 43.6005
 39.3827
 44.0227
 48.0312
 37.108
 47.3603
 40.1622
 45.1664
 31.6544
 0
 38.1051
 38.1051
 36.1663
 51.1175
 43.4741
 48.1664
 41.3159
 36.6606
 49.8598
 42.4264
 38.7943
 45.913
 45.913
 47.833
 47.833
 47.833
 41.8927
 51.6527
 44.6206
 36.6742
 38.7298
 42.5441
 41.6053
 42.0357
 36.8375
 40.05
 47.7912
 36.524
 33.0606
 46.6047
 38.5616
 66.6558
 38.2623
 56.3738
 40.4475
 35.5387
 35.5387
 38.1969
 36.565
 41.2311
 41.2311
 53.9166
 53.9166
 38.8716
 48.0521
 47.0106
 42.8252
 36.4006
 50.8429
 43.6119
 43.5201
 38.1445
 49.4571
 42.0357
 42.2966
 42.2966
 44.9333
 35.7071
 40.4351
 42.72
 42.72
 34.641
 49.5681
 43.9659
 44.7214
 44.7214
 48.3839
 34.8712
 46.3033
 37.5899
 37.5899
 40.2119
 33.9264
 45.6289
 43.9773
 43.9773
 43.9773
 35.805
 45.5522
 39.5854
 37.7094
 49.1732
 46.9574
 39.9124
 39.9124
 46.0869
 34
 51.3225
 42.1189
 43.8634
 33.4216
 50.7247
 43.6463
 40.5093
 47.4342
 36.2629
 47.55
 57.5239
 39.4208
 42.7551
 44.2719
 43.795
 41.2068
 42.8836
 43.2782
 49.558
 42.7317
 52.2781
 43.4626
 46.7654
 48.8569
 40.5339
 38.5746
 40.1995
 49.96
 32.573
 19.799
 45.9891
 42.6497
 41.9881
 20.2485
 50.636
 45.4423
 54.7905
 21.1187
 54.4426
 45.4753
 43.6463
 19.799
 53.0094
 42.4617
 20.6398
 41.2189
 50.9902
 45.1664
 20.9523
 0
 0
 40.8412
 21.1424
 44.833
 51.0196
 57.7754
 23.3452
 43.8292
 48.5489
 58.2752
 19.9499
 19.9499
 49.7695
 49.5379
 21.6333
 21.6333
 54.5619
 28.3549
 20.9762
 44.2832
 39.1408
 20.8567
 51.1566
 54.0185
 17.7482
 47.4025
 55.3263
 20.025
 44.3396
 52.1057
 45.9021
 53.7587
 37.4299
 60.2827
 43.8178
 49.558
 60.1997
 40.2244
 53.9073
 33.7639
 55.0818
 33.7343
 40.4351
 36.5513
 51.0882
 54.111
 57.1314
 48.8672
 52.3163
 56.2494
 54.0463
 47.7808
 45.1885
 39.1791
 42.6263
 52.192
 52.5167
 54.2955
 34.0734
 55.7405
 55.5608
 30.4467
 46.2169
 47.7703
 52.2303
 57.0351
 43.7721
 57.9914
 56.4801
 56.2583
 51.6333
 37.9473
 57.1052
 49
 49
 53.376
 55.6956
 49.5984
 57.4543
 36.0139
 58.2924
 29.5296
 41.3401
 39.2683
 56.4535
 51.3323
 47.9479
 56.1694
 54.3231
 79.2969
 56.6657
 43.4166
 43.7607
 50.4579
 46.1086
 52.5452
 52.8678
 53.4696
 59.397
 32.573
 32.573
 35.623
 35.623
 46.9361
 57.4456
 49.5278
 57.2101
 56.6304
 55.1634
 41.9762
 46
 42.19
 52.9434
 46.9468
 54.3783
 54.7449
 55.8122
 43.1161
 36.6606
 61.1228
 61.1228
 31.225
 31.225
 38.3927
 38.3927
 56.4447
 57.7668
 58.4466
 54.7449
 39.2556
 53.2541
 47.3075
 45.5631
 45.5631
 53.0471
 57.0964
 57.0964
 56.5066
 55.7225
 42.9418
 40.1995
 33.3017
 33.3017
 35.7211
 35.7211
 52.9245
 52.9245
 60.4979
 46.9894
 45.3762
 56.9473
 46.0543
 41.6053
 41.6053
 55.3444
 55.3444
 59.9416
 59.9416
 50.6952
 42.6028
 29.3428
 47.592
 53.3292
 33.8969
 33.8969
 48.2701
 48.2701
 53.301
 40.8289
 50.636
 50.636
 50.636
 42.8369
 66.6333
 51.225
 51.225
 52.1728
 50.309
 36.0416
 44.3396
 56.6392
 55.254
 58.155
 41.509
 49.0816
 55.6058
 55.6058
 55.6058
 55.6058
 42.6615
 53.376
 53.376
 49.6488
 56.5243
 56.5243
 51.2933
 51.2933
 51.2933
