 41.6773
 26.4953
 30.0998
 33.3017
 36.565
 35.6511
 39.6232
 30.7246
 33.7787
 33.7787
 35
 34.5832
 33.9411
 35.7911
 34.8281
 33.8526
 37.2693
 35.2704
 33.1964
 37.2961
 36.0694
 41.4729
 40.0375
 35.2562
 38.092
 40.0125
 38.1576
 37.3497
 33.4664
 38.5616
 38.2361
 37.1618
 36.2077
 39.3192
 39.9875
 40.1622
 42.6263
 36.7151
 41.2916
 40.0749
 37.3497
 36.5377
 40.8534
 42.7785
 39.37
 45.1553
 45.7165
 43.1393
 45.1442
 39.5348
 40.5956
 39.8497
 43.4396
 43.5316
 44.2832
 44.486
 46.1844
 42.6263
 47.9166
 34.0441
 48.4974
 41.5452
 46.1194
 42.7785
 47.7912
 37.1618
 48.6415
 47.7808
 34.6554
 38.5746
 40.939
 43.566
 37.7359
 45.4863
 46.1302
 46.5833
 51.7494
 37.3765
 53.8981
 53.8981
 54.2125
 47.3709
 43.589
 42.5911
 50.8035
 53.8981
 41.6173
 38.6005
 53.591
 44.2719
 45.5631
 45.1774
 40.5216
 40.5216
 46.9681
 48.9694
 48.9694
 51.5461
 49.0612
 41.2311
 41.2311
 38.3536
 38.3536
 53.301
 54.7449
 36.5377
 54.8544
 54.8544
 51.4004
 48.5489
 49.7494
 44.5309
 56.8507
 58.6003
 41.497
 55.6776
 40.8412
 56.648
 41.2068
 41.2068
 38.8844
 38.8844
 48.7134
 57
 53.2916
 50.1298
 43.4741
 42.6146
 57.1227
 41.5452
 45.3431
 54.3875
 54.3875
 53.8795
 53.8795
 53.8795
 52.4404
 56.5155
 54.4794
 46.9894
 46.1952
 55.2811
 49.1528
 47.7912
 41.9166
 47.8435
 57.3847
 49.9099
 44.7214
 57.6194
 44.8888
 71.4423
 49.1833
 57.9914
 53.0283
 44.6206
 44.6206
 48.2908
 43.7379
 48.9898
 48.9898
 60.1747
 60.1747
 43.1161
 60.8687
 51.4781
 48.5695
 42.8486
 59.5147
 52.6878
 48.6724
 46.8935
 53.1131
 48.7237
 48.2701
 48.2701
 45.618
 43.7721
 47.7389
 52.1344
 52.1344
 44.3058
 55.7225
 54.1572
 56.9912
 56.9912
 59.2537
 45.3762
 51.0588
 44.6542
 44.6542
 50.4083
 47.0213
 59.0678
 52.5167
 52.5167
 52.5167
 44.4522
 56.6039
 47.085
 51.2933
 54.2218
 57.0964
 46.3789
 46.3789
 50.1896
 49.1019
 63.0793
 50.7839
 44.7437
 50.02
 63.4665
 51.3225
 43.7035
 57.6541
 49.8297
 58.2237
 59.8916
 50.4282
 48.5489
 51.643
 45.1331
 52.1536
 54.7449
 48.3011
 60.1498
 52.4118
 61.3025
 52.3355
 58.1893
 63.0635
 49.7695
 44.4972
 50.8822
 63.4665
 44.4747
 28.8617
 57.4717
 48.156
 50.2096
 30.1993
 58.5833
 55.1815
 61.7495
 29.7489
 64.4593
 50.892
 50.6261
 31.3688
 66.9403
 44.7214
 30.7083
 47.0213
 62.2896
 50.892
 31.273
 0
 0
 49.1325
 33.541
 49.5076
 49.1528
 59.3717
 32.2025
 49.1427
 57.576
 64.1483
 31.3209
 47.4236
 61.6847
 64.6684
 30.7246
 43.0929
 66.0681
 42.0476
 29.5635
 56.0625
 46.5403
 32.187
 57.7841
 62.4179
 28.775
 51.264
 65.5362
 28.688
 47.0319
 66.0681
 55.1815
 63.7574
 48.7134
 60.1747
 43.3128
 62.0403
 65.6354
 45.8585
 68.913
 46.4758
 68.0294
 42.6966
 51.4879
 47.9062
 56.5243
 66.4379
 70.0214
 50.5668
 67.8012
 67.7791
 62.7455
 53.0377
 47.7179
 50.5371
 44.1248
 64.7765
 64.5833
 68.0147
 48.5901
 70.4982
 66.6408
 42.8135
 55.3895
 57.0526
 54.8817
 69.217
 46.3249
 70.739
 67.7348
 69.5629
 63.8592
 48.6724
 55.5158
 56.6833
 56.6833
 67.4537
 70.8731
 59.3212
 70.5549
 45.9021
 69.4622
 43.4741
 49.3457
 52.8772
 69.3758
 52.8015
 47.9792
 69.4262
 66.9328
 78.1473
 63.0635
 50.4579
 42.4735
 60.8851
 45.111
 69.2532
 61.8547
 69.4838
 72.1318
 47.3075
 47.3075
 45.1996
 45.1996
 60.2495
 71.0282
 52.7636
 69.7352
 70.7248
 68.6586
 51.6236
 56.0446
 50.5371
 50.01
 59.6154
 64.1716
 69.3974
 71.9861
 47.2335
 48.3011
 71.7844
 71.7844
 43.4971
 43.4971
 49.97
 49.97
 69.2387
 71.5192
 70.8167
 66.1362
 49.7695
 61.1964
 55.6866
 53.8516
 63.3246
 64.9692
 71.0634
 71.0634
 69.8427
 67.7569
 54.231
 51.2933
 45.1664
 45.1664
 49.3255
 49.3255
 66.888
 66.888
 71.2811
 60.4814
 53
 66.6858
 56.1516
 48.6826
 67.9043
 63.0635
 72.1041
 70.1712
 68.7895
 62.8092
 53.9259
 43.7379
 57.5587
 62.6897
 46.7226
 46.7226
 62.0161
 62.0161
 68.4324
 55.6866
 65.6658
 65.6658
 58.3181
 49.163
 76.5963
 57.0614
 57.0614
 64.4127
 61.9919
 48.734
 59.6657
 70.3847
 68.5274
 72.5328
 48.6621
 55.1906
 66
 66
 66.9851
 66.9851
 56.285
 68.9928
 68.9928
 63.9218
 67.0522
 67.0522
 51.1566
 51.1566
 51.1566
