 41.2432
 24.5561
 28.8964
 31.9531
 42.4617
 35.1568
 38.1314
 32.7567
 38.1314
 38.1314
 39.3827
 44.2832
 39.2938
 38.5876
 30.315
 34.7419
 42.5323
 33.5559
 28.9137
 37.7359
 33.0454
 42.3674
 43.1393
 35
 37.8682
 42.9185
 40.939
 37.1349
 35.5106
 40.4351
 39.6863
 43.7493
 40.7185
 41.5572
 41.5692
 42.0476
 41.7493
 37.081
 42.6263
 42.7551
 36.2629
 40.7063
 40.2244
 43.2088
 42.0951
 44.7772
 48.0833
 43.7607
 47.2546
 39.6989
 42.1426
 43.1856
 42.0476
 43.9431
 43.7035
 47.8121
 44.7884
 43.1741
 48.7237
 33.8969
 52.259
 46.0109
 47.0532
 44.7549
 47.2652
 40.8656
 48.2908
 48.1768
 37.8286
 41.4729
 45.1774
 45.8585
 41.328
 47.2864
 47.9583
 49.1019
 51.342
 37.4166
 54.0833
 54.0833
 56.0714
 50.5866
 43.7721
 45.0888
 49.548
 53.5164
 42.0595
 39.3192
 54.5894
 45.5741
 47.8853
 48.1664
 44.2945
 44.2945
 47.9166
 49.5379
 49.5379
 52.3068
 56.6657
 49.2341
 49.2341
 40.0999
 40.0999
 56.6392
 63.0555
 36.756
 57.2626
 57.2626
 58.7452
 52.8772
 49.5177
 47.2969
 64.3584
 56.7186
 47.8957
 63.3877
 43.4051
 57.3672
 48.2183
 48.2183
 39.3065
 39.3065
 57.1752
 63.8671
 59.2284
 56.2494
 46.8402
 53.066
 65.7799
 44.911
 45.9021
 62.2254
 62.2254
 59.9333
 59.9333
 59.9333
 51.3323
 62.6179
 59.127
 54.7905
 54.4702
 65.123
 49.1121
 55.3263
 49.558
 55.263
 61.0901
 58.2495
 52.1536
 61.0246
 53.7773
 78.848
 57.3847
 62.6099
 57.5674
 51.7494
 51.7494
 54.6443
 48.1144
 56.7362
 56.7362
 64.4438
 64.4438
 45.6399
 67.1416
 60.8276
 54.7631
 44.8665
 64.3195
 59.975
 54.7905
 53.2353
 59.4811
 51.6914
 55.1815
 55.1815
 52.792
 50.07
 55.2721
 59.0931
 59.0931
 50.636
 63.4508
 61.0819
 62.57
 62.57
 67.2756
 49.9199
 58.1378
 55.9732
 55.9732
 54.7631
 54.2402
 64.6993
 60.2661
 60.2661
 60.2661
 51.342
 64.4903
 55.0636
 53.2729
 60.7536
 66.0984
 52.4595
 52.4595
 53.647
 52.8583
 73.8512
 56.8155
 48.9183
 51.3712
 74.8799
 58.2065
 47.7912
 69.7567
 52.1536
 64.3195
 69.5198
 55.6237
 52.3068
 60.3573
 53.7401
 56.3738
 60.05
 55.2087
 66.9029
 57.7495
 61.7171
 61.327
 66.1287
 68.7023
 55.6058
 51.449
 54.8179
 69.1665
 53.9166
 34.0147
 64.7148
 55.7584
 57.0964
 32.2645
 64.0781
 58.5491
 69.0941
 34.8855
 71.7287
 54.827
 59.2621
 35
 74.8064
 48.6518
 34.8568
 53.1977
 70.9154
 57.1314
 36.1248
 36.1248
 65.4141
 54.8999
 39.5348
 49.8899
 57.1664
 66.0379
 37.6962
 49.3761
 64.3273
 67.9632
 34.7994
 49.5883
 68.9202
 72.111
 33.6155
 44.0568
 73.5051
 49.6185
 36.1248
 61.9597
 53.2071
 35.7771
 64.0937
 68.2715
 35.171
 58.6686
 73.4711
 35.4401
 53.619
 76.5049
 61.4248
 73.6478
 54.9636
 69.5054
 53.1319
 68.7095
 70.7672
 55.4617
 75.591
 56.5243
 75.4453
 53.9907
 58.0172
 55.0091
 64.6142
 73.7428
 77.6402
 55.6776
 77.4919
 74.7797
 72.3118
 61.563
 56.6569
 59.0931
 52.2685
 69.8785
 71.2671
 76.6681
 55.6776
 78.2815
 77.1038
 49.8598
 62.57
 64.4515
 63.3561
 77.8332
 54.827
 81.0864
 74.9266
 82.807
 72.6567
 57.4021
 65.8179
 63.4744
 63.4744
 73.6139
 76.7984
 67.8086
 78.3262
 56.5332
 78.0577
 54.8088
 57.7927
 62.7615
 77.1362
 60.2246
 58.9152
 77.4984
 76.7659
 85.9186
 73.13
 59.2621
 51.7204
 68.8259
 53.591
 76.0197
 68.6804
 77.6402
 80.1873
 56.5243
 56.5243
 55.857
 55.857
 68.6003
 78.0064
 59.1101
 77.3822
 77.6788
 77.666
 60.1914
 65.1844
 60.2993
 58.2924
 66.106
 70.8943
 77.7367
 82.6075
 56.0714
 57.4021
 83.1445
 83.1445
 55
 55
 59.4054
 59.4054
 76.818
 79.0759
 78.7782
 76.5898
 56.9122
 72.7186
 63.4035
 62.0161
 69.491
 72.208
 77.8267
 77.8267
 78.2304
 75.9078
 62.3458
 59.4895
 53.3948
 53.3948
 56.5774
 56.5774
 73
 73
 81.5598
 71.2531
 60.9098
 77.3757
 62.9603
 57.5674
 74.1822
 70.7248
 78.905
 76.2168
 76.4526
 71.2741
 62.0081
 50.9117
 63.7887
 69.6276
 56.7362
 56.7362
 69.4622
 69.4622
 77.4338
 62.57
 75.8156
 75.8156
 64.1327
 59.0339
 100.09
 64.3428
 64.3428
 71.4213
 71.0493
 57.1927
 68.4763
 77.1038
 75.591
 82.0122
 56.8243
 63.435
 72.4224
 72.4224
 74.263
 74.263
 63.6789
 74.5185
 74.5185
 72.1665
 76.6551
 76.6551
 66.8506
 66.8506
 66.8506
