 492.005
 25.3377
 25.3377
 35.2136
 44.9889
 36.8646
 36.8646
 36.5377
 37.2156
 37.2156
 39.3192
 40.4228
 38.1838
 40.4104
 35.9861
 36.1386
 41.9047
 37.51
 34.8281
 40.6817
 37.47
 44.3621
 45.4092
 36.8782
 40.4228
 45.4423
 40.4228
 39.2301
 38.833
 39.6485
 41.0244
 41.821
 41.1947
 43.6807
 42.8952
 44.833
 46.422
 41.1461
 46.3789
 43.7264
 41.0974
 42.6028
 41.9643
 44.8553
 42.5793
 48.6724
 49.2849
 47.8226
 47.8957
 42.8602
 46.5296
 42.5676
 46.9574
 48.7134
 45.8585
 48.9183
 50.4083
 46.9681
 53.3104
 37.47
 54.9818
 47.8121
 48.6415
 48
 49.6588
 42.45
 50.5569
 51.5267
 39.3573
 42.8252
 45.9239
 46.1519
 42.19
 47.9062
 48.7647
 49.4773
 53.9259
 40.8534
 56.4801
 56.4801
 58.66
 53.5257
 48.7134
 48.4458
 55.7763
 59.1439
 44.6766
 42.6146
 58.8812
 49.548
 50.636
 49.548
 43.795
 43.795
 50.3984
 53.0943
 53.0943
 53.2916
 57.4282
 47.8226
 0
 42.6732
 42.6732
 59.1185
 64.0703
 40.8534
 60.1831
 60.1831
 57.5065
 55.3986
 54.754
 50.5668
 65.1767
 62.9762
 62.9762
 63.4902
 45.4533
 62.514
 49.5883
 0
 42.2847
 42.2847
 42.2847
 64.0156
 59.2199
 56.921
 49.2849
 49.2849
 67.3276
 48.0625
 49.6991
 62.7455
 62.7455
 60.8687
 60.8687
 60.8687
 56.7891
 63.4744
 60.9098
 60.9098
 60.9098
 60.9098
 49.3862
 49.3862
 51.7397
 55.6147
 62.562
 62.562
 52.6403
 63.9062
 63.9062
 78.7655
 78.7655
 67.2235
 58.8982
 53.1507
 53.1507
 54.3047
 50.3587
 57.4717
 57.4717
 66.8805
 66.8805
 47.4763
 71.2671
 71.2671
 57.8792
 47.8644
 67.1789
 60.9672
 53.9073
 54.1018
 60.2329
 54.4334
 56.7979
 56.7979
 52.3259
 52.0096
 56.8331
 59.127
 59.127
 51.5849
 63.7652
 61.8628
 63.7181
 63.7181
 67.7643
 53.4228
 59.5231
 52.3163
 52.3163
 57.3934
 55.4617
 66.0303
 61.9516
 61.9516
 61.9516
 52.0481
 64.4438
 55.6687
 58.4038
 61.5955
 67.5204
 56.5243
 56.5243
 56.3205
 55.8838
 74.3572
 59.3043
 49.4166
 56.0625
 75.5712
 59.2199
 49.1732
 69.2965
 56.7539
 67.0075
 68.7241
 57.3847
 55.2811
 60.075
 54.2586
 59.1777
 61.7009
 55.6956
 68.0515
 59.4138
 67.3944
 60.959
 66.0833
 69.9142
 56.7098
 51.4101
 58.7026
 70.4486
 54.4977
 54.4977
 65.0308
 56.5951
 57.0438
 57.0438
 64.3584
 64.3584
 70.2353
 70.2353
 73.4847
 55.3173
 57.7841
 57.7841
 76.5441
 47.8853
 47.8853
 51.9038
 70.7319
 58.2323
 58.2323
 58.2323
 63.9609
 57.3934
 57.3934
 49.6185
 56.2761
 67.2309
 67.2309
 49.2849
 65.4828
 72.2634
 72.2634
 49.1223
 69.5054
 74.2563
 74.2563
 44.0454
 75.5844
 50.2195
 50.2195
 63.1823
 54.0648
 54.0648
 65.1844
 71.0774
 71.0774
 56.9649
 77.0909
 77.0909
 52.7826
 78.3582
 62.5779
 74.2832
 55.7494
 69.3542
 54.3047
 70.0428
 72.6498
 55.9375
 75.9671
 57.8619
 74.8532
 54.8999
 58.6856
 56.9298
 64.8537
 75.8419
 78.613
 56.648
 77.4016
 77.5693
 71.0845
 62
 55.2178
 60.3241
 52.0288
 72.8629
 72.5603
 77.7239
 56.4801
 79.2338
 76.0329
 51.8556
 62.2174
 67.3053
 61.8385
 80.6288
 53.3104
 81.9939
 75.6307
 82.5167
 71.631
 59.3127
 64.3273
 65.8331
 65.8331
 75.8815
 79.5927
 70.0286
 79.3158
 57.9828
 77.8075
 55.857
 57.7148
 64.5601
 78.6193
 60.0999
 57.3585
 79.1707
 76.518
 85.1528
 70.9718
 60.9016
 50.1099
 69.6994
 52.4881
 77.0973
 69.8284
 79.3221
 80.0062
 58.7707
 58.7707
 56.4712
 56.4712
 69.9285
 79.4607
 59.3127
 78.7401
 79.4858
 78.2176
 60
 64.1327
 60.0417
 57.1489
 69.3109
 73.6817
 79.7684
 83.1865
 57.5152
 59.9917
 82.9638
 82.9638
 55.6237
 55.6237
 61.3433
 61.3433
 78.4156
 79.4921
 80.1187
 76.6029
 57.3236
 71.1477
 63.9062
 62.5939
 71.9236
 73.1642
 79.9187
 79.9187
 79.643
 75.6439
 61.7819
 60.8523
 53.9259
 53.9259
 59.2959
 59.2959
 76.2955
 76.2955
 83.2166
 72.519
 61.7495
 76.0197
 66.453
 57.376
 76.9545
 71.7774
 80.1187
 79.2528
 76.7333
 72.3878
 61.7252
 53.1507
 65.9318
 71.8749
 57.8014
 57.8014
 72.3049
 72.3049
 78.8733
 63.0397
 76.7659
 76.7659
 65.9848
 57.8014
 100.225
 65.8483
 65.8483
 72.1803
 70.5762
 57.4021
 71.0563
 78.7464
 76.922
 81.1419
 57.3498
 65.6201
 75.6571
 75.6571
 73.9256
 73.9256
 65
 76.5572
 76.5572
 73.3485
 77.1233
 77.1233
 67.2533
 67.2533
 67.2533
