 43.2204
 28.4605
 35.6371
 32.6037
 38.6264
 34.2345
 34.2345
 33.0908
 33.8674
 33.8674
 36.973
 35.1852
 35.6511
 37.4032
 35.0428
 34.8999
 39.9625
 35.7351
 35.1283
 39.4081
 36.5787
 42.1189
 40.6694
 35.6651
 38.4578
 39.281
 38.7685
 38.6135
 35.2136
 41.509
 40.0749
 40.4599
 36.9459
 40.8534
 41.8569
 41.7133
 45.1996
 39.8999
 45.1664
 42.4264
 39.95
 40.8779
 41.6773
 43.4511
 41.1096
 46.9681
 47.2229
 41.3038
 46.3141
 41.4005
 41.7253
 40.8901
 47.2017
 47.3603
 44.4185
 46.2061
 48.1768
 44.2832
 51.2933
 37.51
 51.6236
 44.3396
 47.4447
 46.1411
 49.8598
 37.7757
 50.5866
 49.7795
 33.9411
 41.9166
 39.4715
 44.0568
 39.9875
 46.9681
 48.5798
 47.7703
 52.8867
 38.8973
 55.1815
 55.1815
 54.7723
 47.244
 45.8912
 42.8719
 56.0803
 57.7062
 40.3856
 36.3456
 57.3585
 47.8435
 44.4972
 47.4342
 42.1545
 42.1545
 49.7494
 52.7067
 52.7067
 52.1824
 47.592
 41.2916
 0
 40.2492
 40.2492
 57.2975
 56.0714
 37.5233
 55.6866
 55.6866
 49.3052
 49.5379
 51
 44.0454
 58.1206
 61.563
 39.724
 56.6039
 37.9473
 59.1354
 41.7493
 41.7493
 36.4417
 36.4417
 49.4469
 57.3324
 53.591
 52.1153
 41.7732
 41.9881
 56.8155
 41.0366
 46.2061
 54.1018
 54.1018
 55.3986
 55.3986
 55.3986
 56.107
 57.0438
 58.8388
 48.0729
 44.9222
 56.2761
 49.6286
 47.7179
 42.6497
 46.9574
 60.564
 50.6754
 46.1628
 59.0847
 45.6618
 70.4344
 50.8134
 59.6322
 53.9259
 44.3847
 44.3847
 48.9387
 43.1741
 49.548
 49.548
 61.8708
 61.8708
 40.398
 63.1902
 51.342
 47.8644
 41.0609
 60.8194
 52.1153
 48.0312
 46.5725
 53
 47.7912
 46.9574
 46.9574
 43.8178
 45.3652
 47.8853
 52.8961
 52.8961
 45.0222
 56.6569
 53.8609
 60.0666
 60.0666
 59.397
 48.6724
 51.2933
 42.0357
 42.0357
 51.8556
 49.4267
 59.5315
 52.2015
 52.2015
 52.2015
 45.7384
 56.6745
 47.8226
 54.4151
 56.1605
 59.2537
 46.1086
 46.1086
 48.4562
 53.591
 65.3299
 50.4183
 41.2432
 53.8516
 64.7843
 51.342
 41.6893
 59.2368
 52.3068
 58.1292
 59.9833
 52.8772
 46.9148
 50.4381
 46.0217
 55.1543
 55.2901
 47.7808
 62.153
 53.1037
 62.57
 52.2207
 57.8705
 64.1483
 53.1977
 43.5546
 52.1057
 63.8514
 47.5184
 29.6311
 57.4369
 50.7937
 51.303
 29.7321
 58.8048
 55.0545
 64.0781
 29.5466
 67.0746
 49.4267
 49.224
 31.3847
 67.7422
 40.2865
 30.4959
 30.4959
 61.7333
 49.6588
 32.1403
 32.1403
 56.3028
 46.9787
 33.9411
 49.1528
 47.3181
 59.6406
 32.1559
 49.295
 58.8218
 65.5515
 31.8434
 45.5961
 62.0645
 67.4759
 29.7153
 43.1625
 66.1891
 44.2493
 29.6311
 56.6392
 48.3322
 32.1403
 56.9298
 64.304
 29.7658
 48.1041
 68.4763
 29.0172
 44.2606
 67.587
 53.8795
 63.5295
 49.1732
 58.8558
 43.4741
 63.3877
 67.3424
 46.0652
 70.0143
 47.1063
 67.7717
 43.0697
 51.3712
 49.2341
 55.6776
 68.6804
 72.5465
 47.55
 69.1954
 67.6166
 62.6259
 51.3128
 47.7808
 50.1697
 43.4856
 65.9848
 65.7875
 70.406
 50.5767
 71.1688
 66.106
 45.5082
 55.5968
 59.1101
 52.5452
 72.0278
 43.852
 73.4234
 67.3573
 70.6824
 62.145
 48.4458
 55.0091
 56.9122
 56.9122
 69.4838
 72.5948
 60.291
 72.0139
 47.5605
 69.6348
 44.1135
 50.4183
 55.2268
 72.5121
 52.3259
 45.3652
 71.5052
 68.2495
 72.7118
 62.1932
 49.8598
 41.7971
 59.9416
 43.6578
 70.9577
 63.293
 71.6798
 72.4638
 49.7795
 49.7795
 45.0111
 45.0111
 60.6795
 72.7942
 50.892
 70.7602
 72.5741
 69.9428
 50.448
 54.8179
 50.6952
 48.1975
 60.0833
 66.3023
 70.3918
 73.13
 47
 50.5569
 71.2881
 71.2881
 44.1701
 44.1701
 51.4587
 51.4587
 70.5195
 72.6017
 72.8148
 68.4471
 48.8262
 61.7738
 56.5774
 55.3986
 65.215
 66.8506
 73.0958
 73.0958
 71.0634
 67.4018
 54.7449
 52.5071
 45.1553
 45.1553
 52.1728
 52.1728
 68.8041
 68.8041
 73.1574
 61.7657
 52.5833
 66.9029
 58.3781
 50.1298
 70.3989
 65.3988
 73.212
 72.4914
 69.814
 63.773
 54.8635
 45.9021
 59.2706
 63.6003
 48.621
 48.621
 63.0159
 63.0159
 70.2282
 56.3915
 67.9412
 67.9412
 60.7371
 49.5076
 77.4209
 59.925
 59.925
 65.9848
 60.9918
 48.8262
 60.2329
 71.3793
 69.8069
 72.1526
 49.1427
 56.701
 67.4537
 67.4537
 67.7348
 67.7348
 57.55
 70.5479
 70.5479
 62.6099
 65.4523
 65.4523
 52.1249
 52.1249
 52.1249
