 492.005
 20.025
 20.9284
 19.5959
 19.5959
 26.6083
 26.6083
 50.4083
 36.0416
 36.0416
 42.19
 21.166
 21.166
 44.5084
 44.5084
 12.9615
 39.3827
 17.5499
 9
 16.5529
 16.5529
 23.8537
 29.5804
 29.5804
 35.2704
 30.282
 30.282
 21
 21
 21
 24.5561
 36.2905
 42.6263
 24.0832
 23.6008
 22.1359
 26.1343
 16.1864
 25.2982
 32.5423
 24.8193
 38.5357
 28.1069
 24.7184
 41.9047
 31.4802
 25.632
 33.2866
 35.4401
 42.5323
 24.0832
 45.4973
 29.6479
 33.0606
 42.3556
 27.9464
 29.5635
 22.7596
 30.3315
 15.5885
 35.9583
 39.8121
 39.8121
 42.3438
 34.7275
 31.8591
 29.6311
 34.5109
 25.2587
 37.6165
 44.5646
 49.1427
 23.6643
 44.5758
 33.9559
 32.3728
 34.2929
 17.5214
 33.0303
 33.0303
 36.3318
 45.9347
 45.9347
 45.607
 31.4006
 31.8904
 36.4966
 28.931
 37.855
 44.4522
 49.0102
 44.6766
 46.7226
 0
 43.9318
 43.9318
 43.9318
 36.2353
 46.7974
 39.2938
 0
 37.9342
 37.9342
 32.5883
 32.5883
 12.9228
 38.1969
 38.1969
 49.5076
 48.1768
 49.4672
 47.7179
 41.7971
 41.7971
 40.694
 41.2916
 41.2916
 35.6651
 40.8901
 0
 31.4484
 31.4484
 37.9078
 46.2169
 40.2368
 52.4786
 47.4131
 33.9264
 56.2672
 43.1625
 30.7571
 53.3667
 53.3667
 48.949
 48.949
 48.949
 40.1746
 39.7115
 34.7851
 46.0652
 35.6791
 41.3884
 41.7852
 37.3363
 43.3128
 46.8615
 36.9459
 34.176
 22.6495
 36.647
 34.8568
 71.0634
 35.5949
 54.827
 47.8017
 45.3211
 45.3211
 32.249
 44.6766
 49.7192
 49.7192
 56.6304
 56.6304
 41.2068
 38.7169
 40.9145
 48.5798
 29.3939
 45.8803
 52.5928
 34.5543
 29.7153
 50.636
 39.3319
 48.0833
 0
 46.2817
 26.4197
 47.613
 43.4511
 43.4511
 25.6905
 49.366
 54.0925
 45.111
 45.111
 41.5572
 22.8035
 50.892
 37.1214
 37.1214
 31.5119
 26.9258
 38.3667
 53.2729
 53.2729
 53.2729
 18.5742
 46.2277
 47.0319
 27.037
 56.4181
 49.8498
 47.2229
 47.2229
 48.6415
 31.3688
 43.6348
 51.614
 40.0999
 35.7071
 41.3884
 51.264
 34.2783
 48.6724
 35.8608
 56.4712
 61.9112
 38.8844
 38.1182
 52.6118
 45.5851
 38.4448
 53.3667
 48.3632
 53.6843
 40.9145
 40.9145
 52.3259
 35.8329
 41.7852
 40.2989
 43.6921
 40.2616
 40.5956
 21.3307
 22.8692
 47.0638
 48.6724
 41.7852
 20.9284
 61.1065
 43.9204
 60.8769
 22.0227
 22.0227
 53.1789
 42.4382
 23.8328
 40.1871
 37.7094
 23.0217
 40.5093
 49.7494
 35.6511
 24.4336
 0
 0
 37.7492
 29.5127
 44.3734
 51.3615
 59.3212
 24.8998
 44.4972
 48.7237
 48.7237
 24.98
 24.98
 38.5616
 39.9249
 20.4695
 20.4695
 44.5084
 21.4942
 22.8254
 52.144
 46.0543
 25.6905
 59.6238
 59.6238
 23.388
 52.8678
 59.0424
 22.8254
 38.8587
 41.2795
 38.2884
 53.6563
 34.4093
 65.5744
 46.2709
 46.2709
 46.2709
 45.8585
 40.9023
 23.1301
 49.7795
 23.8537
 48.6415
 48.6415
 60.0583
 60.0583
 45.8585
 53.0754
 42.1545
 45.8803
 56.1605
 37.8946
 53.7773
 47.0106
 41.8688
 41.8688
 49.1732
 42.5911
 22.1585
 44.5421
 53.3854
 26.5895
 53.7401
 53.7401
 61.1882
 61.1882
 51.4781
 50.6162
 43.7836
 48.949
 58.5918
 39.8748
 61.2046
 56.7715
 56.7715
 45.9783
 42.0119
 52.8488
 48.0937
 26.7769
 65.9848
 26.9629
 52.1632
 52.1632
 52.1632
 57.8533
 45.0888
 44.8665
 46.7333
 73.3757
 60.0583
 34.2345
 48.9796
 48.9796
 44.2606
 46.594
 47.4025
 41.7493
 53.1601
 22.561
 22.561
 29.5635
 29.5635
 29.5635
 29.5635
 55.6147
 49.2138
 49.7695
 48.5592
 41.1704
 50.1199
 50.1199
 59.0593
 59.0593
 61.7252
 61.7252
 45.1664
 40.5463
 27.258
 56.356
 56.356
 29.8998
 29.8998
 46.9361
 46.9361
 46.9361
 70.7531
 53.6283
 41.7253
 47.9062
 53.5257
 53.5257
 54.4426
 54.4426
 63.6632
 63.6632
 63.6632
 48.1871
 55.2268
 47.8226
 51.449
 28.6705
 28.6705
 28.6705
 28.6705
 28.6705
 28.6705
 28.6705
 39.1152
 38.1707
 56.356
 48.3115
 56
 56
 65.215
 65.215
 66.8805
 66.8805
 49.9099
 44.238
 20.0499
 55.8301
 63.0397
 32.9242
 32.9242
 32.9242
 32.9242
 32.9242
 34.3657
 42.4853
 42.4853
 42.4853
 49.1427
 49.1427
 57.9051
 57.9051
 47.2229
 39.6485
 34.3657
 54.8999
 62.8411
 62.8411
 56.116
 38.5487
 58.6174
 62.7057
 62.7057
 62.7057
 62.7057
 41.8569
 54.4426
 54.4426
 23.5372
 55.6687
 55.6687
 60.0083
 60.0083
 60.0083
