 0
 3.87298
 13.8564
 13.8564
 13.8564
 13.8564
 0
 0
 0
 0
 0
 0
 0
 0
 0
 0
 6.16441
 6.16441
 6.16441
 6.16441
 6.16441
 6.16441
 6.16441
 6.16441
 6.16441
 6.16441
 6.16441
 6.16441
 6.16441
 1.73205
 1.73205
 6
 6
 6
 6
 6
 6
 6
 6
 6
 6
 6.9282
 6.9282
 6.9282
 5.19615
 5.19615
 5.19615
 6.08276
 5.09902
 5.09902
 5.09902
 5.09902
 5.09902
 5.09902
 5.09902
 5.19615
 5.19615
 6.16441
 6.16441
 6.08276
 6.08276
 6.08276
 6.08276
 6.85565
 6.85565
 6.32456
 6.32456
 6.32456
 6.48074
 6.08276
 6.08276
 5.19615
 5.19615
 5.2915
 5.2915
 5.2915
 5.2915
 2.64575
 2.64575
 0
 0
 6.08276
 6.08276
 7.07107
 7.07107
 7.07107
 4.89898
 7.28011
 7.28011
 7.28011
 5.2915
 4.24264
 4.24264
 7.74597
 4.3589
 4.3589
 11.2694
 3
 8.66025
 8.66025
 8.66025
 8.66025
 8.42615
 8.42615
 7.81025
 7.81025
 7.81025
 10.583
 9.27362
 6.08276
 6.08276
 6.55744
 9.32738
 9.32738
 8
 10.0499
 6.16441
 6.16441
 10.0995
 8.60233
 4.58258
 7.81025
 11.7047
 11.7047
 7.81025
 6
 6
 12.0416
 10.0995
 10.0995
 4.24264
 7.81025
 9.84886
 6.08276
 8.18535
 9.38083
 9.38083
 6.16441
 6.16441
 10.0499
 8.88819
 11.3578
 1.73205
 10.3923
 8.66025
 7
 7
 10.198
 11.2694
 11.2694
 10.3923
 8
 9.05539
 9.05539
 5.19615
 9.27362
 8.24621
 8.24621
 8.24621
 8.88819
 8.544
 8.544
 7
 7
 7
 9.84886
 6.9282
 6.32456
 10.3441
 7.74597
 8.18535
 9.21954
 10.6771
 10.6771
 8.12404
 8.12404
 7.81025
 8.24621
 8.66025
 7.07107
 10.4881
 9.79796
 8.83176
 8.60233
 5.19615
 10.4403
 10.4403
 8.18535
 7.87401
 7.87401
 9.8995
 8.48528
 8.48528
 8.48528
 9.84886
 11.3137
 7.14143
 7.07107
 7.07107
 7.87401
 8.83176
 8.83176
 8.83176
 8.66025
 10.198
 4.69042
 7.07107
 7.07107
 7.34847
 7.34847
 7.34847
 10.3923
 7.07107
 5.09902
 11.2694
 11.2694
 10
 10
 7.34847
 6.245
 8
 8
 8
 6.32456
 8.544
 7.81025
 7.81025
 7.81025
 8
 8.83176
 8.83176
 8.83176
 7.34847
 7.34847
 7.34847
 8.66025
 6.32456
 6.32456
 6.32456
 7.93725
 8.66025
 6.9282
 6.9282
 6.9282
 7.48331
 7.74597
 6.55744
 8.24621
 8.66025
 9.53939
 9.48683
 8.60233
 6.48074
 6.48074
 7.81025
 7.93725
 7.93725
 7.93725
 7.81025
 9.16515
 9.16515
 9.16515
 9.16515
 9.11043
 9.11043
 9.11043
 9.11043
 8.544
 8.544
 9.64365
 9.64365
 9.79796
 9.79796
 9.79796
 11.225
 7.34847
 8.66025
 8.66025
 9.21954
 10.3923
 10.3923
 9.21954
 6.9282
 6.9282
 9.21954
 7.2111
 12.1244
 7.81025
 11.225
 8.18535
 8.18535
 8.18535
 7
 6.9282
 6.9282
 6.9282
 6.9282
 6.9282
 9.84886
 8.18535
 8.18535
 9.27362
 9.27362
 9.27362
 8.77496
 11.3578
 11.3578
 11.3578
 10.0995
 10.0995
 9.64365
 9.64365
 7.81025
 7.81025
 7.81025
 7.81025
 9.53939
 9.53939
 9.32738
 9.32738
 9.32738
 7.4162
 7.4162
 7.4162
 7.4162
 8
 12.1655
 12.1655
 9.69536
 9.69536
 11.225
 11.225
 8.77496
 8.77496
 9.53939
 9.53939
 9.53939
 9.69536
 9.69536
 9.69536
 9.69536
 9.69536
 9.69536
 9.69536
 9.69536
 9.69536
 9.69536
 9.69536
 9.69536
 9.69536
 9.69536
 9.69536
 9.69536
 9.69536
 10.6771
 10.6771
 10.6771
 8.83176
 8.83176
 8.66025
 8.66025
 8.66025
 8.12404
 8.12404
 8.12404
 8.12404
 8.12404
 8.12404
 8.12404
 8.12404
 8.12404
 8.12404
 8.12404
 8.12404
 8.12404
 8.12404
 8.12404
 10.4403
 10.4403
 8.66025
 8.66025
 8.544
 8.544
 8.544
 8.544
 8.544
 8.544
 8.544
 8.544
 8.544
 8.544
 8.544
 8.544
 8.544
 8.544
 8.544
 8.544
 9.84886
 9.84886
 9.84886
 9.84886
 12.3288
 12.3288
 11.6189
 11.6189
 11.6189
 9.69536
 9.69536
 10.3923
 10.3923
 10.3923
 10.3923
 10.3923
 10.3923
 10.3923
 10.3923
 9
 9
 11.225
 11.2694
 11.2694
 11.5758
 11.5758
 12.53
 12.53
 13.1909
 13.1909
 13.1909
 7.81025
 7.81025
 7.81025
 7.81025
 7.81025
 7.81025
 7.81025
 7.81025
 7.81025
 7.81025
 7.81025
 7.81025
 7.81025
 7.81025
 7.81025
 7.81025
 7.81025
 7.81025
 7.81025
 7.81025
 7.81025
 7.81025
 7.81025
 0
 7.68115
 7.68115
 0
