 456.414
 5.19615
 5.19615
 5.19615
 5.19615
 5.19615
 5.19615
 5.19615
 5.19615
 5.19615
 5.19615
 5.19615
 5.19615
 5.19615
 5.19615
 5.19615
 0
 0
 0
 0
 0
 0
 0
 0
 0
 0
 0
 0
 0
 0
 0
 0
 0
 0
 0
 0
 0
 0
 0
 0
 0
 3.74166
 3.74166
 3.74166
 1.73205
 5.09902
 5.09902
 5.2915
 2.23607
 2.23607
 2.23607
 2.23607
 2.23607
 2.23607
 2.23607
 1.73205
 1.73205
 5.65685
 5.65685
 4.3589
 4.3589
 4.3589
 4.3589
 4.24264
 4.24264
 4.24264
 4.24264
 4.24264
 5.09902
 3
 3
 2.64575
 2.64575
 1.73205
 1.73205
 1.73205
 1.73205
 5.09902
 5.09902
 3.4641
 3.4641
 1.41421
 1.41421
 3
 3
 3
 4.69042
 5.09902
 5.09902
 5.09902
 4.12311
 0
 0
 3.31662
 4.58258
 4.58258
 0
 1.73205
 5.19615
 5.19615
 5.19615
 5.19615
 1.73205
 1.73205
 7.81025
 7.81025
 7.81025
 5.09902
 3.31662
 1.41421
 1.41421
 3.4641
 4.24264
 4.24264
 6
 6
 3.31662
 3.31662
 3
 1.41421
 6
 6
 6.85565
 6.85565
 6
 0
 0
 5.19615
 1.73205
 1.73205
 4.12311
 5.19615
 6.85565
 5.09902
 1.73205
 6.08276
 6.08276
 4.24264
 4.24264
 4.3589
 6
 6.85565
 0
 6.08276
 5.09902
 3.4641
 3.4641
 5.19615
 3.4641
 3.4641
 6.245
 2.44949
 5.09902
 5.09902
 1.73205
 0
 5.19615
 5.19615
 5.19615
 2.44949
 6.85565
 6.85565
 5.19615
 5.19615
 5.19615
 6.9282
 5.09902
 6.16441
 4.12311
 1.73205
 6.08276
 6.85565
 3.74166
 3.74166
 2.44949
 4.24264
 2.44949
 6.08276
 1.41421
 6
 1.73205
 6.08276
 1.41421
 1.73205
 1.41421
 1.73205
 1.73205
 6.08276
 3.4641
 3.4641
 4.24264
 5.74456
 5.74456
 5.74456
 0
 3.4641
 5.09902
 3.4641
 3.4641
 2.44949
 4.24264
 4.24264
 4.24264
 1.73205
 4.24264
 1.73205
 3.74166
 3.74166
 4.47214
 4.47214
 4.47214
 0
 3.4641
 2.44949
 1.73205
 1.73205
 1.41421
 1.41421
 1.73205
 3.31662
 1.41421
 1.41421
 1.41421
 1.41421
 0
 1.41421
 1.41421
 1.41421
 1.41421
 1.73205
 1.73205
 1.73205
 4.24264
 4.24264
 4.24264
 5.09902
 6.16441
 6.16441
 6.16441
 0
 5.38516
 4.24264
 4.24264
 4.24264
 4.24264
 3.31662
 3.60555
 0
 6.16441
 2.44949
 7.2111
 4.24264
 3.4641
 3.4641
 5.65685
 5.47723
 1.73205
 1.73205
 4.12311
 6.48074
 6.48074
 6.48074
 6.48074
 5.19615
 5.19615
 5.19615
 5.19615
 4.12311
 4.12311
 1.41421
 1.41421
 2.82843
 2.82843
 2.82843
 1.41421
 5.19615
 3.31662
 3.31662
 6.16441
 4.58258
 4.58258
 2.82843
 2.44949
 2.44949
 2.44949
 2.44949
 4.24264
 5.65685
 4.24264
 3
 3
 3
 2.44949
 0
 0
 0
 0
 0
 0
 2.44949
 2.44949
 0
 0
 0
 4.79583
 3.4641
 3.4641
 3.4641
 3.31662
 3.31662
 1.73205
 1.73205
 5.65685
 5.65685
 5.65685
 5.65685
 0
 0
 2.44949
 2.44949
 2.44949
 0
 0
 0
 0
 1.73205
 1.73205
 1.73205
 3.87298
 3.87298
 6
 6
 1.73205
 1.73205
 5.09902
 5.09902
 5.09902
 1.73205
 1.73205
 1.73205
 1.73205
 1.73205
 1.73205
 1.73205
 1.73205
 1.73205
 1.73205
 1.73205
 1.73205
 1.73205
 1.73205
 1.73205
 1.73205
 1.73205
 4.3589
 4.3589
 4.3589
 1.73205
 1.73205
 0
 0
 0
 3.4641
 3.4641
 3.4641
 3.4641
 3.4641
 3.4641
 3.4641
 3.4641
 3.4641
 3.4641
 3.4641
 3.4641
 3.4641
 3.4641
 3.4641
 3.4641
 3.4641
 0
 0
 0
 0
 0
 0
 0
 0
 0
 0
 0
 0
 0
 0
 0
 0
 0
 0
 1.73205
 1.73205
 1.73205
 1.73205
 5.38516
 5.38516
 3.4641
 3.4641
 3.4641
 4.12311
 4.12311
 7.34847
 7.34847
 7.34847
 7.34847
 7.34847
 7.34847
 7.34847
 7.34847
 1.41421
 1.41421
 5.47723
 7.34847
 7.34847
 5.09902
 5.09902
 5.74456
 5.74456
 6
 6
 6
 1.41421
 1.41421
 1.41421
 1.41421
 1.41421
 1.41421
 1.41421
 1.41421
 1.41421
 1.41421
 1.41421
 1.41421
 1.41421
 1.41421
 1.41421
 1.41421
 1.41421
 1.41421
 1.41421
 1.41421
 1.41421
 1.41421
 1.41421
 1.41421
 13.8924
 13.8924
 13.8924
