 0
 7.74597
 20.3715
 20.3715
 20.3715
 20.3715
 0
 0
 0
 0
 0
 0
 0
 0
 0
 0
 13.2288
 13.2288
 13.2288
 13.2288
 13.2288
 13.2288
 13.2288
 13.2288
 13.2288
 13.2288
 13.2288
 13.2288
 13.2288
 14.0357
 14.0357
 11.225
 11.225
 11.225
 11.225
 11.225
 11.225
 11.225
 11.225
 11.225
 11.225
 17.0294
 17.0294
 17.0294
 13.2665
 14
 14
 13.6748
 12.2474
 12.2474
 12.2474
 12.2474
 12.2474
 12.2474
 12.2474
 13.0384
 13.0384
 15.4919
 15.4919
 14
 14
 14
 14
 15.1658
 15.1658
 14.7986
 14.7986
 14.7986
 14.7648
 17.8606
 17.8606
 15.3948
 15.3948
 17.1172
 17.1172
 17.1172
 17.1172
 13.0767
 13.0767
 6.245
 6.245
 15
 15
 16.7631
 16.7631
 16.7631
 12.083
 14.3178
 14.3178
 14.3178
 12.8062
 12.2474
 12.2474
 12.2474
 13.0384
 13.0384
 19.9249
 13.1909
 18.2209
 18.2209
 0
 0
 14.7986
 14.7986
 9.59166
 9.59166
 9.59166
 19.0788
 17.3781
 18.3576
 18.3576
 20.1494
 22.9347
 22.9347
 15.6205
 20.8567
 17.1172
 17.1172
 19.0526
 19.0526
 13.2288
 15.6844
 22.2935
 22.2935
 19.1572
 19
 19
 22.9347
 18.5472
 18.5472
 11.2694
 19.105
 23.1733
 15.5885
 14.9332
 22.6936
 22.6936
 15.9374
 15.9374
 20.0998
 23.4521
 21.8861
 10.198
 21.4942
 17.4642
 17.4069
 17.4069
 21.8403
 22.5832
 22.5832
 23.3238
 16
 18.7883
 18.7883
 17.4642
 19.7231
 22.6936
 16.7332
 16.7332
 18.1108
 21
 21
 21
 21
 21
 23.4521
 15.843
 19.3649
 18.3303
 19.7737
 21.5639
 23.6008
 19.799
 19.799
 15.3948
 19.975
 21.2368
 20.5183
 18.5742
 16.1555
 17.3781
 24.2899
 19.2614
 20.025
 17.6068
 24.2074
 24.2074
 20.7364
 16.4924
 16.4924
 21.2603
 22.4722
 22.4722
 22.4722
 19.4936
 18.2483
 19.4165
 15.748
 15.748
 17.8606
 22.4944
 22.4944
 22.4944
 17.088
 16.2481
 16.7631
 21.3776
 21.3776
 19.7484
 19.7484
 19.7484
 23.4734
 17.088
 18.2757
 25.2785
 25.2785
 20.2978
 20.2978
 19.2354
 16.4621
 17.8885
 17.8885
 17.8885
 18.2483
 17.0587
 19.8494
 19.8494
 19.8494
 20.6155
 22.5389
 22.5389
 22.5389
 16.7929
 16.7929
 16.7929
 21.7256
 16.5831
 16.5831
 16.5831
 19.975
 18.5742
 19.1833
 19.1833
 19.1833
 16.5227
 17.6918
 19.5704
 21.0476
 19.5704
 22.7596
 19.3649
 17.8885
 15.2971
 15.2971
 17.72
 16.8819
 16.8819
 16.8819
 19.3132
 19.3649
 19.3649
 19.3649
 19.3649
 16.7631
 16.7631
 16.7631
 16.7631
 18.412
 0
 23.8328
 23.8328
 18.9737
 0
 0
 24.1868
 15.2315
 21.7945
 21.7945
 19.5704
 20.1742
 20.1742
 20.025
 21.6564
 21.6564
 16.7929
 22.2935
 25.7488
 22.2486
 23.516
 21.2603
 21.2603
 21.2603
 19.105
 11.3137
 11.3137
 11.3137
 11.3137
 11.3137
 20.2978
 22
 22
 22.7816
 22.7816
 22.7816
 23.0651
 25.5343
 25.5343
 25.5343
 22.2261
 22.2261
 20.9045
 20.9045
 19.9499
 19.9499
 19.9499
 19.9499
 23.4521
 23.4521
 20.1246
 20.1246
 20.1246
 21.8174
 21.8174
 21.8174
 21.8174
 21.9773
 26.0768
 26.0768
 23.0434
 23.0434
 19.5704
 19.5704
 20.9045
 20.9045
 21.095
 21.095
 21.095
 23.7065
 23.7065
 23.7065
 23.7065
 23.7065
 23.7065
 23.7065
 23.7065
 23.7065
 23.7065
 23.7065
 23.7065
 23.7065
 23.7065
 23.7065
 23.7065
 23.7065
 25.7488
 25.7488
 25.7488
 24.4336
 24.4336
 21.1896
 21.1896
 21.1896
 20.5426
 20.5426
 20.5426
 20.5426
 20.5426
 20.5426
 20.5426
 20.5426
 20.5426
 20.5426
 20.5426
 20.5426
 20.5426
 20.5426
 20.5426
 23.7697
 23.7697
 23.8328
 23.8328
 22.3159
 22.3159
 22.3159
 22.3159
 22.3159
 22.3159
 22.3159
 22.3159
 22.3159
 0
 0
 0
 0
 0
 0
 0
 24.6982
 24.6982
 24.6982
 24.6982
 25.2982
 25.2982
 23.6432
 23.6432
 23.6432
 20.8806
 20.8806
 20.8327
 20.8327
 0
 0
 0
 0
 0
 0
 23.622
 23.622
 22.1133
 23.4094
 23.4094
 26.0384
 26.0384
 25.865
 25.865
 27.7308
 27.7308
 27.7308
 27.7308
 27.7308
 27.7308
 27.7308
 27.7308
 27.7308
 27.7308
 27.7308
 27.7308
 27.7308
 27.7308
 27.7308
 27.7308
 27.7308
 27.7308
 27.7308
 0
 0
 0
 0
 0
 0
 0
 0
 19.2614
 19.2614
 0
