 492.005
 28.3901
 33.2866
 33.2866
 33.2866
 33.2866
 33.2866
 33.2866
 33.2866
 0
 0
 0
 0
 0
 0
 0
 43.6463
 43.6463
 43.6463
 43.6463
 43.6463
 43.6463
 43.6463
 43.6463
 43.6463
 43.6463
 43.6463
 43.6463
 43.6463
 40.4969
 40.4969
 44.0454
 44.0454
 44.0454
 44.0454
 44.0454
 44.0454
 44.0454
 44.0454
 44.0454
 44.0454
 43.4166
 43.4166
 43.4166
 44.0681
 49.97
 49.97
 49.1935
 49.4368
 49.4368
 49.4368
 49.4368
 49.4368
 49.4368
 49.4368
 49.7393
 49.7393
 48.9387
 48.9387
 35.2846
 35.2846
 35.2846
 35.2846
 49.1325
 49.1325
 44.3283
 44.3283
 44.3283
 42.3438
 44.5309
 44.5309
 47.8226
 47.8226
 48.4045
 48.4045
 48.4045
 48.4045
 38.8844
 38.8844
 38.8844
 38.8844
 51.1859
 51.1859
 48.1144
 48.1144
 48.1144
 46.7974
 44.3959
 44.3959
 44.3959
 51.9423
 49.0408
 49.0408
 49.0408
 50.1797
 50.1797
 50.1797
 54.1941
 58.6856
 58.6856
 58.6856
 58.6856
 58.6856
 58.6856
 62.6259
 62.6259
 62.6259
 62.6259
 59.9583
 54.1387
 54.1387
 50.8626
 63.9766
 63.9766
 50.6656
 63
 45.8912
 45.8912
 50.2693
 50.2693
 45.0666
 45.0666
 56.5862
 56.5862
 58.7282
 55.6058
 55.6058
 53.9259
 66.1967
 66.1967
 49.7996
 63.5295
 63.5295
 60.2744
 60.2744
 60.2744
 60.2744
 63.773
 63.773
 55.9285
 54.7905
 63.4902
 49.1427
 55.6147
 50.6063
 56.1427
 56.1427
 57.3847
 55.6237
 55.6237
 54.3323
 80.3243
 56.5155
 56.5155
 56.116
 52.7257
 52.7257
 53.8052
 53.8052
 57.0526
 57.0526
 57.0526
 57.0526
 57.0526
 57.0526
 61.0737
 56.7098
 50.9902
 68.1542
 60.3407
 55.8838
 53.9166
 61.9274
 61.9274
 55.5608
 55.5608
 53.6656
 50.4381
 56.5066
 58.7026
 58.7026
 51.264
 63.4902
 61.3107
 60.8441
 60.8441
 60.8441
 50.4282
 59.6657
 59.6657
 59.6657
 57.4891
 57.4891
 57.4891
 60.407
 60.407
 60.407
 51.3323
 51.3323
 55.4166
 57.5674
 57.5674
 57.5674
 53.5164
 53.5164
 55.2449
 54.0833
 54.0833
 59.127
 59.127
 59.127
 74.0878
 58.3095
 49.7494
 70.1712
 70.1712
 66.0076
 66.0076
 56.6127
 55.6327
 58.7707
 58.7707
 58.7707
 61.0655
 55.3173
 66.9253
 66.9253
 66.9253
 61.5873
 67.1565
 67.1565
 67.1565
 52.0288
 52.0288
 52.0288
 54.0648
 35.7771
 35.7771
 35.7771
 57.9569
 36.3043
 66.5282
 66.5282
 66.5282
 35.6931
 71.4003
 57.9741
 59.5231
 38.223
 75.7562
 55.6327
 37.3497
 54.3139
 54.3139
 60.6877
 37.3631
 37.3631
 37.3631
 58.1722
 40.5339
 40.5339
 40.5339
 40.5339
 38.2361
 38.2361
 38.2361
 38.2361
 37.7094
 37.7094
 70.6187
 70.6187
 35.8608
 35.8608
 35.8608
 51.2933
 35.6931
 63.7495
 63.7495
 39.1024
 67.3498
 67.3498
 36.5924
 59.9166
 59.9166
 35.8887
 56.0089
 77.5693
 64.8845
 75.4652
 56.9561
 56.9561
 56.9561
 68.6513
 71.5891
 71.5891
 71.5891
 71.5891
 71.5891
 53.1413
 59.4979
 59.4979
 65.7647
 65.7647
 65.7647
 60.3656
 77.8203
 77.8203
 77.8203
 64.9307
 64.9307
 59.9583
 59.9583
 72.1526
 72.1526
 72.1526
 72.1526
 79.177
 79.177
 50.4876
 50.4876
 50.4876
 63.773
 63.773
 63.773
 63.773
 75.9078
 82.1401
 82.1401
 59.4222
 59.4222
 67.7348
 67.7348
 74.2967
 74.2967
 68.6731
 68.6731
 68.6731
 79.9437
 79.9437
 79.9437
 79.9437
 79.9437
 79.9437
 79.9437
 79.9437
 79.9437
 79.9437
 79.9437
 79.9437
 79.9437
 79.9437
 79.9437
 79.9437
 79.9437
 78.2624
 78.2624
 78.2624
 78.2624
 78.2624
 78.2624
 78.2624
 78.2624
 61.041
 61.041
 61.041
 61.041
 61.041
 61.041
 61.041
 61.041
 61.041
 61.041
 61.041
 61.041
 61.041
 61.041
 61.041
 61.041
 61.041
 61.041
 61.041
 61.041
 61.041
 61.041
 61.041
 61.041
 61.041
 61.041
 61.041
 61.041
 61.041
 61.041
 61.041
 61.041
 61.041
 61.041
 61.041
 61.2372
 61.2372
 61.2372
 61.2372
 61.2372
 61.2372
 61.2372
 61.2372
 61.2372
 63.8279
 63.8279
 66.8954
 66.8954
 66.8954
 66.8954
 66.8954
 66.8954
 66.8954
 66.8954
 63.0476
 63.0476
 66.9552
 73.8986
 73.8986
 73.8986
 73.8986
 73.8986
 73.8986
 68.5638
 68.5638
 68.5638
 64.6761
 64.6761
 64.6761
 64.6761
 64.6761
 64.6761
 64.6761
 64.6761
 64.6761
 64.6761
 64.6761
 64.6761
 64.6761
 64.6761
 64.6761
 64.6761
 64.6761
 64.6761
 64.6761
 64.6761
 64.6761
 64.6761
 64.6761
 64.6761
 56.6569
 56.6569
 56.6569
