 480.362
 13.5277
 22.5389
 22.5389
 22.5389
 22.5389
 22.5389
 22.5389
 22.5389
 22.5389
 22.5389
 22.5389
 22.5389
 22.5389
 22.5389
 22.5389
 22.8473
 22.8473
 22.8473
 22.8473
 22.8473
 22.8473
 22.8473
 22.8473
 22.8473
 22.8473
 22.8473
 22.8473
 22.8473
 19.1572
 19.1572
 22.4054
 22.4054
 22.4054
 22.4054
 22.4054
 22.4054
 22.4054
 22.4054
 22.4054
 22.4054
 24.5561
 24.5561
 24.5561
 21.0713
 21.8861
 21.8861
 21.2132
 19.6469
 19.6469
 19.6469
 19.6469
 19.6469
 19.6469
 19.6469
 20.3224
 20.3224
 22.1133
 22.1133
 20.5183
 20.5183
 20.5183
 20.5183
 22.0907
 22.0907
 21.095
 21.095
 21.095
 20.8327
 22.5167
 22.5167
 21.7715
 21.7715
 21.1187
 21.1187
 21.1187
 21.1187
 20.1742
 20.1742
 18.2483
 18.2483
 25.3377
 25.3377
 23.9165
 23.9165
 23.9165
 20.4206
 21.7486
 21.7486
 21.7486
 22.1133
 23.3666
 23.3666
 23.3666
 21.1424
 21.1424
 35.5809
 19.799
 30.1662
 30.1662
 0
 0
 27.8927
 27.8927
 29.5973
 29.5973
 29.5973
 36.756
 33.1361
 26.3439
 26.3439
 26.3818
 30.9516
 30.9516
 30.7246
 28.2843
 23.5372
 23.5372
 32.1403
 40.8044
 22.1359
 30.7571
 35.6651
 35.6651
 28.3019
 26.9258
 26.9258
 33.121
 31.3528
 31.3528
 24.4745
 30.0167
 36.0971
 26.5895
 29.6311
 30.8707
 30.8707
 27.2213
 27.2213
 34
 33.7343
 30.8869
 17.088
 30.5123
 30.7246
 30.05
 30.05
 30.0333
 32.3574
 32.3574
 34.0441
 34.8425
 28.2312
 28.2312
 25
 28.6531
 32.5883
 27.3679
 27.3679
 31.3209
 29.8496
 29.8496
 29.8496
 29.8496
 29.8496
 33.5559
 28.0357
 26.4197
 31.8434
 32.187
 29.6142
 31.7175
 32.4037
 32.4037
 29.6311
 29.6479
 29.6816
 28.8791
 31.3209
 29.3258
 30.3315
 30.5614
 28.7054
 32.1559
 27.4408
 32.0312
 32.0312
 28.7054
 30.4795
 30.4795
 30.5614
 31.241
 31.241
 31.241
 33.0454
 31.241
 28.1069
 29.0517
 29.0517
 29.5127
 32.1248
 32.1248
 32.1248
 28.7228
 34.3657
 26.7955
 27.258
 27.258
 32.1714
 32.1714
 32.1714
 32.8786
 33.0454
 25.3574
 33.7343
 33.7343
 33.8526
 33.8526
 28.0535
 30.692
 32.1559
 32.1559
 32.1559
 29.1548
 30.3974
 31.8591
 31.8591
 31.8591
 34.0147
 34.1467
 34.1467
 34.1467
 28.688
 28.688
 28.688
 34.3802
 27.4773
 27.4773
 27.4773
 28.4429
 31.0322
 29.5296
 29.5296
 29.5296
 29.7153
 32.0468
 29.9833
 29.95
 30.249
 34.7419
 31.8434
 30.8058
 28.4605
 28.4605
 31.7175
 31.1448
 31.1448
 31.1448
 32.6803
 31.4643
 31.4643
 31.4643
 31.4643
 29.9333
 29.9333
 29.9333
 29.9333
 30.315
 30.315
 32.1248
 32.1248
 31.9531
 31.9531
 31.9531
 32.1403
 31.5119
 32.4191
 32.4191
 31.9531
 32.7719
 32.7719
 31.9531
 32.8634
 32.8634
 29.1376
 34.2783
 34.3948
 34.9428
 35.4542
 34.176
 34.176
 34.176
 33.5857
 32.0936
 32.0936
 32.0936
 32.0936
 32.0936
 33.0908
 32.4654
 32.4654
 33.4066
 33.4066
 33.4066
 33.4216
 36.2629
 36.2629
 36.2629
 35.5949
 35.5949
 35.5949
 35.5949
 35.2562
 35.2562
 35.2562
 35.2562
 35.426
 35.426
 34.0441
 34.0441
 34.0441
 34.2053
 34.2053
 34.2053
 34.2053
 34.8281
 37.1349
 37.1349
 35.7911
 35.7911
 37.47
 37.47
 35.1426
 35.1426
 34.3948
 34.3948
 34.3948
 36.4555
 36.4555
 36.4555
 36.4555
 36.4555
 36.4555
 36.4555
 36.4555
 36.4555
 36.4555
 36.4555
 36.4555
 36.4555
 36.4555
 36.4555
 36.4555
 36.4555
 35.8748
 35.8748
 35.8748
 35.8469
 35.8469
 33.9853
 33.9853
 33.9853
 34.1614
 34.1614
 34.1614
 34.1614
 34.1614
 34.1614
 34.1614
 34.1614
 34.1614
 34.1614
 34.1614
 34.1614
 34.1614
 34.1614
 34.1614
 39.064
 39.064
 34.7994
 34.7994
 36.0416
 36.0416
 36.0416
 36.0416
 36.0416
 36.0416
 36.0416
 36.0416
 36.0416
 36.0416
 36.0416
 36.0416
 36.0416
 36.0416
 36.0416
 36.0416
 36.7423
 36.7423
 36.7423
 36.7423
 35.7631
 35.7631
 37.3765
 37.3765
 37.3765
 33.9411
 33.9411
 33.1813
 33.1813
 33.1813
 33.1813
 33.1813
 33.1813
 33.1813
 33.1813
 33.0303
 33.0303
 33.9117
 36.6606
 36.6606
 33.9117
 33.9117
 33.8969
 33.8969
 34.7419
 34.7419
 34.7419
 28.775
 28.775
 28.775
 28.775
 28.775
 28.775
 28.775
 28.775
 28.775
 28.775
 28.775
 28.775
 28.775
 28.775
 28.775
 28.775
 28.775
 0
 0
 0
 0
 0
 0
 0
 28.0179
 28.0179
 0
