 460.783
 18.3576
 15.6525
 15.6525
 15.6525
 15.6525
 0
 0
 0
 0
 0
 0
 0
 0
 0
 0
 23.4094
 23.4094
 23.4094
 23.4094
 23.4094
 23.4094
 23.4094
 23.4094
 23.4094
 23.4094
 23.4094
 23.4094
 23.4094
 21.4476
 21.4476
 20
 20
 20
 20
 20
 20
 20
 20
 20
 20
 26.5895
 26.5895
 26.5895
 20.8567
 23.9792
 23.9792
 23.1084
 20.025
 20.025
 20.025
 20.025
 20.025
 20.025
 20.025
 22.6053
 22.6053
 22.4054
 22.4054
 20.664
 20.664
 20.664
 20.664
 21.7256
 21.7256
 24.8395
 24.8395
 24.8395
 24.1039
 22.9565
 22.9565
 21.3073
 21.3073
 20.8806
 20.8806
 20.8806
 20.8806
 21.9317
 21.9317
 19.5192
 19.5192
 27.2764
 27.2764
 22.6274
 22.6274
 22.6274
 22.9783
 24.8998
 24.8998
 24.8998
 21.9317
 21
 21
 24.2693
 22.5832
 22.5832
 32.573
 24.1868
 31.496
 31.496
 0
 0
 28.3549
 28.3549
 21.5407
 21.5407
 21.5407
 30.1496
 29.5127
 26.1151
 26.1151
 24.3721
 20.6155
 20.6155
 27.8209
 18.8149
 24.7184
 24.7184
 30.0333
 17.8326
 26.0576
 29.4618
 22.5389
 22.5389
 18.2209
 23.516
 23.516
 24.0624
 28.3196
 28.3196
 22.1585
 29.4449
 23.9374
 28.7054
 28.3019
 20.0499
 20.0499
 29.6985
 29.6985
 28.8964
 23.6432
 15.906
 15.4596
 22.2486
 27.7308
 28.9482
 28.9482
 15.5563
 28.7228
 28.7228
 19.8242
 28.8617
 15.5563
 15.5563
 27.7849
 27.6948
 23.1301
 15.5242
 15.5242
 27.1109
 20.8806
 20.8806
 20.8806
 20.8806
 20.8806
 20.9284
 28.8271
 29.6142
 27.8927
 28.2666
 22.8035
 22.8035
 29.4109
 29.4109
 27.1109
 27.1109
 26.8514
 25.3377
 28.2666
 25.4558
 16.4621
 21.5407
 26.4953
 26.0768
 23.2809
 20.8806
 20.8806
 24.8797
 28.2489
 28.2489
 19.5704
 23.6432
 23.6432
 23.6432
 25.6125
 17.0587
 26.5141
 22.1585
 22.1585
 27.6948
 27.1477
 27.1477
 27.1477
 25.5539
 25.5539
 23.622
 25.02
 25.02
 27.1109
 27.1109
 27.1109
 30.2324
 26.5895
 25.9422
 32.218
 32.218
 26.7395
 26.7395
 24.1039
 26.4008
 24.8395
 24.8395
 24.8395
 22.4054
 25.04
 27.6043
 27.6043
 27.6043
 28.3373
 31.9374
 31.9374
 31.9374
 26.5895
 26.5895
 26.5895
 29.4618
 18.9737
 18.9737
 18.9737
 24.2899
 14.3527
 28.2666
 28.2666
 28.2666
 12.4097
 28.8617
 25.5734
 27.9821
 16.1555
 34.5398
 29.9333
 13.9642
 13.9642
 13.9642
 31.3688
 13.6015
 13.6015
 13.6015
 28.2489
 15.843
 15.843
 15.843
 15.843
 13.2288
 13.2288
 13.2288
 13.2288
 15.906
 15.906
 26.5895
 26.5895
 14.5258
 0
 0
 27.7128
 12.083
 33.7046
 33.7046
 15.5885
 31.0322
 31.0322
 15.4919
 29.6985
 29.6985
 12.083
 31.6544
 36.2353
 30.6757
 36.5103
 27.8029
 27.8029
 27.8029
 22.9783
 28.2843
 28.2843
 28.2843
 28.2843
 28.2843
 29.8664
 25.5539
 25.5539
 27.6043
 27.6043
 27.6043
 27.5862
 33.9559
 33.9559
 33.9559
 30.692
 30.692
 25.2785
 25.2785
 25.7682
 25.7682
 25.7682
 25.7682
 31.9844
 31.9844
 28.2135
 28.2135
 28.2135
 30.5614
 30.5614
 30.5614
 30.5614
 30.7571
 34.0441
 34.0441
 29.1376
 29.1376
 26.5895
 26.5895
 28.8617
 28.8617
 37.0945
 37.0945
 37.0945
 25.2587
 25.2587
 25.2587
 25.2587
 25.2587
 25.2587
 25.2587
 25.2587
 25.2587
 25.2587
 25.2587
 25.2587
 25.2587
 25.2587
 25.2587
 25.2587
 25.2587
 31.9687
 31.9687
 31.9687
 21.7256
 21.7256
 22.2935
 22.2935
 22.2935
 26.1151
 26.1151
 26.1151
 26.1151
 26.1151
 26.1151
 26.1151
 26.1151
 26.1151
 26.1151
 26.1151
 26.1151
 26.1151
 26.1151
 26.1151
 24.8797
 24.8797
 18.7083
 18.7083
 26.5141
 26.5141
 26.5141
 26.5141
 26.5141
 26.5141
 26.5141
 26.5141
 26.5141
 26.5141
 26.5141
 26.5141
 26.5141
 26.5141
 26.5141
 26.5141
 25.7876
 25.7876
 25.7876
 25.7876
 25.3772
 25.3772
 26.5707
 26.5707
 26.5707
 28.7576
 28.7576
 25.7099
 25.7099
 25.7099
 25.7099
 25.7099
 25.7099
 25.7099
 25.7099
 25.5343
 25.5343
 24
 28.8791
 28.8791
 24.3516
 24.3516
 24.3516
 24.3516
 27.7308
 27.7308
 27.7308
 27.7308
 27.7308
 27.7308
 27.7308
 27.7308
 27.7308
 27.7308
 27.7308
 27.7308
 27.7308
 27.7308
 27.7308
 27.7308
 27.7308
 27.7308
 27.7308
 27.7308
 27.7308
 27.7308
 27.7308
 27.7308
 0
 0
 0
 26.4953
 0
 0
