 455.664
 13.5647
 4.24264
 4.24264
 4.24264
 4.24264
 0
 0
 0
 0
 0
 0
 0
 0
 0
 0
 13.8564
 13.8564
 13.8564
 13.8564
 13.8564
 13.8564
 13.8564
 13.8564
 13.8564
 13.8564
 13.8564
 13.8564
 13.8564
 8.88819
 8.88819
 10.3923
 10.3923
 10.3923
 10.3923
 10.3923
 10.3923
 10.3923
 10.3923
 10.3923
 10.3923
 13.8564
 13.8564
 13.8564
 11.3137
 12.083
 12.083
 12.4097
 10.3923
 10.3923
 10.3923
 10.3923
 10.3923
 10.3923
 10.3923
 13.0384
 13.0384
 13.8564
 13.8564
 14.8661
 14.8661
 14.8661
 14.8661
 11.225
 11.225
 10.4881
 10.4881
 10.4881
 12.8841
 11.2694
 11.2694
 10.4403
 10.4403
 8.7178
 8.7178
 8.7178
 8.7178
 13.8924
 13.8924
 13.9642
 13.9642
 12.9615
 12.9615
 11.5758
 11.5758
 11.5758
 11.4018
 11.5758
 11.5758
 11.5758
 13.1909
 13.1529
 13.1529
 11.7473
 12.1655
 12.1655
 16.3401
 13
 14.7309
 14.7309
 0
 0
 11.7898
 11.7898
 14.4914
 14.4914
 14.4914
 16.0935
 13
 13.2288
 13.2288
 11.2694
 12.8062
 12.8062
 14.4222
 12.0416
 10.4403
 10.4403
 12.3288
 8.60233
 13.7113
 14.6969
 10.4881
 10.4881
 12.2474
 13.0384
 13.0384
 13.9284
 12.3693
 12.3693
 14.1421
 14.7648
 12.49
 15.5885
 12.49
 11.7047
 11.7047
 16.2788
 16.2788
 13.7113
 14.7648
 9.69536
 8.66025
 11.1355
 19.0263
 14.7648
 14.7648
 8.12404
 17.8885
 17.8885
 12.4499
 12.9615
 7.74597
 7.74597
 13.8564
 12.3288
 10.0995
 7.07107
 7.07107
 11.8322
 11.6189
 11.6189
 11.6189
 11.6189
 11.6189
 12.3288
 13.9642
 16.7332
 15.0997
 13.2288
 12.2882
 11.6619
 15.5242
 15.5242
 12.9615
 12.49
 14.7309
 13.9284
 13.2288
 17.5214
 7.81025
 11.0454
 14.4222
 11.7473
 14.9332
 8.66025
 8.66025
 13.4536
 13.2288
 13.2288
 7.81025
 13.5277
 13.5277
 13.5277
 11.7047
 8.7178
 14.2829
 14.7648
 14.7648
 13.2665
 14.3875
 14.3875
 14.3875
 11.1355
 8.24621
 14
 13.4536
 13.4536
 13.6748
 13.6748
 13.6748
 16.7929
 14.4222
 12.9228
 16.3707
 16.3707
 13.5277
 13.5277
 12.8452
 14.7648
 12.2882
 12.2882
 12.2882
 14.3527
 11.1355
 15.9374
 15.9374
 15.9374
 14.9332
 16.8523
 16.8523
 16.8523
 13.6748
 13.6748
 13.6748
 20.9284
 8.48528
 8.48528
 8.48528
 13.1909
 6.9282
 14.3178
 14.3178
 14.3178
 6.08276
 16.3095
 13.4907
 14.8997
 7.74597
 17.8326
 19.799
 6.85565
 6.85565
 6.85565
 19.799
 5.19615
 13
 13
 18.2757
 6.85565
 6.85565
 6.85565
 6.85565
 6
 6
 6
 6
 6
 6
 15.6205
 15.6205
 7.14143
 7.14143
 7.14143
 16.8226
 6.08276
 15.3623
 15.3623
 7.07107
 15.9687
 15.9687
 6.9282
 16.7332
 16.7332
 6.9282
 15.5563
 18.7617
 17.5214
 18.2757
 15.9374
 15.9374
 15.9374
 15.5242
 15.5563
 15.5563
 15.5563
 15.5563
 15.5563
 17.8606
 14.3875
 14.3875
 14.3527
 14.3527
 14.3527
 17.088
 19.4165
 19.4165
 19.4165
 17.1756
 17.1756
 17.2047
 17.2047
 15.1987
 15.1987
 15.1987
 15.1987
 16.4317
 16.4317
 17.8885
 17.8885
 17.8885
 14.7648
 14.7648
 14.7648
 14.7648
 17.1464
 18.5742
 18.5742
 17.8885
 17.8885
 18.3848
 18.3848
 15.9374
 15.9374
 20.9523
 20.9523
 20.9523
 14.9332
 14.9332
 14.9332
 14.9332
 14.9332
 14.9332
 14.9332
 14.9332
 14.9332
 14.9332
 14.9332
 14.9332
 14.9332
 14.9332
 14.9332
 14.9332
 14.9332
 17.8885
 17.8885
 17.8885
 14.4568
 14.4568
 13.2288
 13.2288
 13.2288
 15.5242
 15.5242
 15.5242
 15.5242
 15.5242
 15.5242
 15.5242
 15.5242
 15.5242
 15.5242
 15.5242
 15.5242
 15.5242
 15.5242
 15.5242
 15.9374
 15.9374
 14.0357
 14.0357
 15.8745
 15.8745
 15.8745
 15.8745
 15.8745
 15.8745
 15.8745
 15.8745
 15.8745
 15.8745
 15.8745
 15.8745
 15.8745
 15.8745
 15.8745
 15.8745
 15.6525
 15.6525
 15.6525
 15.6525
 17.2047
 17.2047
 17.8045
 17.8045
 17.8045
 17.8326
 17.8326
 17.3205
 17.3205
 17.3205
 17.3205
 17.3205
 17.3205
 17.3205
 17.3205
 14.4222
 14.4222
 16.1245
 17.8606
 17.8606
 16.5529
 16.5529
 16.5831
 16.5831
 15.6205
 15.6205
 15.6205
 14.3875
 14.3875
 14.3875
 14.3875
 14.3875
 14.3875
 14.3875
 14.3875
 14.3875
 14.3875
 14.3875
 14.3875
 14.3875
 14.3875
 14.3875
 14.3875
 14.3875
 14.3875
 14.3875
 14.3875
 14.3875
 14.3875
 14.3875
 14.3875
 10.4881
 10.4881
 10.4881
