 458.123
 13.5277
 17.4642
 12.7279
 6.78233
 15.6205
 15.6205
 17.0294
 15.9687
 8.18535
 17.8885
 7.93725
 7.93725
 17.8885
 17.8885
 12.1244
 16.3095
 11.2694
 12.1244
 11.4455
 13.1909
 13.5277
 10.1489
 9.79796
 16
 8.66025
 9.21954
 12.3693
 18.6011
 16.5831
 11.5326
 12.8841
 14.4914
 11.3137
 11.8322
 10.0995
 11.6189
 9.53939
 11.3137
 16.3401
 11.7473
 17.3494
 12.1244
 11.3578
 16.3707
 14.7648
 12.0416
 11.0905
 12.8062
 18.1108
 10.1489
 19.3907
 11.5326
 9.59166
 15.6205
 11.7473
 10.3923
 10.4403
 9.84886
 11.5326
 14.4914
 14.9332
 12.4097
 14.2478
 11.2694
 13.5277
 12.2066
 14.1067
 13.0384
 18.5472
 13.5277
 17.8885
 9.64365
 17.5499
 10.5357
 12.2474
 11.2694
 13.1909
 12.8452
 13.0767
 12.8841
 16.0935
 11
 15.3623
 10.4403
 14
 11.6189
 11.6189
 14.1067
 19.0263
 12.8062
 11.6619
 19.8242
 19.8242
 15.9374
 10.8167
 11.225
 16.0624
 11.5758
 11.2694
 11.2694
 14.7986
 8
 11.2694
 1.41421
 12.7671
 14.4222
 10.3923
 9.64365
 17.7764
 19.799
 18.3303
 19
 11.7473
 9.79796
 16.8523
 15.3297
 12.4499
 10.9545
 10.9545
 13.0384
 9.84886
 15.6205
 13.5277
 17.2916
 21.3073
 14
 15.6525
 11.3137
 22.9347
 10.3923
 13.2288
 16.6733
 15.9687
 9.38083
 18.2483
 10.5357
 15.5885
 9.8995
 12.8062
 19.0263
 14.4568
 12.6095
 16.7332
 17.8606
 12.4499
 10.4881
 14.7309
 13.6748
 13.5277
 17.9165
 11.6189
 12
 18.303
 17.4642
 13.6748
 18.9737
 12.3288
 16.1245
 12.2882
 17.1464
 11.5758
 0
 16.0935
 14.7648
 17.8606
 12.1655
 16.6132
 13.0767
 15.3623
 19.799
 19.7484
 17.5499
 15.9374
 10.4403
 12.9615
 19.5192
 19.0788
 13.5277
 10.8167
 9.64365
 19.6723
 17.4642
 14.3875
 12.2066
 14.5602
 16.6733
 19.8242
 13
 11.4018
 13.0767
 19.6723
 15.9687
 15.0665
 13
 9.48683
 17.9165
 11.1355
 15.8745
 13.4907
 19.6977
 15.3623
 11.7898
 12.2474
 8.88819
 17.7764
 19.6214
 12.4499
 14.7648
 16.5227
 20.4939
 14.4222
 14.9332
 17.7482
 16.8523
 18.4932
 14.7309
 19.2873
 16.0312
 14.1067
 12.8841
 21.7715
 17.2627
 13.5277
 12.2882
 18.5472
 17.8326
 9.32738
 15.3297
 17.7764
 14.4568
 16.5831
 13.4907
 15.1658
 15.0997
 14.9666
 9.69536
 15.5563
 10.1489
 16.5529
 11.2694
 15.1987
 15.1658
 11.2694
 10.0995
 10.1489
 16.8523
 17.1756
 12.3693
 14.8661
 14.6969
 10.3923
 12.3693
 18.5472
 13.6015
 10.583
 0
 17.4642
 14.7648
 12.3693
 10.1489
 22.1133
 13.0767
 10.4403
 10.8167
 16.8819
 9.32738
 11.5326
 11.5326
 18.9737
 15.9374
 11.225
 11.225
 13.5647
 17.3205
 8.88819
 17.8606
 11.0454
 12.53
 14.9666
 11.7898
 11.4455
 19.6214
 10.4881
 8.88819
 19.5959
 14.1421
 17.7764
 15.6844
 16.6433
 19.3907
 21.7945
 13.1909
 8.88819
 17.9165
 15.6205
 18.3576
 14.7648
 13.5277
 17.1172
 13
 18.4662
 13.7113
 13.1909
 19.6469
 16.7332
 19.0263
 17.8326
 15.4596
 22.1811
 12.8452
 18.3303
 13.5647
 17.1756
 14.0357
 18.4391
 16.3095
 15.1658
 14.7648
 19.0263
 11.1355
 19.6723
 12.8062
 20.2731
 12.8841
 19.0263
 15.5563
 21.4009
 15.4919
 22.4944
 13.6748
 22.5389
 15.0997
 15.1658
 18.0555
 14.7986
 16.1245
 16.8819
 16.7033
 18.4662
 14.0357
 13.1909
 16.8819
 17.5499
 13.2288
 14.7648
 19.2354
 19.0526
 13.5647
 22.5389
 15.3948
 21.3073
 17.4642
 15.4919
 16.0312
 14.7309
 18.5742
 17.8885
 13.0384
 16.1864
 15.1327
 13.6382
 18.5472
 18.412
 14.0357
 15.5242
 17.2337
 19.7737
 12.3288
 21.4476
 13.6015
 22.5832
 14.8324
 16.4621
 17.088
 15.3623
 14
 16.8819
 14.3875
 20.9523
 13
 19.0526
 13.2288
 19.0526
 12.8062
 11.4455
 17.8885
 16.6132
 12.2882
 22.5832
 22.5832
 22.6053
 14.3875
 19.8242
 15.1658
 16.6433
 16.8226
 19.5959
 15.6525
 18.303
 14.0357
 19.1311
 14.0357
 16.5831
 11.3137
 14.0357
 15.3948
 17.2337
 11.7898
 22.1585
 22.1585
 21.9773
 21.9773
 18.6279
 18.6279
 15.9687
 18.4391
 14.7648
 16.0312
 18.0555
 14
 20
 13.7477
 16.1864
 15.1658
 15.1327
 15
 14.9666
 14.9666
 17.8885
 16.6433
 21.9773
 19.8494
 17.2047
 15.1658
 15.5242
 15.3297
 13.7113
 13.2665
 16.7332
 14.2478
 19.5448
 19.8242
 13.5277
 13.5277
 40.6325
 14.0712
 15.6205
 16.6733
 14.5602
 14.7648
 14.7648
 20.2485
 17.8885
 0
