 0
 13
 16.5529
 0
 0
 11.5326
 0
 6.08276
 9.53939
 11.7473
 2.44949
 6.245
 0
 5.38516
 0
 8.66025
 3.4641
 6.9282
 13.2288
 13.0767
 13.0767
 13.8924
 8.18535
 8.18535
 2.44949
 3.4641
 3.4641
 4.3589
 4.3589
 4.3589
 2.44949
 4.58258
 0
 12.2882
 5.09902
 13.6382
 6.85565
 11.2694
 9.53939
 1.73205
 1.73205
 9.27362
 0
 7
 5.09902
 10.3923
 11.2694
 7.81025
 6.9282
 6.08276
 8.66025
 5.09902
 2.44949
 0
 2.82843
 11.225
 6.55744
 12.9615
 8.66025
 6.9282
 6.245
 5.19615
 5.19615
 5.74456
 1.73205
 8.88819
 6.9282
 7.81025
 12.3693
 2.44949
 4.24264
 2.44949
 5.19615
 7.34847
 2.23607
 9.48683
 6.245
 8.24621
 8.66025
 18.5742
 8.18535
 7.14143
 7.14143
 9.53939
 9
 9.53939
 6.08276
 12.1655
 11.3137
 2.44949
 5.19615
 7.34847
 6.08276
 0
 2.44949
 2.44949
 12.9228
 10.3923
 15.9374
 2.82843
 0
 10.1489
 11.0454
 12.0416
 12.0416
 13.0384
 7.34847
 17.7482
 12.3288
 8.66025
 6.08276
 10.3923
 4.69042
 4.69042
 11.6189
 7.28011
 7.28011
 9.53939
 13.5647
 0
 13.1149
 13.4536
 12.2882
 6.16441
 4.89898
 9.32738
 6.9282
 12.1655
 14.1067
 9.74679
 9.16515
 13
 13.0384
 0
 12.3288
 15.6205
 1.73205
 12.9615
 10.3923
 13
 14.6969
 7.14143
 5.19615
 14.1067
 8.88819
 12.3288
 12.0416
 5.74456
 10.3923
 11.5326
 12.4097
 13.0384
 7.68115
 6
 7.34847
 15.4272
 17.0294
 6.9282
 8.06226
 13.5277
 14.5258
 3.4641
 0
 2.44949
 9.48683
 11.5326
 12.2882
 11.3137
 8.12404
 15.9687
 13.1529
 9.84886
 0
 2.44949
 11.6619
 11.6619
 2.44949
 10.3923
 14.1421
 3.4641
 2.44949
 8.94427
 0
 14.8661
 6
 10.5357
 9.27362
 12
 13.7113
 4.89898
 9.32738
 8.83176
 6.9282
 8.18535
 14.2127
 2.44949
 7.81025
 17.3494
 3.31662
 14.1067
 10.6771
 7.87401
 4.89898
 12.8452
 9.64365
 3.4641
 2.44949
 8
 15.3623
 7.81025
 3.4641
 9.53939
 13.5277
 11.2694
 4.24264
 2.44949
 12.8841
 6
 2.44949
 4.79583
 13.0384
 6.7082
 2.44949
 10.4403
 12.2882
 4.24264
 5.19615
 5.19615
 15.3297
 12.2474
 7.07107
 6.245
 13
 5.47723
 9.59166
 11.2694
 9.32738
 2.44949
 6
 7.34847
 9.38083
 11.3578
 6.08276
 6
 10.5357
 10.5357
 10.3923
 0
 10.4881
 13.0767
 13.4536
 9.8995
 0
 3.60555
 12.3693
 9.84886
 0
 0
 3
 11.6189
 3.74166
 7.93725
 2
 11.4018
 0
 0
 0
 10.1489
 0
 12.1655
 9.59166
 10.198
 0
 12.0416
 7
 9.59166
 8.66025
 6.85565
 12.3693
 9.53939
 9.53939
 10.8167
 7.74597
 3.74166
 8.88819
 13.1529
 12.3288
 9.69536
 5.65685
 3
 6.9282
 9.16515
 9.16515
 9.16515
 6.9282
 13.2288
 11.2694
 8.66025
 9.84886
 8.66025
 8.66025
 11.3137
 11.3137
 11.225
 11.1803
 10.5357
 11.4018
 5.91608
 12.083
 10.3923
 7.81025
 1.41421
 1.41421
 3.4641
 12.3693
 12.1244
 11.2694
 6.7082
 6.7082
 8.7178
 8.7178
 13.1149
 13.1149
 12.2066
 7.87401
 13.9284
 10.0995
 6.85565
 3.4641
 9.64365
 7.81025
 6.245
 8.18535
 13.9642
 3.31662
 9.64365
 9.48683
 7.61577
 8
 12.1244
 12.1244
 12.1244
 8.66025
 6.32456
 11.2694
 7.74597
 11.4455
 3.4641
 10.4403
 8
 8
 2.44949
 6.08276
 6.55744
 12.4097
 8.12404
 10.3923
 5.56776
 9.32738
 12.1655
 12.1655
 12.1655
 11.6189
 11.3578
 6.9282
 7.14143
 2
 4.24264
 4.24264
 9.8995
 9.8995
 9.79796
 9.79796
 11.6189
 3.31662
 11.1803
 6.85565
 13
 2.44949
 12.4097
 9.27362
 13.1149
 13.1149
 13.0384
 7.34847
 13
 8.77496
 5.65685
 5.65685
 9.53939
 0
 12.0416
 12.0416
 4.24264
 10.0499
 1.73205
 5.19615
 12.1244
 4.58258
 8.66025
 8.66025
 11.2694
 11.2694
 8.66025
 8.66025
 8
 7.93725
 6.9282
 6.245
 14.4568
 0
 12.0416
 0
 7.14143
 0
 0
 1.41421
 9.53939
 9.38083
 10.9545
 6.245
 10.8628
 10.8628
 1.73205
 1.73205
 9.16515
 8.12404
 10.3923
 0
 6.63325
 6.63325
 9.32738
 9.8995
 6.245
 12.1244
 1.73205
 12
 7.07107
 7.07107
 8.18535
 5.47723
 9.53939
 8.12404
 8.12404
 0
 0
 0
 0
 0
 26.0768
 2.44949
 0
 9.69536
 1.73205
 0
