 467.225
 22.5832
 19.799
 13
 27.2947
 27.4044
 27.4044
 38.5616
 26.9629
 29.0861
 29.2062
 27.6043
 27.6043
 26.8328
 26.8328
 22.6053
 25.5343
 26.9072
 24.8797
 20.6398
 23.388
 24.1247
 17.4356
 20.5183
 26.2298
 19.0526
 19.4165
 21.7715
 29.6311
 17.6352
 25.5147
 22.2261
 27.1109
 20.347
 25.02
 24
 24.2899
 21.5174
 22.1585
 17.9165
 25.0599
 17.8326
 30.3315
 27.9821
 20.2731
 23.9165
 25.9422
 25.593
 25.9422
 24.5561
 24.1868
 26.0576
 25.807
 26.9815
 27.074
 24.3311
 23.4734
 22.891
 27.6043
 27.6586
 26.0768
 20.2731
 29.4788
 20.2485
 28.8791
 23.1517
 26.6458
 29.4958
 24.8596
 21.4709
 31.4802
 27.0924
 27.2947
 28.8791
 28.3549
 29.8831
 25.593
 27.7128
 30.0832
 43.0116
 27.7849
 20.9284
 31.9531
 17.3781
 27
 28.2843
 26.4575
 28
 32.6956
 25.807
 33.3017
 35.9444
 26.4008
 26.4008
 28.2312
 35.8329
 36.7151
 31.1127
 26.9444
 21.7715
 21.7715
 29.2233
 30.6594
 30.3809
 39.0384
 32.0156
 28.178
 36.2077
 29.5973
 22.9129
 43.9545
 20.5183
 32.8024
 34.5832
 28.931
 33.6898
 27.1662
 29.9333
 24.4949
 0
 31.1448
 34.5977
 34.0441
 34.4529
 32.7719
 29.5127
 34.9428
 34.9571
 34.6121
 28.3373
 35.6371
 34.2491
 34.5832
 30.3315
 31.607
 36.3043
 30.133
 38.1182
 31.3209
 29.5127
 35.1283
 32.573
 31.1127
 34.8281
 41.2311
 29.2404
 31.8904
 30.1662
 31.8277
 29.6648
 34.6266
 40.7308
 30.7571
 51.8459
 21.0238
 26.4575
 36.2767
 30.692
 21.8403
 32.7261
 32.2955
 44.833
 0
 26.4575
 34.5977
 36.4555
 27.8568
 30.7409
 31.8904
 34.5254
 39.064
 36.8917
 27.6043
 32.3265
 32.2955
 32.2955
 29.9833
 37.5899
 28.3901
 35.9166
 35.9166
 36.2215
 37.3898
 35.9861
 30.3974
 30.3974
 33.121
 35.9861
 38.8844
 24.0208
 24.0208
 36.524
 35.4965
 32.3419
 38.0526
 38.0526
 36.3868
 40.7308
 26.3059
 29.7489
 36.2767
 25.5147
 38.8072
 32.7109
 32.7109
 25.3574
 33.0454
 37.1349
 36.5103
 31.0966
 29.1204
 34.6699
 41.2311
 32.218
 27.2213
 33.0151
 37.3363
 25.0599
 35.0428
 36.2491
 36.9053
 28.4253
 38.7814
 35.6511
 39.975
 33.4365
 38.704
 38.4578
 37.7227
 35.7771
 34.7275
 36.5103
 28.3901
 30.133
 32.6497
 35.2136
 20.1246
 26.7769
 44.7772
 33.8231
 17.5499
 23.3452
 31.4006
 46.1086
 18.9473
 41.2311
 25.8263
 29.5804
 17.4929
 34.5398
 34.3948
 17.0587
 31.289
 29.1719
 36.9188
 17.2916
 0
 29.5127
 38.3014
 17.5214
 31.4802
 29.2404
 51.1175
 18.9209
 30.6757
 34.2053
 48.0104
 19.1572
 19.1572
 31.5436
 36.3731
 16.0312
 16.0312
 34.2491
 35.9722
 17.3205
 24.8596
 43.6463
 18.5203
 24
 43.4281
 19.2614
 29.6142
 40.4228
 18.9209
 35.7911
 32.6497
 37.4166
 30.8221
 39.0768
 29.1204
 29.8664
 36.4417
 46.7119
 33.8526
 37.3363
 34.2053
 32.2955
 38.0789
 23.6432
 40.9634
 23.6008
 44.1248
 40.4351
 33.0606
 34.2199
 35.7071
 33.8231
 39.6358
 29.5466
 40.0375
 33.0606
 41.9762
 33.8674
 39.064
 36.9324
 40.8167
 33.9264
 39.2683
 27.7669
 43.566
 28.2666
 39.7995
 36.318
 41.5452
 39.2173
 31.8748
 24.5153
 36.565
 27.9106
 46.0543
 30.692
 43.4166
 38.4448
 35.819
 37.9078
 38.4578
 29.5127
 35.0143
 24.5153
 36.4006
 42.45
 34.0734
 40.6817
 38.8716
 37.2693
 40.0749
 36.1663
 48.4252
 32.619
 49.4065
 33.1059
 38.8201
 35.8608
 35.7631
 35.2704
 37.3229
 25.5539
 41.5933
 24.8596
 41.4608
 42.19
 33.8674
 36.3318
 39.281
 35.7911
 38.0789
 27.7308
 48.4768
 30.7734
 46.5618
 45.7275
 45.7275
 33.0606
 36.5787
 35.7631
 35.4401
 28.8617
 36.1525
 29.0345
 41.2553
 34.9142
 40.9512
 37.054
 43.1045
 37.9342
 33.0757
 34.6121
 43.9886
 33.7935
 33.7935
 47.392
 46.669
 34.6843
 38.1445
 36.8375
 33.4515
 32.8329
 34.9428
 30.1662
 37.8418
 34.2199
 38.6264
 33.0151
 44.7325
 37.6563
 36.9324
 34.8712
 28.6356
 29.95
 29.95
 49.2544
 49.2544
 46.3357
 0
 34.3948
 33.5559
 34.641
 37
 29.6311
 29.6311
 29.6311
 40.7185
 40.7185
 38.5876
 63.6946
 38.0657
 32.6956
 0
 47.3498
 44.7214
 41.8688
 36.0555
 38.7814
 34.322
 38.4708
 33.7935
 41.5692
 40.7063
 35.4965
 44.3847
 43.2897
 37.1214
 37.1214
 0
 0
 28
 36.318
 36.318
 75.3658
 75.3658
 75.3658
 75.3658
 55.2087
 55.2087
