 460.783
 20.0499
 18.2483
 11
 18.5742
 30.2985
 0
 31.3688
 27.2029
 12.1655
 37.229
 13.1149
 13.1149
 40.0625
 40.0625
 8.66025
 35
 15.0997
 11.0454
 17.5214
 19.7737
 21.9317
 18.2757
 16.6733
 28.8617
 13.5647
 18.7083
 14.7309
 39.0128
 33.5708
 13.1909
 28.0713
 28.2843
 22.7596
 15.1658
 18.5742
 20.8567
 9.53939
 21.4476
 33.0303
 13.9284
 39.0256
 13.2288
 13.2288
 30.348
 29.7153
 20.8806
 23.4734
 21.6795
 39.3446
 15.4272
 37.6962
 16.7929
 14.3527
 30.2159
 21.3542
 12.1655
 11.3137
 20.1246
 12.8841
 30.692
 33.7343
 12.6095
 31.0966
 14.0357
 30.8058
 18.9737
 29.1204
 26.1151
 37.0945
 25.219
 35.7911
 13.1149
 34.8999
 15.6525
 26.4197
 10.4403
 20
 21.8174
 24.7992
 26.9444
 35.1994
 14.7986
 33.1059
 15.843
 24
 27.8209
 27.8209
 31.6386
 36.565
 24.3721
 18.2483
 36.9594
 36.9594
 31.8904
 18.7083
 22.8692
 29.6142
 23.4947
 19.975
 0
 23.4094
 21.0713
 22.561
 15.9687
 13.9284
 30.3645
 21.7025
 20.1742
 35.7211
 27.0924
 36.8511
 24.8596
 18.303
 22.6274
 24.454
 32.8938
 21
 21.7486
 21.7486
 27.8209
 22.1133
 18.2483
 32.45
 21.7486
 38.4448
 25.318
 21.8403
 24.3311
 40.6817
 20.025
 21.7945
 21.1424
 33.0908
 23
 26.9258
 15
 31.5753
 16.7033
 22.6053
 28.6356
 15.9374
 21.1424
 28.7402
 26.6083
 21.9089
 20.9523
 15.0665
 14.9666
 28.0179
 24.4131
 24.0416
 12.5698
 28.3549
 34.2929
 24.3311
 29.6985
 14.7986
 33.0303
 22.7816
 27.8029
 25.7682
 0
 32.8634
 26.1151
 29.7153
 23.8537
 28.8444
 27.6406
 25.1794
 31.273
 31.5436
 38.1969
 20.9523
 22.5389
 22.5389
 37.054
 32.1403
 23.516
 16.4621
 0
 30.0167
 33.8969
 21.7945
 15.9374
 10.5357
 28.7228
 31.3847
 24.8193
 17.0294
 8.7178
 30.1662
 22.6495
 22.4499
 21.8632
 5.47723
 31.4643
 16.4924
 29.8998
 22.8473
 31.3528
 35.0143
 14.7309
 22.3383
 22.3383
 29.9333
 29.2916
 20.8567
 22.6495
 29.9666
 27.4408
 23.7908
 24.0208
 27.8209
 32.9545
 28.3019
 22.6936
 42.1189
 25.4362
 23.7276
 21.9773
 41.4367
 27.1293
 12.9615
 23.388
 32.5576
 26.7582
 16.5227
 23.4947
 29.5466
 19.2354
 27.2213
 23.1733
 22.1585
 21.6333
 21.7486
 14.9666
 29.9165
 17.1172
 26.4953
 10.8628
 32.6497
 20.9762
 18.1108
 11.2694
 17.5784
 30.8545
 26.0384
 15.1327
 24.2899
 29.8664
 10.4403
 10.4403
 33.0757
 25.0799
 10.4881
 0
 39.8623
 21.7715
 12.4097
 19.1833
 43.1161
 21.9317
 11.7898
 19.1311
 34.8281
 22.8254
 14.2829
 14.2829
 29.2575
 21.2838
 10.4881
 0
 24.5967
 20.9284
 10.5357
 37.7227
 15.9687
 14.3178
 35.8748
 17
 13.9642
 35.4401
 15.6525
 13.1909
 33.0303
 21.7025
 26.0384
 34.4529
 21.7256
 42.2493
 42.3202
 10.3923
 22.5832
 34.0734
 20.8327
 28.1425
 25.0599
 21.2838
 31.0644
 16.4621
 37.2827
 14.9666
 19.105
 34.6121
 21.9773
 31.3528
 35.5106
 23.3452
 43.8862
 9.27362
 41.1582
 14.0357
 32.5423
 16.6132
 27.9106
 22.561
 33.5708
 18.6011
 34.2491
 12.6095
 40.1123
 15.5885
 34.7851
 19.1833
 27.8927
 27.3496
 37.4032
 17.6918
 46.6798
 14.3527
 45.5851
 21.6795
 18.412
 38.223
 25.3969
 28.6705
 28.7402
 17.3494
 34.2345
 8.66025
 13
 34.9714
 34.8281
 16.2173
 26.0576
 28.0179
 41.2674
 19.5959
 47.55
 13.7113
 41.8808
 22.8035
 33.9853
 17.5499
 25.1992
 30.1496
 22.9347
 18.412
 30.3974
 9.84886
 14.8661
 34.9285
 32.0936
 18.3848
 25.2785
 24.3926
 38.3145
 11.7898
 43.7836
 11.225
 44.3959
 17.3494
 17
 34.7707
 28.775
 20.1494
 27.6225
 15.6205
 31.5911
 8.88819
 31.1929
 7.87401
 27
 18.7083
 20.8327
 23.4947
 34.2053
 15.3948
 46
 46
 43.852
 20.0499
 39.1791
 21.8174
 28.6705
 23.0868
 31.0805
 20.6398
 32.7261
 9.48683
 30.5941
 6.08276
 23.5372
 14.0357
 19.1572
 20.664
 33.0606
 13.8564
 39.6989
 39.6989
 37.6696
 37.6696
 36.4966
 36.4966
 25.318
 21.7715
 19.3132
 27.1846
 30.4959
 17.3781
 27.037
 4.3589
 4.3589
 10.583
 10.5357
 16.8226
 21.7025
 0
 30.1993
 28.688
 41.845
 36.5924
 27.9464
 19.105
 15.6525
 3.4641
 9.53939
 10.3923
 20.9045
 27.8568
 45.1996
 37.855
 15.1327
 15.1327
 52.6308
 31.1929
 14.7648
 20.6155
 20.6155
 25.5343
 25.5343
 41.7971
 41.7971
 0
