 480.362
 13.1149
 12.8841
 4.24264
 14.1774
 21.9773
 21.9773
 26.7395
 22.2711
 19.2614
 26.1151
 10.0995
 10.0995
 23.2164
 23.2164
 6.9282
 21.9317
 12.3288
 7.93725
 10.583
 9.69536
 14.7309
 9
 7.81025
 20.8567
 6.08276
 14.7986
 7.81025
 26.5707
 21.7256
 7.07107
 20.9762
 20.3224
 8.544
 8.77496
 9.79796
 9
 7.48331
 10.1489
 14.8661
 6.9282
 20.6155
 9.64365
 8.77496
 20.664
 18.1108
 12.1244
 11.6619
 15.7162
 23.1517
 8.66025
 22.2486
 7.68115
 9.27362
 16.3095
 9.16515
 9.64365
 6.7082
 9.64365
 6.7082
 16.5831
 16.8523
 9.16515
 16.7332
 7.34847
 13.5647
 8.83176
 15.3297
 12.7671
 19.5704
 14.7309
 23.2594
 9.74679
 20.6155
 8.94427
 12.8452
 8.18535
 8.66025
 9.32738
 20.1742
 11
 17.1172
 9.21954
 15.5563
 9.69536
 12.2474
 12.2882
 11.6619
 14.0357
 20.6398
 14.6969
 13
 21.4476
 0
 17.5499
 10.6301
 15.6525
 14.4222
 12.4097
 11.7473
 0
 12.2474
 13
 10.583
 19.975
 9.21954
 12.9615
 17.7482
 15.7162
 15.906
 23.3024
 15.1327
 13.0384
 10.4403
 15.6844
 15.9374
 13.5647
 9.16515
 13.1149
 13.1149
 13.4907
 15.3623
 13.8924
 18.412
 14.8997
 23.3666
 16.6733
 15.7162
 14
 21.7715
 14
 12.083
 16.0312
 17.2047
 15.1327
 17.4069
 10.7238
 17.7764
 9.79796
 15.0997
 16.6433
 12.49
 12.2882
 19.1311
 19.105
 13.6015
 11.0905
 11.2694
 10.4403
 11.7898
 16.4621
 20.0499
 11.5758
 27.6586
 12.0416
 11.3137
 20
 13.9284
 11.7047
 15.4919
 16.7929
 19.0526
 0
 11.6619
 11.0454
 17.1172
 13.6382
 10.4881
 15.1658
 14.7309
 17.7482
 14.9332
 20.2731
 12.8452
 16.2481
 11.7047
 19.1311
 14.8997
 14
 13.1909
 13.5277
 14.7648
 17.8326
 14.7309
 9.79796
 8.83176
 12.3693
 15.3623
 16.3095
 10.0995
 9.38083
 14.7986
 11.8322
 9.79796
 16.3095
 13.5647
 16.6132
 14.4222
 13
 13.2288
 16.5831
 18.3576
 13.6015
 14.7986
 20.2485
 16
 14.0357
 10.8628
 14.7648
 15.4596
 12.3693
 11.0454
 18.7083
 13.5277
 12.3693
 11.7473
 16.2788
 19.8242
 13.5277
 17.5784
 16.7631
 21.5174
 14.7648
 11.6189
 17.4642
 19
 15.906
 14.4914
 16
 16
 9.43398
 14.4222
 14
 10.4403
 11.0454
 13.9642
 11.7898
 11
 19.5448
 14.8997
 12.8062
 12.9615
 12.9228
 20.2237
 13.1909
 14.3178
 14.1067
 14.9332
 10.8628
 12.3288
 15.4919
 13.2288
 15.3623
 15.8745
 16.3707
 14.8661
 0
 22.0907
 15.6205
 13.4907
 14.2478
 24.1454
 26.7769
 13.2288
 14.1067
 17.2047
 22.2711
 12
 12
 12.8452
 11
 13.2288
 13.2288
 13.7113
 11.1355
 16.7631
 15.6205
 17.8885
 13.0384
 14.9666
 18.1934
 12.083
 17.1756
 13.9642
 12.4499
 18.303
 8.88819
 16.1245
 14.2478
 15.6844
 22.1133
 20.8806
 14.7986
 21.4243
 17.7764
 9.8995
 13.5277
 12.53
 14.0357
 15.3623
 15.3297
 16.5227
 16.2788
 14
 17.2337
 11.2694
 15.906
 17.8885
 16.6433
 21.5174
 14.9332
 20.2978
 15.9687
 15.3623
 13.1909
 14.7309
 13.2288
 14.4222
 15.1327
 19.0263
 15.6205
 19.0263
 13.5647
 19.0788
 12.083
 16.3707
 12.49
 14.2478
 15.1327
 24.779
 19.799
 24.8193
 15.4919
 12.3288
 19.0526
 15.4596
 17.088
 16.5529
 11.3137
 17.8885
 10.7238
 14.5258
 20.9045
 20.347
 13.3791
 14.7309
 17.8606
 19.5959
 16.3095
 27.037
 17.8885
 24.5357
 13.2288
 17.2627
 10.1489
 15.4919
 14.6629
 15.3623
 15.1658
 16.8523
 12.6491
 15.1327
 20.9045
 18.4391
 13.4164
 14
 16.3401
 16.5529
 17.6068
 27.5862
 14
 25.219
 11.6619
 10.0499
 19.6469
 15.6205
 14.7309
 20.2731
 10.4881
 20.2485
 14.3178
 19.6469
 14.7309
 15.1658
 15.1327
 13.9642
 15.5885
 19.0263
 18.7083
 23.4734
 23.4734
 23.516
 15.0997
 17.8326
 15.9374
 16.8523
 15.4596
 17.8326
 15.4919
 22.1811
 12.4097
 17.8045
 10.583
 16.3095
 15.1658
 11.5758
 15.5563
 18.412
 12.6095
 24.6779
 24.6779
 26.533
 26.533
 23.4307
 23.4307
 16.8523
 12.49
 13.0384
 15.9374
 15.6525
 11.7898
 15.9374
 9.59166
 10.6301
 9.69536
 6.9282
 9.32738
 13.6015
 13.6015
 22.2036
 21.7025
 28.8791
 25.2587
 21
 12.8841
 11.7898
 8.83176
 13.4164
 13.0384
 12.4097
 21.4476
 24.1247
 24.1454
 17.1172
 17.1172
 17.1172
 13.1909
 11.2694
 11.2694
 12.2474
 11.6619
 11.6619
 29.5973
 24.3311
 0
