 472.842
 35.1568
 22.4054
 20.5183
 39.1024
 42.5793
 42.5793
 52.8961
 41.2674
 46.2925
 45.1553
 42.8836
 42.8836
 41.7493
 41.7493
 39.8121
 40.1497
 40.4969
 35.7211
 27
 41.9524
 35.0714
 35.1568
 37.081
 38.9487
 35.2846
 39.3192
 39.9625
 42
 37.2156
 42.4617
 40.7185
 41.1825
 34.0588
 34.0734
 36.6606
 31.305
 35.8329
 32.0312
 31.9687
 42.0357
 34.5109
 44.1475
 33.3766
 36.5377
 39.2938
 32.0156
 41.2553
 38.4187
 39.8748
 38.8587
 40.8656
 42.4146
 43.1161
 44
 40.4351
 33.7787
 40.0749
 30.0998
 44.9444
 36.8782
 38.7298
 44.9333
 39.0256
 43.1277
 43.6005
 28.8964
 35.7071
 45.1221
 39.95
 50.8724
 43.2088
 45.9021
 43.1509
 45.5302
 48.239
 37.0945
 43.4396
 30.7571
 62.2093
 41.2311
 39.5221
 47.4025
 38.223
 37.5899
 30.7246
 47.7493
 50.03
 36.6606
 43.8178
 52.0865
 52.5262
 43.1161
 43.1161
 47.55
 59.3801
 59.3801
 49.4065
 38.1051
 43.8178
 43.8178
 48.621
 40.4969
 32.4962
 53.4696
 49.0306
 42.391
 43.2204
 42.391
 39.8246
 59.5819
 39.5727
 46.1844
 36.2491
 39.7869
 47.8957
 46.3789
 32.2645
 32.45
 0
 0
 0
 0
 47.1063
 45.6618
 49.1732
 54.7814
 54.7814
 51.303
 47.7912
 53.0094
 47.0532
 47.0532
 51.8459
 43.3705
 43.3705
 44.9778
 56.8331
 39.4968
 43.6119
 39.0128
 48.7032
 44.4072
 41.0122
 57.1489
 41.4849
 33.2114
 46.0435
 52.792
 48.1144
 41.3159
 45.8585
 46.7547
 63.8984
 40.4351
 34.2929
 34.2929
 46.5188
 43.5316
 45.7712
 36.8782
 42.4971
 0
 48.4768
 48.4768
 48.5386
 43.4396
 51.4101
 48.3529
 44.6542
 44.2493
 38.4838
 47.8017
 49.4672
 44.3959
 44.3959
 51.7107
 38.4968
 43.6348
 54.4885
 54.4885
 41.2311
 55.6237
 44.1928
 46.7119
 46.7119
 51.9711
 41.0244
 46.9574
 46.3357
 46.3357
 45.7493
 55.6237
 31.5436
 44.5646
 44.5646
 44.3847
 60.0167
 39.281
 44.1248
 49.1935
 44.6206
 52.8299
 42.2611
 42.2611
 48.4768
 43.1277
 43.7379
 43.8862
 52.1728
 42.4382
 35.1426
 49.4065
 56.3294
 41.6773
 40.5586
 44.8442
 43.9545
 43.9886
 57.8792
 44.4297
 50.5964
 46.7226
 55.0364
 43.4281
 50.2394
 50.4777
 46.7547
 43.6348
 54.1756
 39.2938
 47.9375
 44.5533
 40.025
 44.1701
 57.2975
 20.2731
 47.4025
 66.0984
 44.643
 21.587
 42.8836
 47.5079
 58.4551
 25.8457
 45.4863
 50.7445
 44.8665
 21.0476
 33.6898
 56.4358
 24.1661
 43.1741
 50.6754
 37.6563
 24.8193
 0
 44.7437
 56.9386
 24.1454
 46.7012
 50.1996
 69.8999
 27.6948
 44.2832
 53.4322
 52.259
 21.5639
 21.5639
 53.9815
 37.5899
 23.388
 23.388
 38.4448
 57.0088
 25.3574
 45.1553
 65.3146
 23.3452
 46.7119
 57.2101
 25.9037
 53.3385
 46.0869
 18.6815
 57.0964
 32.6497
 58.2838
 53.376
 58.6174
 45.793
 50.1597
 54.4059
 48.3632
 53.3104
 36.6879
 53.9907
 52.9434
 59.5987
 41.1704
 59.0847
 49.1325
 55.4256
 39.3319
 54.231
 34.2345
 56.2761
 51.7107
 39.6863
 43.6692
 63.3561
 53.619
 59.0593
 55.9464
 39.2683
 56.4889
 56.4889
 55.3082
 59.8331
 45.4643
 62.2495
 54.3231
 53.5164
 55.9285
 40.0625
 59.8749
 43.9773
 34.6699
 56.8683
 44.6878
 53.0566
 53.1883
 53.1883
 36.5377
 55.0999
 57.2276
 58.3695
 56.9561
 56.3471
 44.7996
 57.9396
 53.7773
 58.5406
 61.1474
 37.7094
 42.6146
 62.6738
 56.4889
 56.4889
 43.7607
 82.4924
 55.4797
 62.1772
 56.7539
 43.6348
 59.4727
 58.0431
 42.0357
 61.7819
 44.9889
 58.6345
 52.9811
 57.6715
 58.0345
 41.1704
 38.1314
 42.7551
 46.0217
 71.8262
 50.02
 53.768
 48.1768
 48.1768
 59.7662
 55.8301
 56.4712
 60.4731
 42.1307
 59.2537
 59.2537
 72.5534
 58.2409
 59.5567
 60.349
 47.7284
 45.8258
 41.2189
 50.5668
 49
 48.0104
 48.0104
 47.3286
 54.8179
 56.6745
 50.8822
 57.6021
 42.4146
 42.4146
 56.0089
 54.3323
 47.1169
 58.4209
 58.4209
 38.5616
 44.9222
 39.6358
 45.5192
 56.8507
 56.8507
 44.3396
 0
 0
 0
 0
 0
 0
 0
 0
 48.0729
 58.2065
 58.2065
 58.2065
 57.9741
 57.9741
 50.4282
 68.1909
 54.9636
 55.3805
 55.3805
 69.0435
 43.359
 54.4243
 60.7947
 52.1824
 48.239
 64.9692
 48.6724
 52.1344
 54.111
 58.0172
 69.1881
 55.9375
 56.4801
 56.4801
 56.4801
 56.4801
 56.4801
 55.0818
 55.0818
 88.8932
 88.8932
 88.8932
 88.8932
 88.8932
 88.8932
