 458.334
 19.5704
 26.7769
 14.7648
 26.1916
 29.9333
 0
 30.692
 38.833
 38.833
 47.634
 10.4403
 10.4403
 49.3964
 0
 5.19615
 35.6931
 12.1244
 1.73205
 19.5959
 20.2731
 27.8029
 16.1245
 4.3589
 34.2491
 10.3923
 9.21954
 9.53939
 41.7013
 42.9185
 10.3923
 36.1248
 35.6651
 23.1084
 18.2209
 20
 21
 10.4403
 22
 40.0874
 6.9282
 33.8231
 6.08276
 16.5831
 31.8591
 32.4191
 22.9565
 22.9347
 26.4764
 44.7325
 11.4455
 42.6028
 8.83176
 9.53939
 17.6068
 22.2261
 8.544
 11.7473
 24.1039
 6.08276
 36.3043
 42.8602
 8.7178
 37.4032
 25.2785
 33.8674
 23.388
 31.3528
 26.1725
 41.5933
 21.7715
 41.5211
 8
 29.9833
 10.3923
 28.5832
 7.74597
 19.7737
 25.7682
 23.3238
 35.623
 43.1509
 7.34847
 7.34847
 6.7082
 25.7876
 28.4605
 25.02
 39.1663
 43.1277
 25.3377
 14.9666
 46.7974
 46.7974
 36.8646
 13.8564
 19.0263
 30.4959
 21.7256
 16.2481
 0
 21.7715
 17.1172
 26.0768
 8.83176
 8.12404
 38.2623
 20.6398
 18.3303
 42.3674
 18.412
 42.107
 20.8327
 8.12404
 21.1187
 22.9565
 35.7211
 23.3666
 20
 0
 28.2843
 20.5426
 20.5426
 39.7115
 19.0263
 47
 19.0526
 19.0526
 20.9762
 27.2397
 14.8324
 19.8746
 19.8746
 35.0856
 19.0526
 19.0526
 9.59166
 33.7787
 15.4272
 21.4476
 21.4476
 21.4476
 21.4476
 28.8271
 29.2062
 19.8242
 25.6905
 25.6905
 11.0905
 36.4966
 36.4966
 20.6398
 20.6398
 18.9473
 41.2189
 22.2036
 22.2036
 22.2036
 41.4488
 22.0907
 27.8029
 32.619
 0
 35.1141
 26.2869
 26.2869
 19.4422
 28.4253
 28.9482
 23.6432
 23.6432
 23.6432
 47.8539
 15.6525
 21.1424
 21.1424
 43.5775
 27.8747
 21.0238
 9.53939
 9.53939
 22.5832
 39.4081
 22.9347
 13.3791
 13.3791
 28.7228
 23.7276
 21
 15.8114
 15.8114
 22.0227
 22.3159
 24.454
 22.1133
 22.1133
 21.1187
 11.4018
 35.7211
 20.6155
 20.9284
 39.8873
 8.66025
 22.2486
 22.2486
 36.2629
 21.6795
 18.3848
 20.9762
 32.311
 18.9737
 25.807
 21.8174
 27.4408
 37.5366
 19.1311
 22.891
 47.833
 16
 19.8494
 22.1585
 48.0521
 15.0333
 9.74679
 20.9762
 38.0132
 17.6918
 11.6189
 21.4476
 28.0357
 20.6398
 15.1658
 19.8494
 12.1655
 21.4709
 15.6844
 15.6844
 32.311
 13.0384
 14.7986
 15.3297
 36.8375
 12.1655
 11.5326
 14.9332
 15.1327
 35.2278
 13.0384
 16.4924
 26.2298
 30.8707
 14.3178
 14.3178
 39.3192
 22.4054
 15.6525
 0
 46.4543
 21.4243
 16.7631
 7.14143
 49.4571
 9.84886
 15.906
 6.9282
 41.1339
 22.2036
 15.6525
 0
 28.9828
 26.4953
 14.5602
 0
 30.7571
 15.2315
 16.4924
 44.3621
 8.66025
 17.8606
 30
 10.1489
 16.3095
 40.025
 7.93725
 16.4621
 31.1448
 24.1661
 20.3224
 36.5377
 16.4924
 48.9694
 49.1121
 9.38083
 19.1311
 38.0263
 27.1662
 29.1204
 35.2562
 14.3527
 40.5832
 9.48683
 37.3898
 9.79796
 12.8841
 39.3319
 26.0576
 28.8617
 41.4849
 13.2288
 49.5984
 8
 49.4065
 9.53939
 36.8782
 17.4929
 26.7769
 31.5278
 44.0454
 8.544
 43.1393
 9.16515
 35.4965
 7.93725
 36.8646
 13.2288
 23.6643
 28.8097
 42.6732
 4.89898
 51.4198
 8.48528
 51.7494
 14.8324
 18.6815
 42.1189
 27.6043
 29.1548
 29.1548
 7.14143
 41.5812
 9.84886
 8.12404
 39.4208
 34.7994
 9.32738
 26.9629
 21.7025
 41.7971
 12.0416
 50.7543
 8.48528
 48.8876
 17.4642
 38.8587
 20.8806
 36.6333
 29.6479
 29.6479
 9.32738
 37.7624
 10.4403
 6.7082
 36.8511
 28.6182
 10.4403
 20.9762
 13.5647
 42.8836
 3.87298
 52.5928
 52.5928
 51.8652
 10.4881
 22.891
 37.7359
 29.6816
 20.6155
 36.647
 8.18535
 8.18535
 7.07107
 7.07107
 9
 22.6274
 11.9583
 22.2935
 12.0416
 37.9868
 7.14143
 50.6162
 50.6162
 51.3712
 18.3303
 43.3935
 25.0799
 26.3818
 28.0535
 28.0535
 12.49
 30.1662
 8.48528
 8.48528
 10.3923
 10.3923
 8.544
 21.7256
 12.2882
 36.8239
 36.8239
 47.4025
 47.4025
 47.613
 47.613
 48.1768
 0
 28.1603
 28.1603
 11.0905
 11.0905
 11.0905
 7.93725
 7.93725
 11.2694
 11.2694
 5.47723
 5.47723
 10.9545
 18.4662
 0
 31.209
 22.7376
 45.3652
 42.7902
 29.1376
 19.1833
 5.47723
 9.59166
 6.9282
 6.9282
 19.4936
 19.4936
 42.5676
 42.5676
 42.5676
 42.5676
 50.4183
 7.81025
 8.66025
 6.32456
 6.32456
 28.7402
 0
 0
 0
 0
