 456.414
 9.16515
 16.0312
 11.0454
 5.47723
 12
 12
 13.1909
 9.8995
 12.2066
 12.2882
 16.7929
 16.7929
 13.5277
 13.5277
 14.8997
 13
 9.38083
 9.8995
 10.8628
 8.88819
 10.3923
 9.64365
 8.60233
 11
 9.84886
 6.85565
 12.0416
 11.3578
 13.9642
 12.8452
 11.7898
 7.48331
 9.53939
 12.8841
 7.81025
 8.83176
 10.0499
 9.53939
 15.1327
 9.84886
 17.3205
 12.0416
 13.5277
 12.3288
 9.8995
 12.4097
 9.8995
 10.9545
 15.4596
 10.3923
 18.5203
 9.8995
 11.3578
 11.0905
 11.3137
 12.9228
 9.69536
 10.1489
 11.5326
 13.8924
 16.4317
 13.7113
 11.8322
 12.53
 10.8628
 12.0416
 10.4881
 10.0995
 16.6733
 11.0905
 17.088
 12.5698
 17.8326
 13.1529
 11.2694
 14.7309
 12.6095
 12.5698
 9.48683
 13.0767
 15.3623
 11.225
 15.1987
 10.8628
 12.2474
 11.0454
 10.4403
 10.8628
 14.7648
 11.6619
 11.4018
 18.4391
 18.4391
 14.9332
 10.3441
 19.9499
 12.2474
 18.735
 12.6491
 12.6491
 13.4536
 14.8324
 13.2665
 12.3288
 11.2694
 13.9284
 19.5192
 17.4069
 18.2209
 14.4222
 17.5214
 25.219
 8.7178
 16.3095
 24.8797
 13.7477
 12.1655
 17.5499
 17.5499
 12.3288
 16.7929
 25.5343
 15.6525
 23.0217
 20.2731
 12.8841
 25.2587
 18.9737
 19.6977
 8.18535
 20.0499
 27.6225
 18.4391
 15.1987
 26.7395
 10.4403
 17.8045
 16.6433
 20.3224
 27.1109
 25.5539
 10.8167
 25.593
 19.6723
 17.9165
 13.6748
 24.2074
 19.1833
 14.7309
 27
 15.9687
 21.0476
 13.2288
 19.2614
 19.2094
 26.7208
 19.4936
 17.5499
 19.0263
 25.5734
 10.9087
 10.9087
 15.1658
 19.1572
 28.3019
 16.7033
 15.4919
 15.4272
 20.2731
 25.3772
 27.6043
 20.347
 14.3527
 16.3401
 20
 22.7816
 24.0832
 18.1384
 16.5227
 15.7162
 27.5862
 20.2978
 20.5913
 19.2094
 24.0832
 22.2486
 24
 17.1172
 19.3907
 21.7486
 23.3666
 21.1424
 19.0788
 19.8242
 16.0624
 21.5174
 16.4924
 20.9523
 18.6815
 18.8149
 16.7631
 19.105
 17.1172
 16.1864
 16.7033
 21.4243
 22.561
 19.799
 14.7309
 19.8494
 24.3105
 18.735
 15.5563
 25.5539
 17.6352
 19.0788
 24.98
 19
 13.2288
 19.799
 23.4521
 16.8226
 17.4069
 17.5784
 20.5913
 18.1384
 10.1489
 21.1187
 22.2261
 20.2485
 18.412
 18.7883
 15.6525
 19.1833
 22.5832
 16.7332
 19.975
 14.6969
 19.1311
 16.7332
 19.2354
 14.9332
 15.4596
 17.6068
 17.4069
 19.0526
 21.2603
 18.2757
 21.8174
 16.3707
 16.7033
 16.1245
 23.4094
 17.1172
 17.1464
 17.1464
 20.3224
 17.6068
 19
 8.30662
 22.7156
 11.0905
 18.5472
 8.30662
 18.6815
 9.84886
 16.4012
 16.4012
 22.2486
 22.561
 18.2483
 18.2483
 19.105
 22.7816
 17.1172
 21.4709
 15.1327
 18.303
 19.5192
 14.3875
 19.3907
 22.5389
 18.2757
 17.1464
 21.3307
 24.3721
 21.7025
 23.4094
 20.2978
 22.2036
 22.2935
 19.1311
 10.583
 21.7945
 21.6795
 24.4745
 20.7846
 21.1424
 21.7486
 18.5203
 22.2486
 19.799
 20.9045
 21.4942
 25.1595
 22.5167
 22.8035
 19.0526
 23.1084
 20.2731
 19.5704
 18.1108
 20.3224
 22.561
 22.5167
 22.6053
 22.6936
 19.8242
 21.166
 16.8819
 22.1359
 20.8327
 22.9129
 23.516
 21.8174
 26.9444
 27
 22.2711
 23.622
 17.1172
 24.8395
 20.2237
 22
 22.5832
 20.9284
 21.9773
 22.1585
 26.3818
 22.5389
 23.4521
 20.7846
 19.975
 22.9129
 22.0227
 22.561
 21.9089
 23.1084
 19.0788
 21.6102
 19.4165
 21.0238
 23.4734
 18.2483
 24.3721
 20.8567
 24.8998
 23.8537
 20.9762
 21.4942
 21.7486
 20.8087
 21.7025
 22.5389
 22.1585
 22.6274
 21.7486
 24.2693
 19.5448
 20.9045
 19.105
 22.1133
 23.4734
 27
 18.2757
 21.5174
 22.561
 23.6008
 24.3311
 23.6008
 20.9762
 21.8174
 20.8567
 22.8254
 20.9045
 22.3159
 22.9129
 23.1733
 17.5499
 23.4094
 23.4094
 23.8118
 20.8806
 22.5167
 21.7715
 21.095
 22.8035
 23.0434
 21.0238
 20.2485
 20.8806
 23.1301
 20.8806
 20.664
 21.7256
 24.4336
 19.7737
 23.0217
 17.5499
 23.7697
 23.7697
 21.5407
 21.5407
 19.3132
 19.3132
 21.2603
 23.388
 21.7025
 21.6102
 22.8254
 23
 22.2935
 21.7256
 21.7945
 26.5518
 21.7715
 26.5895
 26.4197
 26.4197
 21.166
 33.4664
 20.8567
 19.7231
 20.0499
 21.7715
 21.7715
 24.3105
 21.8861
 22.1811
 24.3311
 17.3205
 19.8242
 20.3224
 17.5784
 17.5784
 51.7204
 21
 21.7486
 22.6936
 22.7596
 20.4695
 20.4695
 19.105
 20.2978
 20.2978
