 0
 11.7047
 11.7047
 14.6969
 9.69536
 15.906
 0
 13.0767
 13.7113
 11.225
 17.8045
 12.8841
 12.8841
 19.0263
 19.0263
 15.5242
 17.2337
 13.1149
 14.7648
 14
 13.8564
 14.0712
 13.8203
 10.3923
 16
 13.1909
 9.64365
 13.8924
 16.6733
 14.9332
 13.9284
 11
 11.0905
 14.8324
 14
 13.4536
 13.8924
 13.8924
 14
 17.3205
 14.6969
 20.9762
 13.1149
 13.7113
 15.9374
 16.6433
 13.8564
 15.6205
 14.4568
 20.2731
 15.9687
 22.561
 14.7648
 14.8661
 17.3494
 15.1658
 15.5885
 14.7309
 14.7309
 14.8997
 18.9473
 19.4679
 14.7648
 17.3494
 13.7477
 16.3095
 13.9284
 15.9687
 16.6433
 21.5174
 16.5227
 20.9762
 13.8924
 21.1896
 13.4536
 13.2665
 15.1327
 16.7033
 14.7648
 15.0997
 16.8226
 20.9523
 15.6525
 20.2485
 15.6205
 18.3576
 14.2478
 14.9332
 17.5784
 21.4942
 16
 15.1987
 21.7486
 21.7486
 18.5472
 14.0712
 22.2486
 17.1756
 19.5448
 13.9284
 0
 18.303
 16.7631
 15.748
 13.6015
 16.4621
 18.3848
 20.567
 18.3848
 23.3238
 20.347
 22.5832
 28.5482
 14.9332
 14.9332
 25.5539
 19.2614
 17.4929
 20.664
 0
 17.2047
 17.4069
 17.4069
 18.3303
 23.0217
 25.8844
 18.3576
 18.3576
 23.6643
 27.6586
 14
 21.4942
 21.4942
 20.9045
 17.4929
 17.4929
 14.8661
 22.2486
 16.7033
 16.7033
 16.7033
 16.7033
 15.3948
 15.3948
 25.1992
 19.5448
 14.7648
 14.7648
 21
 18.5203
 18.5203
 18.8149
 18.8149
 19.9499
 23.3666
 22.1133
 22.1133
 18.4932
 22.0907
 20.5426
 20.5426
 15.4272
 0
 20.9762
 24.454
 24.454
 20.5913
 23.5584
 20.2237
 24.4949
 24.8596
 28.2135
 25.7682
 21.6795
 18.2757
 18.2757
 27.074
 26.4953
 22.9129
 17.088
 17.088
 28.7924
 24.6779
 22.1359
 19.105
 19.105
 26.2488
 27.0555
 20.025
 18.303
 18.303
 25.923
 24.3516
 21.4009
 21.7945
 21.7945
 25.7682
 19.8242
 22.7596
 20.9762
 25.9037
 21.9545
 21.4476
 22.6274
 22.6274
 23.7908
 25.04
 23.3666
 22.4944
 22.1585
 25.6515
 26.3439
 21.0238
 22.9129
 28.3725
 24.1868
 22.9783
 29.5127
 22.1811
 19.975
 21.4476
 28.8964
 22.1811
 20.2731
 20.8806
 24.7184
 22.9783
 15.2315
 22.9347
 25.5539
 21.1187
 22.2036
 19.3132
 21.9089
 21.4709
 25.3969
 25.3969
 23.0868
 18.4391
 22.1359
 22.1359
 22.5167
 22.5167
 19.5959
 19.5959
 19.2614
 23.388
 23.2809
 23.2809
 24.2693
 21.4942
 21.4942
 18.4662
 26.8142
 22.6936
 22.6936
 22.6936
 24.6982
 24.3311
 24.3311
 9.48683
 27.8209
 16.8226
 16.8226
 8.88819
 22.8692
 16.6132
 16.6132
 16.6132
 26.2107
 25.2587
 25.2587
 25.2587
 22.7596
 25.3377
 25.3377
 26.4197
 18.4932
 18.4932
 23.7487
 18.8149
 18.8149
 26.2679
 22
 22
 26.0384
 26.7769
 27.074
 27.5862
 24.3516
 28.2135
 28.931
 21.1424
 14.2478
 26.7582
 22.5389
 28.4077
 22.2486
 24.454
 25.671
 21.7256
 27.258
 23.3452
 21.5407
 29.0172
 26.1151
 29.5296
 25.8457
 24.6982
 28.2843
 22.891
 25.807
 21.7256
 24.3311
 23.6432
 25.3574
 24.7184
 24.2074
 23.3666
 25.0998
 21.8861
 26.0768
 23.8956
 26.7582
 24.0208
 26.6083
 28.2666
 30.692
 27.4591
 28.8964
 22.6936
 30.7246
 23.6643
 23.8537
 27.6586
 23.4307
 25.7488
 25.2389
 29.4958
 26.2679
 25.7876
 22.561
 25.1992
 28.2135
 23
 24.2281
 29.4449
 27.313
 24.6779
 27.313
 22.8473
 26.4764
 25.02
 22.8254
 25.923
 22.0227
 29.1376
 26.4575
 23.7065
 25.0799
 24.4745
 22.2261
 26.9629
 27.7669
 22.8473
 24.7386
 26.7769
 28.4605
 22.6495
 26.7769
 23.0868
 28.3549
 25.04
 27.4226
 24.6779
 26.5141
 24.4336
 26.8328
 26.5895
 28.2666
 23.6854
 26.0576
 21.9773
 26.2869
 21.7025
 21.9089
 27.2397
 26.0768
 21.5407
 28.8617
 28.8617
 29.4788
 23.1301
 27.074
 24.8596
 23.3238
 25.807
 27.7128
 24.1247
 25.219
 24.1661
 28.931
 23.3666
 26.2488
 22.7596
 25.671
 23.9792
 26.096
 22.6274
 27.6406
 27.6406
 26.8142
 26.8142
 25.8263
 25.8263
 24.454
 25.807
 23.8956
 25.2389
 28.2666
 25.2587
 27.6767
 24
 26.0576
 26.1534
 23.0868
 26.2107
 26.4197
 26.4197
 24.3721
 33.9411
 27.4226
 25.3377
 23.1301
 23.4307
 23.9165
 26.7021
 22.1811
 21.8632
 25.318
 20.7364
 25.807
 26.4197
 19.3907
 19.3907
 53.7122
 22.5832
 23.1733
 24.3516
 23.7276
 22.1359
 22.1359
 22.9347
 24.2899
 24.2899
