 0
 20.8806
 20.8806
 14.7648
 0
 22.7156
 0
 16.0935
 17.1464
 1.73205
 10.3923
 10.3923
 0
 11
 11
 11
 15.3297
 15.3297
 15.3297
 15.3297
 0
 26.0768
 26.0768
 0
 15.4919
 12.7671
 0
 17.0587
 17.0587
 0
 16.4621
 15.9374
 15.9374
 24.3311
 18.9737
 23.9792
 17.4356
 22.7816
 21.7715
 17.088
 13.4907
 7.34847
 7.34847
 20.6155
 9.84886
 21.6795
 24.454
 19.799
 19.1572
 9.79796
 20.8567
 13.6015
 14
 12.1244
 8
 24.2899
 17.8606
 25.04
 20.4206
 20.1246
 21.7715
 12.4097
 0
 8.12404
 8.12404
 21.166
 19.8494
 20.2485
 23.5584
 15.3948
 9.11043
 14.7648
 19.5448
 10.0499
 10.0499
 21.0476
 21.3542
 20.9762
 21.5407
 18.2757
 20.8806
 10.4403
 10.4403
 9.32738
 18.6011
 22.6716
 17.8885
 22.5167
 22.4722
 16.6132
 9.32738
 6.7082
 13.9284
 13.9284
 14.8997
 14.8997
 15.4596
 21.9773
 12.8452
 14.7986
 14.7986
 7.74597
 10.4403
 26.0192
 26.0192
 25.1992
 21.7945
 11.7473
 10.4403
 11.0905
 11.5326
 9.8995
 24.1039
 24.1039
 9.79796
 24.454
 24.454
 22.6274
 11.0454
 11.0454
 25.3377
 7.74597
 20
 21.7025
 21.3776
 11.0454
 9.32738
 21.095
 12
 9.84886
 18.3576
 10.0995
 20.8327
 16.8523
 10.3923
 19.4165
 14.8324
 29.5466
 29.5466
 9.64365
 19.8242
 23
 7.54983
 20.8806
 11.7898
 10.583
 25.2389
 23.8118
 31.289
 27.8029
 21.4709
 9.84886
 21.4009
 10.0995
 15.1327
 8.83176
 21.095
 21.9089
 14.2127
 7.93725
 22.561
 7.81025
 7.81025
 13.5647
 30.4138
 22.7816
 9.38083
 27.8209
 25.0799
 8.88819
 24.4745
 28.0535
 20.9523
 17.8885
 8.18535
 8.18535
 20.347
 27.258
 10.0995
 16
 18.2483
 30.2985
 19.975
 7.87401
 22.6716
 24.3311
 33.2415
 31.305
 9.16515
 9.16515
 23.4947
 30.692
 30.1496
 27.8029
 7.81025
 18.2757
 27.9464
 35
 23
 9.84886
 29.4958
 10.4881
 19.5448
 6.9282
 6.48074
 14
 24.1247
 32.2025
 6.245
 23.6432
 16.8523
 35.5949
 8.83176
 29.6816
 28.8964
 17.6918
 10.3923
 19.9249
 18.3576
 18.2483
 8.66025
 17.5499
 19.1833
 7.74597
 10.3441
 16.7332
 19.105
 19.105
 19.105
 34.7419
 28.0535
 16.4924
 9.48683
 17.8326
 29.6311
 34.1906
 12.2882
 21.095
 9.32738
 15.748
 13.8564
 9.84886
 16.4924
 10.0499
 13.8564
 13.8564
 9.84886
 21.7025
 13.0384
 37.3765
 29.7153
 13.9284
 16.6132
 28.0713
 29.4279
 13.1529
 13.1529
 20.7364
 22.7376
 13.1529
 13.1529
 15.1658
 9.38083
 13.9642
 13.9642
 21
 21
 12.2474
 0
 35.8329
 34.7563
 14
 14
 33.1059
 31.0644
 14
 14.9666
 9.64365
 12.8841
 12.4097
 12.4097
 13.1149
 15.4919
 18.5203
 13.0384
 35.1994
 38.223
 31.8434
 29.4109
 23.5372
 17.7764
 15.1327
 15.1327
 15.1327
 16.3095
 35.623
 36.4966
 29.95
 31.3209
 15.1658
 15.1658
 13.9642
 13.9642
 33.8526
 12.083
 36.4966
 36.0555
 26.4386
 33.7046
 14.7648
 13.2665
 22.1359
 22.1359
 25.2982
 34.9142
 36.1386
 34.7994
 28.4605
 26.0768
 13.2288
 13.2288
 10.4403
 10.4403
 11.8322
 32.4037
 35.8329
 36.8239
 24.2281
 21.095
 14.2478
 12.9615
 18.7883
 29.5635
 36.524
 19.799
 33.9411
 32.0624
 18.2483
 29.3087
 12.53
 12.53
 12.53
 12.9615
 30.0167
 34.1906
 31.289
 36
 22.2711
 31.9844
 15.9687
 15.9687
 24.5764
 30.4138
 26.6271
 36.606
 28.931
 37.7094
 22.2486
 27.6043
 11.7047
 11.7047
 11.7047
 10.4403
 36.318
 32.4808
 32.2025
 27.7849
 25.8263
 25.8263
 13.2288
 13.2288
 15.1327
 15.1327
 38.3275
 24.98
 34.6987
 29.7489
 11.6619
 26.9444
 13
 14.0357
 9.94987
 9.94987
 11.7898
 28.4429
 36.1663
 16.3401
 27.7849
 27.7849
 16.5529
 16.5529
 12.3288
 12.3288
 19.4165
 34.4093
 23.1948
 20.025
 12.8062
 27.8029
 14.8661
 14.8661
 13.9642
 13.9642
 15.4919
 15.4919
 33.0303
 26.096
 28.5657
 18.3848
 21.4243
 21.4243
 9.84886
 9.84886
 13.7113
 13.7113
 25.5734
 22.0227
 34.7419
 12.49
 14.1067
 26.9815
 13.7113
 13.7113
 24.4336
 24.4336
 32.8938
 34.8425
 28.3549
 28.3549
 20.5183
 20.5183
 11.6619
 9.8995
 27.7489
 36.4829
 27.7849
 16.4317
 15.6844
 15.6844
 31.0644
 25.5539
 15.6205
 13.4907
 13.4907
 0
 0
 22.6716
 22.6495
 0
 49.5379
 49.5379
 0
 0
 23
 0
