 458.123
 4.69042
 4.69042
 2.64575
 2.64575
 3.60555
 3.60555
 6.9282
 7.81025
 11.7047
 7.81025
 7.81025
 7.81025
 6.9282
 8.12404
 8.12404
 8.88819
 8.88819
 8.88819
 8.88819
 8.88819
 6.08276
 6.08276
 6.08276
 5.19615
 7
 7
 6.9282
 7.81025
 7.81025
 8.77496
 7.87401
 7.87401
 5.74456
 8
 6.32456
 6.9282
 6.9282
 9
 6.245
 7.74597
 7.4162
 7.4162
 7.81025
 6.55744
 5.09902
 7.93725
 4.24264
 6.48074
 6.245
 5.74456
 4.89898
 7.81025
 6.9282
 5.09902
 7.61577
 9.48683
 6.85565
 7.93725
 6.245
 8.42615
 6
 6
 5.47723
 5.47723
 6.08276
 6.9282
 7
 6.16441
 6.08276
 6.7082
 4.24264
 7.34847
 2.44949
 2.44949
 6.55744
 11.3578
 4.3589
 9.48683
 6
 6.9282
 7.74597
 9.48683
 4.89898
 7
 7.81025
 3
 3.87298
 6.08276
 6.16441
 6
 7
 5.47723
 9.48683
 4.58258
 8.12404
 9.53939
 6
 9
 10.1489
 7.81025
 6.245
 7.81025
 11.5758
 11.3137
 6.9282
 9
 10.583
 7.87401
 6.7082
 6.9282
 6.16441
 7.4162
 10.3441
 9.48683
 7.54983
 5.38516
 8
 8.77496
 9.48683
 3.4641
 8.66025
 9.38083
 8.60233
 5.65685
 8.544
 6.63325
 12.3288
 10.4881
 6.55744
 7.28011
 9
 11.2694
 8.60233
 8.24621
 11.4891
 7.14143
 7.4162
 7.4162
 8.66025
 9.38083
 9.69536
 2.44949
 10.8167
 11.6189
 9.32738
 10.4403
 8.544
 11.7473
 9.64365
 10.9545
 8.88819
 7.74597
 9.16515
 7.4162
 9
 9.05539
 5.65685
 7.28011
 8.66025
 11.225
 8.66025
 8.66025
 4.69042
 11
 10.6771
 9.32738
 4.89898
 9.21954
 8.48528
 8.83176
 8.18535
 8.24621
 7
 7.81025
 9.21954
 8.18535
 7.81025
 9.69536
 8.66025
 7.74597
 7.07107
 9.32738
 7.81025
 9.8995
 10.5357
 9.8995
 6.08276
 8.60233
 8.60233
 9.79796
 6.08276
 11.2694
 11.3137
 8.66025
 8.24621
 6.245
 9.05539
 10.3441
 9.32738
 7.34847
 8.544
 13.8924
 7.81025
 10.198
 5.83095
 7.87401
 14.2829
 7.14143
 6.9282
 6.55744
 14.2829
 9.32738
 8
 14.2829
 6.9282
 8.83176
 11.7898
 7.93725
 8
 9.53939
 10.8628
 9.32738
 8.544
 10.3923
 9.84886
 9.11043
 8.94427
 8.94427
 10.5357
 11.8322
 7.93725
 8.7178
 9.16515
 10.583
 11
 8
 9.21954
 9.05539
 8.48528
 9.16515
 6.9282
 7.74597
 9.32738
 8.544
 11.3137
 5.56776
 9.53939
 7.93725
 12.4499
 5.56776
 9.16515
 6.55744
 11.3578
 7.74597
 7.93725
 7.93725
 10.0995
 10.0995
 8.544
 8.544
 10.583
 9.8995
 7.93725
 7.93725
 11.3137
 9.79796
 6.7082
 6.7082
 10.1489
 12.4499
 9.21954
 6.9282
 12.3288
 10.4881
 8.544
 9.8995
 9.74679
 6.245
 9.69536
 11.7047
 9.16515
 9.21954
 13.5277
 8.60233
 9.16515
 14.3527
 8.83176
 12.8841
 9.79796
 12.083
 12.8062
 9.84886
 9.74679
 12.0416
 10.4403
 12.8062
 10.0995
 13.5647
 8.544
 10.1489
 10.8167
 9.74679
 12.49
 7.74597
 12.49
 12
 11.3137
 12.7671
 11.6189
 10.1489
 11.0454
 8.83176
 10.583
 12.49
 11.7473
 11.1355
 12.49
 11.6189
 9.79796
 12.3693
 9.84886
 13.9284
 9.8995
 13.9642
 10.4403
 15.4596
 12.0416
 11.7473
 11.7473
 10.9545
 12.0416
 10.583
 11.6619
 11.2694
 13.1909
 13.9642
 10.8167
 13.5647
 11.225
 12.7671
 11.7473
 10.8628
 13.1909
 12.3693
 12.49
 12.4097
 13.1909
 13.1149
 11.7473
 11.225
 10.583
 10.5357
 11.2694
 11.8322
 11.6619
 13.9284
 10.0995
 12.8452
 8.18535
 11.7898
 11.0905
 7.4162
 12.7671
 13.3041
 13.2288
 13.5647
 13.2288
 13.1529
 10.6301
 12.0416
 13.9284
 13.2665
 14.4222
 13.2288
 13.9284
 13.2665
 10.8628
 13.9642
 7.81025
 12.8062
 9.84886
 12.9615
 10.6301
 13.0384
 13.7113
 9.69536
 13.2288
 9.32738
 11.1355
 9.38083
 11.1355
 11.3137
 11.7898
 14
 11.1355
 10.9545
 11.7473
 12.53
 12.7671
 12.0416
 10.9545
 13.4907
 12.3288
 15.0665
 14.4568
 11.5758
 13.0384
 11
 11.1355
 10.0995
 11.7473
 10.0995
 11.7473
 10.583
 13.9284
 10.0499
 13.5647
 8.77496
 10.4403
 13.4536
 10.0995
 12.8062
 9.53939
 14.8997
 10.6771
 14.4222
 14.4222
 10.4403
 11.7898
 30.4138
 11.0454
 9.84886
 11.8322
 12.53
 13.5647
 12.6095
 11.7473
 11.7473
 12.49
 13.2288
 12.7671
 10.8628
 8.42615
 8.42615
 29.4788
 9.38083
 10.583
 10.583
 11.3137
 11.3137
 11.3137
 11.3137
 10.5357
 0
