 455.664
 10.3923
 10.3923
 8.48528
 8.48528
 8.18535
 0
 12.8452
 10.4881
 11.8322
 13.7113
 13.7113
 13.7113
 13.6382
 14.5602
 14.5602
 13.8564
 13.8564
 13.8564
 13.8564
 13.8564
 9.69536
 9.69536
 9.69536
 8.66025
 13.3041
 13.3041
 12.1655
 12.8841
 12.8841
 12.1244
 10.3923
 10.3923
 11.2694
 11.2694
 12.2474
 10.6771
 11.5326
 13.0767
 10.5357
 10.7238
 13
 13
 12.1244
 10.4403
 11.4018
 9.53939
 10.9545
 9.59166
 12.2882
 11.2694
 9.48683
 13.7113
 12.6095
 11.3578
 13
 12.2066
 13.1909
 13.1529
 11.3137
 13.8203
 9.53939
 9.53939
 10.4403
 10.4403
 10.3923
 12.2882
 11.2694
 12.2474
 10.3923
 12.8841
 9.53939
 12.2474
 7.87401
 7.87401
 12.1655
 13.0384
 11.3137
 13.8924
 13.1149
 13.0384
 13.2665
 14.7648
 10.583
 14
 14.2829
 8.66025
 11.3578
 12.6095
 12.4097
 12.0416
 13.1529
 9.59166
 11.7473
 10.4403
 14.7309
 16.8523
 13
 12.3288
 12.2882
 12.2882
 13
 11.0454
 14.8324
 11.3578
 13.8924
 14.8324
 14.1067
 11.0454
 12.4097
 13.8924
 11.5758
 10.198
 15.6205
 11.7473
 9.53939
 11.7898
 13.8924
 11
 8.60233
 10.7238
 10.4403
 9.05539
 14.0357
 8.83176
 13.4164
 13.5647
 13.1529
 12.8452
 14
 14
 12.3288
 11.2694
 14.3178
 12.2882
 12.0416
 13.9284
 13.2665
 13.2665
 11
 12.083
 8.24621
 7.81025
 10.5357
 17.1756
 14.4222
 15.6844
 7.34847
 16.8523
 15
 11.7473
 12.3288
 6.63325
 15.9687
 14.1067
 12.8062
 9.59166
 6.08276
 12.083
 11
 10.583
 14.8661
 14.8661
 11.4455
 15.9687
 11.225
 13.7113
 13.2665
 14.7986
 12.9615
 10.3923
 9.64365
 13.2665
 14.3178
 12.2474
 15.5242
 13.6748
 10.3923
 13.0384
 13.9642
 7.14143
 9.16515
 14.2127
 11.6189
 15.3948
 8.66025
 16.1555
 10.3923
 12.7671
 12.7671
 8.18535
 9.38083
 18.5472
 17.5499
 11.6619
 7.81025
 10.9087
 13.5647
 14.7309
 13.2288
 14.4914
 13.2665
 17.8606
 11.0454
 9.69536
 13.1149
 12.6095
 18.4391
 11.0905
 15.1327
 15.5885
 18.412
 14.0712
 14.0712
 16.7033
 14.9666
 13.4536
 15.6525
 13.6382
 15.1658
 13.5647
 15.906
 17.3494
 14.3527
 13.0384
 15.5242
 15.5885
 15.3948
 15.3948
 16.8226
 17.1172
 14.1067
 11.7473
 14.5258
 16.7332
 17.6068
 5.19615
 15.1658
 13.784
 13.6748
 7.87401
 11.7898
 13.3041
 13.0767
 6.9282
 16.4012
 11.6189
 14.9666
 5.19615
 18
 14.8324
 7.4162
 7.4162
 16.8523
 15.9374
 6
 12.1655
 15.2315
 17.3494
 7.34847
 7.34847
 17.1172
 15.6525
 6.9282
 6.9282
 16.8523
 15.5242
 4.24264
 4.24264
 15.6844
 16.3707
 7.4162
 13.0384
 17.5784
 16.8523
 6.9282
 15.1658
 14.9332
 5.19615
 14.7309
 16.8226
 6.08276
 16.3095
 18.5203
 6.32456
 15.5242
 18.4391
 14.9332
 17.2337
 15.906
 17.3494
 17.4069
 15.8745
 15.4919
 16.8819
 16.7332
 17.8326
 14.9332
 19.0263
 13.2288
 16.1245
 15.1658
 15.6844
 16.8819
 14.3875
 16.9115
 18.5472
 17.1464
 18.412
 18.2483
 16.5529
 19
 13.7113
 16.3707
 16.8523
 17.5499
 16.4317
 17.3494
 17.4069
 15.1327
 18.5472
 15.1658
 18.5472
 15.9374
 18.5742
 17.1172
 19.6214
 18.7617
 17.1464
 16.6733
 15.3297
 18.303
 16.3401
 17.1172
 18.5472
 17.3781
 18.4932
 14.2829
 20.9762
 15.906
 19.2873
 17.8326
 15.1987
 18.4391
 19.799
 17.6068
 19.105
 18.735
 17.7482
 17.5499
 17.7482
 16.4317
 15.6205
 19.0263
 16.3707
 16.3707
 18.5472
 13.7477
 18.4662
 13.6748
 18.0555
 16.4012
 13.2288
 18.5742
 18.6279
 18.0555
 19.0263
 19.9499
 17.7764
 17.088
 17.1756
 19.105
 18.412
 18.4391
 18.5742
 20.445
 17.9165
 15.1658
 19.0526
 13.9642
 18.4391
 15.8745
 17.8885
 16.4012
 18.0831
 17.6068
 16.8523
 18.303
 14.2127
 16.7631
 14.4914
 17.8885
 16.8523
 19.0263
 19.0526
 17.6068
 14.7648
 16.3401
 19.2614
 17.8606
 17.6068
 15.3297
 18.0278
 17.7764
 19
 19.0788
 17.1464
 18.303
 14.1067
 16
 12.8841
 15.6205
 12.8452
 18.2757
 16.3401
 18.4391
 14.4222
 19.0263
 14.8661
 14.1067
 17.2337
 15.2971
 17.1464
 12.9228
 18.4662
 13.5277
 17.9444
 17.3494
 14.7648
 16.4012
 35.623
 18.2483
 15.9374
 16.8819
 17.3781
 17.8326
 15.6205
 15.9687
 12.2882
 16.6433
 17.8326
 17.8606
 16.0312
 12.2474
 12.2474
 34.5543
 12.9615
 16.0935
 16.0935
 17.8326
 17.8326
 17.8326
 17.8326
 15.9687
 15.9687
