 0
 3
 0
 3
 3
 3.4641
 0
 6.7082
 4.47214
 2.44949
 5.74456
 5.74456
 5.74456
 6.63325
 6.7082
 6.7082
 6
 6
 6
 6
 6
 3
 3
 3
 3.4641
 6.16441
 6.16441
 4.58258
 6.7082
 6.7082
 5.19615
 2.23607
 2.23607
 4.58258
 2.44949
 5
 4.12311
 6.9282
 4.58258
 2.44949
 4.79583
 5.47723
 5.47723
 5.09902
 3.4641
 4.89898
 2.44949
 3.74166
 5.19615
 6.245
 6.16441
 6
 7.34847
 6.63325
 6.48074
 6
 6
 6.85565
 6.16441
 5.47723
 5.65685
 2.82843
 2.82843
 3.74166
 3.74166
 3.74166
 4.69042
 5.47723
 5.47723
 5.19615
 5.19615
 5.19615
 5.09902
 4.3589
 4.3589
 4.3589
 5.09902
 5.74456
 6.55744
 8.12404
 6.85565
 6.55744
 8.544
 4.24264
 7.93725
 7.28011
 1.73205
 4.24264
 6.7082
 6.245
 4.3589
 6.08276
 4.3589
 0
 5.2915
 5.38516
 7.81025
 6
 1.73205
 4.24264
 4.24264
 6.48074
 5.19615
 6.08276
 2.64575
 7
 7.34847
 2.44949
 5.19615
 5.74456
 6
 5
 6
 7.34847
 7.34847
 3.4641
 4.58258
 6.7082
 6.08276
 6.08276
 4.58258
 1.73205
 1.73205
 5.19615
 1.73205
 6.85565
 5.19615
 5.19615
 6.85565
 8.12404
 7.14143
 3.4641
 3.4641
 6
 5.09902
 5.09902
 7.34847
 6.08276
 6.08276
 6.08276
 6.08276
 6.08276
 6.08276
 6.08276
 7.74597
 5.19615
 6
 6
 7.87401
 6.245
 6.245
 6
 6
 6.16441
 7.14143
 4.24264
 4.24264
 1.73205
 5.2915
 2.44949
 2.44949
 6.245
 6.245
 6.16441
 8.12404
 8.12404
 6.245
 8.42615
 6.9282
 6.85565
 3.31662
 2.44949
 6.85565
 8.12404
 1.73205
 1.73205
 6.08276
 2.44949
 6.9282
 4.3589
 4.3589
 4.24264
 6.9282
 2.44949
 6.08276
 6.08276
 6.9282
 3.74166
 6.16441
 6.16441
 6.16441
 1.73205
 8.18535
 8.66025
 0
 0
 6.08276
 7.87401
 6
 6
 7.07107
 7.14143
 7.87401
 5
 5
 7.4162
 5.19615
 7.14143
 2.82843
 8.12404
 7
 7.74597
 4.24264
 6.9282
 7.81025
 7
 3.4641
 7.81025
 6
 7.07107
 3.4641
 6.9282
 7.68115
 6.85565
 5
 6.9282
 6
 8
 8
 8.66025
 8.66025
 5.19615
 1.41421
 6.16441
 7.81025
 7.81025
 7.81025
 6.9282
 7
 6
 6
 6.08276
 6.08276
 7.81025
 7.81025
 8.66025
 6.245
 6.08276
 6.08276
 7.74597
 7.81025
 7.81025
 6.08276
 7.74597
 8.60233
 8.60233
 6.9282
 8.66025
 9.53939
 9.53939
 9.53939
 7.81025
 6.9282
 6.9282
 6.9282
 7.07107
 9.53939
 9.53939
 9.53939
 6.9282
 7.81025
 7.81025
 0
 8.66025
 7.14143
 7.14143
 9.53939
 7.93725
 7.93725
 6.9282
 7.81025
 7.81025
 7.81025
 8.66025
 8.66025
 7.81025
 9.53939
 9.48683
 8.66025
 9.48683
 7.81025
 7
 7.74597
 7.74597
 7.74597
 7.81025
 7.81025
 7.93725
 7.81025
 6.85565
 7.74597
 7
 8.66025
 7.14143
 7.93725
 7.81025
 11.225
 7.81025
 9.64365
 9.48683
 6.9282
 9.53939
 6.9282
 7.81025
 8.66025
 7.93725
 7.74597
 7.81025
 7.93725
 7.74597
 10.4403
 6.9282
 8.66025
 6.9282
 7.81025
 9.48683
 8.66025
 9.64365
 9.48683
 7.81025
 7.87401
 8.66025
 9.48683
 8.66025
 7.81025
 9
 7.81025
 7
 10.3923
 7.74597
 9.53939
 10.3441
 8.66025
 9.48683
 9.48683
 8.66025
 9.48683
 9.79796
 10.4403
 7.93725
 7.74597
 7
 6.9282
 8.77496
 9.48683
 7.74597
 8.66025
 7
 7.81025
 6.85565
 8.60233
 10.3441
 6.9282
 10.6771
 8.18535
 8
 10.9087
 9.84886
 9.84886
 7.81025
 7.81025
 8.18535
 7.81025
 7.74597
 7.81025
 10.3923
 7
 8.66025
 7.81025
 6.9282
 7.81025
 7.74597
 7.81025
 7.81025
 7.81025
 8.66025
 9.53939
 8.66025
 8.60233
 7.81025
 9.53939
 9.48683
 7.81025
 9.59166
 9.79796
 6.9282
 8.18535
 7.81025
 8.83176
 8.18535
 9.53939
 7.81025
 9.48683
 7.74597
 8.60233
 7.81025
 8.7178
 9.48683
 8.60233
 7
 6.08276
 7.81025
 6.85565
 9.53939
 6.9282
 8.12404
 6.85565
 7.34847
 6.9282
 8
 8.12404
 7.07107
 6.9282
 7.14143
 7
 7.68115
 7.74597
 9.48683
 8.12404
 6.9282
 6.85565
 8.66025
 7.74597
 7
 7.07107
 7.68115
 5.19615
 6.85565
 6.85565
 7.87401
 7.34847
 6.9282
 6.9282
 3.31662
 3.31662
 5.91608
 4.3589
 6
 6
 5.19615
 5.19615
 5.19615
 5.19615
 6.08276
 6.08276
