 486.028
 15.1327
 15.1327
 23.9374
 23.9374
 21.4243
 21.4243
 25.2982
 25.1197
 36.2905
 27
 27
 27
 26.0384
 18.412
 18.412
 28.7228
 28.7228
 28.7228
 28.7228
 28.7228
 28.8964
 28.8964
 28.8964
 29.1033
 24.4745
 24.4745
 21.3073
 22.891
 22.891
 22.9565
 28.688
 28.688
 24.7184
 26.1725
 32.0312
 26.1343
 31.1769
 29.95
 29.7321
 24
 24.8395
 24.8395
 28.4077
 26.7582
 28.6531
 29.7321
 33.1964
 32.4191
 27.9464
 31.3688
 28.2843
 24.8998
 24.0624
 30.5778
 35.5668
 27.4044
 32.3419
 31.0161
 30.4302
 34.0734
 33.2866
 33.2866
 32
 32
 31.6228
 32.573
 34.9285
 32.5576
 28.8444
 37.3363
 32.7109
 32.2955
 33.7343
 33.7343
 36.8782
 31.5911
 34.9714
 32.9242
 32.1403
 35.6791
 34.6121
 27.9106
 30.8707
 28.7228
 33.1361
 35.5949
 33.0908
 37.027
 31.1929
 39.975
 34.7707
 35.1426
 35.1426
 34.4529
 32.9545
 48.4768
 37.7492
 42.6146
 46.076
 46.076
 39.9625
 43.4511
 37.6829
 49.0714
 34.7275
 40.4228
 54.8817
 44.0795
 38.5746
 30.6105
 35.2987
 48.7442
 34.7707
 44.8776
 46.7119
 36.647
 36.647
 48.239
 48.6107
 38.2884
 43.4971
 49.8297
 46.1952
 45.31
 41.0488
 41.7133
 48.7032
 47.55
 37.7624
 34.7707
 49.224
 55.0908
 42.7785
 42.6497
 48.6826
 33.0151
 47.7703
 47.7703
 46.9042
 46.2925
 49.6286
 34.3511
 48.0625
 52.3641
 43.6578
 36.0555
 47.4658
 40.2244
 44
 47.8226
 51.7011
 42.8836
 41.1825
 41.4246
 41.0488
 41.0488
 42.7317
 40.7431
 45.2106
 40.4351
 43.6807
 43.6807
 38.3927
 49.548
 48.775
 42.1545
 43.6348
 48.1041
 46.0543
 51.225
 47.8957
 44.3734
 43.4626
 43.4626
 43.4626
 46.8828
 44
 42.6146
 40.9878
 40.9878
 44.3734
 48.7032
 48.6724
 39.9875
 39.9875
 51.3128
 42.7083
 44.7549
 44.7549
 44.7549
 46.1411
 50.6754
 44.5533
 51.449
 51.449
 39.4208
 42.1545
 47.1381
 42.7317
 40.2244
 43.8748
 47.9479
 43.4511
 43.4511
 39.9249
 35.3836
 50.3885
 47.8017
 39.2428
 29.7321
 54.6992
 55.6597
 46.1302
 52.6023
 32.1559
 52.1153
 50.6162
 38.2099
 45.1996
 51.2933
 49.7594
 37.7492
 41.845
 50.3885
 49.2138
 43.1393
 40.9023
 40.9023
 53.0189
 47.8539
 37.6298
 42.5911
 40.3609
 48.8774
 49.2138
 21.8861
 47.3286
 43.4741
 42.332
 22.3159
 48.0625
 45.0888
 46.2277
 22.5167
 50.4282
 45.3762
 45.4643
 21.7256
 53.8888
 43.5546
 21.9545
 42.6146
 51.7784
 49.6185
 22.0227
 22.0227
 43.8064
 48.7032
 21
 21
 51.8266
 47.1805
 21.166
 21.166
 51.6043
 47.8853
 19.975
 19.975
 51.3323
 49.4975
 22.1359
 31.0966
 54.074
 50.892
 21.7486
 47.3392
 45.1664
 21.2838
 50.9902
 46.7547
 21.7025
 52.8961
 52.3068
 21.7025
 52.5071
 55.6866
 53.9259
 54.9272
 48.6826
 55.6058
 54.1849
 44.5197
 48.7032
 55.0364
 49.6085
 54.7996
 54.8544
 51.7784
 48.7032
 45.3542
 53.1695
 49.4672
 53.066
 52.2111
 55.6417
 55.8749
 54.8817
 54.7996
 45.7493
 49.2138
 52.9245
 49.1427
 52.5928
 53.1695
 54.7723
 54.7905
 57.6975
 51.8556
 55.4076
 49.295
 54.5894
 54.2863
 53.376
 55.6327
 56.5066
 57.576
 52.6118
 55.9821
 47.7912
 48.5901
 57.9914
 49.1528
 51.3225
 54.3047
 60.0916
 55.6327
 54.1387
 51.0294
 53.5444
 48.7134
 51.8556
 56.9386
 57.1577
 54.7905
 56.6657
 56.5774
 58.6089
 55.2268
 49.5278
 48.7237
 54.2402
 50.05
 53.1883
 53.9444
 56.6039
 56.4801
 56.4801
 55.2268
 55.2268
 50.1697
 50.6656
 54.0925
 59.3801
 57.3498
 58.3009
 57.3498
 53.2916
 54.2771
 52.5262
 48.3322
 52.9622
 52.4786
 56.5332
 54.3415
 55.6327
 60.4979
 60.4979
 51.6236
 51.6236
 47.8748
 47.8748
 50.1398
 57.4195
 55.7405
 56.701
 54.1295
 57.2975
 50.6162
 48.6724
 48.6313
 50.448
 51.5073
 59.9166
 59.0762
 56.5509
 53.0377
 50.6557
 55.1815
 55.1815
 47.7284
 47.7284
 51.4393
 51.4393
 56.6039
 54.7723
 55.2811
 57.1839
 49.163
 49.0102
 49.7293
 49.0204
 53.3292
 57.3498
 60.025
 56.5509
 50.5173
 55.0454
 48.0833
 54.1295
 49.7594
 49.7594
 48.9694
 48.9694
 54.3139
 51.8652
 55.6237
 61.3514
 49.2138
 53.0471
 77.4274
 48.0312
 57.7581
 57.5587
 56.5066
 51.614
 50.8331
 53.0566
 51.4976
 58.7878
 53.066
 47.5289
 50.8626
 50.8626
 50.8626
 50.8626
 48.9796
 52.9245
 52.9245
 56.4712
 56.4712
 56.4712
 56.4712
 56.4712
 56.4712
