 0
 8.66025
 8.66025
 13.5277
 13.5277
 12.4097
 0
 11
 9.21954
 12.2474
 12.2882
 12.2882
 0
 12.2882
 12.2882
 12.2882
 13.1909
 13.1909
 13.1909
 13.1909
 13.1909
 12.1244
 12.1244
 12.1244
 13.1909
 9.8995
 9.8995
 12.8452
 10.6771
 10.6771
 14.3527
 11.3137
 11.3137
 12.1655
 13.7477
 10.4403
 10.583
 12
 12.3693
 15.8114
 12.0416
 16.6433
 16.6433
 15.4596
 13.6382
 12.0416
 13.4536
 12.3693
 12.3288
 14.8997
 12.2066
 17.2337
 11.6619
 11.3578
 11.0454
 13
 14.0712
 12.8062
 12.4499
 13.4164
 15.6205
 17.0294
 17.0294
 13.9642
 13.9642
 13.1909
 13.2288
 12.3693
 12.4097
 17.5499
 12.4499
 16.0935
 14.4568
 17.1756
 17.1756
 11.4891
 17.2047
 13
 13.2288
 7.07107
 13.2665
 16.6433
 12.0416
 16.3095
 11.3578
 13.2665
 12.49
 10.8167
 11.2694
 15.3297
 12.49
 12.2066
 18.3848
 18.3848
 13.4907
 12.3288
 20.8087
 12.4499
 19.2614
 13.5277
 13.5277
 13.4907
 15.6844
 15.3297
 12.8452
 12.1244
 14.7309
 20.0998
 17.3781
 18.6548
 14.2127
 18.1934
 24.6982
 10.9545
 18.3303
 23.0651
 15.5242
 13.2665
 19.1311
 19.1311
 13
 17.5499
 24.9199
 15.3948
 21.8174
 20.347
 14.3875
 26.0384
 20.445
 19.6469
 10.4403
 20.3715
 27.6225
 17.1172
 15.906
 27
 13.1529
 17.8885
 17.8885
 20.8806
 27.037
 24.2487
 10.7703
 26.4764
 20.7123
 18.3303
 14.8324
 23.3024
 20.8567
 16.6733
 26.5141
 16.2481
 19.7737
 13.6748
 20.025
 20.5913
 25.8844
 17.5499
 18.7083
 19.4936
 26.4953
 10.9087
 10.9087
 15.6205
 20.8806
 26.4008
 16.8226
 16.7332
 17.4929
 20.8327
 26.3818
 26.9629
 21.166
 15.6525
 16.7929
 20.6155
 22.9347
 24.5764
 19.5704
 16.4924
 16.5831
 25.8844
 20.4695
 21.095
 19.2354
 24.8797
 23.8537
 23.4947
 15.7162
 15.7162
 21.7945
 24.1247
 23.3666
 20.2485
 20.6155
 17.5499
 21.166
 17.8885
 21.6795
 17.9444
 20.5913
 17.2916
 21.7025
 18.1934
 16.1245
 17.1172
 21.7025
 24.2693
 19.8242
 15.906
 20.0499
 26.0384
 19.4165
 18.6815
 27.1293
 18.3848
 21.4009
 25.593
 18.9209
 15.3623
 20.6398
 24.3105
 16.7332
 18.2483
 20.5426
 21
 19.8242
 13.7113
 13.7113
 22.5389
 21.4942
 19.2094
 20.2237
 19.0788
 20.1494
 23.2379
 17.1172
 20.8567
 15.1327
 18.9737
 19.0263
 19.5704
 16.4924
 15.906
 18.303
 19.2873
 19.2354
 21.0238
 19.3907
 24.4131
 16.3095
 18.2483
 15.843
 24.8998
 17.1464
 17.4929
 17.4929
 19.5192
 20.445
 20.1742
 20.1742
 22.9129
 11.7473
 18.2757
 18.2757
 20.664
 12.1244
 17.4929
 0
 23.8747
 25.1396
 19.0526
 19.0526
 21.7486
 24.2074
 16.7332
 23.5797
 16.1864
 18.6815
 21.2838
 16.7033
 19.8746
 22.7596
 21.7715
 16.7631
 22.2261
 27.1293
 22.2261
 25.593
 21.2368
 23.7908
 24.3516
 19.975
 11.3137
 23.1084
 22.6495
 25.318
 22.5389
 22.0454
 23.1948
 19.2873
 24.454
 20.2978
 22.6495
 23.3024
 26.0768
 24.7386
 23.4307
 21.7486
 22.9783
 21.0238
 20.2485
 20
 21.7025
 23.4947
 24.0208
 23.4947
 23.516
 22.1359
 21.7715
 20.0499
 22.5832
 23.4094
 23.388
 24.454
 22.0454
 27.7849
 29.1376
 24.2074
 23.8747
 19.799
 25.0599
 21.7486
 23.8747
 23.2594
 24.3516
 22.6053
 23.8328
 27
 23.6432
 24.3311
 21.7256
 20.9762
 23.7065
 23.1948
 23.4734
 24.8193
 25.318
 21.4709
 22.9129
 20
 22.383
 24.3721
 20.0499
 25.4755
 21.7486
 27.2764
 24.5764
 21.8174
 22.0227
 22.5832
 21.8632
 21.9317
 25.2587
 25.5734
 25.219
 25.7099
 27.4226
 21.8174
 21.587
 22.5832
 25
 25.2389
 27.9464
 21.4243
 23.7065
 23.4947
 23.8747
 26.0192
 23.8537
 21.8174
 22.3383
 21.7486
 23.6643
 21.8174
 23.4307
 23.6008
 23.8956
 18.1384
 24.1247
 24.1247
 24.1247
 22.6274
 23.388
 25.1595
 22
 25.02
 24.4336
 23.5584
 22.891
 23.4521
 25.2389
 23.6854
 23.622
 22.6053
 25.3377
 21.095
 23.7276
 20.2978
 23.388
 23.388
 21.587
 21.587
 20.5913
 20.5913
 24.5561
 23.6432
 25.1794
 21.7945
 24.5764
 25.3969
 24.5764
 24.3721
 24.1661
 27.4226
 25.1595
 27.4408
 27.4408
 27.4408
 21.9545
 35.1283
 20.8806
 19.8242
 21.7256
 24.3516
 26.0576
 26.8701
 22.7596
 23.0217
 26.0768
 20.445
 21.9089
 21.6564
 18.9209
 0
 0
 21.8403
 23.4521
 23.4521
 23.5584
 23.5584
 0
 0
 21.3542
 0
