 472.842
 33.6898
 33.6898
 33.8526
 33.8526
 43.3935
 43.3935
 41.8688
 39.37
 55.3173
 43.2782
 43.2782
 43.2782
 40.6325
 47.5289
 47.5289
 43.8064
 43.8064
 43.8064
 43.8064
 43.8064
 44.1814
 44.1814
 44.1814
 42.6615
 45.2327
 45.2327
 51.7494
 36.7151
 36.7151
 55.8838
 45.4863
 45.4863
 43.909
 46.1736
 45.9347
 40.3237
 47.7703
 43.3474
 43.5201
 52.8299
 43.4281
 43.4281
 48.5695
 44.9667
 44.2945
 43.8292
 48.7237
 47.3709
 44.6206
 50.1597
 45.1221
 53.7494
 54.074
 48.1248
 52.2685
 47.8957
 52.9056
 41.9762
 57.3324
 48.9081
 50.1199
 50.1199
 47.2758
 47.2758
 53.5444
 41.4246
 44.2945
 53.9815
 47.0956
 56.9649
 47.6865
 59.7495
 50.02
 50.02
 57.9569
 54.1387
 54.4702
 43.1972
 59.4811
 54.4794
 53.0754
 58.9915
 50.8724
 48.5695
 42.45
 57.376
 58.1292
 44.2832
 48.4045
 59.0931
 62.1611
 51.6914
 74.6927
 55.0091
 70.9648
 70.9648
 57.1402
 53.9259
 56.5509
 61.709
 59.1016
 54.2586
 47.3709
 64.3428
 59.6322
 56.9298
 59.7829
 58
 53.1601
 57.4282
 54.111
 63.8984
 46.4112
 53.3385
 61.327
 59.1946
 45.2106
 50.4282
 50.4282
 59.7411
 59.7411
 59.7411
 59.8665
 58.7197
 57.7754
 63.206
 63.206
 66.0908
 57.7148
 61.8466
 64.0781
 64.0781
 65.238
 56.1694
 56.1694
 57.6975
 68.1396
 68.1396
 58.7622
 55.0908
 62.2174
 50.1996
 55.857
 70.05
 56.9825
 46.9681
 59.8832
 70.8661
 64.6142
 55.8211
 58.8643
 58.9746
 62.7057
 58.2666
 50
 50
 55.9464
 61.0246
 59.3549
 47.8226
 49.051
 49.051
 62.6578
 62.6578
 62.6259
 56.6657
 65.146
 64.7765
 59.3633
 60.1166
 54.7083
 61.2944
 60.7454
 56.356
 56.356
 67.7938
 51.2933
 58.5918
 68.8113
 68.8113
 51.643
 70.406
 58.7878
 64.3584
 64.3584
 72.5603
 52.1536
 57.7927
 57.7927
 57.7927
 56.5155
 75.02
 51.2055
 58.8558
 58.8558
 53.8609
 73.1505
 59.1016
 58.0086
 61.2699
 58.3609
 70.1498
 54.2494
 54.2494
 63.498
 55.8032
 62.8967
 57.1927
 66.1438
 54.0093
 58.7707
 61.2862
 71.4353
 66.468
 51.342
 59.3549
 61.5224
 57.2626
 69.7639
 59.2368
 68.6731
 58.1378
 70.342
 56.5243
 68.6513
 63.7024
 59.6238
 59.6238
 74.3572
 58.8133
 58.7622
 56.4712
 56.4358
 64.3428
 77.4403
 33.2114
 66.5357
 75.591
 58.1034
 34.4529
 60.5805
 61.4492
 66.6933
 36.2629
 61.9435
 68.6731
 60.663
 34.176
 56.1427
 70.4628
 36.3043
 55.3986
 72.6292
 50.448
 36.3043
 36.3043
 56.7979
 73.1505
 37.8286
 37.8286
 66.9477
 73.973
 37.51
 37.51
 72.118
 61.0328
 32.7109
 32.7109
 75.0133
 59.439
 35.6511
 52.8867
 57.931
 77.8974
 35.6371
 65.6887
 77.0325
 35.2278
 66.9851
 68.9855
 36.8103
 74.7128
 63.8357
 32.218
 76.6355
 59.0931
 76.5441
 76.3282
 75.3326
 61.2699
 68.7095
 71.5612
 57.2887
 74.7329
 57.8273
 76.87
 75.0133
 79.1265
 60.7042
 74.2496
 72.1249
 68.2862
 58.7622
 74.8732
 59.2621
 78.4028
 71.3022
 57.1489
 58.4551
 80.5605
 71.3232
 74.0203
 76.4722
 60.6712
 78.702
 78.702
 77.9744
 78.6575
 63.2851
 77.7689
 74.7596
 71.7705
 77.4984
 60.2661
 79.4481
 71.5612
 60.2246
 77.3951
 61.0655
 65.7039
 73.1232
 73.1232
 59.95
 75.6902
 81.3634
 78.7274
 78.2304
 80.8332
 65.5286
 78.5621
 70.5549
 77.3757
 82.6196
 59.5231
 65.4828
 82.9096
 76.138
 76.138
 53.4135
 98.4429
 73.1779
 80.9753
 75.6307
 67.7938
 81.2034
 83.4686
 64.1716
 81.0802
 65.192
 76.987
 70.7602
 75.8815
 81.7068
 63.671
 61.2781
 64.9538
 68.7314
 89.8554
 64.3661
 74.0338
 60.4897
 60.4897
 85.6154
 75.6373
 78.886
 83.5763
 63.6003
 83.6899
 83.6899
 88.7412
 79.3914
 76.6551
 82.5954
 64.3428
 69.2243
 60.3324
 71.4843
 63.293
 59.9333
 67.4907
 58.6003
 75.8815
 78.256
 74.8198
 78.6384
 63.2693
 63.2693
 77.5951
 74.7663
 67.6609
 81.0247
 81.0247
 58.7112
 64.5058
 64.7997
 62.6817
 78.0256
 78.0256
 58
 58
 63.7652
 97.7548
 97.7548
 97.7548
 75.6439
 75.6439
 80.9753
 66.053
 79.8499
 79.8499
 79.8499
 79.0253
 79.0253
 76.184
 85.3815
 80.8703
 82.4803
 82.4803
 87.4929
 76.7789
 61.5386
 77.3046
 73.1574
 72.2842
 90.1942
 73.1163
 74.2294
 77.0195
 83.5284
 88.2723
 69.1881
 74.8465
 74.8465
 74.8465
 74.8465
 74.8465
 78.5175
 78.5175
 109
 109
 109
 109
 109
 109
