 473.166
 15.1327
 15.1327
 17.8885
 17.8885
 21.7256
 21.7256
 21.1896
 22.4277
 27
 25.7682
 25.7682
 25.7682
 22.5832
 20.9045
 20.9045
 24.98
 24.98
 24.98
 24.98
 24.98
 23.7908
 23.7908
 23.7908
 23.1084
 20.8806
 20.8806
 22.9347
 24.454
 24.454
 25.04
 24.8193
 24.8193
 19.8242
 24.5967
 20.5426
 22.5389
 21.4709
 23.5797
 24.5357
 22.9129
 26.7395
 26.7395
 28.3901
 24.3516
 22.9565
 26.0192
 22.383
 23.388
 26
 22.7156
 20.8327
 23.1733
 25.04
 18.4932
 22.7376
 27.5681
 24.2899
 27.1846
 22.1585
 28.7402
 27.7849
 27.7849
 24.6779
 24.6779
 22.1359
 25.671
 25.2785
 21.587
 24.7992
 23.1084
 22.1359
 27.0185
 20.3715
 20.3715
 24.8193
 28.9137
 22.7596
 26.5141
 21.5174
 25.1197
 28.8791
 26.7395
 24.0624
 25.6905
 26.533
 21.4243
 20.2731
 25.3969
 25.923
 22.9565
 26.2869
 24.2899
 34.6987
 22.383
 27.1109
 36.8917
 22.9129
 31.0483
 27.0185
 33.0151
 25.02
 29.7321
 30.0333
 32.249
 24.5967
 28.931
 36.0832
 31.9061
 27.7489
 25.219
 26.4953
 30.6105
 27.9821
 32.0156
 28.4956
 24.4745
 25.2785
 32.1248
 40.8167
 22.1133
 31.209
 33.1512
 32.311
 28.5482
 29.6479
 27.5681
 33.8821
 33.5261
 26.5707
 29.5296
 31.8434
 36.9459
 29.5127
 31.6228
 33.0151
 29.4788
 28.3373
 28.3373
 32.249
 33.0606
 29.1548
 18.9737
 31.3369
 34.0734
 31.1769
 30.0832
 29.2233
 33.4515
 30.7409
 33.1813
 34.3802
 27.5862
 32.6803
 30.9516
 30.7246
 28.688
 25.4951
 29.189
 30.5778
 30.4138
 31.3369
 31.3369
 25.807
 34.6987
 33.8378
 30.315
 25.671
 33.4216
 33.7491
 30.3809
 28.7576
 33.2265
 27.7308
 30.7571
 29.5466
 31.4006
 27.8209
 32.4346
 31.9061
 28.4781
 28.1247
 30.6105
 31.3528
 33.541
 28.7228
 34.3802
 27.5862
 31.1448
 31.1448
 29.2916
 27.8747
 35.1568
 32.5576
 33.7491
 29.8496
 26.1534
 32.2025
 33.4813
 30.8383
 31.4643
 32.6343
 37.2827
 30.315
 34.4819
 27.2947
 28.3373
 38.4448
 31.607
 28.2312
 26.2869
 38.4187
 34.1321
 29.5466
 37.7492
 28.1603
 34.7275
 36.606
 30.2655
 31.8748
 33.7639
 35.171
 31.6386
 31.8591
 32.909
 33.9117
 32.5115
 32.0624
 32.0624
 37.0405
 34.4964
 28.2135
 30.1828
 31.0644
 33.7935
 36.8375
 22.891
 31.9218
 34.3948
 29.9666
 27.1846
 32.2335
 30.2655
 36.9865
 27.1846
 38.1314
 30.7083
 31.8904
 25.0799
 38.4578
 29.95
 29.1548
 28.8444
 37.3229
 31.6702
 24.4949
 24.4949
 34.6121
 35.0571
 27.7128
 27.7128
 35.4683
 36.606
 26.1151
 26.1151
 33.8969
 37.6962
 24.2693
 24.2693
 33.6303
 38.9743
 28.3019
 21.2368
 38.1182
 36.3043
 27.7669
 36.647
 34.0881
 26.1534
 36.4966
 36.1386
 27.8209
 34.6987
 38.0526
 24.779
 35.5246
 39.2301
 35.6931
 38.4838
 36.5924
 38.2361
 36
 36.9594
 35
 37.4032
 35.5387
 37.1753
 35.4119
 37.9605
 34.5832
 36.5924
 35.819
 38.4708
 40.4104
 33.0303
 38.9102
 38.7298
 38.6005
 39.8372
 38.092
 36.8782
 35.5246
 37.3631
 34.2199
 39.2556
 39.0256
 40.0999
 38.9358
 38.2492
 37.6563
 39.3319
 37.081
 39.6106
 37.4433
 40.8167
 37.9605
 41.9047
 40.0625
 37.3631
 37.7492
 38.3275
 37.9605
 38.5616
 40
 36.4966
 42.7317
 39.8623
 37.7757
 39.3827
 37.7624
 37.1483
 39.9625
 36.8239
 40.0999
 40.8412
 41.1704
 39.6106
 40.4599
 37.6165
 38.2623
 37.921
 38.2361
 38.2361
 35.3695
 39.2938
 40.025
 40.1373
 37.7227
 38.6005
 37.0945
 38.5357
 40.0625
 35.0571
 40.9634
 43.1393
 41.5812
 41.9643
 40.8534
 39.5348
 37.4299
 38.2361
 39.8623
 40.8534
 40.9878
 37.4166
 40.1373
 40.1995
 39.6485
 39.6989
 36.3318
 38.2753
 37.47
 38.5487
 37.9605
 41.1947
 41.5933
 37.3095
 39.7492
 36.0971
 37.4967
 37.1753
 39.2683
 40.4475
 37.4299
 42.0714
 38.6005
 38.2361
 38.5746
 40.9512
 41.7373
 39.0384
 36.2767
 38.4708
 36.8375
 40.05
 40.0999
 35.6931
 39.6863
 33.5559
 38.6394
 34.3366
 39.0128
 35.6931
 39.5095
 38.7685
 41.1704
 33.1059
 40.9268
 34.5977
 37.4299
 38.3536
 32.8329
 37.1483
 31.7333
 41.5572
 59.439
 40.8044
 43.5431
 31.686
 39.4335
 59.0847
 39.2683
 36.8375
 40.1746
 39.064
 41.4488
 37.4833
 37.9605
 38.5357
 40.8412
 40.6817
 39.8623
 36.8375
 33.2114
 0
 0
 36.0694
 38.7685
 0
 0
 0
 0
 0
 42.8952
 0
