 458.334
 14.1067
 14.1067
 25.671
 25.671
 21.7715
 0
 19.8746
 29.9833
 29.9833
 35.6931
 35.6931
 35.6931
 37.1618
 37.1618
 37.1618
 24.2074
 24.2074
 24.2074
 24.2074
 24.2074
 31.0966
 31.0966
 31.0966
 27.6225
 18.303
 18.303
 18.4932
 31.3369
 31.3369
 21
 27.3679
 27.3679
 28.9137
 26.0768
 25.9037
 26.1151
 22.2261
 25.8263
 35.7631
 15.9374
 21.7945
 21.7945
 29.5127
 21
 26.7582
 33.8083
 26.0576
 32.7719
 32.6803
 19.0263
 27.1477
 16.3707
 18.3303
 8.77496
 29.4109
 22.4054
 24.5561
 35.0714
 16.1555
 36.647
 36.6333
 36.6333
 27.8388
 27.8388
 31.1127
 35.0428
 30.5123
 25.0599
 28.0357
 23.1084
 27
 19.7484
 14.7986
 14.7986
 32.0156
 24.8193
 25.7876
 37.4833
 18.9737
 40.398
 38.3406
 12.3693
 12.3693
 17.8885
 34.5977
 21.3073
 25.7876
 35.623
 30.5123
 25.9037
 19.6977
 32.1714
 10.4403
 27.2764
 20.4695
 21.7025
 30.133
 18.6279
 27.0555
 27.0555
 27.2764
 17.1756
 38.6911
 9.8995
 18.2757
 41.8091
 20.5183
 16.7033
 34.4964
 9.21954
 33.5559
 15.5563
 18.0831
 17.3494
 7.07107
 33.0757
 33.2265
 16.6733
 16.6733
 27
 14.0357
 14.0357
 40.9878
 8.60233
 35.9444
 22.1133
 22.1133
 18.5472
 11.8322
 19.0788
 18.412
 18.412
 32.3265
 16.6733
 16.6733
 19.1311
 34.4964
 34.4964
 18.4391
 18.4391
 18.4391
 18.4391
 21.7715
 35.0143
 17.8606
 38.1314
 38.1314
 28.8617
 42.4735
 42.4735
 16.6733
 16.6733
 14.7648
 38.0132
 16.3707
 16.3707
 16.3707
 38.1707
 15.6205
 19.8746
 38.3406
 38.3406
 35.6511
 42.1782
 42.1782
 15.9374
 30.7083
 30.315
 17.0587
 17.0587
 17.0587
 43.9431
 22.1359
 16.3401
 16.3401
 36.1663
 18.7617
 16.4317
 19.0526
 19.0526
 14.7986
 34.5977
 15.5563
 24.1454
 24.1454
 35.7211
 17.1172
 15.1658
 15.1658
 15.1658
 17.1464
 33.8083
 35.8469
 15.4596
 15.4596
 16.3401
 17.0294
 34.641
 15.9374
 19.975
 35.0143
 17.8885
 15.6525
 15.6525
 28.2843
 18.4391
 32.9697
 13
 31.8119
 18.412
 42.4146
 14.2478
 32.3419
 45.5302
 20.9762
 16.6733
 43.6234
 18.0278
 26.5141
 15.4596
 42.2019
 18.4662
 13.1909
 13.4907
 38.7814
 19.7737
 23.4947
 23.4947
 37.8153
 37.6563
 17.1464
 12.3288
 21.3776
 34.4529
 29.4449
 29.4449
 29.7658
 15.5242
 19.0526
 14.7309
 31.225
 19.2873
 13.2288
 14
 28.4781
 29.1719
 21.8861
 13.9642
 45.5741
 30.8545
 14.2829
 14.2829
 44.3847
 30.8221
 12.49
 12.49
 42.2019
 34.2199
 13.9642
 13.9642
 44
 12.4097
 10.8628
 10.8628
 43.0697
 29.7153
 12.49
 0
 34.1028
 45.5741
 14.3527
 14.3527
 41.4246
 30.545
 12.3288
 46.6262
 16.1864
 14.1421
 22.5389
 14.7309
 13.1909
 34.6843
 22.0907
 12.3288
 35.819
 47.4236
 30.0167
 45.5412
 24.0832
 44.1362
 43.9545
 13.5647
 27.2764
 41.1947
 45.9674
 36.7287
 45.0222
 29.4449
 38.1051
 20.3224
 29.3769
 14.5945
 30.3315
 33.0757
 47.0425
 38.8844
 45.6618
 28.3019
 44.4072
 13.0384
 48.1768
 22.2036
 40.05
 35.7771
 36.1663
 48.2079
 52.3546
 25.4558
 35.3977
 13.7113
 25.5343
 19.4679
 32.3419
 33.0151
 36.8646
 45.1221
 48.7237
 20.9045
 45.31
 12.2474
 46.594
 26.8142
 38.3536
 46.4004
 40.6448
 39.064
 39.064
 29.1719
 30.7083
 15.1327
 15.9687
 31.0322
 32.1714
 30.7246
 40.0999
 34.1174
 47.3075
 27.3679
 43.8862
 13
 45.0777
 30.3809
 41.3763
 43.5431
 49.7594
 38.8072
 38.8072
 27.6043
 31.5911
 13.4536
 19.0263
 25.04
 37.5899
 32.6497
 25.2785
 32.0312
 49.3052
 18.1934
 44.8888
 44.8888
 49.2341
 29.5635
 46.6476
 38.8458
 40.1248
 34.9714
 31.0161
 29.5127
 29.5127
 14.7986
 14.7986
 13.4907
 26.7955
 30.3645
 40.6571
 28.8617
 46.7226
 15.7162
 45.8476
 45.8476
 46.0435
 27.6948
 48.5695
 43.8748
 36.7151
 24.3311
 24.3311
 31.6228
 24.8395
 16.2481
 16.2481
 13.4164
 13.4164
 27.7128
 41.7373
 22.2935
 47.4236
 47.4236
 37.1214
 20
 34.1028
 29.2916
 51.7301
 51.7301
 37.5899
 37.5899
 33.7639
 33.7639
 33.7639
 27.2397
 27.2397
 13.1149
 13.1149
 24.1661
 24.1661
 34.2199
 24.1247
 24.1247
 27.2947
 46.5403
 33.2265
 32.4191
 36.6742
 35.9026
 28.1425
 17.5214
 15.748
 15.748
 27.0185
 27.0185
 35.4542
 35.4542
 35.4542
 35.4542
 57.1402
 22.6053
 24.5153
 24.5153
 24.5153
 24.5153
 0
 0
 0
 0
