 0
 4.3589
 4.3589
 4.3589
 0
 0
 0
 0
 0
 0
 0
 0
 0
 0
 0
 0
 0
 0
 0
 0
 0
 0
 0
 0
 0
 0
 0
 0
 0
 0
 0
 0
 0
 0
 0
 0
 0
 0
 0
 0
 0
 0
 0
 0
 0
 2.44949
 2.44949
 1.41421
 0
 0
 0
 0
 0
 0
 0
 0
 0
 2.44949
 2.44949
 3.31662
 3.31662
 3.31662
 0
 1.41421
 0
 1.41421
 1.41421
 1.41421
 2.44949
 0
 0
 0
 0
 0
 0
 0
 0
 2.44949
 2.44949
 0
 0
 1.41421
 1.41421
 0
 0
 0
 2.44949
 3.31662
 3.31662
 3.31662
 0
 0
 0
 0
 1.41421
 1.41421
 0
 0
 3.4641
 3.4641
 3.4641
 3.4641
 1.41421
 1.41421
 6.245
 6.245
 6.245
 3.31662
 2.44949
 0
 0
 1.73205
 3.31662
 3.31662
 5.2915
 3.4641
 1.73205
 1.73205
 1.73205
 0
 3
 5.91608
 4.24264
 4.24264
 4.24264
 1.73205
 1.73205
 4.3589
 1.41421
 1.41421
 0
 3.31662
 6
 1.41421
 0
 4.24264
 4.24264
 3.31662
 0
 3.4641
 5.19615
 5.09902
 0
 5.47723
 3.74166
 0
 0
 3.4641
 1.41421
 1.41421
 3.4641
 0
 2.44949
 2.44949
 2.44949
 0
 3.4641
 1.73205
 1.73205
 1.73205
 6.245
 6.245
 2.44949
 2.44949
 2.44949
 3.4641
 0
 4.12311
 0
 0
 5.38516
 4.24264
 2.44949
 2.44949
 1.73205
 3.4641
 1.73205
 5.19615
 0
 4.24264
 0
 2.44949
 0
 0
 1.73205
 1.41421
 1.41421
 3.4641
 0
 0
 4.24264
 4.24264
 4.24264
 4.24264
 0
 1.41421
 3.31662
 2.82843
 2.82843
 0
 1.73205
 1.73205
 1.73205
 0
 4.24264
 0
 0
 0
 2.44949
 2.44949
 2.44949
 2.44949
 2.23607
 0
 1.73205
 1.73205
 0
 0
 0
 0
 2.44949
 2.44949
 2.44949
 0
 3.4641
 0
 0
 0
 0
 0
 0
 0
 4.47214
 4.47214
 4.47214
 4.24264
 5.09902
 5.09902
 5.09902
 0
 4.24264
 2.44949
 2.44949
 2.44949
 4.24264
 1.73205
 1.73205
 0
 4.58258
 1.73205
 5.38516
 3.4641
 2.44949
 2.44949
 3.74166
 4.24264
 0
 0
 1.41421
 5.09902
 0
 0
 0
 3.4641
 0
 0
 0
 2.44949
 0
 0
 0
 2.44949
 2.44949
 2.44949
 0
 4.24264
 1.41421
 1.41421
 2.82843
 1.73205
 1.73205
 1.73205
 0
 0
 1.73205
 0
 2
 2.44949
 3
 0
 0
 0
 0
 0
 0
 0
 0
 0
 1.73205
 1.73205
 1.73205
 1.73205
 1.73205
 1.73205
 2.44949
 3.31662
 3.31662
 3.31662
 1.41421
 1.41421
 0
 0
 1.41421
 1.41421
 1.41421
 1.41421
 0
 0
 2.23607
 2.23607
 2.23607
 0
 0
 0
 0
 0
 1.41421
 1.41421
 1.73205
 1.73205
 3.31662
 3.31662
 0
 0
 3.31662
 3.31662
 3.31662
 0
 0
 0
 0
 0
 0
 0
 0
 0
 0
 0
 0
 0
 0
 0
 0
 0
 1.73205
 1.73205
 1.73205
 0
 0
 0
 0
 0
 2.44949
 2.44949
 2.44949
 2.44949
 2.44949
 2.44949
 2.44949
 2.44949
 2.44949
 2.44949
 2.44949
 2.44949
 2.44949
 2.44949
 2.44949
 0
 0
 0
 0
 0
 0
 0
 0
 0
 0
 0
 0
 0
 0
 0
 0
 0
 0
 0
 0
 0
 0
 0
 0
 1.41421
 1.41421
 0
 0
 0
 0
 0
 3.31662
 3.31662
 3.31662
 3.31662
 3.31662
 3.31662
 3.31662
 3.31662
 0
 0
 0
 4.24264
 4.24264
 1.73205
 1.73205
 3.4641
 3.4641
 2.44949
 2.44949
 2.44949
 1.41421
 1.41421
 1.41421
 1.41421
 1.41421
 1.41421
 1.41421
 1.41421
 1.41421
 1.41421
 1.41421
 1.41421
 1.41421
 1.41421
 1.41421
 1.41421
 0
 0
 0
 0
 0
 0
 0
 0
 0
 0
 0
