 9.21954
 11.0905
 14.1067
 4.89898
 8
 7.48331
 1.73205
 7.14143
 4.24264
 4.12311
 9.16515
 8.83176
 7.34847
 8.66025
 8.83176
 7.07107
 8.18535
 6.32456
 7.34847
 9.69536
 8.18535
 7.34847
 7.68115
 8.42615
 8.94427
 8.12404
 6.16441
 7.74597
 10.0995
 7.34847
 7.81025
 7.68115
 6.48074
 9.32738
 7.93725
 8.88819
 9.84886
 6.9282
 8.48528
 9.64365
 8.60233
 10.4403
 7.93725
 8.12404
 8.18535
 9.69536
 8.18535
 9.53939
 7.14143
 11.2694
 7
 8.12404
 7
 6.9282
 7.34847
 7.93725
 7.68115
 9.79796
 10.9087
 8.18535
 9.32738
 9.79796
 8.18535
 10.6771
 7.81025
 7.93725
 8.83176
 10.1489
 7.81025
 11.3137
 8.66025
 7.68115
 6.9282
 7.74597
 10.3923
 8.66025
 6.32456
 10.6771
 8.83176
 8.83176
 8.18535
 8.42615
 8.60233
 9.38083
 9.27362
 7.81025
 9.53939
 7.81025
 12.2066
 11.5326
 7.81025
 8.66025
 6.9282
 6.9282
 7.81025
 8.66025
 9.59166
 8.66025
 6.9282
 6
 6
 7.87401
 7.74597
 8.66025
 8.7178
 9.48683
 7.81025
 9
 9
 7.93725
 9.05539
 8.83176
 12.083
 11.225
 7.81025
 7.81025
 7.81025
 9.84886
 10.4881
 0
 7.81025
 8.7178
 15
 8.66025
 10.4403
 9
 8.66025
 8.66025
 8.66025
 7.81025
 12.083
 7.81025
 9.53939
 8.66025
 10.3923
 9.48683
 12.083
 7.87401
 6.9282
 8.24621
 12.1244
 7.14143
 9.64365
 9.53939
 10.4403
 7.93725
 7.81025
 7.74597
 10.3923
 8.66025
 12.083
 10.6771
 6.9282
 8.7178
 10.5357
 7.81025
 10.4403
 8.12404
 10.3441
 8.24621
 9.53939
 11.225
 0
 10.3923
 10.4403
 9.48683
 9.48683
 10.3923
 7.87401
 9.53939
 7.81025
 12.5698
 9.53939
 11.2694
 7.81025
 1.41421
 7
 9.64365
 10.4881
 10.4403
 1.73205
 10.7238
 7.81025
 8.18535
 11.2694
 7.34847
 9.53939
 10.6771
 10.3923
 5.09902
 6
 12.6095
 11.2694
 7.87401
 7.81025
 4.24264
 9.32738
 8.66025
 7.81025
 10.3923
 13.1909
 7.81025
 9.53939
 7.81025
 0
 9
 9.69536
 12.083
 9.48683
 9.53939
 9.8995
 9.53939
 10.583
 10.3923
 8.7178
 12.1244
 8.66025
 10.3923
 9.53939
 8.7178
 8.77496
 9.53939
 12.3693
 8.7178
 8.77496
 7.81025
 11.5758
 8.7178
 9.53939
 8.66025
 8.66025
 9.8995
 11.2694
 11.2694
 9.53939
 10.4403
 10.7238
 8.66025
 8.66025
 7.87401
 6.55744
 10.3923
 11.4891
 12.1244
 7.14143
 12.9615
 9.53939
 7.81025
 8.18535
 11.3578
 10.3923
 3.4641
 9.84886
 9.69536
 9.53939
 10.3923
 0
 9.53939
 9.53939
 8.83176
 7.81025
 7.74597
 9.53939
 7.34847
 8.77496
 8.66025
 11.3137
 8.18535
 6.08276
 11.3137
 12.1244
 6.32456
 6.48074
 9.53939
 12.2474
 8.12404
 8.66025
 8.66025
 8.18535
 11.225
 9.53939
 7.14143
 7
 8.7178
 7.07107
 7.87401
 10.3923
 9.59166
 12.1655
 9.53939
 11.225
 10.3923
 8.7178
 8.7178
 9.48683
 10.3923
 11.225
 7.81025
 11.3137
 7.81025
 12.083
 8.77496
 12.9615
 12.1244
 7.81025
 8.66025
 9.64365
 9.53939
 12.2474
 11.2694
 12.1244
 7.81025
 9.53939
 8.66025
 9.53939
 12.1244
 12.9615
 8.66025
 12.1655
 8.66025
 11.3137
 8.66025
 10.4403
 8.60233
 12.9615
 11.3137
 12.083
 10.3923
 9.53939
 7.81025
 8.7178
 6.9282
 9.59166
 11.2694
 8.66025
 12.1244
 11.225
 7.81025
 10.3923
 8.66025
 9.53939
 12.1244
 7
 8.66025
 11.3137
 12.083
 9.69536
 8.66025
 10.3923
 7.81025
 9.53939
 9.48683
 8.66025
 9.48683
 11.225
 10.3923
 8.7178
 8.66025
 10.3923
 10.3923
 12.1244
 12.1244
 12.1655
 9.53939
 12.1244
 11.2694
 9.53939
 9.53939
 9.48683
 7.81025
 8.66025
 8.7178
 9.59166
 7.14143
 7.81025
 9.53939
 7.81025
 7.07107
 12.1244
 9.53939
 12.1244
 8.66025
 8.66025
 12.1244
 11.2694
 12.083
 9.53939
 7
 7.87401
 7.81025
 7.81025
 10.3923
 11.2694
 9.53939
 8.7178
 8.66025
 10.3923
 9.53939
 9.53939
 10.4403
 10.3923
 8.66025
 11.2694
 9.64365
 8.66025
 8.7178
 11.2694
 7.81025
 9.59166
 7.87401
 6.9282
 10.3441
 10.3923
 7.87401
 11.225
 7
 7.81025
 12.1244
 9.53939
 10.583
 8.66025
 8.66025
 10.3923
 7.74597
 11.225
 35.4401
 9.53939
 7.74597
 7.81025
 6.9282
 9.53939
 10.3923
 7.81025
 7.81025
 8.66025
 11.3578
 7.81025
 6.9282
 8.66025
 10.3441
 6.9282
 11.2694
 10.4881
 7.93725
 7.93725
 0
 8.7178
 11.4018
 0
 40.2741
 12.1244
 12.1244
 5.19615
 9.53939
 0
