 32.0156
 24.3311
 35.2704
 17.1756
 24.8596
 28.8964
 28.4781
 26.3629
 19.6469
 28.2489
 22.0907
 33
 32
 21.0238
 33.2566
 34.0881
 21.0238
 32.573
 30.7571
 20.4695
 37.027
 26.0192
 27.9821
 30.7246
 25.2982
 31.1609
 29.4958
 34.5543
 22.5832
 23.9165
 36.2077
 23.622
 27.2397
 26.8328
 26.4575
 27.2947
 23.6008
 28.6531
 22.6274
 22.8035
 36.1939
 21.0238
 35.6791
 25.8457
 28.1247
 25.2982
 23.4094
 29.9833
 29.6985
 23.3666
 30.7896
 24.7184
 35.2846
 33.8231
 32.0624
 31.9531
 24.8395
 33.4515
 21.0238
 38.223
 25.6515
 26.9258
 35.7211
 27.4226
 36.1939
 34.3074
 21.9089
 24.2074
 35.6371
 25.8263
 36.9594
 26.9444
 36.2077
 30.3974
 36.8917
 36.2905
 28.931
 35.3836
 22.2486
 42.0476
 35.7211
 26.7582
 38.1314
 28.6531
 28.2489
 22.1585
 38.223
 39.7115
 25.2785
 27.4773
 38.2361
 39.5095
 30.3809
 30.3809
 35.6371
 48.734
 48.734
 38.1707
 25.923
 39.6863
 39.6863
 37.4833
 29.4788
 22.8692
 33.7343
 39.7995
 33.0454
 27.7308
 28.3725
 27.0185
 36.4143
 29.5466
 33.8969
 25.7876
 24.6577
 33.7046
 36.4966
 23.8956
 19.8242
 19.8242
 39.7366
 39.7366
 39.7366
 30.1993
 31.4166
 29.1204
 38.5357
 38.5357
 38.092
 34.7419
 39.0512
 34.9428
 34.9428
 38.223
 29.5127
 29.5127
 35.7071
 41.2795
 29.7153
 28.9482
 22.5389
 36.1525
 33.3017
 23.5797
 38.7556
 27.9821
 22.1585
 34.7275
 42.4028
 38.8587
 24.8797
 26.2488
 35.3129
 36.4006
 30.7734
 22.9783
 22.9783
 32.7109
 34.7851
 30.4302
 20.0499
 23.9792
 0
 39.9875
 39.9875
 31.4643
 29.8831
 42.5558
 33.7343
 30.133
 28.8097
 23.8537
 29.2916
 36.9324
 28.2135
 28.2135
 37.3765
 23.7697
 30.1662
 41.5692
 41.5692
 26.4764
 40.8289
 29.6311
 38.6005
 38.6005
 40.7063
 25.7876
 30.9031
 38.7943
 38.7943
 30.9354
 44.0114
 22.2711
 28.4781
 28.4781
 28.2489
 45.8258
 28.0891
 31.0805
 32.7719
 27.8029
 40.0125
 27.4955
 27.4955
 37.6431
 30.1164
 33.6898
 29.189
 41.7612
 30.8383
 24.1247
 31.3847
 45.1221
 31.1769
 28.9655
 28.931
 26.7395
 30.5778
 40.3856
 27.9821
 34.9428
 31.9844
 43.6807
 26.1151
 36.8103
 34.7563
 34.0881
 27.7489
 40.1871
 30.0832
 33.8378
 30.8869
 29.9165
 34.7563
 43.4626
 19.0263
 37.1214
 47.1063
 30.692
 20.6398
 31.5436
 34.7275
 39.6358
 23.0434
 33.9559
 40.1123
 31.0805
 19.5448
 21.587
 43.4051
 23.1084
 27.9821
 36.5103
 21.4009
 24.6982
 0
 24.2281
 41.3159
 26.1151
 32.9848
 34.5832
 44.2832
 26.9258
 32.249
 41.1096
 33.0908
 20.8806
 34.1174
 42.9069
 26.5895
 23.4094
 34.7563
 24.6779
 46.4327
 25.9037
 31.8748
 47.7808
 25.0599
 33.8526
 40.0749
 26.7395
 42.2729
 33.0303
 15.4919
 42.6028
 23.7276
 43
 39.7995
 42.9185
 25.632
 35
 40.5463
 28.4077
 40.3733
 26.8142
 42.0595
 41.3038
 45.5631
 27.8388
 44.8888
 37.7227
 40.9756
 26.7769
 43.1277
 23.0868
 43.4741
 34.641
 23
 23.6008
 49.94
 38.7427
 44.3734
 45.4313
 26.4386
 42.3084
 42.3084
 41.6173
 44.6766
 28.4605
 47.8748
 40.4104
 41.2068
 43.4741
 29.9333
 44.6094
 33.0151
 22.3607
 41.8569
 26.0768
 33.8674
 38.5876
 38.5876
 24.6171
 41.4367
 42.6497
 42.1426
 41.9524
 45.0888
 30.3809
 48.4871
 42.391
 43.2782
 45.7056
 25.923
 28.3019
 46.5725
 37.7757
 37.7757
 17.1756
 64.5755
 38.4057
 49.1833
 43.8862
 33.6601
 45.1996
 45.6289
 28.4781
 46.6262
 30.4467
 47.2864
 41.6053
 42.45
 43.6119
 30.4138
 24.0832
 26.4953
 30.315
 54.7083
 29.189
 39.975
 23.7065
 23.7065
 49.6588
 42.5558
 42.0357
 46.4112
 25.1992
 48.734
 48.734
 60.407
 44.8888
 46.7654
 46.9255
 35.327
 31.8434
 25.7294
 33.0757
 30.4138
 25.04
 35.0143
 24.1247
 39.6737
 44.9667
 35.242
 42.6263
 27.313
 27.313
 40.4969
 35.0714
 36.2629
 46.7012
 46.7012
 22.2711
 30.7571
 28.3019
 29.95
 40.2492
 40.2492
 21.6564
 21.6564
 29.6985
 69.4046
 69.4046
 69.4046
 37.51
 37.51
 43.6578
 33.121
 43.5431
 43.5431
 43.5431
 50.3786
 50.3786
 41.8688
 64.8691
 45.8694
 41.7971
 41.7971
 49.2747
 21.7256
 25.807
 44.5084
 37.3765
 35.426
 53.1695
 40.2741
 38.8844
 41.328
 45.7384
 49.5782
 32.45
 39.8623
 39.8623
 39.8623
 0
 0
 43.7493
 0
 0
 0
 0
 0
 0
 0
