 480.362
 11.6189
 9.84886
 13.7477
 16
 15.3623
 15.3623
 11.1355
 18.412
 15.6525
 17.8606
 14.2478
 12.2474
 17.8045
 13.5277
 12.3288
 17.1756
 14
 11.6619
 14.7648
 12.0416
 16.8226
 13.5647
 10.4403
 16.4012
 12.2474
 15.5563
 14.2127
 15.1658
 18.0831
 13.5277
 17.8045
 14.2478
 13.7113
 14.1067
 15.6525
 13.5277
 15.4596
 15.1658
 16.5529
 12.3693
 19
 16.5831
 16.6433
 16.5831
 18.412
 16.1245
 17.4069
 15.6844
 18.412
 16.3095
 17.088
 15.1658
 16.3401
 14.7309
 15.4919
 17.7482
 16.1245
 16
 14.4568
 19.6469
 19.0263
 19.0263
 16.7332
 15.5242
 16.3401
 16.1555
 15.9687
 16.4012
 17.8606
 16.7033
 17.5499
 18.7083
 17.1172
 18.2483
 17.2337
 17.8606
 17.8606
 15.4596
 17.4642
 17.2337
 19.799
 17.8885
 18.3303
 17.2337
 18.4662
 17.1172
 17.8606
 17.1464
 18.7883
 17.5784
 19.4936
 17.8885
 17.8885
 17.088
 19.0526
 24.3105
 17.9165
 21.9773
 17.8326
 17.8326
 20.2485
 20.6882
 16.4317
 21.7486
 19.8242
 19.3907
 26.7582
 25.2389
 20.6155
 21.7486
 21.095
 22.6495
 17.4929
 23.388
 21.7256
 20.025
 18.2209
 23.1517
 32.1559
 18.3848
 23.1733
 26.0768
 22.561
 21.8632
 21.4476
 20.664
 21.8174
 22.3383
 20.2978
 20.3961
 22.561
 27.1662
 20.6155
 22.1811
 22.5832
 20.6398
 21.6564
 17.8885
 25.2587
 25.318
 23.622
 17.4642
 23
 22.0227
 23.3238
 17.5784
 22.1359
 21.1424
 20.2237
 24.6982
 27.258
 21.2132
 24.4131
 20.5913
 20.4206
 25.1396
 21.4476
 20.8806
 24.2281
 21.6795
 21.7256
 21.7256
 21.6795
 21.9773
 25.1595
 21.3307
 20.9045
 21.9773
 25.671
 21.7256
 24.2899
 22.7816
 21.6564
 23.6008
 21.4476
 23.3452
 20.8567
 22.6936
 22.2261
 20.8806
 22.7156
 21.5407
 25.865
 22.2036
 23.4094
 23.388
 21.9773
 22.9129
 22.1133
 21.7715
 23.5584
 22.5832
 21.4476
 25.9037
 20.8806
 21.6795
 22.5832
 22.9129
 21.8861
 24.8596
 23.3666
 22.8473
 22.383
 25.2389
 23.0651
 20.9045
 22.0227
 25.5147
 21.7945
 20.025
 23.0651
 26.1343
 21.4709
 23.0868
 21.1424
 25.7294
 23.1084
 21.7256
 25.0799
 26.3818
 24.8193
 22.2486
 23.6008
 24.8596
 24.454
 23.8537
 23.8956
 26.4008
 25.8844
 22.2711
 21.3542
 21.7715
 18.735
 23.0868
 25.8457
 21.1187
 22.2711
 24.8596
 21.4942
 22.9347
 23.1301
 21.4476
 26.096
 22.5167
 24.4745
 24.6779
 22.2935
 22.1585
 25.5147
 22.8254
 22.561
 21.9545
 25.5147
 24.2487
 24.2074
 0
 24.6982
 25.2587
 22.7816
 18.8414
 24.2693
 26.533
 21.7486
 19.0526
 22.561
 27.1662
 22.5167
 17.2337
 24
 23.388
 23.1517
 16.5227
 23.4094
 23.622
 24.6577
 24.4745
 24
 23.3452
 22.8473
 25.2785
 23.3452
 26.3249
 24.1039
 20.347
 27.7489
 22.6495
 27.3496
 24.779
 26.9815
 24.5153
 23.1517
 26.9444
 25.318
 25.318
 24.4949
 23.8956
 25.3377
 23.8747
 25.9808
 25.318
 25.8263
 26.9258
 25.5539
 25.2785
 25
 24.8998
 27.7308
 26.3059
 26.9629
 27.4226
 25.1197
 27.8029
 22.8692
 25.2982
 27.3861
 26.1343
 25.2982
 26.1343
 26.6646
 24.8596
 27.7849
 24.4745
 27.8029
 23.9374
 27.1477
 25.2587
 26.9444
 26.5707
 24.7588
 26.4197
 26.3439
 26.9629
 26.9629
 25.2785
 27.8209
 26.5707
 27.7308
 25.0599
 26.1534
 24.0624
 26.7395
 26.1151
 26.7769
 25.5343
 24.7386
 26.4197
 27.1846
 24.7386
 27.7489
 27.037
 28.5307
 27.5681
 23.6643
 25.1197
 26.9444
 25.2982
 28.0535
 25.923
 28
 26.3059
 28.6007
 26.9815
 28.6356
 27.9643
 26.1534
 27.4226
 27.2029
 26.6083
 28.5132
 25.7294
 26.9629
 25.0998
 24.454
 23.6854
 25.0599
 25.3377
 29.5296
 23.9374
 28.4253
 24.5764
 29.1376
 25.7099
 27.1477
 25.3377
 25.9037
 27.2397
 26.4764
 26.7955
 26.1343
 27.5681
 26.9815
 27.7489
 25.0998
 27.7308
 27.2029
 26.7208
 27.7849
 26.6083
 28.8617
 25.7488
 24.2281
 23.6008
 27.4226
 24.2899
 24.4336
 24.4745
 25.0599
 22.8692
 28.0535
 24.2074
 27.258
 26.0384
 27.5862
 27.074
 26.9815
 24.454
 26.1916
 24.7386
 26.096
 23.8537
 23.7276
 22.7816
 22.0454
 23.7276
 21.7256
 23.6854
 27.2397
 20.8327
 28.0535
 28.8617
 28.6182
 27.8029
 28.6182
 26.7208
 25.4362
 22.891
 25.7294
 26.3818
 26.5518
 27.6225
 26.2869
 27.1477
 23.4094
 40.4104
 40.4104
 26.3439
 25.2587
 25.2587
 26.096
 21.7256
 21.7256
 24.5153
 31.1609
 0
