 34.6843
 6.55744
 39
 10.3923
 15.9374
 8.60233
 8.60233
 5.19615
 28.775
 28.775
 33.2265
 0
 3.4641
 39.6863
 39.6863
 1.73205
 28.3549
 3.31662
 6.85565
 10.5357
 11.2694
 13.1149
 15.6205
 8.66025
 14.3527
 4.24264
 10.4403
 1.41421
 16.7332
 28.3373
 3.60555
 27.258
 17.9444
 14.5258
 9.64365
 11.2694
 12.1655
 2.82843
 15.6205
 27.2397
 0
 23.7276
 3.74166
 7.74597
 20.9762
 17.5784
 13.0767
 12.2474
 13.9284
 29.6816
 5.47723
 29.5804
 5.47723
 5.38516
 13.1529
 13.8924
 6.245
 5
 14.4222
 4.24264
 21
 29.3939
 16.2788
 27.6225
 18.3303
 22.4944
 15.2971
 17.5784
 15.1987
 29.0345
 8.66025
 28.931
 5.09902
 20.9762
 9.16515
 18.2483
 4.12311
 12.083
 16.6433
 6.55744
 25.3772
 32.665
 11.4018
 11.4018
 3.4641
 13.9642
 24.1247
 15.6525
 28.4956
 30.692
 13.0384
 10.3923
 32.1559
 32.1559
 26.2679
 11.6189
 29.189
 16.7033
 25.7876
 5.19615
 0
 10.4403
 24.8395
 15.5242
 23.4094
 2.44949
 28.8964
 29.6648
 28.775
 33.0454
 14.8324
 33.2415
 20.445
 2.44949
 26.2488
 24.2281
 25.8844
 14.5945
 28.4077
 28.4077
 17.3781
 28.0179
 28.0179
 27.7849
 21.7715
 31.0805
 8.66025
 8.66025
 25.807
 19.799
 12.9615
 21.9545
 21.9545
 23.9374
 26.5141
 26.5141
 12.4499
 18.3576
 8.24621
 25.807
 25.807
 25.807
 25.807
 20.5183
 13.0767
 24.4745
 14.8997
 14.8997
 5
 27.8029
 27.8029
 29.8998
 29.8998
 15.6205
 34.4529
 24.5967
 24.5967
 24.5967
 35.3412
 26.8328
 22.3607
 15.6205
 0
 26.1534
 16
 16
 23.7487
 19.9249
 26.6271
 28.0179
 28.0179
 28.0179
 33.3916
 7.4162
 25.318
 25.318
 30.249
 23.6432
 26.8514
 12.8841
 12.8841
 20
 27.9821
 27.6043
 16.5831
 16.5831
 20.1246
 19.6469
 26.4386
 12
 12
 19.1572
 13.9642
 17.9165
 27.5862
 27.5862
 15.9374
 15.6844
 30.2324
 25.3574
 16.8226
 33.3916
 17.4069
 25.0998
 25.0998
 30.7571
 15.6205
 14.6969
 26.0192
 20.8806
 12.53
 17.4069
 29.1719
 15.5885
 28.178
 12.3288
 27.9821
 33.4963
 14.3527
 11.0905
 28.7576
 32.45
 14.7986
 17.4642
 26.8142
 24.2899
 14.7986
 10.583
 27.2947
 15.7162
 13.8924
 11.6189
 24.6171
 8.94427
 14.3527
 10.3923
 10.3923
 30.0998
 19.2354
 10.7703
 26.0384
 33.9411
 10.9087
 21
 24.8395
 15.3297
 31.4643
 8.7178
 25.593
 16.8819
 21.9773
 25.5734
 25.5734
 28.6705
 9.53939
 29.1719
 0
 31.9218
 9.64365
 29.6479
 9.69536
 30.1993
 21.7486
 27.8029
 10.7238
 27.9464
 14.7648
 26.0192
 26.0192
 20.6398
 15.9687
 26.0576
 26.0576
 23.6432
 7.4162
 31.5911
 33.2415
 16.5529
 29.8831
 32.0624
 20.0499
 27.1477
 32.8481
 13.8924
 27.4408
 18.412
 16.3095
 11.2694
 27.1477
 15.1327
 34.3074
 33.6601
 21.7256
 10.4403
 25.9615
 17.5499
 20.6155
 28.1069
 10.4403
 32.3883
 15.6205
 33.8231
 20.8087
 11.0905
 30.3809
 15.9687
 15.6525
 30.3645
 8.48528
 35.9583
 22.561
 35.2136
 14.3178
 25.7682
 11.225
 20.2978
 20.567
 36
 10.5357
 38.1051
 21.7025
 33.5559
 17.3781
 29.0345
 9.84886
 10.4403
 20.9523
 31.8591
 15.9374
 33.0151
 24.3516
 32.2645
 14.4222
 14.3178
 26.096
 21.4476
 18.4932
 18.4932
 7.74597
 38.923
 20
 20.8327
 35.0286
 27.8388
 8.83176
 20.025
 8.48528
 27.4955
 9.38083
 32.6956
 22.6053
 31.1929
 14.1421
 27.55
 12.8452
 26.9444
 20.664
 20.664
 8.83176
 35.6931
 21.7715
 19.1311
 33.2265
 17.0587
 10.583
 24.1039
 8.48528
 31
 20.445
 34.3657
 34.3657
 31.607
 10.0499
 14.0357
 25.0599
 20.5913
 15.1658
 33.7491
 7.68115
 7.68115
 20.9284
 20.9284
 22.6936
 20.2731
 8.88819
 20.0499
 7.07107
 23.7697
 19.1311
 33.8231
 33.8231
 34.8712
 19.7484
 27.8568
 13.0384
 16.7929
 27.9643
 27.9643
 7.68115
 31.0644
 19.9499
 19.9499
 20.9284
 20.9284
 10.5357
 13.8924
 13.2288
 21.7486
 21.7486
 35.8748
 13.8564
 40.5586
 7.87401
 28.8271
 28.8271
 20.6155
 20.6155
 8.544
 8.544
 8.544
 10.4403
 10.4403
 20.8806
 20.8806
 14
 14
 8.66025
 25.5539
 25.5539
 28.1957
 17.5784
 35.623
 35.0428
 16.6733
 15.1327
 9.69536
 18.5472
 20.3961
 20.3961
 22.383
 22.383
 33.7194
 33.7194
 33.7194
 26.7395
 26.7395
 13.9642
 14.3875
 14.3875
 14.3875
 20.1742
 20.1742
 31.7017
 31.7017
 0
