 480.362
 8.48528
 8.48528
 8.48528
 22.6716
 15.5885
 15.5885
 13.5647
 19.6723
 26.4197
 21.1896
 21.1896
 21.5407
 20.4939
 12.0416
 20.3224
 21.9089
 19.799
 16.6733
 18.7883
 14.3527
 19.0263
 19.0263
 16.1555
 17.8326
 16.5529
 16.6733
 17.8045
 17.5499
 19.1311
 18.0555
 21.9545
 17.2047
 16.7631
 19.6723
 18.6011
 17.3494
 19.9499
 20.1742
 20.9762
 16.1555
 22.5389
 20.8567
 22.8692
 20.445
 18.3303
 20.2237
 18.2757
 17.8885
 20.9284
 18.6548
 19.799
 16.4012
 22.2036
 16.4621
 19.799
 24.1039
 19.0263
 19.8242
 19.4936
 23.3666
 23.6643
 23.6643
 19.8494
 20.2978
 19.975
 19.6469
 20.199
 17.0587
 20.6398
 20.3715
 20.6155
 21.7486
 19.8242
 21.8403
 20.2731
 23.388
 19.2614
 19.975
 16.7332
 20.6882
 26.9258
 20.2978
 24.2074
 20.8567
 21.0238
 19.105
 17.4069
 20.347
 21.1424
 20.8567
 23.1733
 21.6795
 21.6795
 20
 22
 36.524
 18.412
 30.4631
 23.388
 23.388
 22.2711
 28.7228
 22.5832
 32.28
 20.0499
 23.8747
 37.3898
 33.0454
 27.5862
 23.0434
 24.4336
 31.8119
 19.8746
 32.249
 29.1204
 21.8174
 22.2261
 32.218
 40.8289
 19.975
 31.3688
 38.6005
 30.9677
 30.9677
 30
 25.1794
 34.1906
 33.0303
 24.5561
 23.516
 30.4302
 39.281
 26.9629
 31.273
 35.4542
 24
 26.9444
 26.4764
 33.9559
 35.5387
 35.5387
 35.5387
 33.3167
 32.2645
 30.4467
 24.5764
 24.5764
 30.4302
 24.1661
 38.4318
 36.6333
 36.6333
 31.8434
 28.8617
 29.5127
 35.1426
 35.1426
 26.9072
 33.0606
 33.2114
 28.2666
 0
 24.3516
 30.1828
 36.2905
 30.5123
 22.6274
 31.3209
 33.0757
 32.4654
 34.322
 32.1559
 25.219
 31.273
 31.273
 30.4138
 32.1248
 32.1559
 29.7153
 29.7153
 32.1403
 29.5973
 33.0454
 29.6648
 32.4191
 31.3209
 31.1769
 31.4802
 29.189
 29.189
 32
 30.4795
 27.8747
 34.7563
 34.7563
 27.7849
 29.6311
 30.3315
 30.5941
 31.241
 31.8277
 33.9411
 30.545
 35.623
 27.1662
 26.9444
 33.9706
 33.0908
 24.6982
 24.4131
 34.8281
 35.1568
 25.2389
 34.8138
 26.1725
 34.7851
 34.7419
 27.8029
 29.6479
 34.8568
 33.8231
 28.931
 28.7054
 33.121
 32.218
 30.133
 28.6182
 34.8281
 33.0757
 29.7658
 26.6083
 31.8591
 26.9629
 29.7489
 34.7563
 29.9666
 29.1548
 32.1714
 27.6586
 27.6586
 28.7924
 26.7955
 33.0151
 33.0151
 33.8821
 28.7054
 29.7658
 31.496
 35.6371
 26.9815
 26.9815
 27.6043
 35.623
 29.5804
 29.5804
 29.5804
 32.1714
 32.9848
 32.9848
 32.9848
 33.0303
 33.8969
 33.8969
 33.8969
 30.4795
 33.121
 28.931
 28.931
 32.187
 33.5261
 33.5261
 33.5261
 33.7491
 31.3688
 31.3688
 33.5261
 31.3209
 34.6554
 33.0757
 33.0303
 33.0303
 33.0454
 34.4093
 34.4093
 33.8378
 34.9285
 33.9264
 36.524
 33.0606
 35.6371
 34.6843
 34.7563
 31.496
 34.8712
 31.0322
 34.7994
 32.5576
 34.8999
 32.4346
 33.8821
 34.8999
 34.7707
 35.0714
 32.1714
 35.9861
 33.9559
 36.647
 35.7631
 34.7563
 35.8748
 33.0303
 34.7275
 30.4795
 35.8608
 35.609
 35.6511
 35.819
 35.609
 34.3511
 33.8969
 34.7851
 35.6651
 34.8281
 35.7351
 34.9857
 38.2361
 37.4433
 36.4829
 35.0714
 35.6651
 35.6651
 34.7851
 36.5103
 34.7131
 37.4166
 36.5103
 35.1426
 36.5103
 35.6651
 34.7851
 35.5949
 34.7563
 37.3363
 35.819
 36.5924
 35.7211
 37.3898
 34.8568
 35.7211
 34.8281
 34.8568
 35.6791
 31.273
 35.7351
 35.8608
 37.3497
 35.1852
 35.6651
 34.7707
 34.7851
 36.4692
 34.7419
 37.3363
 38.4448
 37.47
 38.2099
 37.4166
 37.4032
 35.8469
 35.623
 36.647
 36
 36.8646
 33.9853
 36.4555
 36.756
 37.855
 35.6511
 34.8138
 35.6791
 35.7351
 35.7491
 34.9142
 36.1939
 36.6742
 34.7707
 37.8682
 34.7563
 35.819
 34.7563
 35.6651
 36.5513
 33.0454
 39.1535
 35.9861
 35.6651
 37.3765
 36.524
 38.2884
 34.7707
 33.8969
 33.9559
 36.5787
 36.9865
 36.1525
 33.4365
 37.027
 32.3419
 35.8748
 33.8378
 36.5103
 34.7419
 36.5103
 36.565
 37.4032
 33.3317
 37.4566
 33.2866
 37.1214
 36.5103
 31.8591
 33.9264
 30.7246
 36.6742
 30.1828
 36.5103
 39.7492
 28.8964
 37.8946
 54.4334
 36.5377
 34.8712
 37.8682
 35.6371
 36.4966
 35.609
 35.7771
 35.8748
 37.3898
 36.606
 37.3497
 37.3363
 32.9848
 48.8262
 48.8262
 34.7707
 34.7419
 34.7419
 36.5513
 31.305
 34.7707
 40.8656
 40.4228
 40.4228
