 480.362
 9.32738
 9.32738
 16.6733
 16.6733
 16.1864
 16.1864
 15.7162
 19.6977
 27.0555
 21.4709
 21.4709
 21.4709
 19.6469
 14.3527
 14.3527
 22.8692
 22.8692
 22.8692
 22.8692
 22.8692
 19.1572
 19.1572
 19.1572
 18.4932
 14.9666
 14.9666
 17.2047
 17.4929
 17.4929
 19.6723
 22.4054
 22.4054
 17.088
 19.6723
 18.6279
 16.6733
 19.1311
 20.7123
 21.166
 16.6132
 23.3452
 23.3452
 22.9129
 20.4695
 19.2614
 20.8806
 19.3907
 19.0263
 22.1811
 19.3649
 20.5913
 18.4391
 20.2485
 16.3095
 20.2978
 23.4307
 19.4679
 20.9523
 19.4165
 23.9374
 23.3666
 23.3666
 20.199
 20.199
 19.4936
 19.6977
 20.445
 18.3848
 21.3307
 20.3961
 21.4009
 23.622
 20.0499
 20.0499
 21.6564
 25.1794
 19.2354
 20.9523
 17.8326
 21.0476
 26.8142
 21.0476
 22.8035
 20.2978
 20.8806
 19.1833
 18.3848
 19.105
 20.9523
 21.095
 23.3666
 21.9317
 21.9317
 19.799
 22.561
 36.4829
 19
 30.5287
 23.8747
 23.8747
 21.6795
 28.7228
 24.5561
 31.9061
 20.347
 25.1794
 37.3765
 33.0151
 26.1343
 22.5389
 24.8395
 31.4325
 20.7364
 32.1403
 28.6007
 22.8473
 21.3542
 32.1092
 40.8167
 20.025
 31.305
 37.6829
 29.6816
 28.8964
 28.6531
 25.2587
 34.5977
 33.0151
 23.4307
 23.6432
 30.4467
 38.8973
 27.1293
 30.4302
 34.1321
 23.8747
 26.9444
 26.9444
 33.8674
 35.1994
 31.4643
 17.0294
 33.0908
 32.1559
 30.7246
 25.04
 30.4302
 30.6268
 26.4197
 36.1801
 34.8281
 28.4429
 29.4958
 27.4773
 29.5127
 34.1028
 27.4226
 26.4197
 32.1403
 32.9393
 27.6043
 27.6043
 22.8692
 30.5614
 35.171
 28.8097
 22.6936
 31.0322
 33.0151
 32.0312
 33.4813
 32.1714
 24.5357
 30.3974
 31.0644
 30.3974
 30.7734
 32.1248
 29.1204
 29.7153
 30.9839
 29.5804
 32.9848
 29.1033
 32.4346
 32.1714
 29.8329
 29.6311
 29.6311
 31.1929
 30.8545
 32.1714
 28.9137
 33.8969
 30.8221
 27.7489
 30.5123
 31.0161
 29.5804
 30.4302
 30.545
 34.4384
 29.5804
 35.5949
 26.6083
 27.1293
 34.4093
 31.273
 25.0799
 24.8395
 35.3977
 34.8138
 26.3249
 35.2987
 24.5561
 34.7131
 34.8855
 28.1247
 29.9833
 34.8138
 33.9117
 28.6356
 29.1376
 33.9117
 32.573
 30.2985
 28.3019
 28.3019
 34.1467
 30.5778
 26.7769
 30.8221
 26.9444
 30.249
 34.7994
 28.8097
 29.4958
 32.187
 27.8568
 31.8119
 29.0345
 27.2029
 33.1361
 31.4643
 33.5857
 28.8964
 29.95
 30.3315
 36.2629
 27.1109
 31.4802
 27.8747
 36.1248
 29.6311
 32.3265
 32.3265
 32.6037
 33.2716
 33.2265
 33.2265
 33.4216
 34.1467
 31.5753
 31.5753
 31.607
 33.7343
 29.5296
 29.5296
 32.1559
 34.0881
 32.2645
 18.1384
 34.3802
 32.187
 33.5112
 33.7787
 32.249
 31.496
 33.3167
 33.4216
 31.9061
 33.541
 34.9571
 29.2575
 34.2345
 35.623
 33.8969
 36.7831
 34.1174
 35.7351
 33.8969
 34.4529
 32.078
 35.0286
 31.4643
 34.8568
 33.7194
 34.8425
 32.8634
 33.9411
 35.1283
 34.9428
 36.2905
 32.2645
 36.2905
 34.9285
 36.8782
 35.6511
 35.0286
 35.623
 33.4515
 34.9714
 31.7333
 36.2905
 36.5103
 35.4542
 36.3456
 35.6651
 34.7994
 34.9142
 35.0286
 36.2767
 35.1994
 36.3043
 34.8568
 38.8201
 37.8814
 36.4829
 35.4683
 36.4692
 36.1386
 35.9722
 36.2767
 34.7994
 38.833
 36.6197
 36.2767
 36.756
 35.2987
 34.9571
 36.1109
 35.1426
 37.5233
 36.6606
 37.1618
 36.4829
 38.8201
 35.623
 36.973
 35.609
 35.8887
 35.9861
 32.573
 35.5246
 36.4555
 37.8286
 35.6651
 35.9166
 34.8568
 34.8855
 36.9865
 33.9559
 38.5487
 39.0128
 38.0263
 39.2046
 38.8458
 38.3667
 36.1248
 36
 37.6962
 36.318
 37.3497
 34.4529
 36.8239
 37.1753
 38.7943
 35.7911
 34.7994
 35.7071
 36.0555
 36.1109
 35.6651
 36.5377
 37.3497
 35.5949
 38.3797
 34.8138
 36.1801
 35.1568
 36.1801
 36.973
 34.1614
 39.6611
 36.1525
 36.647
 36.8375
 37.7359
 39.9375
 35.7911
 34.7851
 34.2637
 37.3229
 37.3229
 36.4829
 33.8969
 37.7492
 32.187
 36.3731
 33.9264
 36.647
 34.7275
 36.8511
 36.565
 38.704
 33.0606
 38.223
 33.121
 36.4692
 36.4829
 32.187
 34.0294
 31.4166
 37.1349
 32.187
 36.7151
 40.7431
 30.5287
 38.223
 55.2268
 36.9459
 35.0571
 38.0132
 36.8782
 37.4166
 35.609
 36.1248
 36.1248
 37.855
 38.8458
 37.4299
 36.5377
 33.1662
 33.1662
 33.1662
 34.7707
 34.7851
 0
 35.7911
 35.7911
 35.7911
 35.7911
 40.3733
 0
