 24.6779
 12.083
 26.533
 14.7986
 17.6635
 10.4403
 10.4403
 13.0384
 16.0312
 15.3297
 16.4317
 13.6015
 12.6491
 18.2483
 10.3923
 13.6748
 17.3781
 12.3288
 13.1909
 13.5647
 9.84886
 14.8324
 14.7648
 11.2694
 14.0357
 11.2694
 11.3137
 13.0384
 12.6095
 17.8606
 14.6969
 17.5499
 14
 17.0294
 14.8324
 18.5203
 15.6205
 17.3494
 19.105
 19.1833
 14.7648
 20.8327
 15.3297
 15.1327
 16.5529
 17.3494
 15.1327
 17.1464
 13.4536
 19.1311
 16.7033
 19.1833
 18.2483
 18.2483
 17.0587
 19.2094
 17.5214
 19.1833
 17.4069
 18.412
 18.412
 20.1246
 19.105
 19.1833
 15.7162
 18.5472
 15.748
 17.3781
 16.7929
 19.975
 17.4356
 20.0499
 19.0526
 19.2354
 20.2731
 20.8087
 17.2916
 18.9737
 16.4924
 19.2094
 16.4924
 20.8567
 18.303
 20.2731
 19.1311
 18.2757
 19.5192
 18.6279
 21.2603
 21.9773
 18.2757
 21.9545
 21
 21
 20.6398
 21.7025
 30.282
 19.8242
 23.622
 18.2483
 0
 21.1187
 22.2935
 19.2094
 24.8998
 19.4936
 21.1187
 28.3019
 26.1343
 23.1733
 20.664
 22.561
 26.7955
 18.735
 23.8956
 23.3666
 20.6882
 19.5704
 25.5343
 32.1714
 19.4165
 24.96
 30.7246
 24
 24.9199
 25.02
 21.3776
 23
 24.7184
 22.2711
 21.9773
 23.8747
 29.3769
 22.9129
 24.1868
 25.2982
 24.2074
 22.561
 19.975
 27.1662
 27.2764
 23.4307
 17.9722
 23.7487
 24.1868
 23.8747
 19.1833
 23.2164
 23.2809
 20.9523
 28.3549
 28.0535
 22.2935
 23.8747
 24.0208
 22.5832
 25.6515
 22.1585
 22.8254
 25.4951
 24.0832
 23.0434
 0
 22.2711
 24.4949
 27.2213
 22.6053
 22.9565
 26.3818
 26.9072
 24.5153
 27.2397
 26.9258
 23.2594
 23.1084
 20.8327
 24.8998
 26.7208
 26.1151
 22.8254
 22.5389
 26.4386
 23.7487
 26.6083
 24.1868
 23.8956
 26.0576
 28.7402
 25.3377
 21
 23.0651
 28.3373
 25.0799
 21.7486
 26.6458
 23.0651
 26.1151
 23.4307
 22.8473
 24.8193
 28.7402
 27.3861
 23.9374
 23.4094
 26.1534
 25.5343
 25.04
 23.0868
 26.1151
 22.6053
 25.632
 23.6643
 28.0179
 22.9129
 25.3377
 24.4745
 27.2397
 27.7128
 25.02
 25
 26.4386
 28.3196
 28.8097
 23.8956
 25.2982
 26.6458
 25.5734
 23.388
 26.9815
 26.1534
 22.3607
 24.7184
 24.1454
 22.7816
 23.388
 28.3196
 24.8193
 23.622
 26.4197
 23.4521
 24.2074
 26.1534
 24.0416
 26.3439
 24.454
 25.4951
 27.1846
 22.6274
 25.3772
 26.4008
 24.4745
 24.0832
 24.0832
 27.2029
 24.9199
 26.4197
 26.4197
 25.5734
 24.5153
 25.7876
 18.5742
 26.1534
 26.5895
 24.5967
 17.7482
 23.7697
 26.9444
 25.2982
 14.4914
 26.4008
 24.8596
 24.8797
 13.4907
 24.0416
 26.0576
 26.4953
 26.2869
 25.2587
 26.5141
 27.4773
 25.02
 26.0768
 27.4591
 23.4094
 23.1517
 28.2666
 23.4307
 27.258
 26.6458
 27.7128
 27.6043
 26.4197
 27.1846
 25.2982
 26.9815
 23.6008
 25.318
 24.8596
 24.96
 25.5734
 26.7955
 28.0535
 27.7128
 26.9629
 28.0535
 26.9444
 26.0576
 29.3598
 26.4197
 29.5296
 27.1477
 27.9464
 27.7849
 24.2281
 26.9629
 29.8664
 26.9258
 26.1151
 27.9464
 28.4429
 26.0576
 28.3549
 25.593
 28.3373
 25.5539
 29.1719
 26.3818
 28.6007
 26.4764
 28.0535
 27.2764
 27.7489
 28.2489
 28.0357
 26.4008
 28.6007
 26.7955
 27.258
 26.4386
 28.0357
 26.4197
 28.5482
 28.0357
 27.258
 27.4226
 28.0535
 28.0179
 29.1033
 24.9399
 28.3019
 26.4008
 28.5832
 28.0179
 25.2785
 27
 27.5681
 27.4773
 27.1477
 25.3377
 28.3373
 27.2029
 28.8097
 28.5482
 28.5482
 27.7489
 28.0357
 28.0891
 28.6182
 27.7308
 28.2843
 25.593
 26.9629
 24.4949
 25.0998
 24.2487
 26.7955
 26.1343
 29.6479
 24.8998
 30.0167
 26.3818
 29.1548
 25.5539
 29.8998
 26.1343
 27.7849
 28.7228
 28.6356
 27.7849
 29.0861
 27.8388
 28.6007
 28.0179
 27.2213
 28.0179
 27.4773
 28
 29.1033
 28.0535
 31.0966
 28.3549
 26.1151
 25.3574
 28.3725
 24.2899
 24.4949
 26.0768
 27.6225
 24.8797
 28.688
 26.1343
 29.3769
 27.4591
 28.8617
 30.315
 27.258
 27.9464
 28.7576
 28.4605
 30.6594
 26
 25.3574
 23.7697
 24.4949
 25.318
 24.0832
 24.8998
 28.7924
 25.0599
 29.2916
 28.8271
 30.4631
 28.5832
 28.6182
 27.4226
 27.2213
 23.9792
 25.8844
 26.9629
 27.7849
 27.8209
 28.4077
 28.0891
 25.9037
 41.6653
 41.6653
 27.4591
 27.5862
 27.5862
 25.2982
 21.5407
 19.6977
 22.5167
 33.0454
 33.0454
