 26.2298
 16.8226
 19.105
 18.0278
 22.7596
 24.7184
 30.3315
 20.2731
 19.0526
 19.0526
 20.5913
 22.6274
 23.7065
 20.2237
 24.5764
 23.0868
 22.6053
 26.5895
 24.8596
 26.9072
 26.9258
 27.4226
 26.7955
 24.3105
 24.4131
 29.1204
 27.7849
 25.7294
 22.561
 23.8537
 25.5539
 22.8473
 23.8118
 26.7769
 27.4408
 25.671
 29.5804
 22.5389
 26.2679
 23.3452
 25.2785
 20.0749
 27.5681
 30.1828
 24.5357
 29.6142
 33.0454
 28.3901
 33.0151
 22.3159
 25.4362
 23.2809
 28.9655
 29.7993
 28.6531
 29.3939
 33.6006
 26.8514
 33.9559
 19.2094
 33.1662
 24.2487
 28.6705
 27.3861
 34.7275
 24.6171
 35.2278
 32.3883
 22.2486
 22.3159
 26.8328
 26.0768
 20.9045
 27.8029
 28.2666
 28.7054
 38.2361
 20.0749
 38.8587
 38.8587
 38.2623
 26.5707
 27.6406
 24.1661
 38.3014
 39.7115
 28.2489
 24.7386
 36.9865
 26.7208
 30.0167
 26.0576
 23.8328
 0
 29.5635
 31.0161
 31.0161
 34.4093
 30.2655
 26.4764
 0
 19.3132
 19.3132
 38.1576
 33.0151
 18.3303
 34.7851
 34.7851
 29.5635
 27.8029
 30.348
 25.3377
 33.0151
 42.8252
 22.0907
 34.6987
 26.5518
 39.5474
 18.735
 18.735
 24.5764
 24.5764
 22.5832
 34.4238
 30.4467
 28.6356
 24.8998
 21.4476
 35.805
 22.9565
 25.4165
 33.8526
 33.8526
 33.8526
 33.8526
 33.8526
 31.9218
 36.5787
 39.3065
 21.9089
 22.3159
 32.8481
 32.1714
 25.1595
 19.975
 26.4386
 41.4005
 27.4591
 23.5797
 38.3014
 22.1359
 46.669
 28.4781
 35.7911
 31.1929
 24.4745
 24.4745
 26.7769
 25.0599
 25.9422
 25.9422
 38.833
 0
 27.1662
 39.1408
 30
 29.1719
 26.0192
 36.2905
 28.8791
 26.9815
 23.622
 29.9833
 29.5804
 26.1343
 26.1343
 26.096
 21.8861
 26.4575
 30.4631
 30.4631
 21.3073
 34.7563
 29.4788
 35.8469
 35.8469
 37.1214
 21.7025
 30
 28.1603
 28.1603
 26.5895
 25.0599
 38.2099
 27.8029
 27.8029
 27.8029
 22.6716
 34.7994
 26.3818
 25.923
 31.5119
 35.426
 25.2982
 25.2982
 30.1496
 28.5482
 42.4028
 27.4591
 28.3549
 28.4605
 41.6773
 25.318
 27.0185
 36.5103
 28.7924
 32.1559
 38.5746
 28.6531
 25.3377
 27.4773
 22.9565
 28.0179
 32.1403
 25.8457
 35.8469
 29.1376
 39.1791
 27.7849
 33.0303
 41.7732
 29.7658
 24.5153
 31.1609
 40.8901
 20.0749
 15.4596
 36.0694
 24.6779
 29.4788
 17.5784
 37.8153
 33.2114
 37.7227
 14.4568
 41.5572
 31.3688
 29.8998
 14.1067
 41.7852
 27.1662
 14.9332
 26.0192
 36.6879
 29.1033
 14.2127
 0
 35.3412
 25.5734
 12.7671
 31.7333
 27.4408
 33.3317
 17.2337
 32.1403
 35.7351
 38.5876
 11.7898
 33.7194
 38.5746
 42.5911
 21.5174
 29.6142
 42.5558
 19.1833
 13.9642
 31.3847
 23.1733
 16.7929
 36.1248
 39.281
 11.7898
 30.1828
 45.0888
 12.8452
 26.0768
 44.4072
 30.2324
 40.0999
 22.7596
 38.5487
 23.4094
 36.2491
 42.0357
 22.9129
 46.5618
 22.6716
 43.6578
 20.0499
 27
 22.5832
 34.6266
 40.9512
 45.5851
 31.6228
 42.6263
 43.4396
 36.8511
 31.0966
 24.1039
 24.3516
 22.4054
 38.1838
 42
 43.4396
 21.1896
 44.4972
 41.7732
 17.5784
 28.8444
 33.5708
 33.1813
 46.422
 24.6779
 47.8539
 41.1339
 45.2106
 38.4968
 23.6008
 32.9848
 30.4302
 30.4302
 41.2068
 44.5309
 34.9428
 43.6348
 21.1424
 43.4741
 19.1311
 24.7386
 29.2746
 43.9545
 30.4138
 27.6586
 44.0908
 40.8412
 61.5711
 37.7359
 27.4044
 17.1756
 34.3074
 21.5639
 42.9185
 39.1791
 44.6766
 45.2217
 22.3159
 22.3159
 20.9284
 20.9284
 34.7419
 43.9886
 28.6705
 42.7668
 44.833
 42.5558
 25.8457
 30.2985
 24.7184
 25.5539
 34.5543
 39.3192
 45.8912
 48.0104
 25.04
 24.0208
 46.8615
 46.8615
 20.9762
 20.9762
 25.2982
 25.2982
 45.0777
 44.317
 46.7654
 40.939
 23.9374
 35.4401
 29.5127
 26.9258
 37.4833
 38.3275
 45.0777
 45.0777
 43.1509
 40.8656
 28.4781
 24.4745
 18.3303
 18.3303
 24.0208
 24.0208
 43.4281
 43.4281
 49.0204
 37.3095
 30.1164
 40.6694
 34.1467
 21.6795
 44.2719
 36.0416
 45.7602
 43.6463
 40.8044
 36.7423
 30.5287
 17.1464
 33.0454
 37.8286
 22.9783
 22.9783
 39.281
 39.281
 45.0888
 33.8526
 43.1161
 43.1161
 36.3043
 21.6795
 48.8774
 29.5127
 29.5127
 37.3631
 37.4032
 24.2487
 36.2629
 45.9239
 43.6119
 46.0109
 21.7025
 28.8617
 39.3446
 39.3446
 26.1151
 0
 30.1662
 42.9418
 0
 37.7624
 46.3681
 46.3681
 29.5804
 29.5804
 0
