 24.6577
 9.69536
 32.0156
 8.60233
 13.0384
 13.5277
 20.0749
 11.7898
 7.07107
 12.8841
 9.53939
 17.5784
 20.4695
 7.81025
 16.3707
 16.4012
 7.74597
 17.8045
 19.6214
 12.8841
 18.412
 15.3297
 11.4455
 16.1864
 13.8564
 14.7986
 17.5784
 16.1555
 10.3923
 11.8322
 19.0263
 10.0995
 10.4881
 12.3288
 17.1756
 14.4568
 15.9374
 14.2127
 12.2882
 9.59166
 19
 5.47723
 21.5407
 20.2978
 11.2694
 11.2694
 17.5499
 14.3875
 15.3623
 7.93725
 15.9687
 7.81025
 18.4662
 17.8045
 12.9615
 15.5242
 15.1658
 16.3095
 18.7617
 20.9045
 14.5602
 11.5326
 20.2731
 8.77496
 22.4054
 13.0384
 20.6398
 17.088
 14.3178
 6.9282
 17.1464
 7.87401
 17.6068
 12.2474
 19.5704
 17.1172
 18.2483
 19.2614
 21.8861
 22.8035
 19.4936
 8.83176
 22.7156
 7.74597
 17.8606
 19.8494
 15.1658
 17.088
 20.1494
 9.53939
 19.105
 22.891
 10.3923
 10.3923
 13.9284
 25.2389
 25.8263
 18.3848
 14.7309
 18.6279
 18.6279
 17.5499
 19.6214
 21.1187
 19.8242
 22.7596
 16.4924
 21.1896
 16.0312
 10.3923
 20.9284
 8.7178
 19.799
 24.2899
 14.1067
 18.2209
 15.6525
 21.0238
 12.2882
 12.2882
 18.412
 21.2132
 27.7849
 16.3707
 17.8885
 9.59166
 18.303
 21.095
 21.5639
 13.1149
 21.6564
 22.2036
 19.2614
 14.8661
 18.7617
 19.0263
 20.2485
 21.166
 21.7715
 15.9374
 18.5472
 20.2237
 19.0263
 15.6525
 22.2036
 16
 21.9545
 19.0526
 21.5639
 19.2094
 18.5742
 22.1133
 19.6977
 24.1868
 13.1149
 15.3297
 17.1464
 17.3494
 12.1655
 17.9722
 15.5242
 25.7488
 0
 16.0312
 23.7276
 19.5959
 14.7648
 21.1187
 16.7929
 20.3715
 22.3159
 23.3666
 9.59166
 19.5448
 16.6132
 16.6132
 13.8924
 24.2074
 15.6844
 22.9347
 22.9347
 21.7945
 20.2731
 21.5407
 21.5174
 21.5174
 20.9762
 21
 23.3024
 18.0831
 18.0831
 22.2036
 23.5797
 22.891
 22.1133
 22.1133
 19.7484
 26.533
 14.5945
 17.2627
 19.6469
 12.3693
 25.3377
 18.412
 18.412
 13.2665
 19.105
 26.2488
 22.0907
 18.303
 16.7033
 23.6854
 23.3238
 20.3715
 16.6433
 21.2132
 21.4942
 8.88819
 21.4709
 18.6815
 20.8806
 10.5357
 24.1661
 24.1454
 22.7596
 16.6132
 22.7376
 24.3311
 22.0454
 20.347
 25.2785
 22.1585
 15.6525
 19.6214
 21.9773
 21.2368
 27.8209
 16.8523
 25.5539
 19.0263
 25.02
 13.1909
 18.4391
 26.0576
 24.4949
 27.258
 13.8924
 15.4919
 23.9583
 22.1585
 20.0998
 24.4949
 15.9374
 15.6525
 20.6398
 26.1151
 0
 10.4403
 22.6716
 27.7849
 17.8606
 11.2694
 24.7386
 25.8844
 17.6635
 19.105
 26.4764
 26.5895
 14.7309
 19.2614
 25.632
 23.9165
 14.4914
 20.8806
 24.8998
 27.4591
 14.1067
 26.0192
 26.9258
 11.7473
 25.4362
 26.3629
 15.6844
 26.4197
 25.671
 20
 23.7276
 21.3776
 17.5214
 23.3666
 10.7238
 12.1655
 22.2036
 25.593
 18.2209
 27.7128
 21.1424
 20.8567
 24.1247
 14
 26.4575
 12.4499
 28.2666
 26.533
 19.0788
 23.0868
 21.2368
 16.8819
 22.9565
 11.4018
 26.0768
 15.6205
 26.4764
 20.8806
 26.0576
 22.1811
 27.5681
 20.8567
 24.1661
 15.4919
 28.1957
 13.6748
 26.2488
 20.8087
 29.4788
 22.8692
 19.5448
 13.9642
 21.4243
 12.9615
 26.6083
 14.6969
 28.2843
 26.533
 19.1311
 22.5832
 21.4243
 17.0587
 23.7065
 12.8062
 26.4575
 28.8964
 16.6733
 22.5832
 25.8457
 22.5389
 22.561
 19.1311
 32.2955
 12.8452
 32.0468
 13.7113
 25.5539
 20.1494
 25.6125
 20.8806
 23.6432
 16.2788
 26.4197
 11.225
 29.5804
 28.2843
 15.6525
 20
 26.096
 21.9317
 21.8174
 14.9332
 31.4802
 15.3297
 33.1964
 21.3776
 21.3776
 23.0651
 19.9249
 20.3715
 21.7025
 18.5742
 25.632
 13.9642
 28.2666
 19.5192
 26.6271
 22.2711
 27.9643
 24.1868
 17.5214
 19.2354
 25.5539
 10.583
 20.2978
 24.5153
 31.6228
 19.9499
 22.2935
 21.0238
 18.412
 15.6844
 19.3907
 11.6619
 26.4764
 19.1311
 29.0517
 19.8494
 29.6142
 26.1534
 21.3073
 20
 18.735
 12.7279
 20.9284
 22.9565
 51.0686
 23.4094
 23.4094
 19.105
 21.0476
 22.0907
 21.0238
 14.9332
 14.9332
 14.9332
 33.2265
 33.2265
 29.7153
 58.4038
 28.7228
 19.3907
 19.3907
 25.318
 24.0208
 13.0384
 17.088
 20.025
 21.4243
 26.9815
 25.8457
 28.4781
 27.8209
 23.0868
 23.4094
 19.1311
 15.7162
 15.7162
 15.7162
 0
 18.3848
 25.632
 0
 0
 0
 0
 0
 31.3688
 0
