 23.3666
 7.4162
 28.2666
 8.544
 13.9642
 9.16515
 9.16515
 11.6619
 20.2978
 7.93725
 24.5967
 6.16441
 6.55744
 32.218
 7.93725
 7.07107
 28.0891
 3.87298
 5.09902
 8
 10.3441
 9.21954
 13.0384
 11.0454
 11.0905
 9.16515
 8.18535
 8.60233
 17.8045
 20.6398
 8.60233
 20.347
 14.9332
 17.3205
 9.38083
 14.1067
 14.2478
 6.16441
 17.2047
 24.1454
 8.544
 29.1376
 7.34847
 7.74597
 19.0263
 17.2047
 10.4403
 16.6733
 9.38083
 27.5681
 12.3693
 27.5862
 14.7309
 12.3693
 21.5407
 17.3494
 6.245
 9.16515
 13.1909
 11.0905
 18.6011
 25.2785
 10.8167
 23.388
 8.60233
 22.8035
 11.7898
 18.412
 16.7332
 27.1846
 15.906
 27.1846
 10.583
 23.6854
 16.6733
 22.2261
 5.56776
 16.5529
 14.3178
 14.1421
 19.6469
 29.5296
 11
 27.7128
 9.79796
 13.2665
 24.0208
 22.1359
 24.0208
 27.258
 16.8819
 14.1421
 26.533
 26.533
 24.6982
 17.8045
 25.671
 20.2485
 20.567
 12.49
 0
 16.3707
 22.0907
 15.5242
 20.2731
 10.3923
 24.1661
 24.5561
 22.4054
 29.7153
 11.0454
 31.4484
 22.6716
 11.6189
 21.6795
 19.0526
 26.7582
 16.3707
 22.8692
 26.6271
 20.199
 20.2731
 23.4734
 27.037
 19.0526
 29.3769
 15.1658
 17.2627
 22.6053
 27.6586
 19.0263
 17.8885
 21.1896
 25.0799
 21.7256
 21.5407
 17.8045
 21.0238
 13.4907
 21.0238
 25.04
 18.2483
 17.1756
 21.0476
 16.9115
 18.303
 14.9332
 17.4356
 12.5698
 22.7816
 23.6643
 22.2486
 15.4919
 12.3288
 30.282
 20.2237
 22.4054
 15.906
 30.692
 18.8149
 22.8692
 16.6132
 0
 27.7128
 21.7715
 27.6406
 19
 23.2809
 27.074
 21.9089
 24.1661
 27.9285
 32.5883
 14.4914
 17.1464
 17.1464
 28.3901
 26.8142
 21.4476
 17.2337
 14.7648
 24.6779
 26.2298
 18.6279
 19.7484
 13.5647
 23.6643
 25.04
 19.8242
 17.1756
 15.9687
 26.4575
 17.9165
 19.6469
 19.105
 17.9165
 22.9565
 16.0312
 26.5707
 19.3907
 24.7588
 33
 14.9666
 16.7631
 16.7631
 25.2785
 21.0238
 18.2757
 19.2354
 22.8035
 18.8149
 21.0476
 20.5426
 19.4422
 28.3901
 21.9317
 19.799
 33.8083
 20.347
 17.8885
 19.7737
 32.0468
 22.2486
 13.0384
 17.6068
 25.7876
 21.5639
 17.8326
 19.7737
 22.6936
 17.3494
 19.0788
 19.0526
 17.9165
 20.2485
 19.6469
 24.8797
 28.2489
 14.2478
 19.6469
 22.7376
 31.4166
 16.6132
 15.6525
 22.7156
 17.8885
 28.9482
 17.3205
 24.7184
 22.6495
 25.923
 22.7376
 22.7376
 28.3196
 17.4929
 24.5764
 0
 33.1662
 17.2337
 25.5343
 14.0712
 31.9687
 13.9284
 23.4734
 13.5277
 26.9629
 19.6469
 24.3105
 10.4881
 25.3377
 17.8045
 22.7376
 22.7376
 22.1359
 16.4317
 26.4008
 31.9687
 13
 26.5895
 35.6651
 14.8997
 24.6779
 30.1164
 14.2478
 24.6374
 24.8797
 19.4165
 20.445
 30.5778
 17.8045
 34.5109
 33.3617
 14.0357
 17.2627
 27.313
 17.0587
 24.1454
 23.9583
 17.9165
 28.178
 18.412
 34.5832
 14.4568
 18.4662
 29.4788
 20.3224
 24.3516
 31.3847
 17.1172
 36.8917
 12.8062
 33.4963
 15.1987
 26.0576
 17.8885
 26.0192
 19.7484
 31.0644
 16
 32.078
 13.2665
 36.2491
 15.4919
 28.8964
 17.5784
 22.6495
 25.2982
 31.496
 13.4907
 34.5398
 13.2288
 32.6956
 20.2978
 21.4942
 28.7228
 25.1396
 24.2899
 28.4253
 14.2127
 31.8119
 12.0416
 15.6205
 31.4802
 28.3725
 14.8997
 24.1247
 19.5192
 33.5261
 16.0312
 37.4166
 13.5647
 32.0936
 23.4521
 27.4591
 18.4662
 23.4521
 25.2785
 23.4094
 13.7113
 31.8277
 11.3578
 17.2047
 31.4166
 24.8193
 18.0555
 23.4521
 19.799
 32.1248
 14.0357
 33.8231
 14.3875
 31.6702
 16.5529
 17.2627
 25.593
 25.3377
 20.347
 27.2947
 14.2127
 30.3974
 10.4403
 27.8388
 12.4097
 24.1454
 15.4919
 23.5797
 18.5203
 27.7669
 15.1987
 35.7071
 18.4391
 32.7261
 20.2731
 29.9333
 19.6977
 23.1301
 23.388
 28.4956
 15.6525
 32.665
 13.9642
 25.9037
 11.2694
 23.3666
 14.4568
 18.4932
 15.6844
 24.8596
 15.3623
 30.2324
 18.4391
 31.4802
 19.5959
 28.4077
 22.8035
 22.7596
 19.1572
 20.9523
 25.8457
 30.6105
 17.8885
 20.9045
 10.198
 10.198
 14.2127
 14.2478
 17.8326
 23.4521
 23.4521
 27.0185
 23.3666
 32.6037
 29.5127
 24.1454
 19.0788
 15.9687
 8.88819
 14.3178
 16.3707
 20.3224
 25.9037
 35
 26.0576
 19.1833
 23.7065
 23.7065
 28.4956
 17.3494
 17.3494
 17.3494
 20.7846
 20.8567
 25.671
 25.671
 0
