 13.1149
 9.94987
 11.225
 10.4403
 14.7309
 15.4596
 14.7309
 10.1489
 14.6969
 14.6969
 14.7648
 8.7178
 6.9282
 14.2127
 13.4164
 9.48683
 15.0997
 15.4919
 9.84886
 15.4596
 15.1327
 16.5831
 17.1756
 11.7047
 14.4222
 21.4476
 17.1464
 16.7033
 14.9332
 15.6205
 17.8885
 16.0935
 15.4272
 19.7484
 16.4924
 15.8745
 17.8885
 8.06226
 15.906
 15.2971
 14.2478
 17.8606
 16.4317
 16.7929
 17.5214
 18.6548
 19.4679
 17.2337
 16.7332
 15.4596
 14.7309
 16.0935
 18.412
 20
 14.3178
 14.9666
 19.1311
 20.199
 19.7737
 5.19615
 20.1494
 14.7986
 19.7484
 15.5242
 18.9209
 17.0587
 16.7033
 16.3707
 15
 14.7309
 18.3848
 14.8997
 12.3693
 13.8924
 20.199
 13.4536
 21.7256
 3.31662
 21.7025
 21.7025
 20.6398
 19.2354
 16.2788
 17.3205
 20.8567
 21.4942
 14.5602
 11.6189
 19
 16.6433
 18.6279
 15.4919
 12.53
 0
 14.7648
 18.4662
 18.4662
 15.9687
 16.1245
 8.77496
 0
 4.24264
 4.24264
 20.8567
 15.6205
 5.74456
 18.3576
 18.3576
 15.6205
 16.3401
 20.567
 16.5529
 15.6205
 23.6643
 8.12404
 16.4621
 16
 21.6564
 1.73205
 1.73205
 15.6205
 15.6205
 7.81025
 19.4679
 13.8924
 17.5499
 15.9687
 6
 20.3224
 9.8995
 16.6433
 14.7986
 14.7986
 18.2209
 18.2209
 18.2209
 20.9762
 16.0312
 22.5832
 8.88819
 18.3848
 15.1327
 14.7986
 9.64365
 6.08276
 13.1909
 26.0384
 10.4403
 14.8324
 19.5448
 14.7648
 28.5482
 14
 22.7816
 17.8885
 12.6095
 0
 11.2694
 12.53
 12.8841
 12.8841
 20.8567
 0
 15.8114
 19.7737
 14.0357
 15.906
 13.8924
 19.8242
 17.3494
 6.08276
 6.85565
 18.735
 17.4929
 13.6015
 0
 9.38083
 7.81025
 17.2627
 19.5192
 0
 6.9282
 15.6525
 13.9642
 22.6053
 0
 18.3303
 8.66025
 14.7648
 13.1149
 0
 10.7238
 6
 21.4709
 9.69536
 0
 0
 12.4097
 21
 13.2288
 15.5885
 20.8567
 21.166
 11.6189
 0
 19.7737
 19.0788
 25.1794
 11.2694
 19.5448
 22.7376
 22.2935
 4.58258
 20
 20.2485
 20.9045
 14.7309
 22.3607
 18.9473
 17.4929
 11.7473
 6.16441
 18.9209
 20.5913
 10.4403
 19.975
 16.4317
 24.3516
 12.8452
 14.4914
 21.7945
 18.9737
 12
 18.2483
 21.3542
 9.21954
 13.6748
 19.5448
 14.7986
 15.5242
 13.2665
 19.6214
 15.5242
 24.4336
 16.4012
 22.7596
 18.1108
 16.5227
 15.3623
 23.5797
 14.8661
 18.2757
 13.5277
 21.4243
 14.3875
 17.088
 0
 25.8457
 16.4012
 23.4307
 14.5602
 10.0995
 20.6882
 18.6548
 13.9284
 16.4924
 22.5832
 17.4356
 22.3607
 19.975
 25.1794
 12.3288
 15.1658
 22.4944
 6
 18.5742
 19.7737
 12
 17.2916
 18.412
 24.2899
 18.0555
 15.7162
 24.3926
 18.4932
 20.0749
 23.4521
 16.4012
 23.388
 12.3693
 17.1464
 2.44949
 25.2587
 23.0434
 3
 26.9072
 2.44949
 23.0651
 11
 15.4272
 12.4499
 19.0788
 25.1794
 26.3818
 18.2209
 22.9565
 22.561
 21.587
 19.4422
 14.1067
 13.1909
 5.09902
 23.6643
 21.9545
 24.3105
 3
 24.454
 21.4009
 3.4641
 8.18535
 19.7737
 15.6525
 26.0768
 18.412
 26.5141
 20.347
 26.2679
 25.3772
 12.1244
 28.775
 20.2485
 20.2485
 26.0576
 27.3679
 17.4356
 21.7715
 1.73205
 26.4386
 14.0357
 6.32456
 17.1464
 26.0384
 11.7898
 14.7648
 23.5372
 21
 54.5711
 21.5639
 16.7033
 14.8324
 22.3159
 3.31662
 26.9258
 20.6398
 24.4131
 24.6779
 2.44949
 0
 13.1149
 0
 21.7256
 27.9464
 8.83176
 22.1811
 24.0624
 22
 15.1987
 18.9737
 17.1464
 8.60233
 22.2711
 22.6053
 27
 27
 6.63325
 4.24264
 23.8747
 0
 18.412
 0
 15.9374
 0
 27.3861
 22.7376
 24.2074
 20.8327
 15.3623
 17.5784
 18.5742
 16.0312
 21.7486
 22.6495
 28.0713
 28.0713
 22.5832
 20.6155
 14.2127
 16.6433
 13.8924
 0
 13.9642
 0
 24.3311
 0
 26.1151
 17.3781
 16.4317
 21.7486
 19.4936
 14.2127
 27.0185
 22.6053
 26.4386
 21.9545
 17.3205
 18.2209
 16
 4.24264
 20.664
 19.3907
 14.7648
 0
 24.6779
 0
 24
 16.2173
 21.7256
 21.7256
 18.3303
 15.6844
 24.3926
 17.8885
 17.8885
 17.8326
 25.5147
 22.561
 22.3159
 24.8998
 25.2785
 25.2587
 9.74679
 20.3224
 23.3666
 0
 12.1655
 0
 19.3649
 23.4521
 0
 16.5529
 21.3073
 21.3073
 19.2094
 0
 0
