 31.0644
 14.6287
 21.7945
 21.4709
 28.3725
 20.2485
 24
 24.1661
 24.6374
 36.2353
 25.807
 35.819
 32.7109
 25.2389
 16.8523
 25.5343
 27.5681
 18.1384
 19.1311
 23.1517
 18.1384
 27.2029
 26.4575
 24.1661
 25.5539
 24.4745
 26.9072
 20.4206
 21.7715
 27.6043
 21.8174
 28.4781
 25.7682
 22.2486
 25.2785
 29.4958
 24.3926
 29.3087
 26.7955
 28.6531
 22
 23.5584
 23.8537
 26.533
 25.0799
 26.1534
 28.6531
 29.6816
 30.5614
 24.2281
 29.5296
 27.7849
 23.622
 24.0624
 29.5127
 33.7046
 25.7294
 29.6311
 29
 28.6531
 32.1559
 32.218
 27.7849
 29.4618
 28.6356
 29.1376
 31.5595
 32.0312
 30
 26.9629
 35.609
 31.305
 30.4959
 33.5261
 27.8209
 35.609
 29.6311
 33.9411
 32.5269
 31.3847
 35.426
 32.6037
 27.7489
 29.0517
 28.688
 32.218
 32.8938
 31.0322
 36.0139
 29.3087
 37.51
 33.8969
 34.0734
 34.0734
 33.1964
 31.257
 47.6445
 36.7287
 41.3401
 45.3211
 45.3211
 39.9375
 42.5911
 35.805
 47.571
 33.8526
 39.2428
 53.9073
 43.8064
 37.6165
 29.8831
 33.3167
 48.8774
 33.0757
 42.2137
 47.0319
 33.9559
 35.6791
 46.4435
 46.9148
 35.6511
 42.6615
 49.2747
 46.1086
 45.618
 40.0874
 39.1918
 47.0532
 45.6946
 36.7015
 32.2645
 48.1456
 54.3047
 41.7013
 41.7612
 45.4203
 30.4138
 46.8935
 36.565
 46.0543
 45.8694
 50.309
 34.3366
 45.6289
 49.99
 42.3556
 35.0571
 47.8435
 38.5876
 41.8927
 46.6476
 50.4876
 43.4281
 40.3609
 40.4351
 39.2683
 39.2683
 43.4281
 38.7298
 44.317
 38.0263
 43.6234
 43.6234
 37.3497
 47.8226
 48.2494
 40.0625
 41.833
 45.299
 45.1774
 48.7032
 46.4543
 42.638
 41.7133
 42.5676
 42.5676
 45.8694
 42.4735
 40.8534
 41.1339
 41.1339
 43.8292
 47.7808
 47.7912
 39.9625
 39.9625
 49.5681
 41.328
 44.3734
 53.2447
 53.2447
 44.4522
 48.1975
 43.5086
 50.5371
 50.5371
 38.8458
 40.6079
 46.1302
 42.5441
 37.7757
 42.8952
 45.4533
 41.7373
 41.7373
 38.8973
 34.3802
 48.6826
 46.9042
 37.3363
 29.1548
 52.9717
 53.8424
 42.6849
 50.774
 31.305
 49.558
 48.6004
 37.4833
 42.6263
 50.3885
 47.9062
 37.5766
 41.0974
 46.9255
 48.2079
 41.4246
 37.4967
 48.8057
 52.1153
 46.9042
 36.756
 40.8656
 36.9865
 47.927
 48.4665
 20.9284
 46.4435
 42.7785
 42.1307
 19.8242
 46.8615
 43.2319
 45.5302
 21.6795
 48.9387
 44.1814
 45.3211
 19.975
 51.3128
 42.3556
 20.3224
 42.4971
 49.93
 48.7852
 21.0238
 21.0238
 42.6732
 45.3542
 19.2094
 35.4401
 49.7594
 46.2925
 20.0998
 35.6791
 48.949
 45.4313
 18.2757
 30.1662
 49.5883
 46.9255
 21.2838
 31.0805
 51.3712
 49.2849
 21.4476
 44.4747
 43.852
 19.1833
 47.8957
 44.3847
 20.6155
 51.614
 49.0714
 21.4243
 50.6063
 53.0754
 52.3832
 52.2111
 47.2017
 52.8772
 51.643
 43.8976
 47.8539
 53.1789
 48.6826
 53.8981
 53.0566
 50.8822
 46.9574
 44.6654
 50.4579
 48.9285
 51.342
 49.5177
 54.7357
 52.2303
 53.9166
 51.4198
 44.6094
 48.4665
 50.8527
 47.2335
 50.7543
 52.3737
 53.0094
 53.8981
 56.745
 49.4571
 54.3507
 46.2169
 53.535
 51.9904
 52.3927
 54.7814
 55.6237
 56.5685
 49.8397
 53.6749
 46.8935
 45.3982
 56.9122
 47.7179
 49.6185
 52.3927
 56.6127
 54.7175
 52.4309
 50.5964
 51.4587
 48.3942
 51.4296
 53.8702
 55.1906
 53.9537
 55.7584
 52.4404
 55.9464
 52.2877
 47.7808
 48.0312
 52.5357
 49.1732
 50.319
 53.2071
 55.6776
 53.9073
 53.9073
 54.4334
 54.4334
 49.4065
 50.05
 53.0471
 55.7674
 53.9166
 55.7225
 53.0848
 49.7896
 51.9808
 50.5964
 45.0555
 48.6929
 50.7543
 55.6417
 50.892
 53.0848
 59.5819
 59.5819
 50.1398
 50.1398
 47.244
 47.244
 49.3964
 56.4978
 54.8452
 55.7225
 52.7447
 56.2583
 49.9099
 47.7912
 48.1041
 49.5681
 49.7996
 57.7581
 55.6327
 55.6327
 50.4678
 49.0102
 52.7257
 52.7257
 45.3762
 45.3762
 49.2849
 49.2849
 55.7494
 53.8702
 53.1601
 56.1783
 46.4866
 49.0306
 47.4131
 48.2701
 52.4595
 54.8452
 59.1016
 53.0566
 49.7494
 51.672
 46.4866
 50.9117
 47.55
 47.55
 46.7333
 46.7333
 53.4603
 48.5901
 54.754
 60.3656
 47.0213
 52.1728
 75.743
 47.2969
 56.701
 55.857
 53.963
 47.4447
 48.4045
 52.192
 50.6162
 56.9561
 49.6286
 44.9889
 49.1528
 49.1528
 62.0564
 62.0564
 48.156
 51.4781
 51.4781
 55.6058
 55.6327
 43.4741
 48.4355
 48.4355
 48.4355
