 486.028
 14.3178
 7.87401
 10.3923
 22.8035
 17.8885
 17.8885
 35.609
 25.5734
 24.454
 26.0768
 19
 19
 25.7876
 25.7876
 12.1655
 24.1454
 9.53939
 12.4499
 12.9615
 9.53939
 17.4642
 16.7332
 16.4621
 22.6936
 15.6525
 20.2978
 8.66025
 27.037
 19.6723
 9.69536
 22.4499
 26.4386
 14.2127
 13.0767
 21.6795
 15.6205
 19.975
 17.6068
 16.6733
 12.1655
 16.1245
 13.1149
 15.9687
 20.2978
 21.7025
 16.2173
 23.4094
 22.2036
 24.5357
 19.105
 26.7769
 13.8924
 13.8924
 26.7769
 23.0434
 17.0587
 20.9762
 19.0788
 17.4356
 20
 20.3224
 15.6525
 23.5584
 19.2354
 22.9347
 19.975
 24.4336
 23.3024
 21.7256
 27.8029
 32.6803
 18.2483
 29.5127
 16.2481
 27.2029
 19.4936
 22.2036
 20.025
 31.1609
 22.3607
 19.8746
 17.6635
 19.8242
 20.0499
 19.975
 28.4781
 26.1151
 28.0713
 25.807
 29.9666
 22.6274
 30.7246
 0
 28.931
 20.9762
 28.7924
 29.5296
 26.2488
 33.3467
 0
 27.0185
 29.0689
 22.5832
 37.3631
 22.561
 25.7488
 35.327
 28
 24.1247
 23.0434
 22.9347
 28.688
 24.3721
 29.95
 31.5911
 26.7395
 23.4947
 29.9333
 29.9333
 29.6648
 27.2947
 28.6356
 32.218
 29.7321
 30.5778
 30.1496
 30.7246
 29.5296
 32.5423
 24.3311
 31.1288
 37.1214
 30.692
 27.2764
 34.2637
 21.4942
 35.6511
 22.3159
 27.8029
 23.4521
 29.3087
 27.4773
 33.8083
 35.242
 26.8514
 21.7486
 26.1343
 19.4165
 27.2764
 26.0384
 38.1445
 24.3311
 33.5708
 22.5832
 22.9783
 22.9783
 26.9444
 24.9399
 28.2843
 26.4953
 33.0303
 0
 26.5707
 28.6531
 32.9848
 27
 29.4618
 31.1929
 27
 37.6696
 31.5436
 30.7083
 29.1376
 28.8444
 28.8444
 35.8469
 28.0357
 24.2281
 24.5764
 24.5764
 28.0535
 35.0286
 30
 22.7816
 22.7816
 30
 26.8328
 31.5911
 33.8378
 33.8378
 29.5804
 27.8388
 24.3926
 34.3366
 34.3366
 22.7596
 24.3721
 25.7876
 26.3629
 22.3607
 29.1719
 26.4008
 28.3196
 28.3196
 27.7489
 14.8997
 26.1916
 31.0483
 27.7669
 10.6771
 28.6531
 39.8372
 29.9666
 27.2764
 15.6205
 33.0757
 35.1994
 20.4695
 30.5941
 33.1059
 37.5899
 22.2711
 23.6432
 33.541
 33.4216
 26.4008
 28.4605
 30.5614
 32.2335
 27.0555
 21.7486
 26.6458
 21.9773
 28.7054
 26.096
 11.3137
 26.9629
 28.8097
 26.4386
 13.6748
 31.496
 29.8831
 30.6757
 16.7332
 31.6544
 30.4138
 27.6225
 10.4881
 29.4958
 31.9687
 15.3623
 28.8444
 29.5466
 34.2929
 12.8062
 0
 31.1769
 28.775
 11.5758
 30.2324
 41.3642
 37.3631
 14
 30.7734
 35.0143
 35.6791
 9.64365
 9.64365
 29.7658
 24.3516
 12.8841
 12.8841
 32.2645
 26.9629
 15.1658
 25.02
 29
 11.7898
 33.0908
 30
 14.1067
 35.6511
 31.0161
 15.1327
 34.2345
 28.688
 33.4365
 30.8058
 27.8388
 43.2319
 41.4849
 24.7588
 37.3363
 37.3497
 27
 31.1769
 32.3728
 29.7321
 26.9629
 26.1343
 33.4963
 29.1376
 30.7083
 36.4417
 29.5635
 34.6554
 33.5261
 34.1467
 31.1288
 28.178
 39.5348
 29.1548
 33.8821
 30.133
 31.7175
 31.289
 34.5688
 29.7321
 38.0789
 29.3087
 38.7943
 31.3847
 34.5977
 31.4802
 36.2491
 30
 26.4386
 32.1092
 31.0161
 29.5804
 44.6766
 27.4591
 28.2843
 37.3229
 35.8329
 34.3802
 31.8904
 24.2487
 35.1994
 25.632
 31.0644
 42.0595
 39.2683
 32.7109
 33.2866
 34.5977
 36.6197
 33.9117
 34.2053
 28.9137
 43.852
 25.7682
 36.9459
 29.1204
 34.8138
 29.8664
 29.8664
 33.4066
 33.4066
 27.8388
 29.5635
 41.4608
 37.108
 32.5576
 33.1512
 32.311
 28.0891
 32.4346
 44.3396
 26.1725
 34.6699
 28.0535
 28.7924
 36.9594
 32.3574
 37.3095
 37.3095
 26.4575
 26.4575
 26.7769
 26.7769
 29.1033
 36.0139
 34.2783
 33.9117
 31.3369
 35.819
 32.5269
 29.6479
 29.6479
 31.6702
 29.0172
 44.1248
 33.9411
 35.1568
 29.5466
 27
 31.6544
 31.6544
 25.3377
 25.3377
 30.2985
 30.2985
 34.4238
 29.5635
 34.7707
 35.1994
 28.9137
 29.5635
 29.5635
 33.0908
 33.0908
 40.05
 40.05
 32.7414
 28.1425
 30.5123
 27.8029
 33.9264
 24.8797
 24.8797
 27.4591
 27.4591
 29.5296
 27
 29
 33.9853
 33.9853
 32.7719
 42.2729
 33.3017
 48.6518
 37.9868
 32.218
 26.4197
 25.8263
 31.9374
 29.95
 32.9242
 33.3467
 28.9482
 33.5857
 33.5857
 33.5857
 33.5857
 27.9285
 31.0966
 31.0966
 33.0757
 35.8887
 35.8887
 32.1248
 32.1248
 0
