 486.028
 18.3848
 25.0599
 25.0599
 25.0599
 25.0599
 25.0599
 25.0599
 25.0599
 25.0599
 25.0599
 25.0599
 25.0599
 25.0599
 25.0599
 25.0599
 28.7054
 28.7054
 28.7054
 28.7054
 28.7054
 28.7054
 28.7054
 28.7054
 28.7054
 28.7054
 28.7054
 28.7054
 28.7054
 27.6767
 27.6767
 28.6531
 28.6531
 28.6531
 28.6531
 28.6531
 28.6531
 28.6531
 28.6531
 28.6531
 28.6531
 25.8844
 25.8844
 25.8844
 27.037
 31.3688
 31.3688
 35
 32.6803
 32.6803
 32.6803
 32.6803
 32.6803
 32.6803
 32.6803
 35.5949
 35.5949
 34.9857
 34.9857
 30
 30
 30
 30
 33.8526
 33.8526
 33.2716
 33.2716
 33.2716
 35.1283
 29.9666
 29.9666
 33.1059
 33.1059
 34.7419
 34.7419
 34.7419
 34.7419
 35.3412
 35.3412
 32.1714
 32.1714
 32.9393
 32.9393
 31.8904
 31.8904
 31.8904
 37.108
 36.2767
 36.2767
 36.2767
 40.7922
 34.7707
 34.7707
 34.7707
 35.6511
 35.6511
 47.613
 38.5876
 42.9302
 42.9302
 0
 0
 43.1393
 43.1393
 46.9787
 46.9787
 46.9787
 54.3415
 44.7661
 38.6782
 38.6782
 36.8782
 48.3735
 48.3735
 44.3058
 46.5188
 37.1349
 37.1349
 48.5077
 48.6004
 40.2865
 42.8719
 48.6929
 48.6929
 44.8553
 39.2938
 39.2938
 47.8121
 46.0326
 46.0326
 35.6371
 49.0918
 53.9351
 42.1782
 41.845
 46.1086
 46.1086
 47.8435
 47.8435
 47.0744
 44.2606
 49.1732
 34.3948
 46.0435
 50.4083
 43.0581
 43.0581
 46.8935
 41.9285
 41.9285
 45.6289
 51.8652
 42.4853
 42.4853
 38.8458
 40.1995
 40.1995
 42.4735
 42.4735
 44.4635
 38.2623
 38.2623
 38.2623
 38.2623
 38.2623
 47.8121
 41.4488
 47.3392
 48.9387
 45.2438
 49.7092
 46.9574
 44.5982
 44.5982
 42.6849
 42.6849
 46.422
 42.6263
 41.7852
 39.9375
 39.9375
 44.3058
 47.8539
 47.8853
 38.2361
 38.2361
 38.2361
 41.7493
 45.5851
 45.5851
 45.5851
 46.9255
 46.9255
 46.9255
 50.6656
 50.6656
 39.1408
 40.1622
 40.1622
 42.6849
 42.0476
 42.0476
 42.0476
 42.6263
 42.6263
 40.1248
 35.242
 35.242
 48.8057
 48.8057
 48.8057
 52.1249
 54.0555
 45.2438
 50.9804
 50.9804
 51.2445
 51.2445
 38.2753
 46.076
 48.6724
 48.6724
 48.6724
 41.845
 46.9042
 48.4665
 48.4665
 48.4665
 48.9796
 53.0377
 53.0377
 53.0377
 40.939
 40.939
 40.939
 47.8853
 23.8747
 23.8747
 23.8747
 43
 24.4949
 48.6929
 48.6929
 48.6929
 24.0832
 48.6621
 46.5833
 45.4533
 24.0416
 52.192
 48.4871
 24.0624
 43.0465
 43.0465
 51.3128
 23.9374
 23.9374
 23.9374
 47.8121
 23.0434
 23.0434
 23.0434
 23.0434
 22.0227
 22.0227
 22.0227
 22.0227
 21.8403
 21.8403
 51.2933
 51.2933
 23.622
 23.622
 23.622
 50.8626
 23.3452
 45.7493
 45.7493
 23.6008
 50.6162
 50.6162
 23.0434
 52.259
 52.259
 23.0434
 52.5547
 54.0925
 54.6992
 53.4603
 48.7032
 48.7032
 48.7032
 43.6463
 48.7134
 48.7134
 48.7134
 48.7134
 48.7134
 50.03
 47.9375
 47.9375
 51.4781
 51.4781
 51.4781
 53.5724
 54.9181
 54.9181
 54.9181
 54.8544
 54.8544
 49.0714
 49.0714
 48.9592
 48.9592
 48.9592
 48.9592
 54.754
 54.754
 49.8899
 49.8899
 49.8899
 53.7773
 53.7773
 53.7773
 53.7773
 56.4535
 55.8749
 55.8749
 54.9818
 54.9818
 48.949
 48.949
 48.3218
 48.3218
 54.0093
 54.0093
 54.0093
 54.2494
 54.2494
 54.2494
 54.2494
 54.2494
 54.2494
 54.2494
 54.2494
 54.2494
 54.2494
 54.2494
 54.2494
 54.2494
 54.2494
 54.2494
 54.2494
 54.2494
 53.8702
 53.8702
 53.8702
 53.8702
 53.8702
 53.8702
 53.8702
 53.8702
 54.6168
 54.6168
 54.6168
 54.6168
 54.6168
 54.6168
 54.6168
 54.6168
 54.6168
 54.6168
 54.6168
 54.6168
 54.6168
 54.6168
 54.6168
 54.6168
 54.6168
 54.6168
 54.6168
 54.6168
 54.6168
 54.6168
 54.6168
 54.6168
 54.6168
 54.6168
 54.6168
 54.6168
 54.6168
 54.6168
 54.6168
 54.6168
 54.6168
 54.6168
 54.6168
 50.7346
 50.7346
 50.7346
 50.7346
 50.7346
 50.7346
 50.7346
 50.7346
 50.7346
 55.2087
 55.2087
 49.3052
 49.3052
 49.3052
 49.3052
 49.3052
 49.3052
 49.3052
 49.3052
 50.4777
 50.4777
 48.734
 54.754
 54.754
 54.754
 54.754
 54.754
 54.754
 54.3875
 54.3875
 54.3875
 47.3286
 47.3286
 47.3286
 47.3286
 47.3286
 47.3286
 47.3286
 47.3286
 47.3286
 47.3286
 47.3286
 47.3286
 47.3286
 47.3286
 47.3286
 0
 0
 0
 0
 0
 0
 0
 0
 0
 39.6737
 0
 0
