 13.0384
 7.74597
 7.81025
 7.61577
 9.38083
 14.4914
 20.8327
 14
 6.9282
 17.0587
 11.7898
 14
 16.8523
 8.66025
 13.2665
 14.5258
 7.93725
 17.1172
 18.3848
 18.0278
 16
 17.088
 12.1655
 17.088
 16.4317
 15.6844
 19.8494
 11.6619
 14.3527
 17.1172
 11.6619
 11.2694
 10.3923
 7.81025
 15.3297
 14.8324
 15.6525
 16.4317
 11.5758
 12.0416
 12.7671
 8.18535
 16
 18.4662
 11.3137
 12.8841
 16.7631
 13.9284
 17.8606
 8.06226
 15.0997
 7.81025
 12.53
 12.3288
 14.7648
 15.6205
 17.8606
 17.1464
 16.6433
 14.7309
 15.6205
 12.6491
 14.9332
 13.0767
 20.3224
 12.2882
 20.1494
 17.6918
 14.7648
 8.77496
 17.9165
 11.2694
 13.7113
 13.8924
 11.6619
 15.2315
 19.6214
 16.7631
 17.9444
 17.088
 19
 12.0416
 15.3297
 8.83176
 20.9284
 21.8403
 16.7332
 14.8324
 19.1833
 11.4455
 19.7484
 13.9642
 13.1909
 0
 14.7986
 14.8997
 16.0312
 19.105
 14.1067
 22.2036
 0
 20.3224
 17.72
 18.2209
 17.3494
 17.1172
 18.1384
 17.5499
 14.1067
 13.0767
 15.4596
 10.4403
 17.3781
 19.8242
 14.4222
 18.2209
 13.9642
 18.735
 17.0587
 7.74597
 18.2209
 12.1655
 15.4919
 17.9165
 16.5227
 13.2288
 17.0587
 15.3297
 15.5242
 14.3178
 13.9642
 19.1572
 21.3307
 15.6205
 12.1655
 17.0587
 13
 20.8087
 19.105
 13.0384
 11.6619
 18.2483
 17.3781
 15.7797
 20.8087
 13.2288
 17.1172
 17.0294
 12.3288
 20.6155
 11.6189
 18.3303
 14.5258
 17.1464
 14.8324
 11.7898
 11.7898
 15.6525
 14.2829
 13.1529
 9.69536
 19.5448
 0
 15.6525
 21.1187
 15.9374
 13.4536
 20.9045
 17.3781
 13.0384
 20.8567
 16.7631
 12.1655
 19.4422
 13
 13
 17.4929
 14
 10.4403
 14.9332
 14.9332
 14.3178
 19.1311
 15.748
 15.4596
 15.4596
 19.1311
 13.0384
 15.3297
 23.7065
 23.7065
 15.8114
 19.2094
 18.3848
 18.1108
 18.1108
 12.8062
 13.6748
 18.1659
 13.2288
 11.3578
 13.9642
 17.2916
 13.9642
 13.9642
 13.3041
 12.9615
 18.2483
 16.6733
 14.1067
 10.0499
 20.8327
 21.2368
 20.0749
 17.3494
 8.94427
 17.3781
 16.3401
 11.5758
 16.7631
 16.6132
 16.7332
 9.74679
 15.1987
 16.5831
 16.6132
 13.0384
 17.3494
 14.9666
 19.2614
 20.6155
 11.3578
 12.6095
 13.8203
 20.5913
 16.3707
 16.8819
 18.2483
 14.1067
 14.7309
 20.3224
 19.1833
 17.8606
 17.2047
 21.7256
 19.3907
 16.7929
 15.6205
 15.6844
 18.9473
 16.7631
 22.7596
 14.7648
 15.6844
 20.2485
 20.8327
 0
 11.2694
 16.7929
 21.9545
 17.3494
 18.6815
 16.1555
 20.8567
 18.2483
 19.975
 17.5784
 15.906
 14.7309
 19.1572
 18.303
 20.347
 14.7309
 21.4942
 19.799
 24.6779
 15.3948
 16.6132
 20.2978
 18.1934
 18.412
 21.4476
 19.5192
 22.4054
 21.2603
 18.2757
 21.4942
 20.4695
 18.2209
 16.3095
 21.3776
 21.3542
 14.1067
 19.3649
 20.2978
 20.347
 20.0499
 22
 18.6279
 17.2916
 15.3623
 18.1384
 18.4932
 19.799
 20.347
 20.9045
 20.9045
 18.3303
 19.4422
 10.7238
 14.7986
 19.8242
 17.9165
 20.8806
 20.6882
 18.3576
 20.9045
 21.7025
 18.2757
 20.567
 17.9165
 20.1742
 22.8473
 18.2209
 21.4709
 21.7025
 19.2094
 14.7648
 20.9284
 14.2829
 14.2478
 22
 17.7764
 17.5214
 19.5959
 21.8632
 19.2354
 18.3303
 18.4662
 18.3576
 18.3576
 20.9045
 21.9773
 19.8242
 21.3776
 20.1246
 20.4206
 19.975
 21.3073
 14.3527
 16
 19.5448
 18.4932
 20.6398
 20.9523
 21.5407
 20.025
 20.025
 22.1811
 22.1811
 18.0555
 17.4356
 21
 20.8567
 20.9762
 21.095
 18.9737
 14.8661
 18.7883
 17.088
 17.1756
 16.7332
 21
 21.4476
 19.9499
 19.8494
 23.4521
 23.4521
 20.8327
 20.8327
 18.0278
 18.0278
 19.6469
 21.7486
 22.9347
 20.2978
 19.5704
 19.0788
 19.0526
 15.1327
 19.0788
 16.2788
 18.1108
 26.7769
 20.8806
 21.2838
 16.7332
 17.3494
 21.1896
 21.1896
 16.6132
 16.6132
 22.6936
 22.6936
 23.3452
 20.2978
 22.2486
 19.975
 19.2873
 17.7482
 19.6469
 15.4596
 19.5192
 21.6564
 23.4521
 18.5472
 17.5499
 19.3132
 15.9374
 18.3848
 17.8885
 17.8885
 20.9762
 20.9762
 22.2261
 20.025
 21.4009
 21.9545
 20.4695
 17.8885
 25.0799
 15.9374
 23.6432
 20.1742
 21.1424
 19.0263
 20.2978
 22.7596
 18.8149
 20.9523
 16.3401
 14.1067
 16.3707
 16.3707
 13.8564
 0
 19.105
 22.1585
 0
 21.2838
 25.1794
 15.1987
 17.088
 17.088
 0
