 14.0712
 17.8606
 14.0357
 10.3923
 14.1421
 21.0238
 19.9499
 17.9444
 8.94427
 21.2838
 20.2485
 20.567
 21.7486
 15.906
 21.4709
 20.2978
 14.9332
 22.8692
 25.3377
 27.0185
 22.8035
 22.9347
 17.4642
 24.1247
 23.8747
 21.7025
 24.3311
 18.2757
 23.4521
 24.1247
 18.6279
 18.3848
 14
 13.7113
 22.383
 21.2838
 24
 22.1359
 18.0555
 20.347
 19.1311
 18.6011
 23.1733
 25.923
 18.4662
 21.0476
 23.4094
 17.6068
 22.2261
 17.9165
 19.6977
 13.6015
 17.9444
 18.3576
 18.3848
 18.6815
 25.3969
 24.6171
 25.7294
 21.4942
 22.9129
 19.6723
 22.9783
 19.7737
 26.5895
 15.1658
 26.4764
 24.5967
 17.9165
 17.8045
 22.383
 14.0712
 19.105
 18.412
 20.6155
 16.4924
 25.3377
 23.1517
 24.0624
 23.3024
 24.5967
 19.6214
 22.6274
 16.0312
 29.7153
 27.6406
 16.8523
 14.9666
 25.04
 19.0788
 23.7908
 20.2978
 14.5602
 14.5602
 17.1464
 21.2132
 11.5326
 20.9762
 11.5326
 20.6398
 20.6398
 24.1454
 13.6748
 23.3666
 18.6815
 23.3452
 22.4054
 20.8806
 12.2474
 17.5499
 24.1454
 14.4914
 22.3383
 27.6767
 13.0384
 19.799
 14.1421
 25.9615
 17.6918
 7.74597
 19.4936
 15.6525
 18.2483
 22.4054
 19.975
 19.2614
 21.0238
 15.3948
 14.8324
 14.5602
 22.5832
 18.303
 18.2757
 17.4929
 16.1245
 15.8114
 22.9347
 22.5389
 24.6779
 17.088
 21.7486
 21.4476
 21.3073
 17.8606
 25.8844
 14.1067
 22.1585
 21.166
 20.5426
 25
 20.1742
 18.2757
 18.5742
 24.1039
 20.4695
 12.083
 12.083
 21.6795
 16.3095
 16.7631
 10.8628
 27.8029
 0
 16.4317
 26.4386
 15.1987
 15.1327
 22.5832
 19.4422
 16.8226
 20.8806
 20.025
 15.6525
 24.7992
 15.5242
 15.5242
 15.6525
 17.4642
 15.4596
 23.1084
 23.1084
 17.9165
 20.025
 19.2354
 24.5561
 24.5561
 20.2237
 18.2757
 16.7929
 22.5389
 22.5389
 21.3307
 24.5561
 22.3159
 18.3848
 18.3848
 20.9045
 19.975
 22.4277
 15.906
 22.6495
 17.6068
 24.3105
 15.1987
 15.1987
 16.7332
 22.1359
 25.8844
 18.6548
 16.2788
 19.8242
 25.3377
 23.388
 23.4307
 19.0788
 18.6548
 19.8746
 16
 18.5742
 22.1811
 19.4679
 15.748
 18.4662
 21.0713
 19.4679
 18.4391
 19.2873
 23.622
 17.1172
 21.4942
 25.2587
 17.9165
 15.1327
 19.0526
 25.4951
 23.6432
 6
 21.3776
 20.6155
 17.4642
 13.6748
 18.735
 21.095
 26.8142
 14.5602
 27.7669
 16.8523
 17.9165
 7.34847
 25.8844
 16.2788
 19.1572
 19.4165
 19.4422
 23.8328
 10.583
 0
 15.4272
 22.7156
 13.1909
 19.4936
 17.3781
 23.0868
 13.4536
 21.0713
 21.0713
 25.5734
 7.74597
 15.6525
 23.388
 25.9615
 14
 18.1108
 25.5734
 25.9037
 16.4924
 20.347
 23.4094
 12.083
 16.8226
 26.0576
 14.3527
 19.105
 28.4077
 14.1774
 20.3224
 26.0768
 24.3721
 23.3238
 22.1585
 18.2209
 19.105
 21.0238
 24.5561
 19.2614
 25.865
 23.8537
 25.2389
 25.4362
 21.7025
 25.632
 19.4165
 28.775
 27.7849
 19.975
 24.8998
 20.6882
 22.2036
 23.388
 13.5647
 23.622
 18.2209
 25.0599
 21.9545
 27.1109
 22.9347
 27.6767
 23.7065
 26.7582
 20.2731
 25.632
 18.2483
 30.3809
 19.799
 28.8964
 24.5764
 24.3516
 18.2757
 26.9815
 19
 20.2978
 20.8327
 25.318
 24.7386
 19.5959
 26.2298
 22.891
 21.3776
 26.5518
 17.5784
 26.0192
 30.3809
 20.8806
 18.6011
 28.3196
 24.8596
 22.9347
 22.5389
 27.5862
 19.6214
 22.9347
 16.5227
 25.0998
 20.445
 27.6043
 26.096
 24.1454
 24.1454
 28.8964
 28.8964
 26.533
 27
 21.1187
 22.561
 28.2666
 25.5343
 22.7816
 19.2873
 25.9037
 15.6205
 24.1247
 21.4709
 26.9815
 23.516
 20.3224
 23.4734
 23.6432
 23.6432
 30.2655
 30.2655
 28.7924
 28.7924
 26.533
 24.0624
 29.5973
 25.3574
 24.6374
 20.8567
 24.8395
 20.8806
 25.3772
 22.7816
 26.2488
 22.8254
 24.8395
 24.5561
 21.7486
 24.8193
 27.2764
 27.2764
 24.8797
 24.8797
 31.0966
 31.0966
 28.8791
 23.9792
 28.3019
 22.5389
 26.1343
 23.8537
 25.3574
 23.3666
 25.807
 24.3516
 26
 20.2978
 21.0238
 27.7308
 21.7256
 18.303
 24.8797
 24.8797
 29.5127
 29.5127
 30.0832
 34.7707
 25.8457
 24.4336
 25.3574
 22.7376
 28.9482
 24.8395
 21.095
 22.5389
 25.3377
 27.6043
 26.4197
 27.9821
 24.6982
 22.6053
 20.3224
 23.6643
 24.6577
 24.6577
 24.6577
 0
 26.4197
 29.95
 0
 29.189
 27.6043
 27.6043
 21.9773
 21.9773
 0
