 486.028
 15.0665
 15.0665
 15.0665
 31.4484
 21.7256
 21.7256
 24.7386
 25.3574
 35.9722
 27.2764
 27.2764
 33.0606
 27.5862
 17.72
 26.3629
 28.0713
 20.8567
 20.8806
 25.6905
 20.6398
 29.4618
 28.7576
 25.8844
 28.8444
 26.9444
 26.9629
 22.1133
 24.1247
 27.6406
 22.6495
 28.5132
 26.0768
 24.454
 26.1534
 32.0312
 27
 32.665
 30.1496
 30.1164
 24.5764
 25.219
 25.5147
 28.3725
 26.7208
 28.3019
 29.5127
 32.2025
 32.0156
 27.4591
 31.289
 27.6406
 24.4336
 26.5707
 31.0322
 35.242
 27.5862
 33.0454
 30.7409
 31.257
 33.8231
 33.8821
 33.8821
 31.8119
 30.3645
 32.2025
 33.2866
 35.3836
 31.4802
 28.4605
 37.3497
 31.8591
 31.273
 33.6006
 27.8747
 35.5106
 31.305
 35.6511
 33.2716
 32.4808
 36.1663
 35.805
 28.6356
 32.4346
 29.5973
 34.7275
 35.2704
 31.749
 38.6005
 31.7175
 40.2741
 34.8138
 34.9285
 34.9285
 34.8281
 33.0454
 48.518
 37.4566
 41.9762
 45.618
 45.618
 40.8534
 43.1972
 36.6333
 49.3153
 34.7563
 40.05
 54.7631
 43.8748
 40.1746
 31.5911
 34.9714
 49.0204
 35.6371
 44.643
 47.0213
 35.4542
 38.2753
 47.9583
 48.621
 38.1969
 43.5316
 50.1697
 47.8226
 47.8226
 42.6497
 41.9166
 48.0208
 47.3181
 38.8458
 35.9861
 48.8979
 55.1996
 42.6028
 43.4626
 49.0102
 33.9559
 47.8017
 37.3898
 46.9468
 46.7012
 46.7012
 46.7012
 48.1664
 52.8204
 42.9651
 35.9305
 35.9305
 40.5709
 42.6966
 50.0799
 52.5167
 52.5167
 43.8748
 43
 40.9023
 40.9023
 40.9023
 41.0609
 46.0543
 40.5709
 44.6206
 0
 39.6989
 49.558
 49.1528
 43.4396
 43.5201
 48.6826
 46.0977
 51.2933
 48.1664
 44.3283
 44.3509
 44.3058
 0
 46.594
 45.1553
 42.6028
 42.0238
 0
 44.8553
 48.6621
 48.6724
 40.8656
 40.8656
 50.4678
 43.8634
 46.0543
 52.8394
 52.8394
 47.0956
 49.2037
 44.3734
 52.1824
 52.1824
 39.724
 41.7852
 46.9894
 43.4396
 41.2916
 45.3872
 48.5283
 44.317
 44.317
 40.4599
 36.524
 50.636
 49.4975
 38.8716
 30.3645
 54.8088
 55.6237
 45.2327
 52.2015
 33.9559
 52.1344
 50.1597
 38.4578
 45.3321
 51.303
 49.4368
 38.3145
 42.3438
 49.5379
 48.8569
 43.0349
 41.8569
 49.5681
 52.2972
 47.7808
 37.55
 43.5316
 40.3856
 48.7545
 49.6387
 22.6274
 47.1487
 43.8406
 42.2019
 42.2019
 47.592
 44.6766
 46.8081
 46.8081
 51.8073
 44.911
 45.3211
 22.6053
 53.9815
 43.0929
 43.0929
 42.4028
 51.3517
 49.7594
 49.7594
 49.7594
 43.4856
 49.0408
 49.0408
 49.0408
 50.8626
 47.5289
 47.5289
 47.5289
 50.4678
 48.3322
 18.2757
 18.2757
 51.3615
 49.5278
 49.5278
 49.5278
 53.9351
 50.4777
 50.4777
 47.8226
 45.1553
 22.5389
 50.309
 47.4342
 47.4342
 52.0096
 52.6023
 52.6023
 52.1728
 55.6687
 54.3047
 54.7631
 48.4458
 55.1996
 54.7996
 46.0435
 48.9387
 54.6992
 49.5782
 54.8452
 53.9166
 52.5262
 48.6826
 45.7493
 52.8583
 49.99
 52.45
 51.788
 55.6417
 54.7905
 54.7814
 55.1906
 45.3321
 50.01
 51.8749
 49.95
 51.3712
 53.4416
 53.963
 55.6956
 57.4195
 52.2972
 54.8817
 49.3255
 53.8702
 55.1996
 53.066
 55.8838
 56.7274
 57.3585
 52.2494
 56.5066
 47.8435
 48.1144
 57.1752
 49.3356
 52.5071
 54.037
 59.0678
 55.6687
 53.1695
 52.0865
 53.5724
 49.5076
 52.8772
 56.1783
 56.7186
 55.1362
 56.4978
 56.0625
 57.376
 55.1906
 48.7955
 48.4974
 52.9528
 50.4678
 51.6527
 55.0636
 56.5243
 56.7098
 56.7098
 55.9196
 55.9196
 50.6261
 51.3615
 54.5894
 58.2151
 57.4978
 58.1893
 56.7979
 52.1728
 54.3691
 52.0288
 49.1427
 52.1728
 52.6973
 56.5685
 53.9722
 55.848
 60.1914
 60.1914
 52.0288
 52.0288
 48.9081
 48.9081
 50.5866
 56.5243
 55.8838
 56.5243
 53.7587
 56.8946
 51.1762
 48.8365
 49.5883
 50.7839
 51.9134
 58.1722
 59.1946
 56.4978
 52.192
 51.9615
 55.2268
 55.2268
 47.6655
 47.6655
 52.0288
 52.0288
 56.7715
 54.7723
 55.4256
 56.7627
 50.04
 49.5076
 50.1298
 49.7594
 53.4603
 57.6628
 60.0167
 55.6597
 50.9117
 54.8179
 48.9285
 54.4426
 50.2693
 50.2693
 50.06
 50.06
 54.8908
 50.1797
 55.6327
 60.9426
 48.621
 53.0943
 77.0714
 48.7237
 57.3149
 57.5065
 55.9464
 51.2152
 51.0979
 53.5537
 51.6624
 58.3609
 51.5364
 47.8539
 51.8266
 51.8266
 62.7296
 62.7296
 49.2341
 53.5817
 53.5817
 57.3411
 56.4978
 44.317
 49.5076
 49.5076
 49.5076
