 492.005
 27.7489
 26.3629
 31.3209
 38.7298
 35.819
 35.819
 30.4138
 37.4967
 37.4967
 36.9053
 33
 32.573
 37.6962
 33.7491
 31.273
 37.3898
 33.7491
 30.4631
 35.9861
 34.5977
 41.1825
 40.0749
 32.4654
 38.3145
 40.9878
 39.7869
 34.4529
 35.2136
 38.9102
 35.8887
 38.4968
 37.6165
 40.4969
 37.6032
 41.2916
 40.5586
 35.805
 40.694
 38.8072
 35.1426
 36.973
 39.4335
 40.5832
 38.8973
 45.3321
 44.2719
 45.8367
 44.2606
 39.2301
 40.9145
 40.398
 41.833
 42.638
 43.1509
 44.8442
 44.3396
 42.8252
 46.669
 30.4467
 49.4874
 42
 45.1664
 42.9185
 46.076
 40.6325
 44.8553
 45.9674
 38.6005
 39.2428
 43.4971
 43.6578
 37.9737
 43.6463
 44.3734
 45.9674
 49.6085
 36.2767
 50.4777
 50.4777
 52.5167
 45.1885
 42.7083
 42.3556
 48.775
 52.5357
 44.6766
 42.19
 53.3667
 44.833
 47.634
 44.8442
 41.7253
 41.7253
 45.8694
 47.833
 47.833
 52.0865
 51.4296
 43.7379
 43.7379
 38.4578
 38.4578
 51.3323
 54.7631
 37
 53.0189
 53.0189
 53.619
 48.3218
 48.775
 46.2385
 55.6058
 56.7098
 44.317
 55.9106
 44.6318
 55.6058
 41.7971
 41.7971
 42.1782
 42.1782
 48.2183
 56.701
 52.2398
 50
 45.4092
 43.1509
 57.9828
 43.1393
 45.5741
 56.3383
 56.3383
 54.1572
 54.1572
 54.1572
 50.4777
 57.9655
 53.1601
 47.0532
 47
 54.7083
 49.2544
 48.0521
 41.8808
 49.689
 55.6956
 48.6826
 44.317
 56.9386
 46.076
 73.3621
 48.6724
 58.2151
 51.4101
 44.911
 44.911
 46.9255
 45.4643
 50.2195
 50.2195
 58.438
 58.438
 46.7547
 60.1997
 54.1849
 50.2991
 46.2385
 58.1893
 54.3967
 48.4562
 47.5184
 52.7541
 51.1566
 49.7695
 49.7695
 48.5695
 42.6497
 48.3942
 51.6043
 51.6043
 44.0114
 55.9911
 55.3715
 55.5788
 55.5788
 60.5145
 43.6348
 52.5833
 48.5386
 48.5386
 50.1398
 46.0869
 58.6174
 53.7494
 53.7494
 53.7494
 44.4635
 57.4543
 48.0937
 49.5278
 54.8908
 56.5685
 47.6865
 47.6865
 52.3163
 47.0638
 62.57
 52.8678
 48.8672
 46.9361
 63.7887
 51.4684
 47.0638
 59.607
 48.8569
 57.6888
 61.4248
 49.8999
 50.309
 53.7401
 47.2652
 49.97
 55.1543
 50.6162
 59.1354
 52.8678
 60.8194
 54.1756
 58.7112
 61.7495
 50.4183
 45.7165
 49.7695
 63.0238
 45.3872
 29.9833
 58.3095
 48.6107
 50.9215
 31.1127
 60.6465
 54.6809
 61.7414
 30.1662
 63.6082
 54.1941
 52.1632
 31.8434
 66.2495
 48.0416
 31.0161
 47.927
 62.2013
 53.3479
 32.5423
 0
 0
 0
 33
 50.4183
 50.9608
 59.0931
 32.8938
 50.03
 57.376
 63.4586
 31.273
 51
 62.538
 63.435
 31.9061
 43.5775
 65.0154
 42.0714
 30.7083
 55.5248
 46.0435
 33.0303
 58.3609
 61.9112
 29.7489
 54.4334
 64.5058
 28.7576
 50.8331
 65.4141
 57.5065
 64.8999
 49.6488
 62.6019
 46.0109
 61.6441
 64.6297
 48.1041
 68.6659
 46.1736
 68.3667
 43.909
 52.811
 47.0744
 59.649
 65.3452
 68.0588
 54.0463
 66.4154
 68.1396
 64.6142
 56.6304
 50.636
 51.5461
 46.7333
 64.3117
 63.5138
 66.2269
 47.833
 69.6348
 67.0671
 41.7493
 55.5068
 57.3324
 58.8388
 68.1322
 49.9099
 68.8622
 68.3008
 70.0214
 65.4064
 50.1597
 57.1577
 56.5155
 56.5155
 65.4828
 68.9493
 59.1777
 70.5337
 46.9681
 71.0211
 44.0114
 50.9019
 52.1632
 68.2056
 55.5878
 52.2111
 67.0224
 64.8074
 83.8033
 64.7225
 52.1728
 44.5646
 60.8933
 49.3457
 68.1616
 61.8789
 67.9485
 71.5332
 46.1086
 46.1086
 46.7226
 46.7226
 60.8112
 69.8427
 54.8361
 70.5124
 69.7711
 68.1102
 53.1413
 57.4369
 51.3712
 53.6004
 59.1016
 63.6789
 68.3593
 70.4486
 48.734
 47.8017
 72.1388
 72.1388
 44.7325
 44.7325
 48.8057
 48.8057
 67.4611
 71.2952
 68.6003
 66.1513
 51
 61.8708
 55.8749
 52.5928
 62.2495
 63.4586
 69.8999
 69.8999
 69.491
 67.4981
 55.2178
 52.144
 44.911
 44.911
 48.6929
 48.6929
 65.4599
 65.4599
 69.8785
 59.9583
 54.5619
 65.5591
 56.4801
 49.1528
 65.7875
 61.8951
 71.1618
 68.9565
 67.7938
 62.6498
 54.8635
 41.9881
 57.5847
 63.8357
 46.076
 46.076
 60.7701
 60.7701
 66.1891
 55.6147
 63.8827
 63.8827
 56.7715
 49.7594
 76.5637
 56.4712
 56.4712
 63.5531
 63.9922
 49.6085
 57.8273
 67.9338
 67.335
 72.5879
 49.0306
 54.7449
 64.3972
 64.3972
 66.4831
 66.4831
 55.6058
 66.6783
 66.6783
 63.5374
 67.9559
 67.9559
 51.4879
 51.4879
 51.4879
