 460.783
 15.1658
 24.1247
 14.7986
 17.3781
 21
 0
 17.3781
 16.7929
 7.74597
 24.6982
 15.1327
 11.5326
 28.3019
 20.9762
 6.55744
 24.8797
 14.3527
 9.8995
 18.2757
 17.4069
 20.1246
 16.4924
 14.7986
 20.8567
 14.8661
 16.5227
 16.5529
 25.6905
 22.1811
 14.3178
 21.1424
 20.2485
 21.6795
 15
 19.4165
 20
 14.7648
 19.1311
 25.02
 14.3178
 28.7576
 14.8324
 16.8226
 20.8806
 24.3311
 21.0476
 23.8747
 18.2209
 27.2029
 17.0587
 23.7487
 14.7648
 14.1067
 21.166
 21.166
 17.4642
 17.9165
 22.2711
 15.1658
 26.096
 25.807
 15.0997
 23.6643
 17.8606
 26.0768
 22.7156
 24.3926
 24.2281
 25.632
 21.4009
 23.7065
 17.8606
 23.0217
 18.5472
 22.6936
 17.5214
 21.2132
 23.3238
 19.2094
 26.0768
 28.0713
 18.2209
 25.5343
 19.2354
 25.0998
 25.1992
 27.7849
 26.9258
 25.5734
 21.166
 19.4165
 23.622
 18.4391
 22.9129
 20.3961
 25.671
 25.0998
 27.6406
 20.9762
 20.9762
 23.2379
 27.2397
 23.6008
 16.7033
 19.2873
 27.9285
 26.1725
 27.5862
 26.4575
 20.2485
 27.2947
 19.5192
 20.9762
 25.3574
 20.2978
 28.0179
 23.0651
 27.5681
 11.0905
 25.8263
 25.6515
 21.4476
 28.775
 17.4929
 24.7184
 23.6432
 18.0831
 26.1343
 26.0384
 20.664
 25.2982
 20.2485
 26.7582
 26.0384
 18.6815
 20.8806
 27.9285
 19.2354
 26.0384
 21.4476
 15.906
 17.1172
 22.891
 21.2603
 25.3377
 22.561
 13.5277
 19.6469
 27.8927
 18.0555
 25.2982
 13.1909
 20.2485
 29.1204
 25.2587
 21.166
 14.6287
 27.0185
 25.3377
 19.0263
 24.5764
 24.5764
 30.133
 28.0891
 21.9545
 25.318
 28.5482
 26.0768
 26.7955
 21.1424
 24.6577
 30.4138
 22.4277
 25.7294
 25.7294
 28.1603
 23.8956
 23.7276
 20.5913
 9.84886
 22.8254
 27.55
 25.02
 20.5913
 15.5563
 29.1719
 25.5539
 24.5764
 21.9317
 15.2643
 23.4307
 25.318
 23.622
 24.5764
 12.49
 25.318
 19.0263
 26.0768
 23.8537
 26.9258
 28.2666
 18.3303
 24.3516
 24.3516
 24.4336
 23.6008
 25.2785
 24.2693
 26.5707
 23.4307
 25.807
 22.9347
 25.6905
 29.7321
 26.3818
 24.5764
 32.9848
 23.0434
 23.8956
 24.3311
 29.7658
 26.1151
 19.0788
 24.8395
 25.7488
 22.5389
 22.1359
 24.2899
 28.3549
 24.0416
 25.2785
 23.622
 21.6795
 22.7596
 24.1454
 16.7033
 26.9072
 19
 22.5389
 12.7671
 28.7054
 21.7486
 19.7484
 10.8628
 24.1247
 26.9629
 24.0624
 15.9687
 29.4958
 27.4408
 12.0416
 12.0416
 29.1204
 26.7582
 13.9642
 0
 31.257
 23.8328
 15.4596
 18.4391
 29.6142
 18.4662
 13.5277
 19.6723
 29.4449
 24.8596
 15.906
 17.72
 26.3629
 23.7487
 13.2288
 13.2288
 26.1343
 25.0599
 12.4499
 33.0454
 18.412
 15.906
 31.5911
 19.7737
 14.7309
 28.8617
 21.8174
 12.6491
 29.5635
 28.7402
 26.2679
 33.5559
 24.3105
 33.0151
 31.3369
 17.8326
 23.8537
 29.7153
 27.9643
 25.04
 27.7849
 24.8596
 26.9258
 18.6011
 30.4795
 20.199
 24.8797
 26.9815
 26.5141
 27.258
 33.4515
 25.1992
 33.9264
 19.2614
 33.3017
 20.2978
 28.4605
 21
 28.4077
 26.096
 32.7567
 24.1868
 26.1343
 17.8045
 32.1559
 19.9499
 27.5862
 26.0768
 27
 28.2666
 34.2491
 22.1359
 33.9411
 16.8523
 33.2866
 24.8797
 25.2389
 33.7787
 26.9258
 27.9821
 24.3926
 23.3452
 25.219
 17.1756
 19.6723
 26.9072
 28.8964
 25.4165
 28.2135
 26.096
 35.2278
 21.587
 33.9117
 17.1172
 34.4384
 22.5832
 30.348
 23.388
 27.5862
 27.2029
 19.5959
 24.5561
 26.0576
 19.0526
 23.4094
 26.9629
 29.8664
 27.9285
 27.258
 25.5539
 33.5708
 16.7033
 33.1512
 16.5529
 32.8938
 22.4277
 20.9762
 28.9482
 27.5136
 21.7486
 22.6274
 23.622
 21.7486
 16.7033
 26.7582
 15.1987
 25.6125
 24.1454
 27.5681
 24.6779
 31.8591
 19.0263
 33.9264
 23.6008
 32.5423
 24.1661
 33.541
 24.5764
 29.9165
 19.2354
 24.7184
 25.219
 24.5357
 17.7482
 22.8473
 14.7986
 24.0832
 17.9722
 23.6643
 22.0907
 29.95
 17.8885
 28.1247
 20.5913
 24.454
 19.105
 29.1204
 23.3238
 24.5153
 21.166
 26.0576
 24.454
 27.4591
 21.9089
 21.3776
 14.3527
 14.3527
 17.1756
 17.8326
 22.4722
 23.9165
 23.9165
 23
 25.6515
 28.8791
 27.4408
 23.4307
 25.02
 21.5174
 14.8324
 16.5831
 17.8045
 24.5764
 23.6432
 34.9857
 29.5635
 12.9228
 24
 30.5123
 37.855
 21.5174
 12.2474
 12.2474
 26.0192
 26.0192
 30.282
 30.282
 0
