 0
 3
 3
 3
 6.9282
 0
 0
 2.44949
 0
 11.2694
 3.87298
 3.87298
 9.32738
 4.3589
 2.44949
 8.48528
 6
 6
 6
 4.12311
 2.44949
 3.31662
 5.47723
 5.74456
 3.31662
 4.24264
 0
 4.24264
 2
 1.73205
 4.58258
 6.08276
 3.31662
 4.47214
 5.38516
 3.31662
 3.87298
 4.47214
 5.09902
 6
 3.60555
 8.12404
 4.47214
 6.16441
 5.09902
 4.24264
 4.47214
 6.48074
 5.38516
 5.65685
 3.87298
 5.56776
 0
 6.16441
 3
 5.47723
 7.07107
 4.47214
 3.87298
 6
 4.3589
 7
 7
 5.65685
 4.89898
 5.74456
 5.19615
 6
 5
 6.245
 4.58258
 6.7082
 4.58258
 5.56776
 3.4641
 3.74166
 5.47723
 6.9282
 4.58258
 5.19615
 4.24264
 9.84886
 2.23607
 8.48528
 3.74166
 3.31662
 7.61577
 6.85565
 4.58258
 5.47723
 7.34847
 4.47214
 5.65685
 6.85565
 6.7082
 3.4641
 12.2066
 4.58258
 11.7898
 5.56776
 7.74597
 3
 10.583
 6.245
 12.3693
 1.73205
 5.19615
 13.7113
 11.1355
 8
 3.4641
 6.16441
 12.6491
 2.44949
 12.8841
 14.8997
 5.09902
 4.3589
 12.3288
 8.60233
 6.55744
 11.6619
 17.5784
 9.84886
 9.84886
 9.84886
 7.2111
 15.3623
 12.8062
 6.16441
 6.7082
 11.0905
 15.6205
 9.16515
 10.8167
 16.6733
 4.89898
 9.16515
 8.544
 12.9228
 13.0384
 13.0384
 13.0384
 16.1555
 12.0416
 9.94987
 6.9282
 6.9282
 9.8995
 5.47723
 16.7631
 12.2882
 12.2882
 7.81025
 9.69536
 10.8167
 13.7477
 13.7477
 8.60233
 12.2882
 14.1421
 6.85565
 6.85565
 5.56776
 8.66025
 15.6525
 11.7473
 6.55744
 11.6189
 10.3923
 13.4536
 15.1327
 12.4499
 6
 11.6189
 11.6189
 10.4403
 13.4907
 10.1489
 9.69536
 9.69536
 15.1658
 11.0454
 11
 7.81025
 11.6619
 11.0905
 13.5647
 11.0454
 7.14143
 7.14143
 12.3288
 11.0905
 7
 12.2474
 12.2474
 9.79796
 10.3923
 9
 10.583
 8.66025
 9.84886
 13.1149
 11.6189
 13.3041
 6.7082
 9.74679
 13.6382
 10.4403
 6
 6.78233
 13.9642
 11.0905
 6.16441
 14.3875
 7.48331
 11.7473
 14.6629
 8.66025
 6.245
 11.1355
 10.4881
 8.42615
 8.544
 11.7047
 10.1489
 7.07107
 5.09902
 10.583
 10.4881
 7.81025
 8.12404
 12.3288
 8.66025
 6.9282
 11.8322
 9.94987
 8.18535
 9.84886
 7.14143
 7.14143
 9.21954
 6.245
 10.3923
 10.3923
 12
 8.60233
 8.42615
 12
 12.7671
 8.66025
 8.66025
 7.34847
 12.8062
 9.21954
 9.21954
 9.21954
 11.0905
 11.0454
 11.0454
 11.0454
 11.225
 8.544
 8.544
 8.544
 10.1489
 8.66025
 9.84886
 9.84886
 11.0905
 11.4891
 11.4891
 11.4891
 11.4018
 12.2066
 12.2066
 12.3693
 9.94987
 13.9642
 12.7671
 10.0995
 10.0995
 9.84886
 12.8841
 12.8841
 9.21954
 14.7648
 10.4403
 14.6969
 10.3923
 13.5277
 12.8452
 10.583
 7.74597
 11.225
 8.544
 12.4097
 9.69536
 13.2288
 11.0905
 9.05539
 11.6189
 10.583
 10.9545
 10.3923
 12.6491
 11.7898
 12.083
 11.7473
 10.5357
 12.8452
 10.4881
 10.3923
 10.583
 11.5326
 10.6301
 11.225
 11.8322
 12.9615
 9.38083
 11.2694
 9.84886
 13.1909
 9.38083
 13.9642
 10.4881
 14.8324
 13.9284
 12.4499
 11.8322
 11.3137
 12.083
 11.0454
 11.5326
 12.4499
 11.2694
 11.6619
 9.74679
 14
 11.6189
 12.4097
 10.8167
 11.2694
 12.7671
 12.083
 13.9642
 11.7473
 12.8062
 12.49
 9.74679
 8.88819
 10.3923
 9.32738
 10.5357
 11.7898
 9.84886
 14.3178
 10.1489
 12.0416
 11
 9.27362
 10.583
 11.0905
 11.7473
 11.8322
 12.9228
 12.7279
 12.7671
 13.1909
 10.1489
 11.2694
 11
 11.225
 13.1529
 12.0416
 13.5647
 12.3693
 12.0416
 14.2829
 9.84886
 12.4097
 9.8995
 10.5357
 9.94987
 11.2694
 11.5758
 9.8995
 13.6748
 11
 11
 9.38083
 11.2694
 10.4881
 10.0995
 12.8841
 9.79796
 10.5357
 11.6189
 11.6189
 11.2694
 10.8167
 12.4499
 10.3923
 12.3288
 12.9615
 12.1655
 11.6189
 13.2288
 11.7898
 9.69536
 11.6189
 10.9087
 8.66025
 11.2694
 10.4403
 12.4097
 11.0905
 12.3693
 15.0997
 14.7648
 14.2829
 12.2882
 11.7047
 11.5758
 13
 10.4403
 13
 13.0384
 9.79796
 10.5357
 25.5539
 10.0995
 8.94427
 9.59166
 10.8167
 11.5326
 13.3791
 10.5357
 9.53939
 11.7898
 10.1489
 11.5326
 10.6771
 11.5326
 8.83176
 24.8797
 9.74679
 9.79796
 24.5764
 10.3923
 9.53939
 9.53939
 16.4621
 9.53939
 9.53939
