 486.028
 17.8045
 15.5563
 20.8806
 25.04
 20.9762
 20.9762
 22
 24.1247
 25.04
 23.388
 24.5153
 25.7099
 24.0832
 20.2978
 21.7486
 22.5389
 19.105
 21.2838
 21.8403
 20.1494
 26.1151
 23.9165
 22.561
 25.8263
 23.7276
 25.8844
 17.6918
 21.9545
 25.9037
 18.2483
 22.8254
 22.6495
 21
 21.6795
 28.6531
 23.4521
 28.1425
 24.8797
 24.4336
 20.9284
 19.2094
 23.4947
 24.2899
 21.7256
 26.6458
 24.8998
 30.545
 27.4955
 23.7065
 27.8927
 24.5153
 23.4521
 22.6053
 28.9137
 30.5123
 25.1794
 28.8271
 27.0185
 25.1992
 29.3769
 27.7489
 26.4197
 27.4591
 28.0357
 28.0357
 28.1247
 29.7321
 29.7321
 24.4949
 33.0303
 28.7576
 27.0185
 30.2159
 24.3516
 32.4654
 27.8927
 32.7261
 28.8097
 31.305
 31.8748
 26.7955
 26.9629
 25.5539
 28.0357
 31.289
 33.8821
 32.7414
 34.6121
 28.3196
 35.623
 30.4302
 30.7734
 30.7734
 31.4166
 29.4958
 36.8239
 36.3043
 35.3836
 40.0749
 40.0749
 38.1969
 37.2961
 30.4631
 39.1152
 33.8526
 34.9571
 44.317
 38.0657
 32.6803
 28.7402
 31.4006
 39.9875
 33.0757
 37.4566
 39.5601
 34.0294
 33.9117
 40.0749
 39.95
 36.2767
 35.171
 40.5709
 38.4968
 38.3014
 33.4066
 36.524
 37
 37.6298
 34.5977
 31.305
 41.7373
 46.4543
 36.0971
 34.3366
 38.8458
 29.5466
 41.9524
 30.6431
 38.1445
 35.4542
 41.2916
 34.5977
 38.833
 41.7612
 36.524
 29.6311
 38.2361
 30.692
 37.6829
 36.0278
 44.8107
 34.7131
 36
 33.9264
 32.2645
 32.2645
 35.623
 35.1994
 37.3497
 30.6105
 37.6431
 37.6431
 37.3363
 40.8534
 40.398
 34.7851
 41.6053
 38.7427
 38.5616
 42.2729
 40.5586
 34.7707
 40.05
 36.4417
 36.4417
 40.6694
 34.7707
 33.1964
 32.9848
 32.9848
 37
 40.5956
 41.5692
 33.0151
 33.0151
 42.3202
 35.0286
 38.223
 45.8258
 45.8258
 39.4335
 40.0125
 37.3898
 44.0114
 44.0114
 32.1559
 33.0757
 38.4968
 35.1568
 33.9264
 36.2905
 35.805
 36.318
 36.318
 36.318
 28.1425
 37.3898
 42.2374
 35.7491
 24.454
 41.7253
 47.3075
 41
 40.025
 27.9285
 43.0349
 39.4335
 31.273
 39.975
 42.9884
 41.2311
 31.0483
 35.6371
 41.4005
 40.939
 36.4692
 36.606
 41.4246
 44.441
 39.95
 31.4006
 34.2637
 31.8434
 41.7852
 39.1663
 19.0788
 39.7366
 35
 35.6931
 21.4709
 42.332
 39.2556
 37.7227
 21.4709
 40.8534
 41.4849
 37.5366
 19.4936
 42.6615
 39.6358
 21.4942
 36.4829
 40.9268
 43.5316
 22.2261
 0
 35.6371
 39.975
 20.2978
 35.8748
 42.8952
 39.281
 20.2978
 36.6879
 42.391
 40.8779
 17.8606
 30.9354
 42.8135
 38.2492
 20.9045
 30.0998
 42.7668
 40.8534
 22.0907
 37.1753
 36.1248
 20.2978
 41.0122
 37.8814
 20.2485
 45.8585
 40.0749
 20.2731
 45.8476
 41.9404
 46.8722
 42.4735
 40.8289
 45.5302
 44.238
 36.5787
 41.7373
 45.5961
 41.7852
 43.5431
 45.618
 40.2244
 40.4351
 36.647
 43.9773
 40.2741
 41.7732
 45.6508
 43.5431
 45.7275
 44.9889
 45.2217
 37.7227
 40.0625
 44.833
 41.0853
 43.4856
 41.9166
 45.31
 45.2106
 46.4327
 40.9268
 47.244
 38.7169
 47.7808
 42.2493
 45.8148
 42.6263
 48.6313
 43.7493
 41.3038
 45.2769
 36.5377
 37.6563
 48.3632
 39.4842
 41.7732
 44.8888
 48.8569
 45.2327
 45
 38.704
 44.5421
 37.2961
 42.4264
 48.1144
 46.594
 43.4856
 43.7836
 46.0652
 46.6905
 43.7493
 39.9124
 39.8623
 47.8226
 41.3159
 44.317
 43.5201
 47
 43.4626
 43.4626
 44.6206
 44.6206
 41.4246
 41.8808
 47.8644
 49.2646
 45.9891
 46.1411
 45.1996
 41.3159
 42.0476
 45.4643
 38.0395
 41.6773
 41.4367
 43.4741
 43.3474
 43.4856
 48.4665
 48.4665
 38.0395
 38.0395
 36.5103
 36.5103
 40.05
 48.9081
 44.5533
 45.2659
 45.2769
 44.8999
 41.3038
 38.1707
 40.7554
 40.8412
 41.8688
 51.4781
 46.8828
 47.085
 42.7317
 40.939
 44
 44
 37.1887
 37.1887
 42.0238
 42.0238
 43.8748
 42.5676
 45.4863
 44.1928
 39.0384
 40.2244
 38.8716
 39.4081
 44.7102
 47.7808
 50.4876
 44.486
 41.7253
 42.6263
 38.4448
 44.4972
 36.0694
 36.0694
 38.2884
 38.2884
 42.1545
 41.1947
 42.6146
 48
 39.5601
 42.5793
 52.1536
 39.2938
 51.1175
 48
 46.0326
 39.6106
 37.7094
 43.0233
 42.1782
 47.4552
 41.7971
 36.2629
 41.1461
 41.1461
 54.2863
 54.2863
 39.598
 43.7264
 43.7264
 46.9574
 46.9255
 46.9255
 33.5559
 33.5559
 0
