 0
 2.44949
 2.44949
 2.82843
 2.82843
 0
 0
 4.58258
 1.73205
 11.7898
 3.60555
 3.60555
 3.60555
 1.73205
 3.4641
 3.4641
 6.16441
 6.16441
 6.16441
 6.16441
 6.16441
 2.44949
 2.44949
 2.44949
 3.31662
 3.4641
 3.4641
 3.4641
 2.44949
 2.44949
 6
 6
 6
 4.24264
 5.47723
 3.31662
 3
 3.4641
 5.38516
 5.19615
 4.12311
 6
 6
 6.245
 5.09902
 2.82843
 4.89898
 5.47723
 5.09902
 4.24264
 3.4641
 4.24264
 4.24264
 5.09902
 1.73205
 5.19615
 6.245
 3.31662
 4.89898
 5.09902
 4.58258
 6
 6
 5.38516
 5.38516
 4.69042
 4.24264
 5.09902
 4.12311
 5.38516
 4.47214
 5.2915
 5.09902
 4.89898
 4.89898
 4.24264
 7.74597
 3.4641
 5.47723
 0
 3.74166
 7.81025
 4.24264
 6.48074
 3.4641
 2.23607
 6.16441
 4.58258
 2.44949
 3.87298
 4.89898
 4.24264
 5.2915
 7.74597
 3.87298
 3.31662
 12.1655
 2.44949
 10.4881
 6.08276
 7.81025
 1.73205
 10.0499
 8.06226
 11.3137
 0
 5.65685
 12.4097
 10.583
 6.08276
 2
 4.69042
 11.3578
 3.74166
 11.7898
 12.6886
 4.24264
 2.82843
 10.8628
 8.60233
 5
 11.0905
 15.4596
 7.74597
 10.8628
 7.81025
 5.65685
 14.8997
 12.083
 3.4641
 3.31662
 9.64365
 14.8661
 7.14143
 9.32738
 13.5647
 3.31662
 7.93725
 7.93725
 11.7898
 12.3288
 15.3948
 2.44949
 15.3948
 10.7238
 8.06226
 7.34847
 12.5698
 9.53939
 6.32456
 13.5277
 8.18535
 10.7238
 5.19615
 7.81025
 10.0995
 11.0905
 9.48683
 6.32456
 10.5357
 13.4907
 6
 9.11043
 3
 8.66025
 12.8841
 8
 4.89898
 9.53939
 8.94427
 12.2882
 12.9615
 11.5758
 4.24264
 9.84886
 9.79796
 9.38083
 11.6619
 9.64365
 8.18535
 10.3923
 11.6189
 10.0499
 9.8995
 7
 11.6189
 11.225
 11.0454
 7.14143
 7.14143
 12.53
 10.4403
 11.5758
 7.34847
 11.0454
 11.6619
 8.60233
 9.64365
 8.66025
 8
 6.9282
 7.81025
 12.083
 9.79796
 13.2288
 5
 7.28011
 12.9615
 7.93725
 4.89898
 5.19615
 13
 9.32738
 5.47723
 13.1529
 5.38516
 11.225
 13.6382
 7.14143
 5.19615
 10.6301
 9.84886
 6.9282
 6.32456
 11.7473
 8.83176
 6.9282
 4.24264
 4.24264
 8.83176
 8.24621
 7.74597
 11.0454
 8.60233
 7.07107
 10.5357
 8.66025
 7.74597
 8.88819
 6.9282
 11.2694
 7.68115
 6.08276
 8.88819
 10.5357
 9.53939
 6.7082
 8.24621
 10.8167
 11.2694
 6.7082
 10.5357
 6.63325
 11.4018
 7.48331
 11.2694
 11.2694
 9.05539
 9
 12.7279
 12.7279
 9.48683
 7.81025
 11.9583
 11.9583
 9.69536
 6.9282
 8.88819
 8.88819
 9.69536
 11.225
 11.3137
 2.44949
 11.2694
 11.2694
 10.8628
 10.3923
 9
 10.0995
 11.4891
 8.83176
 9.94987
 7.93725
 12.2474
 9.8995
 7.14143
 13.8203
 7.74597
 13.4536
 8.12404
 12.8062
 11.7473
 7.87401
 6.9282
 10.6771
 8
 11.5758
 9.79796
 11.5758
 9.64365
 8.66025
 10.9087
 9.32738
 11.2694
 8.88819
 12.2474
 10.5357
 11.2694
 9.69536
 9.05539
 10.0995
 8.66025
 8.18535
 9.64365
 11.2694
 10.1489
 9.53939
 11.3137
 11.6189
 8.66025
 10.5357
 8.18535
 12.1244
 8
 13
 8.06226
 13.8924
 12.6095
 10.9087
 11.2694
 11.225
 10.583
 9.59166
 9.53939
 11.225
 11.225
 10.7238
 9.84886
 12.2882
 9.53939
 11.4018
 9.53939
 9.69536
 11.5326
 11.3137
 13
 10.9545
 12.1244
 11.4891
 9.59166
 8.83176
 10.0995
 8.66025
 9.69536
 10.4403
 9.53939
 13
 9.05539
 10.583
 9.38083
 8.66025
 8.7178
 9.38083
 10.5357
 11.3578
 12.1655
 12.1655
 12.1655
 12.2066
 9.38083
 10.3923
 11.3578
 11.2694
 13.0384
 11.225
 12.1244
 12.1244
 10.583
 13.6382
 8.66025
 11.4455
 8.544
 10.3923
 9.05539
 11.2694
 11.4018
 9
 13.1149
 9.64365
 10.4403
 7.81025
 9.59166
 9.59166
 9.69536
 12.1655
 9.64365
 10.7238
 9.69536
 11.2694
 11.3137
 10.4881
 12
 10.6771
 11.5758
 13.0384
 12.1655
 9.79796
 13
 10.1489
 8.7178
 10.9087
 9.53939
 8.66025
 9.53939
 9.53939
 12.1244
 9
 12.3693
 11.0454
 12.8452
 13.6382
 10.0499
 11.2694
 11.225
 13.4536
 10.6771
 13.1149
 13.4536
 9.69536
 10.4403
 26.4575
 8.66025
 8.18535
 9.59166
 10.4403
 12.1244
 13.1529
 10.3923
 9.64365
 11.3137
 11.2694
 11.2694
 9.64365
 10.6301
 10.6301
 25.2785
 9.38083
 9.53939
 9.53939
 9.69536
 9.69536
 0
 0
 9.48683
 0
