 0
 3.4641
 3.4641
 5.09902
 6.55744
 2.82843
 0
 6.9282
 3
 9.59166
 5.74456
 7.34847
 5.74456
 7.34847
 3
 7.4162
 7.4162
 3.74166
 6
 5.19615
 3.60555
 4.47214
 6
 4.24264
 5.56776
 5.09902
 4.24264
 6.16441
 5.2915
 2.44949
 5.19615
 4.47214
 5.09902
 7.93725
 5.19615
 7.34847
 6
 7
 6.08276
 6.245
 6
 9.84886
 2.44949
 4.24264
 6.245
 7.93725
 5.19615
 9.32738
 7.34847
 8
 8.66025
 8.60233
 5.47723
 6
 7.4162
 8.544
 6.245
 8.60233
 7.07107
 8.12404
 7.74597
 8.42615
 3.4641
 8.60233
 3.74166
 7.93725
 7
 8.18535
 9.38083
 9.21954
 8.60233
 9.16515
 6.7082
 8.66025
 4.3589
 5.56776
 4.69042
 9.32738
 6.245
 9.32738
 8.12404
 11.5758
 6.48074
 10.5357
 7
 7.68115
 8.12404
 8.88819
 9.16515
 9.79796
 8.66025
 8.66025
 8
 6.9282
 8.66025
 6.7082
 14.4568
 8.18535
 11.2694
 5.19615
 5.19615
 8.12404
 13.4907
 7.93725
 12.2882
 8.12404
 8.83176
 13.6748
 14.1774
 10.583
 8.48528
 9.21954
 16.1245
 6.48074
 6.48074
 15.6844
 8.66025
 7.68115
 14.8324
 14.8324
 9.64365
 11.6619
 11.6619
 10.5357
 12.2882
 11.6189
 9.84886
 9.84886
 16.5529
 11
 8.7178
 11.7473
 11.7473
 10.4881
 12.2066
 12.2066
 9.21954
 12.7671
 7.74597
 7.74597
 7.74597
 7.74597
 8.66025
 8.66025
 14.1067
 10.4881
 7
 7
 11.0454
 8.83176
 8.83176
 11.6619
 11.6619
 10.0995
 12.2882
 12.3288
 12.3288
 10.8167
 10.3923
 12.2474
 12.2474
 9.84886
 9.84886
 9.38083
 13.2288
 13.2288
 12.3288
 13.5277
 13
 14.1774
 10.6301
 14.6969
 15.9374
 11.9583
 11.6619
 11.6619
 13.7477
 13.5647
 13.5277
 10.4881
 10.4881
 15.0997
 14.3875
 11.6619
 9.38083
 9.38083
 15.5563
 14.7986
 11.6619
 7.34847
 7.34847
 12.3693
 15.1327
 9.8995
 12.2882
 12.2882
 13.7113
 13.9284
 10.583
 11.6189
 13
 12.2882
 13.5277
 14.6629
 14.6629
 12.2474
 11
 13.7477
 11.0454
 12.4097
 11.1355
 14.8997
 11.0454
 10.583
 15.4919
 12.3288
 13.4907
 17.1464
 11
 10.4403
 12.3693
 13.4907
 12.9228
 11.0905
 13.2288
 12.2882
 10.3923
 9.21954
 11
 13.0384
 9.84886
 11.6619
 10.4403
 11.9583
 9.8995
 15
 15
 11.6189
 13.3041
 10.3923
 10.3923
 12.2882
 12.2882
 13.9284
 13.9284
 12.8841
 12.49
 10.7703
 10.7703
 13.5277
 13.5647
 13.5647
 10.1489
 14.1067
 14.7309
 14.7309
 14.7309
 13.7113
 14.8997
 14.8997
 4.3589
 12.2882
 11.0454
 11.0454
 5.19615
 11.7047
 12.9228
 12.9228
 3.4641
 13.7113
 13
 13
 2.44949
 13.6748
 15.1658
 15.1658
 14.6969
 12.5698
 12.5698
 14.7648
 12.3288
 12.3288
 12.3288
 15.3297
 15.3297
 11.8322
 16.6433
 14.7648
 17.1172
 13.9642
 16.5227
 15.3623
 11.7047
 10.4403
 14.6969
 11.7898
 15.2971
 13
 15.3297
 14.2127
 12.2474
 14.7309
 14.8997
 12.3288
 15.3623
 14.7309
 16.0935
 15.4919
 13.7113
 14.4222
 14.8661
 13.5277
 12.3288
 12.8452
 13.5647
 13.7477
 12.3288
 13.0384
 15.5885
 12.2882
 14.8997
 12.3693
 14.2478
 11.7047
 14.8997
 13.7113
 15.6844
 16.5831
 16.1245
 14.2478
 14.8997
 14.7309
 14.1774
 12.8062
 15.9687
 12.2474
 14.6969
 12.8841
 17.1756
 12.2882
 15.906
 13.5277
 13.5277
 15.9687
 14.2127
 15.3948
 16.0935
 14.1421
 16.0935
 11.7473
 12.2882
 14.4568
 11.0454
 13.0384
 13.5277
 11.1355
 15.4596
 12.9228
 14.0712
 14.4222
 12.8452
 13.6748
 14.8661
 14.4222
 11.7047
 13.0767
 14.8997
 14.1421
 14.7648
 13.7477
 12.3288
 12.9228
 12.49
 14
 13.5647
 15.9687
 13.9284
 14.6969
 17.1172
 14
 14.7309
 13.6748
 11.7898
 13
 12.49
 12.53
 14.4222
 15.9687
 15.0665
 13.5277
 13
 13.5277
 12.3288
 13.7113
 13.4536
 12.2474
 13.0384
 13.5277
 12.9228
 12.8841
 14.6969
 15.9687
 11.7898
 16.0935
 13.9642
 13.9284
 13.7113
 14.9332
 14.9332
 11.6619
 13.4907
 12.3288
 10.4403
 13.5277
 11.6619
 12.8452
 12.3288
 13.4536
 15.9374
 18.2209
 15.9687
 14
 12.4499
 15.1327
 12.6491
 11.8322
 13.5277
 13.6015
 11.7898
 11.8322
 23.7487
 12.8452
 12.9615
 10.4881
 11.7047
 11.6619
 14.3875
 11.2694
 10.0499
 11.8322
 10.583
 13
 12.8452
 11.2694
 9.38083
 22.8035
 11.6619
 10.583
 23.7065
 10.1489
 10.0995
 10.0995
 15.9374
 11.7898
 11.7898
