 458.123
 4.24264
 8.66025
 3.31662
 4.24264
 2.82843
 2.82843
 3
 6.08276
 2.23607
 5.38516
 4.24264
 3.60555
 6.32456
 4.58258
 2.44949
 6.32456
 1.41421
 3
 4.89898
 4.89898
 5.74456
 3.74166
 4.12311
 5.74456
 3.4641
 5.19615
 6.85565
 5.19615
 4.69042
 5
 6
 6.48074
 6.16441
 5
 6.16441
 5.65685
 4.69042
 5.47723
 6.245
 5
 7.14143
 2.82843
 3.4641
 6.48074
 7.07107
 5.74456
 6.9282
 6.48074
 5.74456
 5.19615
 5.47723
 3.87298
 1.73205
 5.74456
 7.07107
 3.74166
 6.48074
 4.58258
 6.245
 6
 5.47723
 3.4641
 6.245
 3.16228
 6.9282
 7.34847
 6.85565
 7.81025
 7.14143
 6.85565
 5.74456
 5.19615
 5
 5.47723
 5.38516
 4.58258
 7.14143
 6.16441
 6.9282
 5.74456
 7.34847
 5.09902
 6.55744
 3.74166
 6.245
 6.9282
 7.74597
 7.14143
 7.93725
 6.9282
 6.9282
 6.32456
 1.41421
 6.32456
 6.9282
 2.44949
 7.74597
 6.9282
 5.19615
 0
 6.9282
 6
 6.16441
 0
 7.74597
 6.55744
 6.9282
 6.9282
 6.32456
 8.66025
 6.9282
 7.81025
 6.85565
 6.9282
 8.60233
 6.9282
 6.08276
 6.9282
 0
 6.9282
 6.9282
 8.66025
 7.07107
 7.74597
 7.07107
 6.9282
 6
 6.08276
 6.9282
 6.9282
 6.9282
 6
 6.9282
 6.08276
 6.08276
 7.07107
 7.81025
 4.3589
 6.9282
 6.08276
 7.81025
 5.19615
 6.9282
 7.81025
 6.9282
 5.38516
 5.19615
 6.9282
 7.14143
 7.07107
 6.85565
 5.19615
 6.9282
 7.74597
 6.08276
 5.19615
 6
 6.9282
 6.9282
 5.19615
 6.9282
 6.9282
 6.9282
 6.9282
 7.07107
 6.85565
 8.66025
 7.34847
 7.74597
 6.08276
 7.74597
 8.18535
 8.66025
 6.9282
 0
 7.81025
 6.9282
 6
 7.81025
 3.31662
 6.9282
 8.60233
 6.9282
 6.9282
 2.64575
 8.66025
 8.83176
 6.85565
 6
 3.4641
 7.81025
 9.48683
 6.9282
 6.9282
 5.09902
 6.9282
 6.9282
 6.9282
 6.85565
 8.66025
 7.14143
 7.74597
 6.9282
 4.24264
 7.93725
 7.74597
 7
 6.9282
 8.66025
 7.4162
 6.9282
 6.9282
 7.81025
 7.81025
 9.53939
 7.74597
 7.93725
 6.9282
 7
 6.9282
 7.81025
 10.0499
 7.81025
 6.9282
 7.81025
 7.74597
 6.9282
 6.9282
 7.81025
 6.85565
 8.66025
 6.9282
 7.34847
 6.9282
 7.87401
 1.73205
 6.9282
 6.9282
 6.9282
 2.44949
 6.9282
 7.28011
 7.74597
 2.44949
 6.9282
 7.74597
 6.9282
 3.4641
 7.81025
 7.81025
 1.73205
 5.19615
 7.93725
 7.81025
 4.24264
 0
 7.74597
 7.81025
 5.09902
 5.19615
 7
 6.9282
 5.09902
 7.81025
 7.81025
 7.74597
 2.44949
 6.9282
 9.53939
 6.9282
 2.44949
 4.3589
 7.07107
 10.3441
 3.4641
 7.34847
 6.9282
 5.09902
 7.34847
 8.60233
 1.73205
 7.81025
 7.81025
 1.73205
 7.81025
 6.9282
 7.81025
 7.81025
 8.60233
 8.66025
 9.53939
 7
 6.9282
 8.66025
 8.66025
 8.66025
 7.81025
 8.66025
 7.81025
 6.08276
 8.66025
 7.74597
 7.74597
 7.74597
 8.77496
 7.81025
 10.3923
 8
 10.3923
 8.66025
 7.81025
 7
 7.81025
 6.9282
 10.3923
 6.9282
 6.9282
 10.3923
 7.87401
 6.9282
 8.66025
 6.9282
 7.81025
 7.74597
 8.66025
 7
 9.59166
 7
 7.93725
 7.81025
 7.81025
 7.74597
 7.74597
 8.66025
 6.9282
 9.59166
 7.81025
 7.81025
 7
 7.74597
 6.9282
 6.9282
 7.81025
 7.07107
 8.12404
 8.66025
 7.81025
 7.74597
 7.81025
 7.81025
 11.225
 6.9282
 7.81025
 6.08276
 6.9282
 7.81025
 7.81025
 7.81025
 7.81025
 7.74597
 7.74597
 7.81025
 7.81025
 6.9282
 7
 7.81025
 7.81025
 7
 9.53939
 6.08276
 8.66025
 6.08276
 6.85565
 7.81025
 7.81025
 6.9282
 6.9282
 9.53939
 8.60233
 7.81025
 9.48683
 6.9282
 8.66025
 6.9282
 6.08276
 7
 8.77496
 7.74597
 7.93725
 6.08276
 7.81025
 6.9282
 8.66025
 6.9282
 8.66025
 6.08276
 8.60233
 7
 7.74597
 7.74597
 7.74597
 6.08276
 10.3923
 6.08276
 6.85565
 7.74597
 7.34847
 6.9282
 7.81025
 6.9282
 7.74597
 5.19615
 7.81025
 6.9282
 7.74597
 7.74597
 8.66025
 8.66025
 10.3923
 7.81025
 8.66025
 6
 6.9282
 5.19615
 5.19615
 6.08276
 4.3589
 6.08276
 6.9282
 7.81025
 7.81025
 8.66025
 6.9282
 7.74597
 6.9282
 6
 6
 5.19615
 6.08276
 6.08276
 6.9282
 6.9282
 6.48074
 5.09902
 6.9282
 6.9282
 6.08276
 5.19615
 4.3589
 7
 7
 8.12404
 6.9282
 0
