 0
 10.4403
 15.6525
 10.4403
 3.4641
 12.7671
 0
 15.5563
 10.5357
 5.74456
 12.53
 5.47723
 5.47723
 11.7898
 11.7898
 9.53939
 10.0995
 9.53939
 9.53939
 9.05539
 10.5357
 9.53939
 7.81025
 6.08276
 10.4403
 8.18535
 6
 9.27362
 13.2665
 12.49
 8.83176
 7
 8
 7.81025
 8.66025
 6.9282
 7.81025
 8.42615
 7.74597
 10.9545
 8.66025
 11.0905
 10.583
 9.64365
 9.8995
 8.88819
 8.66025
 7.74597
 7.34847
 12.3288
 8.77496
 13.9284
 9.53939
 8.66025
 9.79796
 7.81025
 9.27362
 9.38083
 8
 8.18535
 11.3578
 10.9545
 11.3137
 8.66025
 9.8995
 8.48528
 8.88819
 7.74597
 8.18535
 12.3288
 7.93725
 12.0416
 9.21954
 12.4499
 9.32738
 7.74597
 10.4403
 10.4403
 8.66025
 6
 9.53939
 9.32738
 9.69536
 9.69536
 9
 11.2694
 7.14143
 7.74597
 8.544
 11.6619
 7.48331
 7.74597
 13.7113
 13.7113
 9.79796
 8.83176
 8.60233
 10.0499
 9.69536
 8.66025
 8.66025
 11.5326
 8.18535
 7.81025
 1.73205
 11.3578
 9.69536
 8.94427
 10.0499
 12.7279
 11.8322
 13.4907
 13.5277
 8.7178
 7.74597
 10.8628
 11.225
 10.3923
 10.0995
 10.0995
 8.544
 7.81025
 12.1655
 7.81025
 11.2694
 14.4222
 8.66025
 11.0905
 8.66025
 16.6433
 6.9282
 11.225
 13.2288
 10.3923
 7
 13.4536
 10.0499
 9.8995
 8.83176
 10.3923
 14.6629
 12.1244
 9.32738
 11.0905
 11.0454
 10.3441
 7.87401
 12.2474
 11.2694
 10.3923
 12.9228
 8
 10.3441
 11.5326
 12.1655
 10.4881
 14.8324
 8.88819
 12.3693
 9.53939
 13
 5.47723
 5.47723
 13.1529
 12.1655
 13.5277
 8.77496
 13.0767
 7.81025
 12.2066
 14.1774
 14.3875
 9.79796
 11.5326
 7.81025
 12.1655
 13.5277
 12.9228
 9.84886
 9
 10.0995
 14.4222
 10.4403
 12.083
 12.3693
 14.8324
 13.1149
 12.49
 8.60233
 12.0416
 13.0767
 13.9642
 12.1655
 12.9615
 10.3923
 10.0499
 12.4499
 8.66025
 13
 9.84886
 13.5647
 9.64365
 9.59166
 8.83176
 11.6189
 12.0416
 14.3527
 11.4018
 12.3288
 10.9545
 14.7986
 13.0384
 10.0499
 13.1529
 13.8924
 13.2665
 10.5357
 12.3288
 11.7898
 10.0995
 10.4881
 15.3297
 9.74679
 12.2474
 9
 12.53
 12.8841
 9.32738
 12.5698
 13.6748
 13.2288
 11.5326
 9.32738
 10.3923
 13
 13
 10.3923
 13.0384
 6.245
 12.083
 11.4018
 12.1655
 10.3923
 7.07107
 9.53939
 10.0995
 13.1149
 12.8452
 12.1244
 13.3041
 9.84886
 10.4403
 9.05539
 13.4907
 9.84886
 11.5326
 0
 11
 11.4018
 12.3693
 6.9282
 15.6205
 6.16441
 9.59166
 6.48074
 11.3137
 5.09902
 11.3137
 11.3137
 14.2478
 13.8564
 11.3578
 11.3578
 10.4403
 13.8564
 9.64365
 13.0767
 7.07107
 12.1655
 9.74679
 7.81025
 12.1244
 14.7986
 10.1489
 8.7178
 15.0665
 13.7477
 14.4568
 12.2066
 13.1149
 11.6189
 13.6015
 12.2066
 4.3589
 12.4499
 15.0665
 13.7113
 13.2288
 10.4403
 13.8924
 10.4881
 13.4907
 11.225
 11.5758
 14.3527
 14.1067
 14.3527
 12.2882
 12.083
 14.2127
 12.4097
 12.3693
 12.1244
 12.083
 12.2882
 13.9284
 13.8924
 12.1244
 11.2694
 13.2288
 9.53939
 14.3178
 11.2694
 15.4596
 11.7898
 14
 13.8564
 16.5831
 13.2665
 14.8997
 8.48528
 15.9687
 12.1655
 14.5602
 12.0416
 13.0767
 11.7898
 13.9642
 14.7309
 14.3178
 13.2288
 12.2474
 11.7898
 12.4499
 12.083
 10.4403
 13.9284
 13.6015
 9.8995
 15.5885
 11.225
 12.2882
 15.5885
 10.4403
 14.9666
 12.1655
 14.2829
 15.5885
 11.2694
 13.1149
 13.8564
 13.3791
 12.49
 14.7986
 14.4568
 13
 13.5277
 15.3623
 9.53939
 12.9615
 12.1244
 15.3948
 13.8924
 14.8661
 11.0905
 11.5326
 11.3137
 13.2288
 13.4536
 15.1327
 10.3923
 13.7477
 11.3137
 14.5258
 10.4403
 12.083
 14.5258
 10.7238
 8.7178
 15.3297
 15.3297
 15.906
 13
 14
 12.9615
 12.2882
 14.2478
 14.7986
 12.2882
 12.3288
 13.2665
 13.3041
 13
 12.2882
 9.53939
 13.0767
 11.225
 11.2694
 10.3923
 15.906
 15.906
 14.7648
 14.7648
 12.2474
 12.2474
 12.4097
 14.5258
 13.0767
 11
 12.083
 12.1655
 14.4568
 13.1149
 13.2665
 13.9642
 14.8324
 14.3178
 14
 14
 12.4499
 11.6189
 14.6969
 12.3288
 12.7279
 13.9642
 13.8924
 13.9642
 12.2882
 13.2665
 14.7309
 10.0995
 13.2288
 13.6382
 8.18535
 8.18535
 36.3593
 13.1529
 13.8924
 11.7898
 13.8924
 12.083
 0
 12.1655
 12.4097
 0
