 473.166
 31.3847
 19.4679
 8.12404
 8.12404
 33.2415
 33.2415
 35.6511
 25.3574
 28
 33.0757
 17.0587
 17.0587
 31.7648
 31.7648
 17.3781
 31.3369
 20.6882
 25.923
 28.2843
 28.2843
 27.313
 20.1494
 20.1494
 29.3258
 14.8324
 14.8324
 16.4621
 16.4621
 16.4621
 15.748
 27.7669
 26.4386
 19.105
 16.4621
 15.9374
 19.4936
 15.2971
 19.0526
 25.4165
 16.5227
 27.7669
 18.2483
 19.8242
 28.9137
 27.7849
 24.5764
 18.2483
 26.7769
 31.6702
 14.5602
 28.2843
 13.9642
 15.0665
 21.1896
 16.2788
 18.9737
 17.3205
 21.4243
 14.8661
 28.0357
 27.55
 27.55
 25
 14.7986
 18.7617
 18.6815
 26.1343
 17.9165
 29.6479
 23.8118
 29.4109
 13.9284
 24.0832
 14.3527
 18.2209
 15.1658
 15.6525
 18.7083
 14.3178
 22.0227
 27.2764
 27.2764
 26.8887
 21.4476
 22.561
 18.303
 17.0294
 26.6833
 33.541
 24.1661
 25.2587
 29.1548
 29.1548
 26.8887
 26.8887
 23.4734
 20.9762
 20.8806
 18.7083
 18.7083
 27.1109
 20.8327
 22.3159
 22.3159
 17.1172
 20.8327
 27.8388
 22.7376
 26.2869
 32.665
 27.258
 17.4356
 17.4356
 22.1359
 15.1658
 15.1658
 18.412
 22
 22
 19.4422
 23.7276
 13.2665
 23.6008
 17.5784
 29.189
 27.6225
 14
 22
 26.0768
 14.0357
 21.7025
 16.4924
 25.3772
 22.1133
 14.5258
 16.6733
 20.9045
 18.5472
 22.561
 14.8324
 9.84886
 15.1987
 13.7477
 29.0689
 20.9045
 21.2368
 10.4881
 14.7648
 21.4709
 14
 25.0599
 7.93725
 28.8964
 27.2213
 22.1133
 8.94427
 11.7473
 27.2397
 22.561
 10.0995
 25.7876
 0
 22.1133
 18.2483
 13.9284
 21.1187
 19.5704
 20.8806
 25.04
 10.3923
 13.2665
 28.4253
 20
 22.5167
 22.5167
 25.5343
 11.5326
 22.5389
 17.2047
 11.2694
 16.5227
 23.1948
 23.388
 11.0454
 4.47214
 20.8806
 16.6733
 22.5389
 13.4907
 7.87401
 19.975
 18.5203
 17.4069
 25.9037
 12
 21.7256
 15.3297
 22.5167
 21.5174
 21.7025
 29.4958
 18.5742
 23.3452
 28.4077
 23.6854
 21.8403
 15.7162
 25.2587
 22.5832
 18.9737
 17.3205
 25.2587
 21.8632
 23.5797
 20
 24.4336
 30.5941
 18.6548
 18.0831
 25.2785
 28.3725
 21.6795
 25.5734
 22.8692
 26.6083
 19.8494
 19.8494
 25.2982
 20.8567
 15.5885
 17.1172
 20.9045
 15.906
 17.4356
 16.5227
 11.6189
 20.347
 29.2233
 16.6433
 14.9332
 29.4618
 15.9374
 32.1559
 14.9332
 14.9332
 27.6043
 20.347
 13.2665
 18.5472
 23.4307
 18.412
 20.9523
 24.4949
 20.8806
 13.6015
 0
 29.5296
 19.0526
 17.1756
 21.7715
 28.8791
 32.28
 15.3623
 19.8242
 24.8998
 24.8998
 13.7477
 13.7477
 21.166
 20.8567
 16.6433
 16.6433
 21.7256
 19.3649
 16.6132
 27.2947
 28.2135
 17.2047
 30.0666
 30.0666
 16.3401
 27.0555
 20.9284
 13.6015
 22.6053
 20.2237
 21.1187
 26.9072
 19.5192
 34.4964
 28.8791
 28.8791
 28.8791
 28.8444
 19.7737
 20.8567
 20.199
 14.5258
 27.1293
 27.1293
 29.5127
 29.5127
 18.2757
 26.6271
 16.5227
 22.6495
 29.5127
 21.2368
 36.8511
 26.2869
 26.1343
 26.1343
 21.9545
 19.9249
 19.9499
 20.8806
 23.1084
 16.1245
 30.7083
 30.7083
 33.4813
 33.4813
 32.7109
 15.9687
 21.7715
 24.3105
 28.7402
 20.9045
 33.1512
 31.5595
 30.8221
 15.1327
 19.0788
 27.1109
 21.2603
 21.6795
 29.0172
 11.6619
 32.5883
 32.5883
 32.5883
 31.4802
 25.7099
 15.748
 20.567
 22.9783
 28.6356
 19.5704
 36.2767
 36.2767
 30.692
 15.6525
 24.4131
 20
 22.7816
 19.975
 27.6225
 12.2474
 33.3467
 33.3467
 33.3467
 32.0468
 28.1069
 16.7033
 20.6398
 23.7487
 28.4077
 28.4077
 37.51
 37.51
 32.619
 32.619
 17.3781
 25.2587
 22.8035
 19.8746
 33.8231
 16.8819
 34.0881
 29.5635
 33.541
 33.541
 32.8329
 15.6205
 13.8564
 29.4618
 27.2764
 27.2764
 35.1141
 35.1141
 35.6511
 35.6511
 28.4605
 22.3383
 23.8118
 25.9037
 32.0468
 18.0555
 34.7131
 34.7131
 28.5307
 28.5307
 27.2764
 27.2764
 16
 15.1987
 28.2666
 15.5885
 44.5421
 44.5421
 37.3497
 37.3497
 33.3317
 33.3317
 22.2486
 18.6011
 13.7113
 27.2764
 29.5466
 12.083
 25.5147
 25.5147
 14.4568
 14.4568
 39.7618
 15.6844
 26.8142
 26.8142
 33.5261
 33.5261
 37.5899
 32.5269
 26.7955
 13.8924
 18.5203
 25
 23.3666
 23.3666
 23.6008
 25.807
 39.3192
 32.0468
 32.0468
 0
 0
 16.5831
 17.8885
 0
 32.1248
 22.5389
 0
 37.6829
 29.7153
 0
