 460.783
 27.6586
 13.5277
 11.0905
 11.0905
 35.0428
 0
 34.2053
 32.6497
 19.799
 35.6931
 13.6748
 13.6748
 38.3667
 38.3667
 16.4621
 37.8946
 18.3848
 23.622
 27.1477
 27.1477
 29.4958
 24.7386
 24.7386
 29.6985
 15.4919
 15.4919
 17.2047
 17.2047
 17.2047
 15.1658
 31.496
 29.1376
 27.6225
 17.2337
 21.5639
 23.8537
 14.9332
 27.1477
 34.9714
 15.4596
 31.9687
 14.3875
 18.4662
 28.688
 33.9706
 27.1662
 24.7386
 27.1477
 35.7911
 19.6723
 34.9142
 18.4391
 14.6969
 27.8388
 26.0384
 16.3401
 17.8885
 23.7065
 17.2627
 35.171
 31.8434
 31.8434
 26.6833
 14.4914
 32.8177
 21.9545
 33.1059
 27.258
 35.7351
 25.8457
 34.8999
 14.7648
 29.1376
 14.7648
 30.2655
 13.6015
 21.5407
 24.4745
 19.2614
 32.7872
 33.5857
 33.5857
 30.348
 21.4476
 28.4077
 29.9165
 31.4802
 37.8021
 38.5616
 25.9615
 22.2486
 34.1467
 34.1467
 34.1321
 34.1321
 17.8045
 32.28
 16.6433
 22.6495
 0
 28.2489
 17.1756
 29.5296
 29.5296
 19.0788
 35.0428
 16.9115
 17.2047
 32.8938
 28.5307
 33.5559
 21.1187
 21.1187
 16.8523
 20.6155
 20.6155
 24.8797
 17.8045
 17.8045
 31.9374
 18.4391
 6
 35.426
 17.8606
 31.5753
 28
 9.64365
 17.3494
 32.4654
 16.4012
 18.4391
 8.48528
 33.9264
 17.7764
 11.2694
 15.3948
 33.3317
 24.1247
 18.6011
 13.9284
 11.0454
 15.8114
 14.7986
 25.3772
 18.4932
 28.3373
 12.2066
 16.7332
 35.171
 12.1655
 18.3848
 8.66025
 22.5389
 35.6931
 19.7231
 13
 13.6382
 34.7419
 19.5959
 14.5258
 24.4131
 0
 33.2716
 29.189
 19.1833
 19.6214
 33
 33.8674
 19.6977
 20.3224
 25.671
 38.833
 20
 19.0263
 0
 35.805
 26.6083
 18.4662
 13
 2.64575
 28.3549
 33.0303
 19.0263
 11.0905
 3.4641
 33.7491
 30.282
 18.3848
 20.9762
 5.19615
 31.4484
 23.4094
 27.9464
 19.0526
 3.4641
 33.2415
 23.2809
 33.4216
 17.8326
 31.4484
 33.541
 10.6771
 19.6723
 19.6723
 29.1376
 29.8998
 20.6155
 19.0263
 33.0757
 24.4745
 27.9821
 19
 30.8383
 37.3363
 25.7294
 18.4391
 40.1622
 22.8254
 20
 19.5959
 36.565
 26.5707
 17.3781
 19.0526
 31.3369
 21.7025
 21.7025
 18.412
 33.5857
 22.8692
 20.9523
 17.8045
 16.6733
 26.7395
 24.1247
 6
 32.249
 19.6723
 19.2094
 1.41421
 31.3847
 14.8324
 19.975
 2.44949
 2.44949
 28.7054
 25.2785
 4.58258
 29.5466
 37.2827
 1.41421
 1.41421
 36.318
 27.6043
 1.73205
 0
 40.9023
 19.975
 0
 22.561
 36.5513
 21.587
 1.41421
 18.303
 35.6931
 35.6931
 4.24264
 4.24264
 34.7131
 25.807
 0
 0
 32.2645
 22
 3.31662
 35.2846
 19.6977
 1.73205
 34.1614
 34.1614
 3.31662
 33.9559
 14.5602
 4.69042
 37.7757
 29.4958
 29.0689
 40.0125
 20.025
 40.8412
 35.6651
 35.6651
 35.6651
 33.2415
 27.1846
 32.6956
 32.28
 18.9473
 29.1376
 29.1376
 34.1321
 34.1321
 22.4944
 28.688
 27.2764
 35.8329
 41.5572
 24.1868
 42.6028
 14.2127
 42.2729
 42.2729
 34.1467
 25.2785
 32.2335
 26.4575
 39.6232
 13.0384
 30.8707
 30.8707
 36.4829
 36.4829
 32.4808
 18.412
 31.9374
 34.9714
 39.4588
 15.9374
 41.7133
 19
 41.7013
 20.664
 28.178
 37.51
 29.9165
 30.7896
 29.9666
 9.53939
 31.289
 31.289
 31.289
 32.9697
 37.5633
 17.9444
 28.5132
 30.6105
 41.7373
 21.7025
 45.1553
 45.1553
 42.2256
 24.5967
 37.47
 26.533
 30.5941
 34.6121
 25.5734
 9.53939
 28.6705
 28.6705
 28.6705
 28.7228
 39.598
 18.7617
 28.5657
 26.0192
 41.2916
 41.2916
 41.0974
 41.0974
 38.6005
 38.6005
 26.2298
 35.9166
 35.426
 25
 26.096
 13
 26.9258
 17.2047
 29.3258
 29.3258
 29.189
 13.9642
 24.5561
 27.2029
 39.724
 39.724
 45.1774
 45.1774
 39.4335
 39.4335
 39.0896
 28.3373
 30.4302
 21.8403
 28.775
 18.2757
 31.3369
 31.3369
 25.3574
 25.3574
 24.454
 24.454
 22.9129
 14.7986
 39.3954
 8.18535
 47.2017
 47.2017
 31.8904
 31.8904
 35.426
 35.426
 26.3059
 21.7486
 20.347
 24.0208
 28.0357
 11.3578
 22.7816
 22.7816
 22.7816
 22.7816
 18.6279
 22.1359
 32.0312
 0
 34.7851
 34.7851
 36.8103
 30.8545
 32.2645
 23.3452
 15.6205
 13.6382
 13.2288
 13.2288
 28.4781
 31.8748
 47.392
 35.4965
 35.4965
 35.4965
 35.4965
 31.0161
 14
 14
 14
 27.9821
 27.9821
 41.9047
 41.9047
 0
