 467.225
 26.8328
 6.85565
 12.083
 12.083
 25.0799
 25.0799
 43.0813
 23.1948
 39.4208
 30.315
 23.6432
 23.6432
 31.0966
 31.0966
 20.9045
 28.4605
 24.4131
 26.9258
 21.4709
 21.4709
 19.105
 14.3527
 14.3527
 24.8596
 16.7332
 16.7332
 19.4679
 19.4679
 19.4679
 24.8797
 20.3224
 27.8209
 13.8924
 21.7715
 12.4499
 21.1187
 14.5602
 18.1384
 18.8149
 24.8596
 21.2132
 30.6757
 26.1151
 24.3311
 18.412
 21.5174
 19.6977
 25.6515
 27.6043
 18.0555
 28.8617
 24.1868
 26.3818
 27.8388
 16.3707
 21.2132
 13.2288
 22.9347
 23.8118
 24.5357
 24.8395
 24.8395
 22.9783
 27.6586
 15.3948
 21.587
 25.6515
 14.4568
 22.9347
 34.9142
 28.9137
 23.3666
 30.8545
 25.8844
 23.4521
 22.1585
 20.2978
 24.5764
 25.3574
 24.3105
 27.4591
 27.4591
 26.0576
 24.454
 23.3024
 21.2368
 18.4391
 26.4953
 28.3373
 38.2099
 43.0929
 30.3974
 30.3974
 30.4302
 30.4302
 40.1248
 23.4947
 33.0908
 19.975
 19.975
 39.064
 35.426
 24.8395
 24.8395
 23.6854
 24.5357
 43.4856
 36.1801
 30.315
 47.9375
 29.5635
 29.1376
 29.1376
 32.909
 26.5141
 26.5141
 23.516
 33.0151
 0
 22.2261
 38.4968
 26.9629
 30.7409
 28.3901
 33.0454
 40.8289
 25.865
 38.2099
 30.8058
 26.5518
 40.1123
 31.3209
 31.5278
 34.3657
 28.2843
 28.6705
 28.2666
 27.2947
 34.3657
 28.9655
 26.9629
 29.1376
 26.1725
 45.9021
 34.4093
 25.8844
 24.8596
 24.0208
 22.9347
 28.1603
 43.4511
 23.7908
 47.5184
 28.3549
 33.0454
 22.9565
 23.9374
 29.9165
 37.6696
 23.5584
 45.8258
 0
 29.1204
 27.1477
 28.3725
 31.6544
 22.1133
 28.3549
 40.1123
 26.0768
 27.037
 28.775
 29.7153
 35.4542
 0
 31.8434
 27.5862
 33.3467
 34.9571
 34.9571
 28.3901
 36.9594
 42.8486
 26.4197
 26.4197
 28.2312
 26.4764
 40.3856
 19.2873
 19.2873
 30.2985
 30.0666
 27.6406
 44.5084
 44.5084
 31.9061
 27.9464
 27.6948
 33.9853
 27.4955
 33.3167
 38.8844
 36.8103
 36.8103
 28.6007
 31.5436
 29.7321
 42.8486
 24.8395
 28.1603
 27.6043
 44.5197
 23.3666
 28.6182
 30.9193
 42.0476
 29.9333
 33.2114
 31.5119
 42.8602
 31.3369
 36.3456
 45.111
 42.8836
 36.9865
 35.0428
 35.0428
 42.8719
 27.074
 30.1164
 33.2114
 30.5941
 27.9643
 24.8395
 25.8263
 12.8062
 28
 49.7996
 31.0805
 10.5357
 34.7275
 28.4605
 50.9411
 10.4403
 10.4403
 35.819
 28.3725
 9.84886
 24.6171
 24.6577
 9.79796
 30.6105
 28
 28.2843
 10.3923
 0
 29.1719
 35.1568
 10.3441
 31.5278
 31.686
 51.7301
 9.79796
 31.1288
 34.5977
 34.5977
 10.8167
 10.8167
 22.1811
 29.4449
 9.16515
 9.16515
 27.074
 30.2324
 9.21954
 32.9848
 49.7192
 11.0905
 33.5559
 33.5559
 12.3288
 36.8511
 42.8019
 11.7473
 25.3377
 26.4197
 30.692
 30.8058
 35.9026
 35.171
 34.1028
 34.1028
 34.1028
 40.1248
 27.7128
 25.2982
 27.6586
 28.4429
 32.2645
 32.2645
 34.5977
 34.5977
 31.5119
 41.7013
 26.0768
 27.1109
 36.1109
 30.1662
 39.0512
 47.1593
 31.8748
 31.8748
 31.0644
 33.8821
 27.1662
 32.0468
 31.5436
 33.0757
 36.1248
 36.1248
 40.5216
 40.5216
 47.4025
 33.8231
 28.8964
 27.6948
 31.4802
 37.8021
 34.7419
 52.8583
 34.3366
 35.6511
 30.692
 38.7298
 29.95
 30.6105
 37.108
 30.2159
 36.3043
 36.3043
 36.3043
 42.1426
 35.7491
 29.7658
 30.8221
 31.9687
 39.6989
 41.1947
 39.3065
 39.3065
 30.7409
 33.3766
 31.5753
 29.4958
 29.6648
 29.0517
 30
 33.8231
 36.9594
 36.9594
 36.9594
 42.4617
 30.9516
 33.0454
 30.3809
 37.3765
 31.5119
 31.5119
 39.5727
 39.5727
 48.9592
 0
 27.0555
 33.7935
 29.5296
 30.5123
 41.9166
 34.2345
 40.3733
 50.3984
 47.4025
 47.4025
 49.4975
 35.7631
 25.671
 41.5692
 34.1614
 34.1614
 41.0122
 41.0122
 54.074
 54.074
 38.7169
 33.3766
 36.647
 38.1051
 43.2551
 30.315
 38.5616
 38.5616
 42.8252
 42.8252
 41.7133
 41.7133
 31.1127
 29.2062
 34.2345
 32.28
 44.3396
 44.3396
 55.254
 55.254
 51.7011
 51.7011
 33.8083
 34.9714
 25.6515
 43.4741
 39.95
 39.95
 39.95
 39.95
 39.95
 39.95
 61.6441
 32.8177
 36.3593
 0
 0
 0
 45.1996
 42.7317
 35.3977
 23.8118
 36.9324
 45.5631
 48.5901
 48.5901
 34.9285
 42.0476
 51.5946
 42.6146
 0
 0
 0
 27.258
 36.8103
 0
 0
 0
 0
 0
 0
 0
