 0
 23.1517
 29.8664
 11.6619
 11.6619
 22.8254
 0
 20.2237
 17.8606
 12.2474
 11.2694
 11.7898
 11.7898
 11.4455
 11.4455
 18.2757
 13.2288
 16.4924
 22.1359
 21.7256
 21.7256
 23.4521
 15.843
 15.843
 12.49
 11.5758
 11.5758
 13.4536
 13.4536
 13.4536
 11.2694
 11.0454
 8.83176
 20.0499
 13.9642
 20.6155
 14.7309
 19.5704
 17.4356
 12.4097
 10.4403
 3.4641
 11.3137
 15.8114
 7.81025
 18.7083
 19.975
 15.6205
 14.3527
 8.77496
 17.4069
 11.4018
 12.1244
 9.53939
 6.9282
 19.0788
 14.7648
 21.4942
 16.4621
 14.8324
 17.6635
 6.7082
 6.7082
 3
 11.5758
 16.5831
 15.3948
 15.3948
 19.975
 10.3923
 5.38516
 11.4455
 14.2478
 6
 11.5758
 17
 15.8114
 18.735
 17.4069
 17.5499
 17.4356
 5.38516
 5.38516
 5.19615
 17.3781
 20.8567
 13.1529
 20.0499
 19.7484
 13.1909
 5.19615
 3.4641
 10.5357
 10.5357
 11.5758
 11.5758
 9.59166
 19.799
 13.8924
 10.9087
 10.9087
 6.245
 12.1655
 19.5959
 19.5959
 24.3721
 17.088
 15.3623
 13
 6.48074
 9.53939
 6.16441
 13.9642
 13.9642
 9.59166
 14.7309
 14.7309
 19.9499
 12.1244
 12.1244
 21.5174
 10.583
 16
 14.0357
 12.2474
 6.9282
 5.19615
 10.0995
 10.3923
 7
 15.1327
 7.81025
 12.7671
 10.3923
 10.4403
 10.0995
 11.5758
 21.9545
 18.412
 8.66025
 12.0416
 15.4919
 7.34847
 12
 4.24264
 7.81025
 19.4422
 15.1658
 21.7025
 21.7486
 11.5326
 8.66025
 15.1327
 6.245
 7.93725
 7.93725
 13.6748
 14.8324
 8.66025
 7.81025
 12.6095
 1.73205
 1.73205
 10.9087
 21.7025
 13.2288
 6.9282
 24.4336
 15.6525
 8.66025
 13.9642
 18.1934
 9.79796
 13.9642
 8.60233
 8.60233
 10.9545
 16.7033
 6.9282
 9.79796
 12.53
 20.2731
 9.8995
 7.74597
 16.5529
 18.6011
 22.3383
 21.8174
 7.81025
 15.6525
 19.4679
 21.4243
 19.1572
 20.8567
 7.74597
 12.3288
 19.4936
 26.0576
 14.5602
 7.74597
 22.8254
 5.19615
 8.60233
 6.9282
 10.4881
 8.88819
 16.7631
 19.4422
 6.85565
 18.735
 11.5326
 22.5832
 5.19615
 24.1661
 15.9374
 13.0384
 6.9282
 7.74597
 11.2694
 13.0384
 6.08276
 8.66025
 12.1655
 1.41421
 6.9282
 8.60233
 12.1244
 12.1244
 6.85565
 25.865
 20
 10.1489
 6.9282
 9.64365
 22.6274
 24.2899
 11.1355
 13.2665
 0
 9.11043
 13
 2.44949
 10.8167
 0
 12.2882
 12.2882
 3
 13.4907
 13.0384
 26.0768
 23.388
 12.9615
 9.84886
 16.7929
 22.2935
 14.8997
 0
 12.2474
 13.8924
 14.7648
 10.198
 7.74597
 4.24264
 14.3875
 5.56776
 11.7473
 11.7473
 12.3288
 12.3288
 26.4008
 23.4947
 13.6748
 13.6748
 22
 20.9045
 14.2127
 4.58258
 1.73205
 14.7309
 2.44949
 2.44949
 11.8322
 7.93725
 8
 11.1355
 28.0179
 24.3721
 24.1454
 15.9687
 15.6205
 7.81025
 4.69042
 4.69042
 4.69042
 6.16441
 27.7308
 24.8797
 20.1246
 20.0749
 5.47723
 5.47723
 3.87298
 3.87298
 22.6274
 3.16228
 24.3311
 25.5539
 15.1658
 23.9792
 8.66025
 4.89898
 14.2478
 14.2478
 15.6844
 23.6854
 26.1534
 25.1992
 17.4929
 16.7929
 5.47723
 5.47723
 4.24264
 4.24264
 5.38516
 19.7737
 27.7308
 23.1084
 11.6619
 10.3923
 7.74597
 3.31662
 10.0995
 20.199
 26.9815
 8.66025
 22.6936
 21.2603
 8.60233
 18.2483
 6
 6
 6
 6
 18.6548
 22.8254
 18.2483
 25.02
 11.0905
 20.445
 11.225
 11.225
 14.4222
 21.7256
 17.088
 26.1916
 19.5959
 24.6982
 13.1529
 18.2483
 2.44949
 2.44949
 2.44949
 1.73205
 26.0384
 21.2603
 20.025
 15.6844
 14.4222
 14.4222
 8
 8
 6.32456
 6.32456
 25.4165
 14.4222
 22.7156
 17.7482
 3.4641
 15.1658
 5.19615
 3.74166
 2.44949
 2.44949
 4.24264
 17.2627
 24.6779
 7.93725
 15.1987
 15.1987
 11.2694
 11.2694
 6.9282
 6.9282
 10.3923
 22.5167
 13.4907
 9.21954
 4.47214
 16.5227
 6.9282
 6.9282
 2.44949
 2.44949
 3.87298
 3.87298
 20.8327
 16.4924
 17.3205
 10.583
 19.105
 19.105
 7.74597
 7.74597
 7.07107
 7.07107
 13.4907
 12.9228
 22.6495
 1.73205
 0
 15.4919
 3.4641
 3.4641
 13.9284
 13.9284
 22.1585
 21.7256
 17.1464
 17.1464
 13.5647
 13.5647
 7.81025
 3.4641
 19
 26.0384
 15.6525
 3.60555
 5.19615
 5.19615
 20.347
 15.6525
 12.3693
 6.9282
 6.9282
 6.9282
 6.9282
 13.9642
 13.1149
 13.1149
 39.9875
 14.0357
 0
 12.3288
 13.9642
 0
