 480.362
 20.2731
 29.4618
 3.4641
 3.4641
 25.7876
 25.7876
 31.3528
 20.9284
 27.8029
 26.4008
 8.18535
 8.18535
 26.4953
 26.4953
 11.1355
 25.2587
 14.7309
 19.0526
 19.105
 19.105
 20.2731
 12.4097
 12.4097
 20.9284
 6.55744
 6.55744
 8.88819
 8.88819
 8.88819
 7.81025
 21.2603
 21.166
 10.583
 8.544
 7.74597
 9.64365
 8.66025
 10.5357
 16.5227
 7.74597
 21.587
 10.3923
 11.6189
 22.5389
 18.1384
 16.6733
 8.66025
 19.5448
 24.4131
 7.68115
 23.8118
 6.9282
 8.83176
 16.1245
 8.60233
 11.4018
 8.88819
 10.4403
 6.55744
 18.7083
 19.3907
 19.3907
 17.2627
 6.9282
 10.6771
 10.0995
 16
 10.5357
 20.3224
 17.8606
 24.5561
 7.07107
 20.2485
 6.55744
 9.48683
 8.77496
 5
 10.1489
 5.47723
 13.7113
 22.2711
 22.2711
 22.1585
 12.083
 15.0997
 9
 9.32738
 14.5258
 23.3666
 19.2873
 20.2237
 23.622
 0
 20.199
 20.199
 26.1343
 12.4097
 22.8254
 13.1529
 0
 21.6564
 22
 13.9642
 13.9642
 8.60233
 12.9615
 31.607
 25.9037
 21.5639
 26.9815
 22.3607
 9.32738
 9.32738
 22.8692
 8.544
 8.544
 8.544
 24.4336
 24.4336
 11.7898
 24.8797
 19.8242
 15.8745
 10.4403
 24.8395
 22.4944
 13.4907
 23.1733
 20.347
 5.19615
 20.9523
 18.3303
 18.4662
 23.3666
 14.7648
 9
 13
 11.5326
 24.3721
 15.5242
 8.66025
 10.1489
 12.2474
 23.9165
 21.7945
 13.6015
 6.9282
 4.24264
 12.8841
 14.7648
 27.258
 7.07107
 23.388
 19.0788
 21.9773
 13.2288
 6.85565
 19.6977
 24.3721
 10.3923
 20.3224
 0
 14.1067
 7.74597
 12.3693
 21.0238
 9.64365
 13.5277
 25.4362
 7.74597
 6
 21.4942
 10.3441
 22.6495
 22.6495
 20.2237
 4.47214
 23.8328
 13.1149
 13
 6.48074
 17.2916
 25.2389
 9.32738
 11.0905
 11.2694
 6.08276
 23
 8.94427
 13.1909
 8.18535
 7.34847
 9.53939
 26.1151
 14.2127
 13.1909
 7.34847
 15.4596
 22.3383
 8.83176
 25.0599
 14.8997
 22.6716
 29.5635
 18.4391
 12.8452
 3.87298
 25.2785
 13.1149
 11.6189
 7.74597
 26.2869
 11.5326
 15.4596
 9.74679
 24.3516
 23.4521
 11.8322
 12.8062
 26.1151
 22.6053
 12.2066
 21.7256
 23.5584
 21.7025
 12.4499
 12.4499
 25.3377
 12.1244
 6.85565
 11.2694
 21.5174
 9.05539
 7.74597
 6
 20.347
 13
 25.0998
 12.4097
 20.9045
 23.3238
 10.7238
 25.5734
 20.9284
 20.9284
 22.891
 13.7113
 20.3224
 7.14143
 13
 21.6102
 14.7309
 16.3401
 11.3578
 23.4521
 0
 22.1359
 12.49
 24.8193
 15.3948
 23.8956
 27.7128
 22.4277
 14.2478
 17.8606
 17.8606
 20.9045
 20.9045
 9.84886
 8.83176
 22.1585
 22.1585
 12.1655
 7
 24.1454
 21.7256
 24.4336
 24.6577
 23.7487
 23.7487
 22.1133
 23.0651
 16.4621
 19.8242
 14.6969
 10.0499
 11.7047
 16.3707
 12.49
 27.0185
 22.9129
 22.9129
 22.9129
 22.9783
 10.0499
 9.59166
 12.6491
 4.24264
 22.383
 22.383
 25.6515
 25.6515
 6.245
 23.3666
 7.81025
 13.0384
 21.6333
 9
 29.6479
 22.7156
 19.7231
 19.7231
 13.9642
 10.3923
 7.81025
 7.87401
 15.2315
 9.53939
 25.3574
 25.3574
 29.189
 29.189
 28.0179
 4.3589
 10.4403
 12.3288
 20.8567
 16.4317
 28.178
 27.1846
 25.8844
 7.34847
 7.74597
 21.1896
 9.64365
 10.8628
 24.0832
 7.93725
 27.5862
 27.5862
 27.5862
 27.5862
 17.6068
 4.58258
 9.38083
 13.2665
 22.7596
 9.69536
 31.8119
 31.8119
 22.8035
 7.93725
 15.5242
 8.77496
 13.2288
 11.225
 20.9523
 8.77496
 28.0357
 28.0357
 28.0357
 27.4955
 18.7083
 6.9282
 10.1489
 15.9374
 20.9284
 20.9284
 33.4963
 33.4963
 27.5681
 27.5681
 10.4881
 18.0831
 13.2288
 12.49
 31.1127
 8.88819
 29.2233
 23.622
 30
 30
 27.2213
 8.06226
 1.73205
 24.0416
 21.4009
 21.4009
 30.4138
 30.4138
 29.5804
 29.5804
 21
 13.9642
 17.2047
 19.7737
 27.6043
 10.8628
 29.6311
 29.6311
 24.2074
 24.2074
 24.454
 24.454
 7.28011
 8
 21.3307
 14.1421
 38.7298
 38.7298
 32.4654
 32.4654
 28.3373
 28.3373
 16.6433
 13.9642
 3.4641
 23
 25.2389
 9.8995
 21.7025
 21.7025
 8.94427
 8.94427
 5.19615
 6
 20
 20
 28.8444
 28.8444
 32.2645
 28.8791
 19.975
 5.19615
 10.1489
 20.8327
 20.5913
 20.5913
 14
 20.2731
 32.6343
 28.0713
 28.0713
 28.0713
 0
 12.3693
 12.1244
 0
 14.2829
 12.3288
 12.3288
 35.6511
 22.9129
 0
