 0
 20.8806
 26.8887
 26.8887
 0
 0
 0
 0
 0
 0
 0
 0
 0
 0
 0
 0
 15.3297
 15.3297
 15.3297
 15.3297
 0
 0
 0
 0
 0
 0
 0
 0
 0
 0
 0
 15.8745
 15.8745
 15.8745
 15.8745
 15.8745
 15.8745
 15.8745
 15.8745
 15.8745
 15.8745
 7.68115
 7.68115
 7.68115
 9.21954
 24
 24
 21.2838
 18.9473
 18.9473
 18.9473
 18.9473
 18.9473
 18.9473
 18.9473
 24.3105
 24.3105
 27.7489
 27.7489
 20.0749
 20.0749
 20.0749
 0
 9.27362
 9.27362
 22.8473
 22.8473
 22.8473
 26.1343
 15.6205
 15.6205
 14
 14
 9.79796
 9.79796
 9.79796
 9.79796
 21.3307
 21.3307
 18.412
 18.412
 8.94427
 0
 9.21954
 9.21954
 9.21954
 17.8606
 26.096
 26.096
 26.096
 9.16515
 6.78233
 6.78233
 6.78233
 14.1421
 0
 14.7648
 22.7816
 15.1327
 15.1327
 0
 0
 11.1355
 11.1355
 11.1355
 11.1355
 11.1355
 14.2829
 12.2882
 10.583
 10.583
 11.6619
 22.9783
 0
 11.0454
 23.1733
 23.1733
 23.1733
 12.2066
 12.2066
 26.1534
 11.2694
 19.5959
 19.5959
 19.6469
 9.84886
 9.84886
 19.9499
 11.0905
 11.0905
 19.1833
 11.0905
 19.1311
 15.2315
 10.4881
 16.5529
 16.5529
 28.2489
 28.2489
 10.8167
 19.105
 22.1811
 7.34847
 18.2483
 8.544
 10.4403
 10.4403
 23.1948
 33.0151
 33.0151
 19.5704
 10.4403
 21.3307
 21.3307
 12.7671
 8.18535
 20
 21.5407
 21.5407
 7.74597
 20
 20
 20
 20
 20
 21.1187
 9.16515
 30.692
 25.9037
 8.66025
 21.8403
 25.923
 19.4422
 19.4422
 8.12404
 8.12404
 18.6011
 24.8797
 9.84886
 16.6433
 19.1311
 29.3428
 18.7617
 7.34847
 21.1896
 24.4131
 24.4131
 29.5127
 9.84886
 9.84886
 24.6779
 29.8998
 29.8998
 29.8998
 7.14143
 19.2094
 26.6646
 33.0606
 33.0606
 9.84886
 31.3688
 31.3688
 31.3688
 6.32456
 7.74597
 13.5647
 23.8537
 23.8537
 8.12404
 8.12404
 8.12404
 33.0151
 7.74597
 29.1204
 27
 27
 9.64365
 9.64365
 18.5472
 19.1833
 6.08276
 6.08276
 6.08276
 7.81025
 6.85565
 15.5563
 15.5563
 0
 10.0499
 34.7275
 34.7275
 34.7275
 8.88819
 8.88819
 8.88819
 33
 14.6969
 14.6969
 14.6969
 16.4621
 15.6205
 8.544
 8.544
 8.544
 14.7986
 14.7986
 9.64365
 21.7025
 15.6525
 35.623
 32.8634
 15.5885
 16.1245
 16.1245
 30.133
 15.1658
 15.1658
 15.1658
 21.7256
 15.5242
 15.5242
 15.5242
 15.5242
 14.7986
 14.7986
 14.7986
 0
 14.3178
 0
 35.805
 35.805
 15.3623
 0
 0
 31.0161
 15.1987
 13.1149
 13.1149
 15.4919
 10.9087
 0
 14.3178
 14.3527
 14.3527
 14.1421
 35.2562
 36.4966
 32
 26.9815
 23.5797
 23.5797
 23.5797
 23.5797
 23.5797
 23.5797
 23.5797
 23.5797
 23.5797
 29.5635
 13.7113
 0
 12.49
 0
 0
 11.8322
 35.6931
 35.6931
 35.6931
 34.0734
 34.0734
 13.0767
 13.0767
 13.0767
 13.0767
 13.0767
 13.0767
 34.7563
 34.7563
 24.454
 24.454
 0
 9.79796
 0
 0
 0
 35.7631
 35.1283
 35.1283
 20.0749
 20.0749
 12.0416
 12.0416
 28.7228
 28.7228
 17.5784
 17.5784
 17.5784
 17.9165
 17.9165
 17.9165
 0
 0
 0
 0
 0
 0
 0
 0
 0
 0
 0
 0
 0
 0
 36.524
 36.524
 36.524
 21.9317
 21.9317
 11
 0
 0
 8.83176
 8.83176
 8.83176
 8.83176
 8.83176
 8.83176
 0
 0
 0
 0
 0
 0
 0
 0
 0
 11.2694
 11.2694
 12.9615
 12.9615
 9.8995
 0
 0
 0
 0
 0
 0
 0
 0
 0
 0
 0
 0
 0
 0
 0
 13.1909
 13.1909
 13.1909
 0
 13.9642
 0
 15.5242
 0
 0
 26.0768
 26.0768
 20
 20
 0
 0
 0
 0
 0
 0
 21.9773
 21.9773
 12.7671
 12.4097
 12.4097
 15.1327
 0
 26.3818
 0
 35.3836
 35.3836
 35.3836
 35.3836
 35.3836
 0
 0
 0
 0
 0
 0
 0
 0
 0
 0
 0
 0
 0
 0
 0
 0
 0
 0
 0
 0
 0
 0
 15.8745
 15.8745
 0
