 486.028
 15.5242
 23.8328
 9.11043
 9.11043
 14.5258
 14.5258
 41.2674
 21.5174
 36.1386
 27.4591
 12.8062
 12.8062
 30.2324
 30.2324
 3.4641
 26.9815
 2.44949
 0
 1.73205
 1.73205
 8
 12.49
 12.49
 20.9045
 12.1655
 12.1655
 4.24264
 4.24264
 4.24264
 6.9282
 20.2978
 27.1477
 6.9282
 8.12404
 8
 8.66025
 8.66025
 9.79796
 17.1756
 10.4881
 20.6155
 12.1655
 8.83176
 24.3311
 14.7648
 6.7082
 16.3707
 19.6723
 27.5862
 10.4403
 29.4618
 11.3137
 13
 28.0179
 12.9615
 10.5357
 8.18535
 10.5357
 10.3923
 16.7033
 25.02
 25.02
 26.7769
 17.5214
 15.4596
 13
 18.4391
 11.6619
 23.388
 32.0156
 34.4093
 13
 31.8904
 15.1658
 19.6723
 13.1529
 13.9642
 11.3578
 13.9642
 15.9374
 26.8514
 26.8514
 28.3901
 10.9545
 10.3923
 23.4521
 17.3781
 19.1311
 28.2312
 35.2846
 29.7489
 34.5832
 0
 31.0805
 31.0805
 34.8568
 20.4939
 32.2645
 33.7787
 0
 36.973
 34.2491
 12.3693
 12.3693
 9.48683
 19.799
 48.1871
 35.0286
 31.9531
 28.8617
 31.8748
 26.2107
 26.2107
 35.0571
 25.0799
 25.0799
 13.9642
 39.1024
 39.1024
 19.0788
 36.9053
 30
 26.9444
 26.3249
 35.171
 36.9594
 27.8029
 36.5103
 33.8378
 18.3576
 39.3065
 34.7851
 31.8904
 35.1568
 29.5466
 19.799
 24.1039
 12.1655
 37.3497
 26.9815
 26.9444
 27.1293
 27.7849
 42.5793
 34.0881
 11.2694
 23.6854
 9.32738
 17.088
 26.4008
 42.9185
 21.6564
 32.1559
 29.8998
 33.0303
 33.0303
 20.9284
 33.0757
 37.3497
 18.2209
 35.805
 0
 29.189
 19.1311
 27.1293
 33.8969
 19.5448
 26.0192
 38.3797
 28.3901
 22.8473
 31.8904
 26.4008
 35.609
 0
 37.3631
 18.5203
 34.0881
 26.1151
 26.1151
 19.0788
 34.7131
 40.8534
 24.5561
 24.5561
 23.388
 14.7648
 37.3631
 31.6386
 31.6386
 21
 20.8567
 16.8523
 43.5431
 43.5431
 15.4596
 7.14143
 25.8263
 34.8568
 11.5758
 36.8511
 29.9333
 36.4829
 36.4829
 30.7571
 12.2474
 18.735
 41.6653
 22.1359
 13
 19.1572
 46.8935
 19.8494
 28.3901
 14.9666
 41.7133
 39.5348
 20.0749
 26.9258
 42.5793
 39.3573
 19.4936
 33.9853
 40
 36.9865
 24.454
 24.454
 40
 21.4009
 19.9499
 21.2838
 33.0757
 22.6274
 19.2354
 15
 9.53939
 27.7669
 34.9428
 26.5895
 8.88819
 42.4264
 28.6182
 36.7967
 9.32738
 9.32738
 39.7115
 26.4386
 8.66025
 16.5831
 24.1454
 8.66025
 28.0891
 28.4605
 23.1084
 8.77496
 0
 30.8869
 26.0576
 7.81025
 29.8831
 42.391
 39.0512
 7.2111
 31.305
 35.3836
 35.3836
 7.81025
 7.81025
 18.7083
 14.7309
 8.18535
 8.18535
 22
 19.9249
 8.12404
 33.3467
 35.8608
 8.66025
 42
 42
 8.83176
 42.332
 34.7851
 9.27362
 24.0208
 17.9165
 24.4336
 30.282
 25.1794
 48.4149
 44.2945
 44.2945
 44.2945
 43.1277
 14.0357
 20.664
 26.6833
 20.8806
 35.623
 35.623
 43.6005
 43.6005
 19.4679
 43.7607
 19.2094
 25.5343
 34.9142
 22.3607
 40.0375
 35.9305
 38.6135
 38.6135
 31.0805
 18.2209
 20.0499
 20.0499
 31.9687
 26.6271
 45.4973
 45.4973
 49.3761
 49.3761
 45.3652
 24.0624
 23.4094
 23.3238
 33.4066
 34.8855
 37.6829
 37.4032
 47.0956
 20.5913
 14.7648
 40.05
 26.7208
 25.2785
 39.5474
 25.807
 45.8585
 45.8585
 45.8585
 49.4166
 34.9714
 21.4709
 25.7099
 24.1868
 40.1497
 23.4307
 40.9512
 40.9512
 41.9047
 20.0749
 33
 17.3494
 28.4781
 19.799
 19.799
 30.7083
 30.7083
 30.7083
 30.7083
 48.4665
 31.5595
 25.671
 26.5518
 30.8221
 31.9218
 31.9218
 50.6458
 50.6458
 40.5216
 40.5216
 18.4391
 34.2345
 23.1301
 32.45
 32.45
 26.8328
 26.8328
 33.8969
 33.8969
 33.8969
 48.734
 29.4279
 20.9045
 40.1373
 35.9026
 35.9026
 38.7427
 38.7427
 41.4608
 41.4608
 47.6655
 26.1343
 34.5832
 34.6121
 39.0896
 27.8029
 27.8029
 27.8029
 27.8029
 27.8029
 27.8029
 27.8029
 21.7256
 29.3087
 34.7131
 32.6956
 43.4856
 43.4856
 42.5911
 42.5911
 46.5725
 46.5725
 32.0468
 29.8664
 21.7486
 36.6879
 43.6578
 26.6271
 26.6271
 26.6271
 26.6271
 26.6271
 19.105
 20.9284
 35.4542
 35.4542
 38.1576
 38.1576
 40.1248
 52.4595
 34.2637
 20.0499
 24.8596
 34.3802
 37.9473
 37.9473
 31.0805
 29.7658
 38.5616
 40.025
 0
 0
 0
 27.2213
 32.249
 0
 6.85565
 35.3977
 35.3977
 41.0488
 41.0488
 0
