 472.842
 33.8821
 6.9282
 19.3132
 19.3132
 37.51
 37.51
 57.7148
 37.3765
 56
 46.2169
 38.4578
 38.4578
 46.076
 46.076
 36.0278
 42.9302
 36.5924
 35.6511
 24.4131
 24.4131
 27.7669
 31.607
 31.607
 37.4032
 32.6497
 32.6497
 37.1753
 37.1753
 37.1753
 41.497
 38.7169
 41.7373
 24.1247
 30.4467
 24
 27
 27.2764
 26.2107
 32.5576
 41.6413
 39.724
 44.3621
 31.0805
 41.3038
 32.5115
 26.9444
 35.0856
 36.2767
 43.7607
 32.0156
 44.587
 40.5709
 42.5441
 45.4643
 30.9193
 31.7805
 29.5127
 25.671
 40.5832
 34.4674
 43.2551
 43.2551
 42.3792
 42.0595
 34.9571
 24.5764
 30.9516
 33.1361
 41.8569
 54.5344
 45.4643
 41.8688
 47
 43.0697
 40.0874
 35.0571
 35.4401
 25.671
 44.2041
 34.9857
 46.3357
 46.3357
 47.5395
 34.9428
 25.6125
 41.7612
 38.8973
 28.9137
 46.1628
 57.1489
 59.7495
 48.2494
 48.2494
 49.2138
 49.2138
 49.2138
 40.0874
 42.8369
 41.821
 41.821
 58.6856
 44.5421
 27.4408
 27.4408
 39.4081
 36.5924
 50.2295
 48.4665
 47.4658
 63.4192
 49.5177
 43.1972
 43.1972
 43.4511
 41.2311
 41.2311
 24.7386
 40.9512
 0
 40.0125
 40.0125
 40.0125
 42.3556
 41.7971
 53.2353
 61.0164
 61.0164
 54.0833
 52.0384
 43.8748
 53.9722
 53.9722
 52.9339
 46.4327
 46.4327
 43.6692
 45.0999
 38.1051
 49.1833
 35.609
 43.566
 43.4396
 35.623
 62.6897
 46.7226
 30.7734
 40.9634
 44.3959
 38.9102
 35.805
 49.7494
 40.0749
 59.0593
 47.833
 41.3159
 41.3159
 39.598
 51.2445
 51.3712
 26.9815
 42.9185
 0
 0
 0
 42.1307
 47.55
 41.2068
 43.5086
 50.5569
 36.5513
 29.95
 48.9592
 46.7654
 48.1041
 0
 0
 28.4077
 48.6621
 53.3667
 53.3667
 32.5423
 55.4346
 50.8724
 41.8569
 41.8569
 45.0777
 29.5466
 49.2138
 41.7852
 41.7852
 38.092
 49.3559
 26.5141
 51.0882
 51.0882
 38.7298
 46.6798
 40.2244
 48.7237
 39.3954
 52.144
 51.9615
 47.3181
 47.3181
 51.9038
 41.1582
 37.5899
 50.8527
 44.6766
 42.4264
 28.2135
 52.469
 46.2601
 42.7434
 38.7685
 49.2443
 48.9387
 42.4264
 53.1883
 50.8331
 54.7449
 44.238
 64.0937
 46.5296
 54.4059
 47.244
 47.244
 49.1732
 43.2897
 36.0971
 45.0666
 47.2758
 38.8587
 34.9714
 46.6583
 20.9284
 48.621
 70.852
 43.1161
 20.664
 54.1756
 45.111
 62.458
 22.5167
 22.5167
 61.0983
 43.6578
 21.095
 25.5147
 44.4972
 22.383
 42.4735
 49.3761
 28.8964
 23.1517
 0
 44.4185
 53.8052
 24.6374
 46.6476
 54.2679
 70.2211
 23.6643
 44.9222
 53.563
 53.563
 20.4206
 20.4206
 42.6263
 31.5595
 21.7025
 21.7025
 33.7787
 50.5173
 21.7256
 52.8867
 71.239
 22.3159
 56.285
 56.285
 24.0624
 61.0901
 47.3498
 19.2094
 45.0222
 26.4197
 50.0999
 53.1977
 55.4527
 51.7591
 55.9911
 55.9911
 55.9911
 60.1581
 28.3549
 43.4856
 47.9687
 49.8096
 49.4065
 49.4065
 60.3821
 60.3821
 32.8024
 64.304
 26.0768
 45.9021
 53.7494
 30.1993
 52.8488
 70.05
 52.0673
 52.0673
 52.5928
 34.6987
 45.0777
 45.0777
 53.0471
 53.7122
 53.1225
 53.1225
 67.1044
 67.1044
 67.9117
 34
 47.085
 36.8375
 41.6293
 58.3352
 51.4393
 59.6238
 57.7841
 57.7841
 28.8791
 58.4466
 48.239
 49.4773
 64.6684
 51.6624
 56.4535
 56.4535
 56.4535
 67.1044
 55.2992
 30.4302
 35.5106
 52.6023
 59.9166
 59.9166
 48.9796
 48.9796
 52.9056
 57.1664
 51
 38.0789
 53.3104
 48.4458
 47.1169
 53.7308
 57.1314
 57.1314
 57.1314
 67.8086
 50.02
 36.647
 33.3766
 42.0357
 50.1398
 50.1398
 58.66
 58.66
 51.303
 51.303
 54.7266
 52.4976
 47.9375
 55.4977
 54.6992
 57.4891
 57.4891
 81.3265
 71.2741
 71.2741
 73.3417
 40.7308
 33.0757
 49.7795
 50.6754
 50.6754
 55.4527
 55.4527
 53.5257
 53.5257
 60.9918
 45.1664
 57.1227
 47.0532
 47.0532
 51.3615
 62.857
 62.857
 68.6586
 68.6586
 46.7226
 46.7226
 32.7719
 37.921
 56.4889
 56.4889
 58.8048
 58.8048
 61.4573
 61.4573
 61.4573
 61.4573
 50.8724
 50.8724
 47.2652
 56.0714
 68.6367
 68.6367
 68.6367
 68.6367
 68.6367
 68.6367
 69.3109
 50.4579
 59.3127
 59.3127
 74.8532
 74.8532
 58.0259
 68.8113
 47.2335
 36.8103
 63.293
 60.6135
 59.2115
 59.2115
 56.356
 65.7799
 64.923
 63.5374
 63.5374
 63.5374
 63.5374
 63.5374
 55.8301
 55.8301
 72.111
 72.111
 72.111
 72.111
 72.111
 72.111
