 458.123
 3
 3
 3
 10.6301
 2.44949
 2.44949
 3.4641
 6.9282
 11.0454
 7
 7
 11.7898
 5.74456
 6.08276
 8.7178
 7.4162
 6.9282
 8.18535
 6.9282
 7.34847
 5.19615
 7.93725
 7.74597
 4.24264
 7.07107
 6
 6.85565
 6.9282
 4.3589
 6.245
 7.34847
 6.85565
 4.89898
 7.93725
 6.245
 6.9282
 6.48074
 6.9282
 5
 6
 5.65685
 6.9282
 7.74597
 6.48074
 3.31662
 7.07107
 2.44949
 4.89898
 3.60555
 4.24264
 3
 4.3589
 7.34847
 3.4641
 6.16441
 10.3441
 4.58258
 6.32456
 5
 7.61577
 6.16441
 6.16441
 4.79583
 6.9282
 6
 6
 5.65685
 4.12311
 4.79583
 6.63325
 2.44949
 4.89898
 1.73205
 6.32456
 3.87298
 8.77496
 1.41421
 6.9282
 1.73205
 5.47723
 6.245
 6.9282
 5.74456
 6.9282
 6.32456
 2.44949
 0
 5.65685
 4.89898
 4.24264
 6.245
 4.79583
 8.60233
 2.44949
 6.48074
 9.59166
 3.31662
 8.7178
 9.32738
 7.81025
 5.74456
 7.81025
 8.88819
 12.3288
 6
 5.74456
 10.4403
 7.87401
 7.34847
 6.245
 4.24264
 7.61577
 7.07107
 9.69536
 8.48528
 3.4641
 6.85565
 8.66025
 9.48683
 2.44949
 8.66025
 10.6301
 8.88819
 8.88819
 8.88819
 5.47723
 12.083
 10.3923
 5.47723
 3.74166
 8.66025
 11.7898
 6.9282
 8.7178
 13.1529
 5
 6.9282
 11.2694
 8.83176
 9.74679
 9.74679
 9.74679
 11.3137
 10.5357
 7.87401
 9.74679
 9.74679
 10.4403
 6.245
 13.1529
 9.53939
 9.53939
 10.583
 7.87401
 8.66025
 10.583
 10.583
 6.245
 9.48683
 11.5758
 8.48528
 0
 4.24264
 9.84886
 12.0416
 9.53939
 3.4641
 7.93725
 7.81025
 9.32738
 9.38083
 7.81025
 6.08276
 8.66025
 8.66025
 7.81025
 9
 9.05539
 8.48528
 8.48528
 9.16515
 8.83176
 7.81025
 9.74679
 10.5357
 8.77496
 7.14143
 8.60233
 10.3923
 10.3923
 7.14143
 9.05539
 8.544
 9.48683
 9.48683
 6
 7.81025
 8.88819
 8.66025
 6.9282
 8.83176
 12.3288
 8.66025
 10.247
 4.89898
 6
 13.2288
 8.66025
 5.47723
 3.74166
 13.0767
 8.7178
 5.47723
 13.0384
 7.34847
 8.66025
 11.2694
 6.245
 6.245
 9.53939
 10.1489
 7.4162
 6.32456
 9.53939
 8.18535
 8.48528
 7.93725
 9.53939
 7.87401
 9.84886
 7.4162
 9.59166
 9.11043
 9.21954
 10.4403
 9.21954
 8.18535
 8.66025
 7.87401
 7.87401
 6.08276
 6.245
 8.60233
 8.60233
 10.3923
 4.3589
 8.94427
 9.11043
 10.5357
 4.3589
 4.3589
 5.83095
 9.64365
 6.9282
 6.9282
 6.9282
 8.66025
 8.66025
 8.66025
 8.66025
 8.66025
 8.544
 8.544
 8.544
 9.05539
 7.4162
 7.34847
 7.34847
 9
 11.225
 11.225
 11.225
 10.8628
 8.83176
 8.83176
 8.83176
 7.87401
 9.79796
 8.66025
 10.0499
 10.0499
 7.14143
 12.53
 12.53
 7.07107
 13.1149
 7.74597
 12.1655
 6.9282
 11.5326
 13.1149
 8.66025
 7.68115
 11.225
 9.38083
 11.7898
 8.48528
 12.2882
 7.81025
 9.27362
 10.0995
 8.83176
 10.4881
 6.9282
 11.5758
 9.53939
 10.4403
 11.225
 9.64365
 9.53939
 8.77496
 7.74597
 8.06226
 11.225
 9.64365
 9.79796
 10.9545
 10.6771
 8.18535
 10.3923
 8.18535
 12.2474
 8.18535
 12.3693
 8
 13.9284
 10.7238
 11.225
 10.4881
 9.64365
 10.5357
 7.87401
 9.84886
 10.5357
 10.6301
 12.8452
 9.27362
 12.1655
 10.4881
 11.5326
 9.64365
 9.53939
 12.1655
 9.8995
 10.6771
 10.583
 10.5357
 11.225
 9.32738
 9.32738
 8.88819
 9.21954
 8.77496
 10.6771
 9.64365
 12.2882
 9
 11.4455
 7.81025
 10.4403
 8.88819
 7.81025
 10.3441
 11.8322
 11.5326
 11.4018
 10.583
 11.2694
 9.64365
 10.5357
 12.3693
 12.4097
 13.1909
 11.7047
 12.2066
 12.083
 9.53939
 13.4164
 7.14143
 11.5758
 8.48528
 11.5758
 8.24621
 12.083
 11.7898
 7.81025
 12.083
 8.60233
 9.69536
 7.81025
 8.88819
 9.84886
 9.32738
 12.4097
 10.583
 9.64365
 10.9087
 9.74679
 9.64365
 9.84886
 9.53939
 11.9583
 10.6771
 14.2829
 13.6015
 9.53939
 11.2694
 10.3923
 9.38083
 9.64365
 9.84886
 9.64365
 9.69536
 9.11043
 11.5326
 8.66025
 11.7898
 8.88819
 10.3441
 13.1149
 8.66025
 11.4891
 8.66025
 13.2288
 7.93725
 13.9642
 12.6095
 6.9282
 10.8628
 28.9482
 9
 8.88819
 11.3578
 9.94987
 12.0416
 12.3693
 10.4403
 10.8628
 10.7238
 9.84886
 12.0416
 11.1803
 7.74597
 8.42615
 28.931
 9.05539
 9.32738
 28.3549
 11.6189
 12.7671
 20.9762
 20.2978
 10.5357
 10.5357
