 458.123
 25.2982
 27.2029
 13.9284
 13.9284
 25.04
 25.04
 20.9762
 21.5407
 12.53
 16.7631
 13.8564
 13.8564
 17.7482
 17.7482
 20.8567
 19.5192
 18.2209
 25.0799
 24.5357
 24.5357
 26.7582
 18.3848
 18.3848
 17.8045
 12.1655
 12.1655
 16.6433
 16.6433
 16.6433
 14.3178
 16.3707
 15.3297
 22.1359
 16.6733
 21.6795
 18.1384
 20.8567
 20.347
 18.0831
 13.7113
 10.583
 13.1149
 18.1934
 14.3178
 22.9129
 23.1517
 17.5214
 19.7484
 14.5602
 18.5742
 16.8523
 14.1421
 10.4403
 12.8062
 21.9317
 16.6733
 23.4521
 18.5742
 18.5742
 20.6155
 11.7898
 11.7898
 9.32738
 13.0384
 19.4422
 19.1572
 21.0238
 21.4709
 17.088
 12.2474
 17.088
 14.8324
 10.9087
 12.1655
 20.5426
 17.4642
 20.1494
 21.2838
 18.735
 21.1424
 12.7671
 12.7671
 11.4018
 19.4165
 23.3452
 16.3707
 22.1359
 24.0624
 20.9045
 12.1655
 10.583
 16.8819
 16.8819
 17.8606
 17.8606
 9.8995
 23.7908
 6.9282
 14.2127
 14.2127
 13.1529
 6.08276
 23.3024
 23.3024
 25.0799
 21.7715
 8.48528
 6
 12.8841
 18.2757
 13.2288
 17.5214
 17.5214
 2.44949
 17.1172
 17.1172
 21.7256
 5.19615
 5.19615
 24.1661
 3.87298
 11.7473
 19.105
 16.0935
 13.9642
 12.1244
 8.66025
 4.24264
 13.784
 14.7648
 0
 10.3923
 16.3401
 4.24264
 7.87401
 12.2474
 24.8998
 20.3224
 1.41421
 10.5357
 13.8924
 8.544
 10.3923
 12.1655
 0
 22.5389
 15.7162
 23.0434
 25
 10.4403
 1.73205
 13.9284
 12.4097
 15.4272
 1.41421
 12.1244
 16.1864
 15.1327
 0
 11.4455
 8.12404
 0
 14.6969
 23.8956
 12.083
 0
 26.7955
 21.2368
 0
 15.6844
 19.8242
 17.8326
 17.3494
 1.41421
 1.41421
 17.4356
 19.799
 0
 8.83176
 11.7898
 23.2809
 16.7033
 0
 13.6748
 16.7332
 25.7876
 26
 0
 16.1864
 17.8326
 25.2982
 21.7486
 23.3452
 0
 10.6771
 23.6643
 26.9444
 18.5742
 0
 26.4008
 12.3693
 7.34847
 0
 6.245
 15.4272
 21.5407
 19.4679
 0
 23.1084
 16.8819
 23.6643
 1.73205
 27.2213
 20.2978
 16.8819
 1.41421
 15.6525
 14.4568
 14.7648
 0
 15.6525
 18.7617
 7.07107
 0
 15.5563
 14.7648
 14.7648
 0
 28.7228
 21.6795
 11.6619
 0
 11.5326
 24.454
 24.7184
 9.16515
 16.8523
 7.81025
 10.4881
 11
 9.69536
 12.2882
 8.66025
 10.3923
 10.3923
 10.1489
 17.3494
 10.4403
 27.8209
 27.2213
 11.6189
 13
 22.2486
 24.5967
 11.0454
 0
 18.6815
 15.9374
 10.4881
 13.9642
 14.5602
 11.2694
 10.4403
 9.59166
 17.6068
 17.6068
 10.4403
 10.4403
 29.5466
 25.3377
 11.6619
 11.6619
 25.6515
 23.3024
 11.0454
 11.1355
 8.66025
 10.4403
 9.84886
 9.84886
 9.8995
 14.7309
 6.55744
 9.79796
 31.1288
 26.3818
 26.4953
 20.9045
 17.8326
 16.6132
 14
 14
 14
 13.784
 28.8271
 28
 23.2809
 20.3224
 11.2694
 11.2694
 12.4097
 12.4097
 24.1868
 10.198
 27.1846
 28.9137
 22.891
 25.2982
 19.0788
 7
 20
 20
 20.3715
 26.4575
 29.0861
 27.2213
 21.6795
 16.1864
 13.1529
 13.1529
 12.9615
 12.9615
 13.1909
 20.1246
 31.0483
 25.671
 19.105
 11.8322
 15.7162
 11.2694
 17.2916
 21.4476
 29.1204
 15.5242
 24.2281
 23.622
 14.7648
 16.4924
 13
 13
 13
 13.0384
 22.7816
 24.5357
 22.2711
 28.5132
 17.5784
 22.6495
 19.0526
 19.0526
 22.6274
 22.8254
 21.5174
 28.3196
 22.9565
 27.9464
 17.8045
 15.6205
 10.3923
 10.3923
 10.3923
 9.53939
 29.6479
 20.9762
 22.5832
 19.6723
 20.347
 20.347
 17.4642
 17.4642
 14.7648
 14.7648
 28.0535
 19.799
 26.1916
 21
 10.4403
 14.3178
 13.8564
 11.4018
 12.1655
 12.1655
 13
 17.4356
 24.4131
 14.0357
 22.1359
 22.1359
 19.2354
 19.2354
 14.7309
 14.7309
 17.4356
 25.2982
 18.4391
 12.8841
 13.0767
 18.6548
 14.7309
 14.7309
 10.4881
 10.4881
 12.3693
 12.3693
 21.9773
 17.088
 23.8956
 7.74597
 26.9072
 26.9072
 15.1327
 15.1327
 14.7986
 14.7986
 17.2047
 17.2047
 23.622
 8.83176
 11.2694
 13.8564
 11.4018
 11.4018
 15.9374
 15.9374
 23.7276
 23.1733
 20.3961
 20.3961
 20.2978
 20.2978
 15.6844
 12.1655
 23.3024
 26.9258
 17.088
 9.27362
 8.544
 8.544
 23.8747
 19.7231
 19.2614
 13.8924
 13.8924
 13.8924
 13.8924
 14.8324
 14.5258
 14.5258
 40.4104
 17.3781
 17.3781
 19.7484
 19.0263
 0
