 34.9428
 33.1361
 34.2491
 32.5269
 38.1445
 41.8091
 38.7298
 36.9324
 34.0881
 43.589
 36.8782
 46.1736
 42.9884
 36.428
 44.3621
 47.2969
 36.1248
 46.6905
 43.0929
 33.4066
 47.3181
 40.8412
 41.1825
 42.0595
 39.2428
 42.0476
 40.7308
 47.4552
 33.4963
 39.281
 48.9592
 38.2884
 39.4081
 39.3573
 39.8246
 41.6413
 36.5377
 43.1856
 36.973
 39.5601
 47.6235
 37.5766
 51.6624
 42.4735
 41.7373
 41.3038
 37.8682
 44.5421
 42.6146
 40.6325
 45.5851
 41.6053
 49.8999
 49.2747
 47.697
 46.8188
 41.9047
 49.0612
 35.9583
 52.5547
 42
 44.3959
 52.1344
 42.8019
 51.1566
 49.1833
 37.3898
 39.8999
 49.5177
 42.0714
 51.1175
 44.6094
 52.915
 48.0521
 52.5738
 53.9722
 45.0777
 51.9808
 37.6962
 56.3649
 51.9904
 47.571
 52.7067
 47.0213
 44.486
 38.4838
 54.754
 55.9196
 41.7732
 44.8999
 53.768
 56.4447
 47.8539
 65.1997
 53
 64.9769
 64.9769
 55.1996
 44.8776
 54.3599
 53.8702
 55.6597
 46.669
 38.4578
 55.1815
 55.6327
 53.1319
 49.4469
 50.2991
 47.7389
 52.5642
 50.3786
 56.4535
 40.05
 44.2606
 54.0833
 55.6327
 41.1096
 41.6053
 41.6053
 56.8331
 56.8331
 56.8331
 52.7257
 53.0943
 50.4381
 57.0877
 57.0877
 55.9821
 54.7449
 56.3826
 55.0182
 55.0182
 58.2752
 47.8957
 47.8957
 52.3068
 61.0082
 44.5084
 50.6162
 46.0977
 55.8391
 49.7393
 46.0435
 58.8643
 47.8017
 37.855
 54.1849
 59.4054
 58.3095
 45.2217
 50.1398
 52.9528
 53.8238
 52.4881
 40.9512
 40.9512
 50.9902
 55.6687
 50.892
 37.7757
 41.1947
 0
 0
 0
 0
 47.5605
 61.9758
 56.921
 50.8232
 51.3323
 46.8828
 53.2165
 55.6147
 48.6107
 48.6107
 59.975
 43.4971
 48.9183
 60.2661
 60.2661
 45.3431
 61.7414
 51.1371
 54.7449
 54.7449
 62.7853
 46.0109
 49.5177
 57.7668
 57.7668
 50.6063
 63.8749
 42.5911
 50.5569
 50.5569
 47.5605
 64.1171
 49.7896
 48.9694
 54.8088
 51.1371
 56.2228
 46.5081
 46.5081
 61
 48.4045
 48.7032
 50.04
 62.6099
 49.0306
 44.5421
 51.923
 65.437
 52.6593
 45.7165
 50.5767
 49.8698
 49.7494
 62.9524
 49.7594
 59.3549
 50.9215
 62.1369
 46.4758
 61.0901
 55.3624
 51.5655
 49.1732
 65.2074
 47.8017
 50.9215
 48.0625
 48.3529
 57.3672
 66.4756
 28.2843
 58.1808
 66.5432
 50.3289
 30.7083
 54.1387
 55.5338
 57.4543
 32.28
 50.6162
 64.3817
 51.7011
 30.4959
 43.9773
 66.0152
 32.6343
 48.9592
 62.1852
 43
 33.0908
 0
 47.3603
 63.1981
 33.541
 50.3984
 58.7367
 64.1327
 33.4664
 49.2544
 62.9444
 51.3323
 30
 48.2701
 66.0454
 47.0956
 32.249
 48.8262
 46
 67.6905
 31.8748
 56.4801
 67.2904
 31.4802
 58.2323
 57.2887
 33.2716
 68.0882
 50.4282
 26.5895
 69.5126
 44.911
 68.2129
 63.5453
 65.9621
 49.6085
 57.9483
 61.7495
 47.8435
 64.7611
 48.0937
 65.215
 65.6354
 65.8711
 52.3068
 64.1405
 62.8013
 58.6003
 46.2817
 68.2276
 47.6025
 67.8012
 60.7207
 44.911
 48.775
 70.406
 63.1348
 65.0999
 68.0368
 48.4149
 68.6659
 68.6659
 66.5432
 67.2161
 55.1725
 65.4141
 67.3647
 57.8533
 70.2282
 46.3033
 71.232
 57.376
 48.9387
 65.6658
 51.2933
 54.7175
 63.3325
 63.3325
 49.3153
 65.7495
 69.5917
 66.1135
 67.8749
 67.4463
 55.6417
 65.7495
 58.7792
 68.2422
 70.9577
 47.3709
 54.1572
 71.3022
 63.4429
 63.4429
 42.4735
 87.6812
 65.1767
 70.4344
 66.4756
 56.3294
 72.111
 70.6116
 54.6352
 68.4105
 57.376
 65.2993
 59.6154
 69.1809
 70.5762
 50.3289
 48.4768
 51.8845
 56.0535
 76.6681
 55.8749
 62.1128
 47.0638
 47.0638
 71.3512
 65.0231
 66.1513
 71.4773
 53.3667
 69.814
 69.814
 75.9276
 72.3187
 63.6475
 74.1013
 51.2835
 56.8243
 50.9902
 59.0254
 54
 49.4975
 60.7042
 48.0521
 64.9615
 69.4262
 61.5467
 69.4982
 52.3546
 52.3546
 65.7419
 64.0703
 55.6417
 71.0211
 71.0211
 46.9894
 49.3862
 51.5752
 51.614
 66.1513
 66.1513
 48.1768
 48.1768
 52.5547
 87.6185
 87.6185
 87.6185
 63.6003
 63.6003
 68.1175
 57.4021
 69.8999
 69.8999
 69.8999
 66.1967
 66.1967
 61.441
 75.7232
 66.4906
 68.5565
 68.5565
 76.9805
 48.0208
 51.2348
 70.7814
 64.4205
 61.0164
 77.2205
 60.4814
 63.0476
 66.0076
 72
 76.5245
 57.0351
 66.6183
 66.6183
 66.6183
 66.6183
 66.6183
 69.4838
 69.4838
 97.6166
 97.6166
 97.6166
 97.6166
 97.6166
 97.6166
