 458.123
 1.41421
 1.41421
 1.41421
 8.60233
 0
 0
 5.65685
 3.74166
 9.21954
 4.12311
 7.4162
 7
 4.58258
 2.44949
 7.14143
 4.58258
 3
 6.245
 4.12311
 2.44949
 3.87298
 5.38516
 3.4641
 2.44949
 5.47723
 2.23607
 3
 5.47723
 2.44949
 4.24264
 5.38516
 5.65685
 4.24264
 5.74456
 4.47214
 5.47723
 4.24264
 6
 4.3589
 5.38516
 6
 2.44949
 3.16228
 3.4641
 3.31662
 5.65685
 5.09902
 2.64575
 3.4641
 6
 3.60555
 3.87298
 5.65685
 1.73205
 4.24264
 6.7082
 4.24264
 5.65685
 3.4641
 6.48074
 6.245
 4.24264
 5.09902
 4.69042
 5.2915
 3
 3.74166
 5.09902
 4.3589
 5.09902
 3.74166
 4.3589
 3.60555
 5.74456
 3
 6.48074
 3.4641
 4.12311
 4.24264
 4.3589
 6.08276
 5.65685
 6
 5.38516
 5.74456
 3.4641
 4.24264
 5.19615
 5.19615
 5.19615
 4.3589
 3.4641
 8.66025
 3.4641
 4.89898
 12.3288
 1.73205
 8.66025
 6.78233
 6.78233
 4.24264
 8.88819
 7.34847
 12.3288
 4.24264
 5.47723
 10.3923
 8.88819
 6.9282
 5.74456
 6
 9.53939
 6.63325
 6.63325
 9
 5.09902
 6.48074
 9.69536
 9.69536
 4.47214
 7.93725
 7.93725
 6.9282
 6.16441
 6.9282
 6
 6
 12.3288
 6.85565
 4.3589
 8.7178
 8.7178
 6.9282
 8.18535
 8.18535
 4.3589
 7.61577
 8.66025
 8.66025
 8.66025
 8.66025
 3.4641
 3.4641
 9.84886
 7.87401
 6.245
 6.245
 7.81025
 6.48074
 6.48074
 8
 8
 9.64365
 6.08276
 8.77496
 8.77496
 6.16441
 6.85565
 8.77496
 8.77496
 6.9282
 0
 5.19615
 10.3923
 10.3923
 9.53939
 6.85565
 7.74597
 9.27362
 5.83095
 8.66025
 8.88819
 6.245
 8.66025
 8.66025
 8.544
 8.544
 9.84886
 7
 7
 9.16515
 8.48528
 8
 7.07107
 7.07107
 9.64365
 8.12404
 8.66025
 7.74597
 7.74597
 7.14143
 8.544
 6.9282
 9.53939
 9.53939
 8.06226
 8.66025
 7.81025
 8.60233
 7.07107
 7.81025
 10.3923
 10.9545
 10.9545
 6.9282
 6.85565
 11.225
 8.60233
 6.16441
 6.08276
 12.1655
 7.81025
 6.08276
 12.2066
 6.9282
 8.88819
 11.2694
 6.9282
 6.9282
 9
 9.64365
 7.07107
 6.85565
 8.88819
 7.81025
 6.9282
 6.08276
 8.66025
 8.18535
 6.9282
 6.9282
 7
 7.74597
 6.9282
 10.4403
 10.4403
 7.74597
 8.88819
 6.85565
 6.85565
 7.34847
 7.34847
 8.83176
 8.83176
 9
 6.48074
 7.34847
 7.34847
 9.53939
 6.7082
 6.7082
 6.08276
 8.77496
 9.27362
 9.27362
 9.27362
 8.48528
 9.64365
 9.64365
 0
 8
 7.74597
 7.74597
 2.44949
 7.81025
 8.12404
 8.12404
 3.4641
 8
 9.53939
 9.53939
 6.9282
 9.53939
 8.24621
 8.24621
 8.48528
 7.81025
 7.81025
 9
 8.60233
 8.60233
 7.2111
 11.4891
 11.4891
 7.14143
 12.5698
 9.32738
 12.0416
 7.74597
 10.9087
 11.225
 8
 6.9282
 10.4881
 7
 11.3578
 7.4162
 12.2066
 8.48528
 9
 9.64365
 9.64365
 8.7178
 9.64365
 9.53939
 10.8167
 8.88819
 10.0995
 7.93725
 10.0499
 8.94427
 8.12404
 7.93725
 9.64365
 7.81025
 8.66025
 9.53939
 9
 7
 10.7703
 7.81025
 11.4018
 7.81025
 11.2694
 8.18535
 13.0384
 9.32738
 12
 9.53939
 9.64365
 10.6301
 8.544
 8.66025
 10.9545
 8.83176
 12.083
 8.77496
 12.8452
 8.77496
 11.7473
 9.27362
 9.27362
 12
 9.64365
 9.64365
 11.225
 9.05539
 11.5758
 7.87401
 8.77496
 7.81025
 7.81025
 8.18535
 9.84886
 7.87401
 11.4455
 8.83176
 11.3578
 8.88819
 9.64365
 8.544
 8.88819
 9.59166
 8.7178
 9.53939
 9.64365
 9
 10.4403
 7.93725
 9.64365
 9.53939
 10.3923
 11.2694
 10.3923
 11.7473
 11.225
 10.0499
 12.3288
 7.81025
 11.3578
 7.93725
 9.53939
 8
 9.53939
 10.3923
 9.32738
 10.4881
 9.27362
 8.7178
 8.83176
 8.24621
 8.83176
 8.18535
 9.84886
 7.87401
 8.88819
 9.53939
 8.83176
 8.83176
 10.0499
 10.4403
 9.48683
 10.6771
 12.083
 12.083
 9.32738
 9.69536
 10.8167
 8.66025
 9
 8.66025
 7.93725
 9
 7.87401
 9.48683
 8
 9.53939
 9.38083
 10.5357
 11.2694
 8.544
 10.3441
 9.79796
 11.4018
 8.18535
 11.2694
 11.3578
 7.74597
 8.7178
 26.0768
 8.7178
 7.87401
 7.87401
 8.7178
 8.66025
 11.4018
 8.7178
 8.66025
 8.7178
 8.66025
 10.3923
 9.64365
 6.9282
 6.9282
 25.807
 8.66025
 7.81025
 27.2764
 9.53939
 10.4881
 19.799
 17.4356
 8.66025
 8.66025
