 3.4641
 4.24264
 6.63325
 2.44949
 8.66025
 3.4641
 7.4162
 4.24264
 6.9282
 11.6619
 6.9282
 11
 10.9545
 5.19615
 6.78233
 8.7178
 7.61577
 6.9282
 8.12404
 7.14143
 8.544
 6.16441
 7.74597
 8.12404
 5
 6.9282
 6
 6.85565
 7.2111
 4.3589
 6.9282
 7.28011
 7.74597
 5.19615
 7.81025
 6
 7.14143
 6.08276
 6.08276
 5.19615
 6.32456
 4.79583
 7.07107
 6.9282
 6
 5.38516
 6.85565
 1.73205
 5.09902
 2.64575
 3.4641
 3.4641
 5.38516
 6.9282
 4.47214
 6.245
 9.64365
 5.38516
 6.08276
 5.19615
 7.07107
 4.79583
 6.9282
 4.24264
 6.9282
 5.09902
 6
 5.19615
 5.09902
 4.47214
 5.74456
 2.23607
 5.74456
 1.41421
 7.07107
 4.47214
 9.53939
 1.73205
 7.74597
 3.4641
 6.08276
 5.47723
 7.74597
 3
 6.08276
 6.9282
 0
 1.73205
 5.19615
 5.09902
 2.82843
 6.55744
 4.24264
 6
 1.41421
 6.08276
 8.66025
 5.09902
 7.81025
 9.84886
 6.9282
 6.245
 6.9282
 9.32738
 11
 6
 6.245
 9.53939
 7.81025
 5.56776
 6.08276
 3.74166
 7.4162
 6.9282
 6.9282
 8.48528
 3.4641
 6.08276
 6.9282
 7.81025
 0
 7.81025
 9.84886
 7.93725
 6.16441
 7.28011
 4.24264
 10.9545
 8.66025
 5.47723
 4.24264
 7.81025
 11
 6.245
 7.14143
 9.38083
 6
 6.245
 11.5758
 7.81025
 8.88819
 11.0454
 2.44949
 9.21954
 8.544
 7.4162
 9.38083
 9.53939
 9.84886
 6.48074
 9.84886
 7.34847
 8.94427
 8.66025
 6.245
 7.07107
 8.94427
 7.07107
 4.69042
 7.74597
 9.27362
 8.544
 8.544
 3.4641
 9.16515
 11.225
 6.08276
 3.31662
 5.56776
 7.34847
 6.55744
 7.93725
 6.32456
 5.47723
 6.9282
 9.16515
 7.14143
 6.32456
 7.74597
 7.74597
 7
 7.87401
 8.12404
 6.9282
 9.84886
 9.84886
 8.18535
 4.58258
 7
 12
 9.74679
 4.24264
 8.544
 8.66025
 7.74597
 7
 5.09902
 7.14143
 8.60233
 8.12404
 4.89898
 7.28011
 11.225
 6.08276
 10.247
 4.58258
 4.89898
 12.7671
 6
 5.38516
 4.69042
 12.3693
 7.14143
 6.245
 12.3288
 6.48074
 6.245
 9.69536
 5.65685
 5.74456
 8.66025
 8.94427
 8.42615
 6.7082
 6.9282
 8.66025
 8.06226
 6.9282
 9.32738
 8.83176
 9.8995
 7.34847
 6.9282
 7.34847
 9.32738
 9.84886
 8
 8.48528
 8
 7.87401
 7.74597
 5.47723
 6.245
 8.12404
 8
 8.544
 3.87298
 9
 7.68115
 9.38083
 3.87298
 8.12404
 6.08276
 9.38083
 6.245
 8.12404
 8.12404
 8.12404
 6.245
 8.12404
 2.44949
 8.18535
 9.16515
 8.60233
 3.4641
 8.66025
 6.78233
 6.63325
 4.3589
 8.60233
 9.8995
 8.66025
 6.9282
 9.21954
 8.544
 9.16515
 6.245
 7.4162
 7
 6.245
 9.16515
 9.16515
 7.48331
 9.64365
 9.16515
 6.7082
 11
 6.16441
 9.84886
 6.9282
 9.32738
 10.5357
 7.74597
 8.544
 10.0995
 9.21954
 12
 8.18535
 12.7279
 6.55744
 8.94427
 8.12404
 8.24621
 11.0454
 5
 11.7047
 7.74597
 10.0995
 8.83176
 9.79796
 9
 8.66025
 5.19615
 8.66025
 11.225
 9.84886
 9.8995
 11.3137
 8.94427
 8.544
 8.48528
 8.60233
 10.8628
 8.66025
 12.7279
 8.66025
 13.9642
 9
 8.83176
 10.5357
 7.34847
 10.8167
 8.12404
 9.74679
 9.05539
 9.8995
 12.7279
 9.27362
 11.7898
 8.88819
 10.9087
 9.64365
 7.4162
 10.9087
 10.6301
 11.7473
 7.74597
 10.5357
 9
 10.3923
 10.0499
 9.16515
 9.79796
 8.12404
 9.64365
 10.3923
 11.3137
 8.88819
 11.6189
 7.14143
 10.4881
 8.88819
 6.245
 8.88819
 10.4881
 11.0454
 9.38083
 9.8995
 10.0995
 8.66025
 8.66025
 9.8995
 11.7898
 13.1909
 10.3441
 10.8628
 12.49
 9
 12.0416
 6.55744
 11.6189
 8.60233
 11.7473
 9.84886
 12.2882
 12.4499
 7.14143
 12.0416
 8.12404
 10.3923
 7.74597
 9.84886
 9.84886
 9.32738
 10.6301
 10.4403
 8.18535
 9.79796
 9.94987
 9.27362
 9.38083
 7.14143
 10.3923
 8.88819
 14.3527
 13.6382
 8.18535
 11.7898
 6.9282
 10.5357
 7.4162
 10.4881
 9.38083
 8.7178
 9.38083
 10.5357
 8.544
 10.5357
 6.245
 6.9282
 10.7703
 6.55744
 10.0995
 6.9282
 14.2127
 7.14143
 13.7477
 13.2288
 7.74597
 11.0905
 29.0517
 9.84886
 8.60233
 10.4881
 9.94987
 9.8995
 10.1489
 11.0454
 11.0454
 10.5357
 9.8995
 10.5357
 9.32738
 6.55744
 8.544
 28.8271
 8.48528
 8.7178
 27.0924
 11.1355
 12.4499
 22.6053
 19.7737
 10.3923
 10.3923
