 30.7083
 16.9706
 20.9045
 22.8473
 23.7487
 21.4243
 26.8142
 23.0217
 21.7945
 26.3629
 22.8254
 25.8844
 26.9629
 23.3666
 21.7025
 24.3311
 22.1359
 20.8327
 24.2281
 24.3516
 22.6274
 27.8388
 24.7184
 26.0576
 27.1293
 24.3721
 26.096
 20.9523
 21.7715
 26.9629
 21.2838
 22.6495
 22.5389
 21
 24.8596
 29.4958
 26.5707
 29.5296
 26.096
 26.9815
 23.5797
 20.025
 25.318
 26.9444
 23.4734
 27.0185
 26.9629
 29.5635
 28.775
 24.2281
 28.8097
 24.7184
 25.318
 23.5797
 30.4959
 31.257
 27.258
 31.496
 28.7054
 28.9655
 28.931
 28.1603
 28.0713
 27.8927
 30.1662
 27.1846
 32.1714
 32.187
 28.7576
 24.4745
 33.4066
 29.1033
 27.8927
 31.686
 26.7955
 33.1964
 30.3315
 33.9264
 32.2335
 32.7261
 33.8821
 30.3809
 28.6531
 26.9815
 30.3809
 33.3916
 32.7109
 30.7246
 35.6511
 28.688
 36.1248
 32.0312
 30.8221
 30.8221
 32.187
 31.3688
 39.2938
 36.4966
 33.5261
 38.5616
 38.5616
 38.8587
 35.6651
 32.6037
 39.1024
 34.5688
 37.4566
 44.3396
 36.2491
 33.8821
 31.305
 31.289
 41.3763
 34.9857
 35.4824
 39.2173
 32.4191
 35.2136
 39.4335
 39.1024
 35.609
 34.8281
 40.8289
 40.05
 39.5727
 34.7563
 36.9865
 36.524
 36.9865
 34.0588
 32.8786
 40.2616
 45.2106
 35.6511
 34.7419
 37.3898
 32.0312
 40.9145
 32.28
 38.2099
 36.9188
 40.9023
 34.3366
 38.2099
 42.9418
 35.0143
 31.5911
 39.4208
 32.4037
 39.1152
 36.9188
 43.1509
 35.1426
 36.8375
 36.4966
 32.2025
 32.2025
 36.9865
 34.8712
 36.524
 29.6311
 39.8497
 0
 35.8608
 42.2729
 38.2492
 33.8821
 40.8656
 40.8779
 38.2753
 42.5323
 39.975
 36.4692
 40.4228
 35.5949
 35.5949
 38.7169
 36.1248
 33.9706
 34.9571
 34.9571
 37.3497
 40.025
 40.8289
 34.9428
 34.9428
 41.7852
 36.7423
 37.4032
 43.4281
 43.4281
 40.0375
 41.0853
 38.5746
 42.7785
 42.7785
 33.7787
 34.1467
 39.2173
 34.7994
 36.0694
 37.3898
 37.3765
 35.623
 35.623
 36.5787
 31.1448
 38.2099
 40.8412
 34.8568
 28.5657
 42.0595
 46.8935
 41.0731
 39.1663
 29.5296
 43.4626
 38.8716
 32.7261
 40.5586
 41.7133
 39.4715
 34.0734
 36.7015
 39.9625
 40.8656
 36.524
 37.7227
 40.0125
 44.5084
 41.3642
 31.305
 33.8821
 33.8526
 42.7551
 39.6611
 17.4356
 39.9875
 35.7351
 35.6931
 19.7737
 41.4246
 40.2616
 38.8072
 19.7737
 41.7373
 40.4228
 37.4166
 17.9165
 43.7493
 38.6135
 20.2237
 36.606
 41.7133
 42.9418
 19.0788
 0
 34.8138
 40.5709
 17.1464
 35.2278
 42.107
 40.6325
 17.2047
 35.2562
 41.6893
 41.9285
 16.7332
 29.3258
 42.9302
 39.5854
 19.2614
 28.8791
 44.4522
 42.3438
 19.105
 39.128
 37.9078
 17.4356
 41.5933
 39.4081
 18.4662
 44.8219
 41.3521
 19.105
 45.1996
 42.7668
 46.5833
 42.5911
 41.7253
 43.6119
 42.0357
 37.7492
 42.5793
 43.7379
 42.1782
 43.8634
 46.076
 41.2553
 40.8656
 38.5487
 42.9302
 42.0238
 43.6463
 44.7661
 45.5961
 45.2106
 45.2438
 44.1928
 36.524
 40.5339
 43.0581
 42.3792
 43.4396
 44.0568
 45.7056
 46.465
 46.9042
 42.8602
 47.2546
 39.6358
 45.7165
 43.9659
 45.1885
 44.1814
 49.0714
 43.5431
 41.6653
 45.5082
 38.6911
 39.3192
 46.5833
 42.0119
 43.4626
 43.5316
 48.7545
 44
 44.3621
 40.694
 43.0581
 39.6737
 44.2606
 46.6047
 44.4972
 45.9891
 46.1302
 46.0217
 46.9148
 44.5084
 40.5216
 41.3038
 44.317
 42.9185
 42.8602
 45.1664
 48.0937
 44.8442
 44.8442
 45.3652
 45.3652
 42.6263
 43.2319
 46.7226
 47.8226
 46.669
 47.0425
 45.8367
 41.7612
 43.4741
 42.5793
 39.6358
 41.5933
 42.8719
 45.0222
 42.6146
 44.0341
 48.6621
 48.6621
 40.8656
 40.8656
 39.6232
 39.6232
 42.107
 48.7442
 46.5725
 45.3652
 46.1952
 45.2438
 43.1509
 40.8167
 42.3674
 42.391
 43.0465
 48.9285
 47.2758
 48.0416
 42.6966
 42.5793
 46.3897
 46.3897
 39.4208
 39.4208
 44.3283
 44.3283
 45.1442
 43.1509
 46.2061
 46.0543
 40.1995
 41.8091
 41.509
 41.1947
 45.7056
 48.3942
 51.4296
 44.5533
 42.4617
 45.1996
 40.1497
 44.0454
 38.8587
 38.8587
 40.9023
 40.9023
 44.5421
 42.1663
 44.0227
 48.6724
 41.9881
 44.1588
 52.4786
 40.9512
 48.7032
 47.8644
 46.8402
 41.9881
 40.8044
 45.6618
 43.2319
 47.8121
 42.3674
 38.223
 42.6146
 42.6146
 54.7723
 54.7723
 42
 46.6476
 46.6476
 47.4025
 45.7275
 31.4325
 34.9285
 34.9285
 0
