 458.123
 8.18535
 5.19615
 5.19615
 5.19615
 5.19615
 5.19615
 5.19615
 5.19615
 5.19615
 5.19615
 5.19615
 5.19615
 5.19615
 5.19615
 5.19615
 8.83176
 8.83176
 8.83176
 8.83176
 8.83176
 8.83176
 8.83176
 8.83176
 8.83176
 8.83176
 8.83176
 8.83176
 8.83176
 4.3589
 4.3589
 7.93725
 7.93725
 7.93725
 7.93725
 7.93725
 7.93725
 7.93725
 7.93725
 7.93725
 7.93725
 8.60233
 8.60233
 8.60233
 7.4162
 6.85565
 6.85565
 6.16441
 7.28011
 7.28011
 7.28011
 7.28011
 7.28011
 7.28011
 7.28011
 7.68115
 7.68115
 8.48528
 8.48528
 9.53939
 9.53939
 9.53939
 9.53939
 7.2111
 7.2111
 7.2111
 7.2111
 7.2111
 7.87401
 7.34847
 7.34847
 5
 5
 3.60555
 3.60555
 3.60555
 3.60555
 6.9282
 6.9282
 6.9282
 6.9282
 7.07107
 7.07107
 6.16441
 6.16441
 6.16441
 5.47723
 5.74456
 5.74456
 5.74456
 7.28011
 6.9282
 6.9282
 9.48683
 6.48074
 6.48074
 8.66025
 6.245
 9.84886
 9.84886
 9.84886
 9.84886
 7.34847
 7.34847
 7.87401
 7.87401
 7.87401
 10.8167
 8.544
 7.34847
 7.34847
 6.7082
 8.12404
 8.12404
 9.32738
 7.54983
 4.89898
 4.89898
 9.27362
 9.48683
 6.7082
 9.79796
 7.87401
 7.87401
 6.55744
 7.34847
 7.34847
 11.3137
 9.05539
 9.05539
 7.74597
 9.84886
 8.7178
 9.16515
 7.81025
 8.66025
 8.66025
 9.16515
 9.16515
 9.32738
 8.83176
 8.24621
 3.4641
 7.81025
 12.2882
 9.21954
 9.21954
 7.4162
 13.1909
 13.1909
 9.48683
 9.32738
 7.34847
 7.34847
 6.245
 8.18535
 7.81025
 5.65685
 5.65685
 8.12404
 8.77496
 8.77496
 8.77496
 8.77496
 8.77496
 9.53939
 9.16515
 9.21954
 9.79796
 8.18535
 7.74597
 7.07107
 9.38083
 9.38083
 7.34847
 7.34847
 8.18535
 8.12404
 9.38083
 11.225
 8.18535
 6.9282
 8.83176
 7.14143
 8.94427
 9.69536
 9.69536
 6.78233
 9.27362
 9.27362
 8.18535
 8.06226
 8.06226
 8.06226
 7.81025
 8.7178
 7.93725
 8.66025
 8.66025
 9.32738
 8.18535
 8.18535
 8.18535
 7.14143
 8.42615
 6.63325
 8.48528
 8.48528
 8.83176
 8.83176
 8.83176
 12
 8.66025
 6.7082
 13.1529
 13.1529
 8.12404
 8.12404
 7.34847
 8
 7.07107
 7.07107
 7.07107
 8.544
 6.9282
 9.74679
 9.74679
 9.74679
 10.0995
 10.5357
 10.5357
 10.5357
 8.18535
 8.18535
 8.18535
 12.2882
 6.9282
 6.9282
 6.9282
 8.60233
 7.34847
 8.544
 8.544
 8.544
 6.32456
 10.3923
 7.34847
 9.48683
 7.07107
 11.6189
 11.0905
 7.68115
 8.24621
 8.24621
 11.0454
 6.32456
 6.32456
 6.32456
 10.4403
 6.85565
 6.85565
 6.85565
 6.85565
 6.245
 6.245
 6.245
 6.245
 7
 7
 10.0995
 10.0995
 8.18535
 8.18535
 8.18535
 10.4403
 6.245
 9.21954
 9.21954
 6.9282
 9.8995
 9.8995
 8.83176
 9.21954
 9.21954
 8.12404
 9.16515
 13.6748
 11
 12.49
 9.84886
 9.84886
 9.84886
 9.21954
 9.79796
 9.79796
 9.79796
 9.79796
 9.79796
 12
 8.66025
 8.66025
 9.32738
 9.32738
 9.32738
 9.8995
 14.0712
 14.0712
 14.0712
 12
 12
 10.4403
 10.4403
 9.84886
 9.84886
 9.84886
 9.84886
 11.0905
 11.0905
 11.0905
 11.0905
 11.0905
 9.16515
 9.16515
 9.16515
 9.16515
 10.4403
 13.9642
 13.9642
 11.6189
 11.6189
 13.1909
 13.1909
 9.8995
 9.8995
 12.2882
 12.2882
 12.2882
 11.2694
 11.2694
 11.2694
 11.2694
 11.2694
 11.2694
 11.2694
 11.2694
 11.2694
 11.2694
 11.2694
 11.2694
 11.2694
 11.2694
 11.2694
 11.2694
 11.2694
 12.9228
 12.9228
 12.9228
 10.583
 10.583
 7.4162
 7.4162
 7.4162
 8.66025
 8.66025
 8.66025
 8.66025
 8.66025
 8.66025
 8.66025
 8.66025
 8.66025
 8.66025
 8.66025
 8.66025
 8.66025
 8.66025
 8.66025
 11.3578
 11.3578
 7.81025
 7.81025
 9.84886
 9.84886
 9.84886
 9.84886
 9.84886
 9.84886
 9.84886
 9.84886
 9.84886
 9.84886
 9.84886
 9.84886
 9.84886
 9.84886
 9.84886
 9.84886
 11.2694
 11.2694
 11.2694
 11.2694
 12.3693
 12.3693
 12.4097
 12.4097
 12.4097
 12.0416
 12.0416
 13.1909
 13.1909
 13.1909
 13.1909
 13.1909
 13.1909
 13.1909
 13.1909
 10.0995
 10.0995
 9.84886
 12.7279
 12.7279
 11.7898
 11.7898
 12.6095
 12.6095
 13.2288
 13.2288
 13.2288
 9.32738
 9.32738
 9.32738
 9.32738
 9.32738
 9.32738
 9.32738
 9.32738
 9.32738
 9.32738
 9.32738
 9.32738
 9.32738
 9.32738
 9.32738
 9.32738
 9.32738
 9.32738
 9.32738
 9.32738
 9.32738
 9.32738
 9.32738
 9.32738
 6.08276
 6.08276
 0
