 22.2486
 9.59166
 17.5499
 15.2971
 14.3527
 13.5647
 12.6491
 10.6301
 15.1987
 15.3297
 14.7309
 13.6748
 11.6189
 15.5242
 12
 13.9642
 15.1327
 14.1774
 12.4499
 12.9228
 10.5357
 14.9332
 13.2288
 11.6189
 14.2127
 10.8628
 11.7047
 13.1909
 11.6619
 15.9687
 13.6748
 14.7986
 12.4097
 13.1149
 14
 14.9332
 13.4907
 14.8324
 14.9666
 16.7631
 12.6491
 16.7929
 16.3401
 16.6132
 15.1658
 15.9687
 14.4222
 15.6205
 13.2665
 17.4069
 15.1327
 16.8523
 15.3623
 16.2788
 15.6844
 15.6205
 17.0587
 15.9687
 15.1658
 15.8114
 16.4012
 17.4929
 18.7083
 15.3948
 15.5563
 14.8661
 15.5242
 15.6525
 13.9642
 16.2481
 15.5885
 17.8606
 17.2337
 17.8606
 18.4391
 18.1934
 17.1172
 17.4069
 16.1864
 16.4924
 16.7033
 20.8327
 16.9115
 18.5742
 16.6433
 16.2788
 16.5227
 16.4924
 16.6132
 17.5499
 16.5227
 19.105
 17.5499
 17.5499
 17.3494
 18.2483
 26.9072
 17.3781
 21.7256
 16.8523
 16.8523
 19.0788
 20.8567
 15.8745
 21.7256
 18.2483
 20.0998
 26.9258
 25.1396
 20.8806
 20
 20.8087
 24.1661
 16.5227
 22.6053
 21.0476
 19.1311
 17.4356
 23.4947
 31.305
 17.3781
 22.6274
 28.2666
 22.6274
 23.1733
 21.7025
 20
 22.1811
 22.6053
 19.975
 20
 21.7256
 27.7849
 20.0749
 22.5832
 22.561
 20.8327
 20.0749
 17.0587
 25.1595
 25.807
 22.6053
 16.9411
 22.7376
 22.1585
 22.561
 17.0294
 22.561
 21.1187
 19.4165
 25.2587
 27.037
 20.8327
 22.6053
 21.8632
 20.9045
 25.02
 21.6795
 20.8567
 23.4734
 21.7256
 21.7025
 0
 20.8087
 21.7256
 24.454
 21
 20.1494
 23.4734
 25.2785
 23.1517
 25.2389
 24.2899
 20.9523
 22.561
 22.2036
 22.6274
 23.0651
 23.6643
 21.6795
 22.1133
 23.8328
 21.166
 25.1595
 21.6564
 22.6936
 22.7376
 24.0208
 22.891
 20.2731
 22.3159
 24.8596
 22
 20.8327
 25.1992
 22.5389
 21.7256
 21.7486
 21.8403
 22.1585
 25.3969
 23.516
 21.7945
 21.8174
 25.9037
 23.4307
 20.9284
 20.9045
 24.454
 20.8567
 21.7025
 21.7715
 26.5707
 21
 21.7945
 21
 26.1534
 23.4521
 21.7486
 24.2899
 25.2982
 24.3926
 24.3311
 22.6053
 23.516
 24.3105
 23.4734
 22.5832
 25.3574
 25.2389
 21.7256
 20
 22.2711
 20
 22.561
 24.3721
 20.9762
 21.7256
 23.5372
 20.9284
 23.6008
 22.6274
 22.561
 24.3721
 23.3666
 23.4734
 24.3105
 21.7256
 23.0868
 25.1794
 22.5832
 23.0868
 21.7715
 26.0192
 22.6936
 24.8797
 0
 23.4947
 24.2899
 24.8395
 17.8326
 24.3105
 26.0576
 23.7276
 16.9706
 21.8174
 26.0384
 23.3666
 14.5945
 23.8118
 22.6274
 23.8537
 14.4568
 23.516
 22.8473
 25.2389
 24.6779
 23.4734
 25.1992
 24.3721
 23.5372
 23.1301
 26.0192
 21.9089
 20.9762
 26.8887
 21.7945
 26.1534
 24.3516
 26.096
 24.3926
 22.9783
 26.0384
 24.3516
 24.4131
 22.5832
 23.8537
 24.3516
 23.0217
 24.5357
 25.3969
 25.1992
 26.0192
 25.1992
 25.1992
 25.1794
 24.4745
 26.9258
 24.6982
 26.2869
 26.2869
 24.4131
 26.9258
 22.6053
 25.219
 27.3679
 26.0384
 25.1992
 25.4165
 26.9258
 23.5584
 26.9815
 23.4947
 26.9629
 23.4947
 27.4044
 24.3516
 26.8887
 25.2587
 25.219
 26.2869
 25.1992
 26.8887
 26.8887
 24.3516
 26.9629
 24.7184
 26.1343
 24.3721
 25.2587
 23.622
 26.0768
 25.219
 25.2785
 26
 26.0768
 25.5539
 26.9258
 23.7276
 26.8887
 26.5895
 26.9444
 26.9444
 22.6274
 25.2389
 26.8887
 25.1794
 26.2107
 24.3926
 26.9444
 25.593
 27.7308
 26.9072
 26.9444
 26.8701
 26.096
 27.0185
 26.9258
 26.1534
 26.9072
 25.219
 25.2982
 24.3516
 24.3311
 22.6495
 24.3721
 25.1992
 28.2666
 22.7156
 27.8927
 24.6982
 27.8388
 25.219
 27.4226
 25.2389
 25.219
 27
 26.1343
 26.1534
 26.9072
 26.9258
 26.9072
 26.9072
 24.4745
 26.8701
 26.8887
 26.0576
 26.9629
 26.9444
 28.9655
 25.3377
 24.3721
 23.7487
 26.5707
 23.516
 23.4734
 24.0416
 26.1151
 22
 26.9815
 24.3105
 27.1477
 26.3818
 26.9815
 28.1247
 26.096
 24.8797
 26.7582
 24.7184
 27
 23.7276
 23.1733
 22.9129
 22.0454
 24.3721
 22.1585
 23.516
 27.1846
 21.9773
 27.8209
 27.7849
 27.8029
 26.9815
 27.7669
 26.0768
 25.4165
 23.6008
 26.0384
 26.0384
 26.9072
 26.9444
 26.3059
 27.1477
 25.1992
 40.8656
 40.8656
 26.1534
 26.3629
 26.3629
 26.1534
 20.8806
 17.4929
 22.0907
 31.273
 0
