 11.2694
 13
 11.2694
 14.8324
 21.7256
 21.1424
 21.1424
 19.105
 17.5784
 19.0263
 25.0599
 23.6008
 19.8242
 26.4953
 19.4936
 14.8324
 22.9565
 19.1833
 14.7986
 20.9762
 20.3715
 21.1187
 20.8567
 19.9249
 20
 18.3576
 17.3205
 17.9165
 27.6225
 21.4942
 17.8606
 19.1311
 21.7256
 20.9523
 19.2094
 19.5959
 21.8403
 16.6433
 20.0998
 23.8747
 16.2173
 23.6432
 18.9473
 21.4942
 20.1246
 22.561
 23.4094
 19.0526
 17.8606
 24.1039
 16
 19.8242
 16.4621
 19.3907
 20.1494
 21.1424
 23.1084
 17.4929
 24.4131
 16.3095
 26.9072
 22.8473
 19.0263
 21.3073
 22.2036
 24.3105
 23.3666
 23.4947
 21.9089
 21.9317
 20.9762
 18.9473
 19.4936
 19.1311
 21.095
 22.5167
 22.9129
 16.7631
 26.8701
 15.9687
 27.1109
 25.5734
 20.9523
 21.1424
 22
 26.1343
 19.1311
 22
 25.1992
 22.561
 17.8885
 20.4695
 20.1246
 21.5407
 18.2483
 20.0499
 32.5883
 22.7816
 27.6948
 26.4197
 26.4197
 23.3024
 27.0185
 27.9464
 17.088
 17.9165
 28.6531
 26.4953
 27.074
 24.3516
 18.6011
 23.4947
 18
 21.0713
 22.7596
 15.5885
 24.7184
 23.7276
 26.9815
 16.4012
 20.2485
 25.318
 20.2731
 28.8617
 15.2315
 22.6936
 22.7376
 21.4476
 27
 24.3721
 18.3848
 26.0192
 22.561
 24.1247
 27.0185
 16.5227
 20.3224
 25.8263
 27.1477
 25.3969
 19.8746
 14.7648
 14.5945
 18.2757
 23.8956
 26.5518
 27.6225
 14.3527
 25.2982
 27.8029
 16.5831
 26.4764
 14.3527
 23.4947
 26.9815
 26.4197
 20.5913
 13.6748
 23.4947
 25.4951
 16.3401
 28.2135
 28.2135
 26.9444
 31.3209
 16.7033
 24.6982
 24.0624
 24.1868
 27.0185
 17.8885
 17.3781
 25.593
 20.8806
 25.5147
 25.5147
 24.4949
 20.2237
 26.4386
 21.4709
 14.7309
 16.8819
 25.04
 25.02
 24.0832
 19.9249
 28.2666
 19.6723
 25.318
 28.3196
 18.2209
 17.9165
 26.0768
 26.096
 25.02
 14
 21.7256
 20
 25.5734
 26.0192
 24.5357
 26.1151
 23.5797
 23.8537
 23.8537
 21.6795
 21.1896
 31.305
 23.1084
 23.8956
 23.1517
 30.1496
 24.5357
 25.0599
 30.692
 24.454
 24.7992
 28.8791
 22.1811
 24.0416
 25.7682
 28.4253
 27.2213
 20.6882
 24.5561
 26.1151
 23.6854
 22.5389
 27.258
 30.05
 28.4956
 24.5561
 24.0832
 23.6854
 26.0768
 26.096
 13.9642
 26.9072
 21.7715
 23.7908
 9.69536
 23.8328
 23.1517
 21.7256
 10.4403
 26.4953
 21.7486
 27.3496
 10.4881
 32.0156
 22.9783
 10.4881
 10.4881
 29.9165
 26.0576
 10.3923
 10.3923
 27.2397
 24.0416
 11.3578
 16.1245
 28.5657
 23.6854
 11.2694
 15.748
 29.5127
 25.2389
 11.6189
 15.3623
 25.5539
 27.7489
 12.2474
 12.2474
 28.931
 25.8263
 10.3923
 30.1496
 21.7945
 10.1489
 26.4575
 22.4054
 12.8841
 27.258
 24.7184
 10.1489
 29.189
 32.5423
 25.3574
 32.311
 24.8395
 29.6648
 29.6816
 21.7945
 26.9815
 30.1662
 30.0998
 28.2843
 27.6767
 30.545
 22.7596
 23.1084
 26.5518
 23.7487
 30.0998
 23.0868
 31.3369
 27.1662
 31.5119
 27.7308
 30.8221
 24
 32.4191
 21
 28.775
 27.1109
 28.9482
 30.7409
 35.3836
 26.1534
 25.04
 21.7715
 29.7153
 25.5343
 27.6043
 32.7109
 28.9482
 33.2114
 32.2955
 26.1151
 34.0734
 21.3073
 33.4216
 27.0185
 28.931
 32.3419
 29.8831
 30.7409
 23.6854
 29.8998
 23.622
 24.4131
 24.8596
 23.8537
 29.1719
 32.3574
 33.2866
 26.8328
 36.4692
 24.4745
 34.0734
 23.3452
 31.5119
 25.865
 29.5127
 28.3901
 32.1092
 30.3974
 19.8494
 30.692
 21.4243
 25.4951
 26.9444
 22.561
 30.7896
 33.2114
 32.1092
 29.0689
 34.5688
 23.6008
 30.249
 21.7486
 32.6956
 29.5466
 29.0517
 31.1288
 29.7321
 28.1957
 21.4009
 28.7924
 17.4929
 25.7294
 25.3377
 23.8747
 28.178
 32.1248
 33.8969
 26.5141
 34
 22.5389
 34.8425
 26.5518
 33.3916
 28.2312
 33.5261
 29.5296
 33.2716
 20.3224
 24.8596
 31.3369
 24.4336
 22.9129
 20.0499
 22.2711
 23.3452
 28.1603
 31.305
 24.8596
 35.4119
 19.0526
 29.1033
 22.2711
 25.219
 24.7992
 29.6816
 27.6586
 27.7128
 23.8537
 30.3974
 18.4391
 21.5174
 26.1151
 19.6977
 22.3159
 22.3159
 28.8791
 21.7715
 31.3209
 32.1714
 32.1714
 26.5141
 47.3286
 29.2062
 26.4197
 27.3679
 28.9482
 27.0185
 24.4336
 24.8797
 25.5343
 30.7409
 27.0185
 37.2827
 32.619
 15.6844
 30.3809
 52.0481
 39.9625
 27.037
 35.327
 35.327
 32
 42.8952
 39.9375
 39.9375
 39.9375
