 32.7261
 32.9242
 28.6705
 31.4006
 44.5197
 42.2019
 38.0657
 39.8873
 38.7169
 55.2811
 42.0595
 57.2101
 52.9339
 39.5221
 44.8665
 53.8981
 42.6146
 49.1833
 45.2548
 36.973
 49.6185
 42.7434
 44.6542
 45.5192
 39.3192
 45.1996
 44.3058
 51.0588
 35.5387
 41.4849
 54.0555
 45.111
 41.9881
 41.5933
 45.5082
 43.6921
 38.9487
 45.8585
 39.8121
 42.3438
 50.3686
 41.7852
 55.4346
 46.7547
 43.3013
 42
 42.6028
 45.2106
 45.4533
 40.8412
 47.8435
 44.6542
 51.449
 54.074
 47.0425
 50.3587
 46.7012
 49.8096
 39.5221
 55.3986
 46.9894
 48.9592
 57.1927
 44.7996
 55.2901
 51.0098
 40.1497
 41.2432
 51.4587
 45.1774
 55.3624
 46.5618
 57.8446
 49.8498
 58.0861
 56.648
 51.6817
 52.6403
 42.0357
 57.3672
 54.1664
 50.8626
 57.7581
 49.0612
 47.927
 41.2432
 54.7631
 56.1694
 43.1625
 46.4758
 56.116
 61.3677
 50.7247
 71.2741
 53.9166
 68.6294
 68.6294
 56.0714
 52.5357
 55.6687
 60.8112
 59.0762
 53.4228
 45.0777
 62.5779
 58.438
 55.5608
 58.3438
 57.6715
 52.0961
 56.2317
 52.2398
 63.8827
 42.9767
 50.6458
 61.2862
 56.5951
 43.7493
 48.6004
 48.6004
 56.9825
 56.9825
 56.9825
 59.649
 58.6941
 56.701
 60.5062
 60.5062
 64.1483
 56.745
 58.3181
 62.8172
 62.8172
 64.2962
 55.0454
 55.0454
 55.0908
 67.1863
 55.263
 57.6802
 54.3139
 62.2495
 50.1896
 53.3948
 67.1863
 55.2901
 45.7493
 59.4559
 68.9202
 62.1691
 53.4883
 57.55
 58.2323
 62
 57.1839
 48.1144
 48.1144
 54.8817
 59.1861
 58.258
 45.2327
 48.9796
 48.9796
 61.7657
 61.7657
 61.6523
 53.6563
 63.293
 61.7414
 58.2495
 57.6368
 53.1413
 59.5063
 58.7963
 55.263
 55.263
 66.9179
 49.5883
 56.6745
 68.0515
 68.0515
 50.1199
 69.5054
 57.6975
 64.3195
 64.3195
 70.8237
 50.05
 56.6039
 63.5059
 63.5059
 54.5894
 72.3049
 49.5177
 57.9655
 57.9655
 52.5357
 71.225
 57.7754
 57.1577
 58.532
 57.2887
 67.4833
 52.3641
 52.3641
 62.6179
 53.3292
 61.4166
 55.8749
 64.3584
 52.469
 56.8595
 59.0678
 68.0441
 64.5988
 50.5569
 56.9122
 59.5819
 55.5068
 67.0298
 58.3524
 66.9552
 57.6368
 68.7605
 53.1601
 67.7643
 62.1369
 56.3471
 58.5064
 73.2871
 57.1139
 57.9914
 54.7631
 53.301
 63.3167
 76.3872
 32.2645
 65.6734
 74.4446
 57.7235
 31.9218
 59.5063
 59.5399
 65.4599
 35.426
 59.0931
 67.8086
 60.3738
 32.3265
 53.1413
 69.5198
 34.6121
 55.1271
 70.7602
 49.2341
 35.2846
 35.2846
 55.4437
 69.3109
 35.9722
 51.0392
 65.2917
 73.1642
 36.3043
 49.6085
 69.5629
 57.9051
 30.8869
 48.2908
 73.2666
 56.745
 34.7851
 52.8772
 54.8452
 76.0263
 35.4119
 62.426
 74.7529
 32.8938
 64.304
 66.34
 35.6931
 73.8647
 60.0167
 32.187
 74.8131
 55.9106
 74.4446
 73.4302
 72.8492
 58.5833
 66.1287
 69.5701
 56.0714
 73.0411
 56.648
 75.9671
 73.1505
 78.2304
 58.8303
 73.0753
 69.5198
 66.5808
 57.2276
 72.3671
 58.3695
 74.8131
 70.2211
 53.3948
 57.2364
 79.3851
 69.6563
 70.0643
 74.7262
 59.5147
 76.8635
 76.8635
 76.948
 75.9408
 62.2254
 73.9053
 73.9121
 68.6877
 76.642
 59.0508
 78.4156
 70.5337
 57.3672
 74.5185
 60.1082
 62.1772
 72.2634
 72.2634
 58.0172
 74.0945
 77.8588
 77.7367
 76.531
 79.2528
 63.616
 76.5441
 68.3008
 74.9066
 80.9753
 57.931
 64.5833
 78.4857
 73.4234
 73.4234
 51.7204
 97.355
 71.4353
 80.1623
 73.0753
 66.0076
 80.2309
 80.8022
 63.1269
 79.9375
 64.304
 75.7826
 68.4982
 75.0733
 78.224
 60.7618
 58.8218
 60.5723
 65.1997
 86.7986
 62.6099
 70.5053
 56.1338
 56.1338
 84.463
 72.1803
 76.1183
 82.662
 62.2896
 81.7985
 81.7985
 87.5157
 78.5684
 75.4255
 81.6762
 63.6082
 68.1469
 58.1722
 70.4131
 62.1772
 59.0847
 66.8506
 57.4456
 74.2159
 76.6094
 71.2741
 77.7174
 60.5805
 60.5805
 74.8599
 71.3442
 64.9538
 77.7303
 77.7303
 55.2087
 63.7338
 63.914
 59.7076
 76.961
 76.961
 57.7321
 57.7321
 62.6418
 97.0052
 97.0052
 97.0052
 72.1526
 72.1526
 77.5564
 63.5689
 76.7268
 76.7268
 76.7268
 76.3348
 76.3348
 75.4188
 82.1584
 80.1062
 81.3818
 81.3818
 86.6256
 75.1997
 60.4649
 76.5768
 71.4353
 69.5917
 85.9767
 70.6753
 73.3826
 76.1709
 81.6456
 84.7703
 66.6333
 73.1369
 73.1369
 73.1369
 73.1369
 73.1369
 76.7398
 76.7398
 108.715
 108.715
 108.715
 108.715
 108.715
 108.715
