 24.0208
 8.544
 20.8327
 14.2478
 19.6723
 15.1658
 16.6733
 13.5277
 19.0526
 27.0185
 20.2731
 24.6779
 20.9045
 18.4932
 11.6189
 19.7737
 21.6564
 18.1108
 15.1658
 17.5214
 13.4536
 18.0555
 17.2337
 15.1658
 15.7162
 14.9332
 16.6433
 16.5529
 16.3401
 19.1311
 17.8606
 21.9317
 17.2337
 14.7648
 19.0263
 16.3707
 15.3623
 17.2337
 17.1464
 19.9499
 14.1774
 21.3307
 19.7737
 21.166
 19.1311
 17.2047
 19.6469
 15.8114
 17.2047
 18.0555
 17.0587
 19.975
 16.1245
 20.2485
 15.1658
 18.3848
 22.4054
 16.3401
 18.4662
 17.4642
 22.0907
 22.1811
 22.1359
 17.8885
 19.0788
 17.088
 18.412
 17.3781
 15.9374
 19.3907
 18.7083
 20
 21.6795
 19.7737
 22.1359
 20.3715
 22.7156
 17.72
 19.7737
 16.1864
 20.445
 24.4949
 20
 20.9284
 19.6469
 19.6469
 16.5227
 16.5227
 17.9165
 19.0263
 18.303
 22.5167
 20.8806
 20.8806
 18.3848
 20.347
 35.623
 17.8606
 29.5973
 23.1301
 23.1301
 21.6333
 27.8388
 22.2261
 30.5614
 19.2094
 23.3238
 36.4966
 32.9697
 25.0599
 21.4243
 22.8254
 31.6386
 17.5499
 29.6311
 29.1033
 20.1742
 19.8242
 30.4138
 39.128
 17.4069
 30.4631
 37.7624
 29.4449
 29.3258
 27.5862
 22.6495
 33.1059
 31.273
 22.3607
 20.4695
 29.5804
 38.4578
 26.0576
 29.5635
 31.6386
 21.1424
 26.0576
 26.2107
 33.0151
 34.6843
 32.2645
 17
 30.8383
 29.5635
 29.6311
 23.8328
 30.7896
 28.7924
 23.6854
 35.0143
 33.8969
 28.8791
 28.688
 26.3818
 27.8029
 33.7639
 27.8568
 24.4745
 31.273
 30.7896
 27.55
 27.55
 21.8861
 28.6705
 35.426
 27.037
 20.8806
 28.0357
 32.1403
 29.7658
 32.7109
 30.4302
 22.6936
 29.5296
 30.6757
 29.5296
 29.4279
 30.4138
 28.8444
 28.8617
 31.0161
 28.688
 32.1092
 29.0861
 31.607
 30.4302
 28.6705
 29.5804
 29.5296
 31.1448
 29.3087
 29.5804
 27.2397
 33
 29.4618
 26.8887
 28.7402
 29.6816
 29.5466
 27.8029
 29.4788
 31.7333
 27.9106
 35.623
 25.5734
 25.219
 32.7109
 30.5123
 23.1733
 23.7065
 33.541
 33.1813
 22.891
 33.4515
 23.6854
 32.1559
 33.0454
 26.9815
 27.2764
 33.8969
 32.1559
 28.3725
 28
 30.4631
 31.5753
 28.6182
 24.7386
 33.9117
 33.0757
 29.1719
 25.9037
 29.1204
 23.6643
 29.1204
 33.8821
 28.5132
 28.6182
 31.305
 27.5862
 29.5466
 27.9464
 25.3377
 32.187
 30.7409
 31.5119
 27.8747
 29.7825
 29.2062
 33.4365
 26.096
 29.9833
 27.7128
 34.2637
 28.6705
 32.0468
 32.0468
 31.3847
 29.6479
 32.2645
 18.1384
 31.4802
 33.2265
 31.8119
 17.4642
 28.9482
 30.8707
 28.4781
 15.9374
 30.4138
 31.3847
 31.5119
 18.1384
 31.4166
 30.4302
 33.9264
 30.5614
 30.4302
 31.3209
 30.4959
 30.7409
 31.496
 32.3883
 31.209
 29.6479
 32.2955
 32.619
 32.1092
 34
 32.2025
 33.0757
 31.305
 33.1964
 31.0161
 33.2415
 30.348
 33.9559
 31.8434
 33.9264
 31.0161
 33
 32.4191
 33.9411
 34.5832
 29.6311
 35.3977
 31.305
 35.8469
 32.1559
 33.9411
 34.7275
 31.5119
 32.1559
 29.8664
 35.242
 34.7131
 34.4238
 35.3129
 33.0454
 33.7639
 31.3369
 34.0734
 33.4515
 34.1906
 35.2846
 33.9264
 37.6829
 35.0714
 33.8674
 34.4384
 33.0303
 35.1141
 34.0294
 34.4093
 32.9848
 35.3129
 35.6651
 34.5688
 35.6371
 33.3017
 33.8821
 34.8855
 32.2335
 35.6651
 35.426
 36.2767
 32.187
 36.1386
 32.1714
 35.242
 34.7131
 34.1321
 35.0856
 29.7658
 34.2199
 35.4119
 35.1568
 34.6266
 34.9285
 33.9117
 33.9264
 35.7351
 33.0151
 34.8999
 35.6511
 35.4683
 34.8568
 35.3129
 35.6651
 34.2637
 32.4654
 33.3317
 34.5977
 36.2905
 31.0322
 34.0734
 36.2767
 37.2827
 33.9853
 33.9117
 34.7563
 35.0571
 35.0999
 34.7419
 35.6371
 36.2629
 33.8526
 37.3095
 33.8821
 35.2987
 34.0294
 35.1568
 35.2562
 32.249
 36.1109
 35.2562
 34
 34.9857
 35.0286
 36.4417
 33.1361
 31.289
 31.4643
 33.8969
 36.4555
 35.609
 31.4006
 36.6879
 28.7924
 36.1386
 31.305
 35.7071
 33.8526
 34.1028
 35.6371
 35.1426
 32.218
 34.7563
 31.0322
 33.5708
 33.9117
 28.8097
 31.3688
 28.8097
 36.2767
 28.7924
 35.8608
 39.6611
 28.0357
 37.3631
 53.619
 35.9861
 34.1028
 36.318
 34.1906
 33.1361
 33.0606
 35.2562
 35.242
 36
 35.3129
 34.8425
 34.7994
 31.4166
 48.1664
 48.1664
 33.8969
 33.0454
 33.0454
 35.0143
 30.4467
 35.0143
 40.05
 39.6863
 39.6863
