 21.2603
 17.8326
 19.2094
 22.1359
 32.7261
 26.0384
 22.7816
 25.3574
 25.5539
 38.9358
 27.0924
 41.821
 41.3884
 25.318
 28.0179
 36.1939
 28.3019
 35.0286
 34.2491
 29.9165
 30.8383
 31.5911
 27.0555
 29.1719
 26.5141
 28.9655
 25.7682
 32.6343
 22.2711
 23.1084
 36.8239
 27.7849
 26.2488
 27
 36.2353
 30.8869
 31.3369
 31.4802
 29.4449
 28.0891
 33.1964
 23.1517
 41.3401
 41.2795
 25.0799
 26.7955
 36.5377
 29.9833
 31.607
 24.2074
 33.0303
 27.5318
 34.6266
 38.092
 28.1247
 33.8526
 36.318
 32.6343
 37.1753
 38.0657
 35.6791
 31.6228
 42.0119
 25.318
 41.2795
 29.7153
 38.3536
 34.2929
 30.2159
 25.5539
 35.4965
 27.4591
 39.3192
 31.9844
 41.1461
 37.081
 40.3113
 36.1801
 41.6653
 38.1576
 39.6106
 31.8748
 42.6146
 27.074
 37.4833
 38.8458
 31.6228
 33.4515
 38.1051
 28.0357
 36.9324
 44.6542
 30.8221
 56.4889
 32.3574
 44.8553
 54.111
 36.2905
 42.1426
 33.9411
 43.4396
 39.0512
 43.9431
 43.1741
 47.7912
 41.2553
 39.8246
 51.4101
 45.1331
 35.2846
 41.509
 31.4006
 48.3011
 41.7612
 40.0999
 44.7661
 35.8748
 40.8412
 40.5586
 40.5586
 35.3553
 45.3542
 43.4281
 45.618
 43.9318
 37.0135
 39.8873
 40.9023
 48.1041
 34.9714
 41.2068
 48.949
 50.6261
 40.8901
 42.9535
 42.6966
 40.5216
 46.594
 47.9479
 42.8836
 46.9468
 45.7384
 35.2846
 42.6615
 49.7996
 42.9418
 45.4643
 43.6234
 48.1144
 42.8952
 45.607
 51.4101
 42.1663
 51.7784
 38.7427
 39.8246
 41.0731
 38.8201
 36.5924
 44.5533
 42.8019
 52.5357
 52.5357
 37.8814
 52.2398
 46.8722
 37.7889
 41.5933
 44.5533
 47.8017
 38.8072
 40.2492
 40.0375
 41.2189
 42.5911
 42.5911
 43.4626
 38.7943
 41.2674
 50.02
 50.02
 41.0974
 48.1768
 49.7393
 49.0306
 49.0306
 50.2991
 39.9124
 47.7808
 40.9634
 40.9634
 42.0476
 50.6261
 50.05
 51.4004
 51.4004
 42.332
 52.5167
 44.317
 42.3792
 44.2719
 40
 55.3624
 41.8091
 41.8091
 38.3014
 40.5216
 57.7495
 47.8748
 41.4367
 36.2215
 56.5685
 51.2055
 43.2897
 50.1398
 41.2674
 49.7795
 41.7253
 45.1664
 45.4092
 50.3488
 42.5911
 49.4267
 50.3587
 49.5076
 48.1975
 49.3356
 48.5798
 52.1824
 52.9717
 54.1018
 45.9347
 38.1838
 42.0357
 51.1273
 52.9339
 21.2132
 45.4753
 54.2125
 45.0555
 19.8242
 40.8167
 42.7902
 55.8032
 21.7715
 57.4891
 41.7373
 44.9667
 19.0788
 55.0727
 46.1952
 20.9762
 43.0465
 49.8096
 48.4355
 21.4476
 21.4476
 41.6773
 50.8724
 20.6155
 36.0139
 41.7493
 55.8122
 21.166
 35.1994
 48.1041
 55.2449
 18.8149
 29.95
 49.2138
 56.6304
 21.4243
 31.9531
 52.3163
 53.563
 21.4243
 43.7607
 53.8702
 20.9762
 41.7253
 54.2955
 22.5389
 47.9375
 57.1927
 22.1133
 52.3068
 55.9106
 51.9904
 51.5364
 53.963
 43.4396
 43.4281
 52.8394
 55.3715
 51.4781
 57.9914
 54.5894
 52.6023
 56.4801
 43.4971
 56.0446
 43.4626
 58.6003
 60.2163
 48.7134
 58.3438
 52.3927
 52.7067
 53.3479
 45.1553
 57.5587
 47.0106
 55.2721
 50.7445
 59.6909
 55.7405
 61.2781
 55.9821
 55.4797
 46.9042
 57.463
 46.9042
 58.2924
 54.8452
 63.9922
 55.5518
 56.9473
 48.7545
 53.8981
 44.3283
 56.1338
 47.7808
 59.1861
 59.9083
 52.144
 57.8446
 56.4358
 50.4777
 57.9569
 44.3509
 56.8683
 60.349
 48.6621
 58.2752
 60.2661
 58.5577
 53.6097
 55.2087
 61.0164
 46.0652
 62.6259
 46.9361
 59.0424
 49.95
 58.8812
 55.9464
 58.66
 48.6826
 60.2827
 44.3734
 60.1914
 60.8276
 48.6826
 54.9181
 61.0737
 57.3149
 55.9375
 49.6689
 63.7887
 44.7325
 62.5859
 54.0093
 54.0093
 59.2368
 50.7543
 54.074
 57.7495
 51.3615
 58.3866
 47.1699
 58.6174
 53.8795
 59.716
 56.745
 62.9365
 60.2661
 50.03
 55.8301
 56.921
 45.111
 49.1528
 58.4893
 65.7115
 52.192
 58.1979
 56.2939
 52.0192
 50.4381
 53.7494
 47.1169
 56.6745
 50.4183
 58.0947
 52.8678
 65.169
 61.7576
 50.8822
 56.0357
 46.1844
 46.8935
 49.4672
 57.3062
 80.05
 56.9737
 56.9737
 54.1387
 49.99
 55.5608
 48.9387
 48.4974
 48.4974
 48.4974
 59.4811
 59.4811
 64.2262
 82.1766
 64.0859
 59.0254
 59.0254
 61.8789
 77.5306
 47.8853
 49.6991
 56.116
 55.254
 58.2838
 55.2721
 62.6658
 62.8411
 58.8303
 58.6686
 51.7011
 50.4083
 50.4083
 50.4083
 50.4083
 48.5077
 57.1577
 57.1577
 97.1391
 97.1391
 97.1391
 97.1391
 70.8308
 70.8308
