 456.414
 21.1187
 21.6795
 12.2882
 12.2882
 21.9773
 21.9773
 17.8326
 17.4929
 1.73205
 10.583
 23.0868
 23.0868
 12.6491
 12.6491
 22.5832
 15.3297
 15.9687
 20
 22.8254
 22.8254
 24.3311
 16.5831
 16.5831
 12.9615
 12.7671
 12.7671
 16.1864
 16.1864
 16.1864
 15.0997
 16.3707
 8.12404
 21.7256
 18.1108
 21.4709
 15.7162
 20.8567
 19.1311
 16.4621
 11.4455
 8.60233
 12.4097
 18.6548
 8.94427
 19.2354
 23.4947
 16.7929
 17.8885
 11.7473
 19.0788
 15.0997
 12.4097
 12.083
 8.18535
 22.5832
 16.3401
 22.1359
 18.3848
 18.303
 20.1246
 12
 12
 6.08276
 13.9642
 18.6011
 18.735
 18.1384
 21
 14.6969
 8.06226
 15.9687
 17.6635
 10.7703
 15.4919
 20.5913
 19.0263
 20.025
 21.095
 17.3781
 20.8087
 9.8995
 9.8995
 9.32738
 18.3848
 21.7486
 15.906
 21.4476
 21.9089
 16.3401
 9.84886
 6
 14.3178
 14.3178
 16.7033
 16.7033
 14.7986
 21.4243
 11
 13.8924
 13.8924
 7.74597
 9.74679
 24.3721
 24.3721
 24.3311
 21.2838
 9.79796
 9.84886
 11.0454
 12.2474
 10.4403
 24.4745
 24.4745
 7.14143
 25.6515
 25.6515
 21.7025
 9.16515
 9.16515
 23.7487
 6.85565
 19.2614
 21.9545
 22.2711
 11.1355
 9
 19.5959
 10.0499
 9.8995
 15.1327
 8.83176
 20.2485
 18.3848
 9.16515
 16.7929
 12.0416
 29.1204
 24.5153
 8.66025
 19.2354
 23.9165
 7.54983
 18.735
 11.0905
 8.544
 24.3105
 24.3311
 29.5973
 26.1534
 20.2485
 8.12404
 21.7486
 9.38083
 14.7309
 6.9282
 20.6155
 22.9783
 14.1067
 6.9282
 20.3715
 7.74597
 7.74597
 13.2665
 28.688
 23.2379
 6.08276
 26.3818
 23.388
 7.68115
 22.3383
 27.5681
 20.2237
 16.4621
 7.07107
 7.07107
 20.2485
 26.0768
 8.18535
 15.7162
 17.3781
 31.0966
 19.7484
 6.9282
 22.6274
 23.4734
 31.6228
 30.7083
 7.34847
 22.4944
 23.4307
 29.5127
 27.8209
 26.9815
 6.9282
 16.5529
 27.9821
 33.4216
 22.5389
 8.42615
 27.2213
 10.3923
 16.8226
 5.19615
 6.48074
 13.7113
 23.6854
 30.4959
 5.19615
 22.2711
 16.4924
 33.8969
 6.9282
 26.4197
 27.5136
 16.8819
 7.81025
 19.6469
 18.0831
 15.748
 7.74597
 16.6733
 19.2094
 7.34847
 6.85565
 16.4012
 17.3781
 17.3781
 9.27362
 34.322
 27
 15.6205
 7.74597
 14.5258
 28.7054
 33.4365
 11.3137
 20.2485
 9.16515
 15.5885
 11.2694
 10.4403
 14.5945
 9.79796
 13
 13
 10.3923
 21.9089
 11.2694
 34.8568
 29.5296
 12.2066
 16.8819
 26.6833
 29.1719
 12.1655
 12.1655
 21.5407
 19.6214
 11.3137
 11.9583
 14.7986
 8.66025
 13
 7
 19.0788
 19.0788
 10.4403
 10.4403
 34.1614
 32.187
 13.1149
 13.1149
 30.7083
 29.5466
 13.8203
 13.1909
 9.21954
 10.583
 11.6189
 11.6189
 12.1655
 15.6205
 14.8324
 13
 34.0881
 35.8887
 31.1127
 27.6225
 22.3159
 16.6433
 13.0384
 13.0384
 13.0384
 15.1987
 34.7275
 35.609
 28.4077
 30.3974
 14
 14
 12.3288
 12.3288
 32.1248
 10.4881
 35.5949
 33.5708
 26.0576
 30.7571
 15.5885
 12.6095
 21.4942
 21.4942
 23.8956
 34.1321
 34.5543
 33.9411
 27.8029
 23.4947
 12.8062
 12.8062
 10.3923
 10.3923
 11.6619
 31.4484
 35.426
 36.2353
 22.561
 18.9737
 14.1067
 11.0905
 18.5742
 27.8209
 34.8281
 19.2354
 30.5614
 31.3847
 16.7332
 28
 12.2066
 12.2066
 12.2066
 13
 29.1548
 33.1361
 30.3809
 32.6956
 20.2485
 29.3769
 14.9332
 14.9332
 23.1517
 29.5127
 24.8596
 35.9444
 28.1603
 35.3129
 21.7486
 26.5518
 11.6619
 11.6619
 11.6619
 10.4403
 33.8083
 29.0689
 29.6311
 23.9165
 22.9783
 22.9783
 13.2288
 13.2288
 12.2474
 12.2474
 37.5233
 21.7945
 32.6497
 28.8444
 12.3288
 25.1595
 13.1909
 13.5647
 9.79796
 9.79796
 11.0454
 27.55
 35.1141
 16.5529
 27.2397
 27.2397
 16.0312
 16.0312
 12.2474
 12.2474
 18.7617
 31.209
 22.3159
 17.8885
 11.7473
 25.219
 12.8841
 12.8841
 12.2066
 12.2066
 13
 13
 32.1248
 23.8328
 28.0535
 14.7309
 22.2261
 22.2261
 10.0995
 10.0995
 12.8841
 12.8841
 22.3383
 21.7945
 31.289
 13
 13.2288
 24.3721
 11.6619
 11.6619
 21.9545
 21.9545
 29.7153
 33.9706
 27.6586
 27.6586
 19.8494
 19.8494
 11.8322
 9.79796
 26.1343
 33.8969
 23.4947
 14
 14.7986
 14.7986
 29.5466
 22.6053
 14.3875
 12.2474
 12.2474
 12.2474
 12.2474
 21.8174
 20.8806
 20.8806
 48.6826
 22.0454
 22.0454
 9.79796
 21.9545
 21.9545
