 456.414
 3.16228
 14
 0
 4.24264
 0
 0
 2
 0
 11.7473
 2.44949
 11.2694
 8.60233
 1.73205
 3.4641
 8.18535
 5.09902
 5.38516
 5.38516
 2.64575
 3.4641
 0
 4.24264
 5.09902
 0
 3.4641
 0
 2.44949
 1.73205
 1.73205
 4.12311
 6
 3
 1.41421
 4.79583
 0
 1.73205
 1.41421
 1.73205
 4.24264
 1.41421
 6.16441
 4.24264
 4.58258
 3.4641
 1.73205
 3.74166
 5.09902
 3.31662
 3
 2.23607
 4.89898
 1.41421
 5.09902
 0
 3.4641
 6.08276
 0
 2.44949
 3.4641
 2.44949
 5.2915
 3.74166
 3
 4.24264
 2.44949
 3.4641
 2.44949
 2.64575
 4.24264
 2.82843
 5.47723
 3.4641
 5.47723
 3.60555
 3.31662
 5.47723
 5.38516
 4.12311
 3.31662
 3.31662
 6.08276
 2.44949
 5.47723
 2.44949
 0
 6
 6
 2
 3
 4.47214
 3.4641
 4.89898
 4.24264
 5
 1.41421
 11.2694
 2.44949
 10.6301
 5.47723
 6.85565
 1.73205
 9.38083
 5.65685
 11.0454
 1.41421
 4.24264
 12.49
 11.0454
 5.47723
 2.44949
 4.24264
 12
 0
 10.4403
 14.8661
 3.4641
 1.73205
 9.8995
 6.9282
 6
 10.4881
 17.088
 7.87401
 12.2882
 7.14143
 4.24264
 14.1421
 10.8628
 3.16228
 2.64575
 9.8995
 15.0997
 7.93725
 8.94427
 13.2665
 0
 7.93725
 8.48528
 11.6619
 12.49
 17.1172
 2.44949
 14.6969
 8.88819
 8.18535
 6.16441
 13.9284
 7.81025
 4.24264
 14.3178
 8.12404
 12.7671
 4.3589
 7.07107
 8.94427
 11.8322
 12.2066
 5.47723
 10.4403
 12.49
 6
 11.4455
 3.4641
 6.9282
 15.1327
 8.60233
 5.19615
 7.74597
 8.66025
 11.1355
 14.2829
 10.5357
 3.87298
 9.79796
 9.69536
 9.21954
 11.1355
 8.18535
 8.88819
 9.74679
 13.9284
 9.79796
 9.79796
 6.9282
 11.0905
 9.79796
 12.0416
 8.60233
 7.4162
 12.49
 10.0995
 9.84886
 6.08276
 10.3923
 11.0905
 9.16515
 8.60233
 7.87401
 8.83176
 5.56776
 7.14143
 9.64365
 9.16515
 13.2665
 4.89898
 7.34847
 11.225
 8.60233
 4.24264
 5
 11.3578
 8.60233
 2.44949
 11.5758
 4.89898
 9.21954
 12.7279
 7.34847
 3
 9.8995
 8.544
 7
 6.16441
 9.21954
 8.18535
 5.19615
 0
 8.544
 8.48528
 6.9282
 7
 9.79796
 5.19615
 6.08276
 10.1489
 9
 6.85565
 8.60233
 7.07107
 10.1489
 7.93725
 4.3589
 8.60233
 10.1489
 8.48528
 7.4162
 8.3666
 10.9087
 9.05539
 7.34847
 9.64365
 6.9282
 9.84886
 7.93725
 11.7898
 11.7898
 9.32738
 6.7082
 12.8062
 2.44949
 8.12404
 6.9282
 13.1149
 4.24264
 7.4162
 5
 9
 2.44949
 8.18535
 8.66025
 10.8628
 2.44949
 8.66025
 10.3923
 11.5758
 8.544
 8.12404
 11.7898
 10.0499
 6.55744
 10.1489
 7.74597
 9.32738
 10.5357
 6.245
 11.7898
 8
 11.6189
 7.87401
 10.8167
 9.32738
 7.74597
 6
 9.27362
 7.34847
 10.6771
 8.42615
 10.7238
 8.66025
 8
 8.83176
 9.32738
 9.53939
 7.28011
 11.3578
 8.12404
 10.8628
 6.9282
 8.83176
 9.84886
 7.34847
 8
 8.12404
 10.3923
 8.88819
 8.66025
 10.4403
 9.84886
 8
 7.74597
 7.74597
 9.69536
 7.34847
 12.2066
 7.81025
 13.1149
 10.8167
 9.38083
 10.5357
 8.66025
 9.84886
 8.42615
 7.74597
 10.5357
 7.81025
 10.0995
 8.18535
 12.0416
 8.12404
 11.1803
 9
 8.12404
 10.4881
 10.4403
 12.083
 7.93725
 9.69536
 9.32738
 7.81025
 8.12404
 8.66025
 7.74597
 7.74597
 9.69536
 8.66025
 10.583
 8.544
 9.84886
 9.16515
 7.93725
 8.48528
 9.21954
 7.68115
 7.87401
 9.59166
 8.18535
 8.88819
 10.0995
 8.24621
 6.9282
 7.34847
 9.48683
 12.1655
 7.74597
 9.84886
 11.225
 10.4403
 12.3288
 8.544
 10.6771
 8.12404
 9.48683
 8.24621
 10.3441
 10.3923
 8.66025
 12.3693
 9.27362
 9.53939
 7.34847
 8.83176
 7.81025
 8.48528
 8.7178
 8.7178
 8.60233
 8.18535
 8.66025
 8.12404
 8.18535
 9.79796
 7.74597
 9.21954
 12.1655
 11.2694
 8.60233
 12.1244
 8.60233
 8.77496
 8.88819
 8.83176
 7.81025
 7.4162
 8.77496
 8.77496
 8.88819
 9
 12
 12.0416
 11.5758
 8
 8.66025
 9.16515
 12.6095
 7.74597
 12.2474
 12.4097
 7.34847
 9.53939
 24.8998
 8
 7.74597
 7.87401
 7.93725
 7.81025
 10.6301
 9.53939
 8.77496
 9.53939
 7.81025
 8.66025
 8
 9.27362
 7.81025
 24.5153
 8.60233
 7.81025
 23.1733
 9.05539
 8.66025
 8.66025
 15.5885
 8.66025
 8.66025
