 456.414
 0
 0
 2.23607
 2.23607
 0
 0
 2.44949
 0
 0
 0
 0
 0
 1.41421
 2.44949
 2.44949
 0
 0
 0
 0
 0
 1.73205
 1.73205
 1.73205
 3.31662
 0
 0
 0
 0
 0
 1.73205
 0
 0
 2.44949
 0
 2.44949
 1.73205
 1.73205
 3.4641
 0
 2.23607
 2.44949
 2.44949
 1.73205
 1.41421
 2.44949
 0
 3.31662
 1.41421
 4.12311
 2.23607
 1.41421
 2.44949
 0
 0
 1.41421
 1.41421
 2.82843
 2.44949
 1.41421
 1.73205
 0
 0
 2.44949
 2.44949
 2.44949
 0
 2.82843
 2.44949
 1.41421
 1.41421
 1.73205
 1.41421
 0
 0
 1.73205
 2.23607
 2.44949
 1.41421
 2.44949
 0
 2.23607
 1.41421
 1.41421
 0
 0
 2.44949
 2
 0
 1.73205
 2.82843
 0
 0
 3.31662
 2.44949
 2
 0
 0
 1.73205
 0
 0
 0
 0
 2
 2.23607
 0
 2.44949
 1.41421
 0
 0
 0
 2.44949
 0
 3.60555
 2.44949
 2.44949
 2.44949
 1.41421
 1.41421
 1.41421
 2.82843
 0
 2.44949
 0
 1.41421
 0
 2.44949
 1.41421
 1.73205
 0
 3.4641
 1.73205
 0
 3.31662
 0
 4.12311
 2.44949
 0
 0
 0
 0
 1.41421
 0
 2.44949
 2.82843
 2.44949
 0
 1.73205
 1.73205
 3
 3.4641
 1.41421
 2.44949
 0
 0
 1.41421
 1.41421
 3.31662
 2.23607
 0
 2.44949
 0
 2.44949
 0
 1.41421
 3.31662
 4.47214
 1.73205
 3.4641
 0
 2.44949
 2.82843
 1.41421
 1.73205
 0
 0
 0
 1.41421
 1.41421
 1.41421
 0
 3.4641
 0
 0
 0
 0
 1.73205
 2.82843
 3.31662
 3.31662
 0
 1.73205
 2.44949
 2.44949
 0
 1.41421
 1.41421
 1.41421
 1.41421
 2.44949
 2.44949
 0
 2.44949
 1.41421
 0
 0
 2.82843
 1.41421
 1.41421
 1.73205
 1.41421
 1.41421
 2.44949
 3.31662
 1.41421
 0
 2.44949
 2
 2.44949
 2.44949
 0
 1.41421
 0
 1.41421
 3.31662
 0
 1.73205
 3.31662
 3.31662
 1.41421
 1.73205
 0
 1.73205
 3.31662
 0
 0
 0
 0
 0
 0
 2.44949
 1.73205
 1.41421
 0
 0
 2.82843
 1.41421
 0
 1.73205
 2.82843
 1.41421
 1.41421
 0
 1.73205
 1.41421
 0
 0
 2.44949
 3.74166
 1.73205
 1.73205
 2.23607
 0
 1.41421
 1.41421
 2.44949
 3
 1.41421
 1.41421
 1.73205
 2.44949
 0
 0
 2.82843
 1.73205
 0
 3.4641
 2.23607
 3
 3.4641
 2.44949
 0
 1.73205
 3.74166
 0
 2.23607
 3.4641
 3
 3
 2.82843
 2.44949
 2.44949
 2.44949
 0
 1.41421
 0
 0
 1.73205
 0
 1.41421
 0
 2.44949
 1.73205
 1.41421
 2.44949
 0
 4.24264
 0
 3.74166
 1.73205
 0
 2
 4.12311
 1.73205
 0
 1.73205
 0
 0
 2.44949
 0
 3.74166
 0
 2.82843
 0
 0
 1.41421
 1.41421
 2.82843
 2.82843
 0
 3.31662
 0
 2.44949
 1.73205
 2
 3.31662
 0
 1.41421
 2.44949
 2.23607
 2.44949
 2.44949
 3.4641
 2.44949
 1.41421
 0
 4.47214
 2.44949
 4.12311
 1.73205
 0
 1.73205
 0
 3
 2.44949
 0
 2.44949
 0
 0
 0
 0
 2.44949
 0
 3.74166
 3.31662
 2.44949
 4.24264
 3.31662
 2.82843
 1.73205
 3.31662
 4.24264
 1.73205
 0
 3.4641
 2.82843
 0
 2.44949
 1.41421
 0
 0
 0
 0
 0
 0
 0
 2.82843
 0
 0
 0
 1.73205
 0
 1.41421
 2.23607
 3.31662
 0
 2.44949
 1.73205
 2.44949
 3.31662
 2.44949
 3.60555
 2.82843
 3.31662
 0
 0
 3.4641
 0
 4.24264
 0
 2.44949
 0
 0
 2.82843
 0
 3.4641
 1.41421
 3.31662
 4.12311
 3.74166
 2.44949
 3.31662
 2.44949
 2.44949
 0
 3.31662
 0
 0
 2.44949
 0
 1.41421
 0
 0
 1.41421
 2.44949
 4.24264
 2.44949
 0
 0
 1.73205
 3.31662
 2.44949
 1.73205
 1.41421
 1.41421
 0
 0
 1.41421
 1.41421
 0
 0
 0
 0
 0
 0
