 21.4942
 22.8473
 19.799
 21.7715
 29.9165
 31.4802
 31.4802
 28.5132
 34.8855
 36.2353
 41.7971
 33.8083
 34.5832
 48.0833
 25.9422
 39.9375
 45.288
 34.0441
 34.0588
 23.6008
 38.0789
 30.8221
 35.2987
 34.2345
 32.2645
 35.171
 35.7211
 37.6298
 35.2846
 42.6966
 38.5616
 41.7493
 39.3192
 33.8526
 29.9333
 33.1813
 27.9285
 31.496
 32.1403
 42.9069
 37.108
 48.0833
 39.1152
 29.5466
 46.7761
 36.5103
 27.2947
 33.8526
 36.565
 48.0416
 37.1618
 49.4469
 43.382
 39.3065
 48.2701
 40.025
 27.6043
 36.6333
 23.6008
 41.9404
 38.2361
 47.8226
 39.5348
 47.4131
 35.9026
 50.1797
 25.318
 35.8887
 43.1741
 48.7955
 40.9756
 52.4976
 41.0122
 51.2348
 41.6893
 49.1427
 29.7489
 42.8019
 23.4947
 45.3321
 50.1597
 52.7257
 39.064
 54.1756
 29.9165
 26.9815
 56.8771
 50.3488
 41.5452
 49.8096
 45.1996
 44.0341
 54.8088
 56.5243
 56.9298
 55.3263
 55.3263
 48.7442
 29.5635
 50.6458
 50.6458
 43.4626
 31.289
 28.1247
 47.5605
 42.107
 51.1957
 34.8712
 34.7275
 50.7937
 38.3275
 57.4456
 49.3761
 25.2982
 32.187
 47.2969
 56.4801
 31.8591
 30.5123
 30.5123
 49.1121
 49.1121
 49.1121
 49.7795
 44.6542
 52.7162
 41.7133
 41.7133
 39.8748
 58.0086
 46.3357
 40.025
 40.025
 56.1783
 32.1559
 32.1559
 39.3446
 51.225
 31.0483
 34.7707
 38.5357
 47.8748
 44.4635
 39.064
 46.0543
 32.1248
 24.5967
 45.3652
 44
 54.0185
 37.5633
 35.7071
 44.238
 38.6135
 54.0463
 27.258
 27.258
 41.2553
 61.0328
 34.8855
 31.1609
 23.7065
 0
 0
 0
 47.5289
 32.1714
 53.507
 53.5537
 34.7851
 46.465
 41.7373
 54.1295
 41.0853
 32.1714
 0
 0
 37.4566
 33.9411
 48.1352
 48.1352
 35.6511
 59.0931
 34.1906
 42.7668
 42.7668
 52.8961
 36.2905
 33.9706
 54.8635
 54.8635
 41.6893
 49.558
 34.5398
 34.8281
 34.8281
 37.4433
 51.672
 48.5695
 33.8969
 42.6497
 55.1996
 43.9545
 30.4795
 0
 0
 38.223
 31.1288
 34.8138
 59.9083
 34.1467
 34.1467
 35.9305
 53.6936
 50.8331
 33.9411
 34.0881
 52.2972
 38.3014
 47.8748
 34.7131
 61.9031
 36.1801
 48.156
 30.4631
 59.4895
 44.833
 36.9459
 33.8969
 54.2033
 31.6228
 38.1576
 32.187
 37.3631
 51.1762
 53.8609
 20.4206
 55.9464
 52.6498
 40.8167
 22.1585
 57.2014
 41.328
 43.7035
 25.04
 33.0303
 65.7267
 38.2361
 22.5832
 29.2062
 63.1823
 24.0416
 24.0416
 56.3205
 28.8791
 24.8596
 0
 0
 47.571
 24.5764
 40.8167
 63.3877
 49.4773
 25.2982
 42.332
 62.1772
 33.8231
 19.975
 43.2319
 60.025
 33.1813
 22.561
 22.561
 33.9117
 53.0094
 25.0599
 55.2178
 52.9245
 22.8692
 65.0308
 43.9886
 22.7816
 69.2604
 35.4119
 23.1733
 60.7618
 31.4166
 54.1664
 57.2887
 49.5984
 52.1632
 63.0317
 47.833
 30.8383
 62.9444
 32.1714
 58.2151
 58.4979
 50.5272
 51.1175
 50.3488
 69.7137
 43.3128
 28.8617
 69.6922
 35.623
 60.1997
 55.4346
 28.8964
 51.7687
 55.9464
 66.9477
 49.163
 66.1438
 34.3948
 58.9915
 58.9915
 61.6036
 50.9608
 55.9464
 52.2877
 73.0685
 43.1393
 69.6778
 26.8142
 58.1378
 52.5642
 45.913
 48.9796
 56.0535
 41.2311
 67.8233
 67.8233
 35.7071
 63.4586
 61.9597
 57.3149
 65.3605
 50.1498
 59.0762
 52.7826
 43.7493
 72.4776
 69.6276
 26.3629
 44.8107
 57.28
 56.0625
 56.0625
 44.7325
 73.9865
 67.0149
 56.6657
 65.7343
 40.2616
 62.7057
 63.1189
 49.6387
 49.93
 59.9166
 50.8527
 41.5572
 71.624
 62.7853
 28.4077
 36.1525
 36.8917
 49.5076
 63.3482
 60.3241
 48.9183
 42.3202
 42.3202
 56.9386
 63.7652
 59.203
 62.0645
 51.3225
 54.3139
 54.3139
 64.0859
 71.225
 52.8394
 64.8845
 31.4484
 47.0106
 35.0286
 52.0865
 39.8999
 46.1628
 52.5928
 41.3159
 50.5569
 68.0955
 48.0104
 58.2752
 45.2548
 45.2548
 46.1194
 65.0538
 42.0357
 70.3633
 70.3633
 38.3927
 35.6931
 40.9145
 36.5513
 54.9272
 54.9272
 45.6618
 45.6618
 47.833
 72.3533
 72.3533
 72.3533
 57.1577
 57.1577
 52.3737
 53.0566
 67.2309
 67.2309
 67.2309
 55.2721
 55.2721
 46.7012
 61.4573
 50.9019
 57.3672
 57.3672
 71.638
 36.8511
 46.7226
 72.7255
 60.6548
 47.5289
 61.7333
 47.085
 49.1223
 52.6308
 57.5239
 70.859
 51.4879
 62.2334
 62.2334
 62.2334
 62.2334
 62.2334
 54.5436
 54.5436
 54.5436
 54.5436
 54.5436
 54.5436
 54.5436
 54.5436
