 25.02
 26.0192
 26.3818
 17.8885
 24.3311
 29.1033
 28.688
 23.6643
 17.3781
 29.1719
 23.3452
 30.282
 29.1719
 22.561
 30.133
 30.1662
 22.8692
 30.133
 28.5132
 21.1187
 33.3766
 26.4197
 28.6007
 29.1204
 27.8209
 30.5614
 28.8444
 31.0805
 27.0924
 26.9815
 32
 26.096
 29.5973
 27.2764
 23.3024
 28.4253
 22.1359
 28.8271
 22.9783
 26.1151
 31.3369
 26.1534
 31.8277
 23.7065
 32.7261
 27.8029
 23.0217
 27.4408
 30.4138
 28.8271
 28.9137
 28.7924
 32.218
 29.7153
 33.8674
 31.607
 24.6982
 32.7261
 20.1494
 36.0694
 26.9815
 27.7849
 32.311
 29.9666
 31.7962
 35.7211
 20.2731
 26.096
 35.6511
 28.7402
 34.7851
 30.9839
 33.4216
 34.3948
 30.1662
 35.623
 26.0576
 34.4238
 19.8242
 38.7814
 38.5746
 29.5804
 32.8634
 33.2866
 26.0384
 20.9284
 40.2368
 39.95
 26.5518
 28.775
 36.973
 36.2491
 32.0936
 39.975
 37.3363
 44.3621
 44.3621
 37.3898
 22.9347
 43.1972
 28.688
 35.327
 24.8998
 20.8327
 32.218
 35.8329
 34.5832
 24.1454
 26.096
 27.8029
 32.2955
 32.4654
 34.1174
 20.8567
 21.4476
 32.9697
 38.1707
 25.1992
 19.1311
 19.1311
 39.128
 39.128
 39.128
 30.5287
 30.5287
 30.4302
 36.1248
 36.1248
 33.2566
 35.6511
 33.2415
 32.249
 32.249
 39.2046
 24.5357
 24.5357
 28.4781
 40.8534
 25.1992
 26.7769
 22.4944
 34.2053
 33.8378
 25.2785
 36.565
 25.7876
 17.4929
 31.5119
 37.4166
 39.1663
 22.6053
 24.6982
 32.28
 30.249
 31.3209
 19.2354
 19.2354
 30.7246
 37.1349
 28.8617
 17.4642
 17.8885
 0
 42.3556
 42.3556
 28.9137
 26.4197
 41.7013
 33.0303
 25.671
 30
 26.3629
 29.7489
 34.2637
 25.5734
 25.5734
 38.0132
 23.4521
 26.1343
 36.9594
 36.9594
 23.622
 41.2553
 27.6225
 30.8383
 30.8383
 39.1408
 24.5764
 26.6646
 41.3038
 41.3038
 28.6356
 40.2989
 20.8806
 25.2982
 25.2982
 27.8029
 41.1461
 27.8388
 27.2029
 30.7083
 27.8029
 33.3766
 23.9583
 23.9583
 42.0119
 27.8029
 24.6982
 25.5734
 44.2493
 28.0179
 21
 27.258
 44.3396
 30.4795
 23.6854
 24.8998
 27.258
 27.2029
 38.2884
 25.5343
 37.6962
 26.8142
 38.5357
 23.6432
 39.5348
 31.8434
 27.6948
 23.8537
 39.37
 24.2899
 30.692
 26.3249
 27.1293
 36.6197
 41.0853
 12.4499
 35.8887
 41.6173
 28.6531
 15.906
 31.8904
 32.8786
 30.282
 17.5784
 24.0416
 42.8719
 29.3258
 14.0712
 18.412
 44.6766
 20.199
 27.9285
 37.4299
 19.975
 18.4391
 0
 24.5764
 38.1838
 19.2873
 32.2335
 36.973
 37.921
 21.9317
 34.3948
 43.1161
 23.9792
 14.8997
 35.4683
 43.8406
 21.3307
 18.2483
 33.7935
 20.0998
 42.6146
 19.4165
 31.289
 43.1161
 18.6279
 35.9861
 33.3916
 20.6155
 44.7884
 26.4008
 11.0905
 44.1248
 21.7486
 41.7133
 39.9124
 38.7298
 25.865
 37.4833
 34.9428
 22.4277
 42.8836
 23.5797
 42.1545
 41.7373
 41.4849
 27.8209
 37.7624
 41.4729
 30.7896
 18.3303
 45.8585
 21.7715
 42.45
 33.8969
 18.2757
 22.9783
 43.852
 40.7063
 37.6165
 47.2546
 21.4243
 42.0476
 42.0476
 40.8901
 40.694
 27.9643
 39.064
 42.638
 33.121
 46.0109
 19.6977
 43.8862
 35.9722
 23.1948
 40.3113
 27.7308
 28.0357
 40.8656
 40.8656
 20.9523
 43.7264
 43.6119
 41.1704
 41.7373
 41.7493
 31.3847
 42.1663
 32.2025
 45.0888
 47
 18.6548
 28.688
 44.3734
 36.1386
 36.1386
 15.6844
 60.4979
 41.6053
 43.4626
 46.1952
 28.8271
 46.3789
 45.299
 28.8097
 42.5676
 32.7261
 38.8072
 32.0312
 47.7808
 45.3652
 20.9523
 20.8567
 23.516
 28.7576
 50.4777
 32.311
 35.7771
 20.9762
 20.9762
 44.7102
 44.0568
 41.0609
 45.1885
 27.5862
 44.7214
 44.7214
 51.7301
 48.621
 39.9625
 48.7032
 25.0599
 31.8748
 23.516
 33.0151
 27.1846
 22.4722
 38.7814
 19.5959
 36.1386
 46.7761
 33.8969
 43.1393
 26.096
 26.096
 37.027
 37.7889
 28.9482
 48.8979
 48.8979
 22.6495
 24.779
 27.1477
 27.7849
 39.9875
 39.9875
 20.9045
 20.9045
 24.7386
 63.2535
 63.2535
 63.2535
 38
 38
 40.8412
 32.8938
 43.9773
 43.9773
 43.9773
 42.7434
 42.7434
 34.641
 29.5635
 40.05
 39.7115
 39.7115
 49.5076
 19.0788
 22.8254
 47.8435
 40.4351
 34.7707
 49.6689
 35.8469
 36.2905
 38.8973
 44.317
 49.689
 30.4138
 46.0326
 46.0326
 0
 0
 0
 42.1189
 0
 40.0125
 40.0125
 0
 0
 0
 0
