 472.842
 35.9166
 36.606
 30.8545
 40.6325
 42.72
 42.72
 37.47
 38.0395
 43.7264
 39.598
 47.2758
 44.2606
 38.7685
 46.7761
 46.2061
 37.8682
 46.2061
 42.4382
 34.4384
 48.9898
 41.5211
 41.4367
 41.1947
 39.7995
 43.1509
 43.1393
 48.5489
 35.2562
 40.0375
 49.7695
 40.1123
 38.923
 40.5339
 40.6079
 42.9418
 37.1618
 44.1362
 37.8418
 38.4578
 48.5592
 38.1182
 52.259
 42.3792
 39.8873
 42.8836
 38.8458
 47.4236
 42.8019
 40.398
 47.1169
 41.2189
 50.3885
 49.7996
 46.465
 47.4658
 42.5793
 49.4874
 37.054
 52.6118
 44.3283
 45.1331
 53.6097
 42.9651
 51.6333
 49.7494
 37.51
 39.3954
 51.4296
 43.1277
 53.6377
 42.9884
 54.9454
 46.1736
 54.3231
 53.563
 46.7012
 53.2541
 37.7359
 59.2706
 50.6063
 45.4973
 55.3715
 45.3211
 45.4973
 40.05
 54.3323
 57.3062
 42.1426
 45.8803
 55.857
 58.7112
 46.8402
 66.9253
 51.7397
 67.5722
 67.5722
 55.8838
 47.1381
 52.5642
 53.8888
 57.7581
 48.7647
 39.2556
 55.1996
 59.3212
 51.3225
 51.923
 52.4595
 47.55
 57.2451
 49.98
 56.4181
 42.9302
 47.0319
 55.4256
 55.9285
 42.0951
 42.6146
 42.6146
 57.9914
 57.9914
 57.9914
 52.5357
 53.1977
 50.5668
 59.1016
 59.1016
 58.3438
 54.2863
 58.8897
 57.28
 57.28
 58.4209
 49.8297
 49.8297
 54.9636
 62.8411
 46.7226
 52.8867
 47.0319
 59.0847
 50.8232
 46.5725
 60.5475
 50.4975
 39.5474
 55.5518
 62.1932
 58.2495
 47.3181
 52.2685
 55.1634
 58.3866
 51.1468
 42.391
 42.391
 52.8961
 55.109
 53.6656
 39.6485
 43.8862
 43.8862
 61.0164
 61.0164
 55.3895
 50.1697
 63.4192
 55.6597
 53.9815
 50.5569
 47.655
 52.0384
 58.4123
 51.2835
 51.2835
 60.2495
 43.4971
 50.5272
 63.1902
 63.1902
 47.0425
 62.0967
 54.0185
 58.4294
 58.4294
 64.1093
 46.7868
 52.1153
 57.3236
 57.3236
 52.4976
 66.5282
 43.7607
 53.2071
 53.2071
 49.3862
 67.3498
 50.8724
 51.3712
 56.8243
 51.0784
 60.6712
 49.0612
 49.0612
 59.2368
 50.547
 52.9906
 53.2635
 62.0081
 49.93
 47.0213
 54.4518
 66.6183
 54.1756
 49.224
 52.8867
 49.7795
 51.672
 65.1767
 52.915
 59.1693
 52.8488
 65.9848
 49.7896
 59.9583
 57.9483
 55.6507
 52.4309
 65.9773
 50.8822
 54.7631
 50.5074
 48.5592
 57.1752
 69.2459
 29.6816
 59.4138
 70.3918
 52.1153
 31.9061
 54.3967
 55.9821
 62.554
 33.4066
 54.8726
 63.5453
 53.3198
 31.8591
 46.2601
 65.5362
 33.4365
 49.8799
 61.9839
 45.5851
 35.7631
 0
 48.9285
 66.106
 35.7491
 51.8266
 57.4195
 67.7422
 35.9305
 50.4083
 62.538
 56.0535
 31.0805
 48.518
 66.8506
 49.4672
 33.5112
 51.2933
 47.5815
 70.0857
 34.2637
 56.1605
 70.3776
 33.9559
 55.9732
 62.7375
 34.9285
 66.873
 55.3624
 27
 69.8284
 46.3897
 70.3491
 64.591
 69.2026
 50.1398
 57.4282
 65.307
 51.4004
 64.2884
 51.264
 65.9318
 66.2269
 69.0579
 53.591
 66.9552
 61.8223
 63.4114
 49.6991
 66.9253
 48.1352
 68.1616
 62.3859
 48.4149
 50.5866
 75.0999
 62.6498
 69.0072
 66.9701
 50.5371
 69.7065
 69.7065
 66.8805
 70.5053
 55.0545
 69.8713
 66.8805
 62.1852
 69.5629
 50.448
 71.7774
 57.7321
 49.2341
 68.2276
 49.9199
 57.9483
 62.6019
 62.6019
 51.0392
 65.169
 70.1855
 68.7241
 69.5629
 69.8642
 56.1605
 69.8856
 63.3246
 67.7717
 71.2741
 49.4166
 52.9434
 73.0069
 64.8845
 64.8845
 44.5533
 90.6697
 64.3351
 74.0068
 66.0833
 57.8792
 71.5891
 70.7814
 56.3738
 71.9792
 57.6455
 69.9071
 64.5601
 67.8086
 71.3442
 54.3783
 49.8598
 53.647
 57.4456
 79.6994
 55.7674
 64.4981
 50.3289
 50.3289
 73.4575
 64.3584
 67
 71.5821
 53.7401
 72.6705
 72.6705
 80.486
 71.3372
 67.8528
 73.8986
 55.2811
 57.7668
 52.5452
 59.3885
 56.5066
 50.5371
 59.5819
 50.1199
 67.1416
 68.6513
 62.9841
 69.3397
 53.8702
 53.8702
 66.8132
 63.4823
 59.3549
 69.5485
 69.5485
 49.558
 52.5452
 52.6973
 53.9444
 65.2227
 65.2227
 49.7494
 49.7494
 55.2178
 90.3936
 90.3936
 90.3936
 63.5531
 63.5531
 69.5485
 57.8187
 69.5701
 69.5701
 69.5701
 69.4262
 69.4262
 63.0952
 79.3221
 68.5857
 69.0145
 69.0145
 77.214
 50.2991
 53.7308
 69.152
 63.5689
 62.1772
 78.4793
 61.9355
 64.1093
 67.3573
 72.2911
 76.9805
 58.3866
 65.123
 65.123
 65.123
 65.123
 65.123
 69.0072
 69.0072
 100.025
 100.025
 100.025
 100.025
 100.025
 100.025
