 14.9666
 21.4942
 13.2288
 12.2882
 21.4942
 30.6594
 30.6594
 23.8118
 38.2492
 38.2492
 47.0956
 32.5269
 28.8271
 53.0943
 53.0943
 35.4824
 45.2548
 30.1662
 36
 10.9545
 28.4956
 21.7256
 42.0238
 39.3446
 29.6985
 30
 39.4968
 33.4664
 29.3939
 48.1248
 35.2278
 46.594
 36.0416
 19.105
 22.5832
 23.5797
 19.1311
 25.5539
 27.8029
 39.2428
 36.8375
 43.1972
 39.3954
 21.3542
 48.6929
 33.3766
 10.4403
 24.4336
 16.4924
 47.6235
 32.1714
 49.2037
 38.5876
 36.3456
 44.643
 27.8747
 25.8844
 28.3725
 8.7178
 41.1582
 33.2866
 44.238
 51.0882
 48.9081
 17.8326
 43.2088
 7.81025
 29.7153
 38.8587
 47.8853
 34.7994
 51.9615
 40.0999
 50.0999
 38.3667
 35.5949
 30.1496
 31.5911
 6.9282
 40.8534
 45.1442
 50.6557
 47.5184
 47.5184
 30.8383
 13.2665
 56.3116
 40.0375
 39.3065
 49.5379
 36.4966
 43.382
 56.3649
 68.1982
 54.8635
 52.6308
 52.6308
 35.8608
 41.7852
 42.0238
 42.0238
 34.0441
 42.0119
 14.5258
 54.7723
 41.4488
 48.8979
 43.8292
 47.1275
 49.4065
 48.3218
 55.2811
 49.689
 28.3373
 40.8656
 55.6417
 49.4571
 19.2094
 42.0357
 0
 41.328
 41.328
 0
 42.0238
 50.4083
 47.1275
 41.5572
 0
 0
 0
 44.5084
 49.6689
 0
 0
 44.7549
 0
 39.3065
 40.939
 26.0192
 43.7493
 43.7493
 43.7493
 43.7493
 38.2492
 36.4966
 44.6206
 10.5357
 10.5357
 42.3792
 49.4065
 49.4065
 48.6826
 48.6826
 47.9792
 52.5928
 39.0896
 0
 0
 0
 48.0625
 30.315
 10.9087
 0
 0
 0
 0
 45.607
 44.0114
 51.4296
 47.3181
 47.3181
 47.3181
 43.2551
 38.7943
 45.2659
 0
 0
 36.9324
 46.5833
 49.7795
 0
 37.0135
 54.7814
 47.3392
 41.2795
 0
 44.2606
 36.4829
 48.2908
 48.1871
 0
 39.7115
 42.6028
 26.9258
 47.1169
 0
 38.1838
 56.0535
 48.6313
 47.2229
 42.4264
 51.4587
 52.5071
 43.5431
 0
 0
 38.9872
 29.9666
 47.3286
 52.8678
 36.3043
 21.4709
 50.1398
 44.8219
 40.5339
 31.1288
 46.3681
 44.1248
 39.8623
 44.2719
 47.8435
 55.1815
 40.025
 57.1139
 45.4203
 51.3323
 44.5309
 36.1525
 47.4131
 43.1741
 21.7256
 41.6053
 45.5961
 35.4683
 40.3856
 48.2908
 48.2908
 56.285
 60.0666
 39.281
 20.8806
 57.2975
 42.6263
 53.5724
 22.6053
 33.541
 66.0681
 38.7814
 21.8632
 13.3041
 54.5252
 22.6274
 22.6274
 47.0425
 20.8806
 25.1992
 0
 41.0488
 39.0512
 25.1794
 42.638
 54.1479
 62.2093
 27.1477
 42.9069
 54.5894
 31.3528
 21.7025
 21.7025
 50.01
 14.8324
 21.7715
 21.7715
 26.9629
 47.4447
 25.1992
 47.0319
 61.0164
 23.4521
 63.4823
 54.2586
 24.0208
 69.9643
 42.0833
 24.2074
 51.672
 15.6525
 47.7598
 44.4747
 51.6914
 44.4522
 55.4437
 57.9741
 29.9833
 55.6597
 14
 49.224
 50.1697
 49.7996
 48.239
 54.0463
 68.4617
 54.4334
 28.4253
 66.9403
 17.1464
 46.4758
 44.317
 28.8791
 43.909
 69.1954
 60.2495
 52.3259
 58.8812
 25.2785
 50.1398
 50.1398
 53.8145
 53.5537
 58.6174
 64.3428
 71.8331
 53.0377
 68.4324
 27.7308
 44.6206
 41.2553
 38.1314
 57.7408
 49.2138
 55.1906
 60.9426
 60.9426
 24.3311
 51.1566
 53.301
 46.7761
 46.7761
 51.9423
 65.1613
 64.0937
 55.3353
 75.0333
 68.8259
 28.931
 36.6333
 49.5278
 41.7732
 41.7732
 34.5977
 34.5977
 59.1439
 50.5964
 59.5483
 24.454
 52.6403
 54.6077
 54.6077
 53.7401
 60.9918
 63.9609
 52.3163
 73.1163
 53.8981
 31.4802
 41.6773
 32.8938
 38.4578
 73.9121
 55.3534
 55.3534
 32.1403
 32.1403
 39.064
 59.7829
 49.1833
 54.2586
 56.0714
 54.1756
 54.1756
 76.6877
 76.6877
 64.1639
 62.8172
 35.819
 39.5727
 31.6386
 38.923
 47.8435
 36.1801
 36.1801
 35.4542
 51.5655
 54.8452
 34.0588
 50.6557
 48.2079
 0
 45.9347
 64.0781
 51.7494
 51.7494
 51.7494
 51.7494
 37.3497
 29.1204
 40.4104
 41.8091
 0
 48.5901
 48.5901
 52.4976
 70.5691
 70.5691
 70.5691
 51.7107
 51.7107
 47.244
 47.244
 47.244
 47.244
 0
 0
 0
 0
 0
 46.6369
 63.8436
 63.8436
 72.5534
 33.8969
 48.2908
 77.3369
 50.6656
 41.4005
 62.0564
 57.931
 58.8982
 58.8982
 62.5859
 62.5859
 52.2207
 52.2207
 52.2207
 52.2207
 52.2207
 52.2207
 55.6507
 55.6507
 55.6507
 55.6507
 55.6507
 55.6507
 55.6507
 55.6507
