 23.6008
 20.8806
 28.8617
 10.1489
 17.5784
 24.6982
 16
 20.6398
 15.906
 27.2764
 19.5448
 29.1033
 28.1069
 15.9687
 35.426
 35.8887
 16
 36.5103
 35.8469
 22.6716
 37.7359
 19.8242
 19.105
 28.688
 16.7332
 24.1661
 23.0868
 34.6843
 15
 18.2483
 38.4318
 18.3848
 16.8523
 19.799
 29.7658
 17.8326
 23.3452
 23.0434
 16.6433
 15.3297
 35
 19.0788
 39.6232
 30.0333
 18.303
 17.8326
 20.664
 19.1311
 16.5831
 16.6433
 24.5764
 16.8523
 33.541
 36.6333
 17.5499
 17.9165
 28.8964
 26.4953
 20.8806
 35.327
 17.8606
 18.412
 41.7732
 15.5563
 40.2492
 21.9773
 20.8567
 13.2288
 21.7945
 18.7883
 26.0576
 16.8226
 33.9853
 16.4924
 39.6106
 21.095
 36.0139
 24.1661
 20.9045
 37.2156
 19
 19.7231
 41.497
 20
 35.0856
 21.7486
 23.3666
 25.219
 10.1489
 18.0555
 25.2389
 35.3836
 17.6068
 17.6068
 20.8327
 45.9783
 45.9783
 19.8242
 11.7898
 32.0312
 32.0312
 26.0576
 11.7047
 17.9444
 17.088
 34.641
 16.7631
 18.2483
 14.4222
 15.6844
 42.3084
 19.0788
 17.8045
 27.0185
 10.3923
 16.3095
 24.0208
 15.6844
 3
 3
 21.7256
 21.7256
 21.7256
 16
 16.3401
 18.5742
 27
 27
 23.8747
 21.1187
 35.8748
 16.1555
 16.1555
 22.5832
 21.3542
 21.3542
 37.1483
 21.166
 35.7771
 20.2237
 19.0263
 24.4745
 17.1172
 7.81025
 25.318
 15.3623
 24.3311
 27.55
 40.8412
 21.9089
 19.799
 7.93725
 29.5127
 41.4849
 18.0555
 12.53
 0
 28.0179
 21.1424
 19.975
 10.4881
 28.6531
 0
 25.9037
 25.9037
 15.4919
 17.8885
 21.9317
 17.4642
 22.0681
 9.32738
 7
 17.2627
 24.3311
 18.1108
 0
 23.0651
 11.0454
 22.6495
 39.8121
 0
 15.1327
 21.7025
 18.7083
 42.1545
 0
 21.9317
 15.6205
 17.5214
 27.3496
 0
 18.6279
 31.9374
 14.3875
 13.1909
 0
 24.9199
 43.6234
 16.1245
 19.799
 29.6648
 15.6205
 42.6146
 16.4317
 0
 25.2982
 32.0468
 35.7071
 16.2788
 28.2666
 33.9706
 18.1934
 16.7033
 26.4386
 14.3527
 27.2947
 18.735
 11.225
 26.9444
 31.3688
 15.9374
 22.561
 27.9643
 41.5572
 14.5945
 21.0476
 25.4951
 38.0263
 16.2173
 21.9545
 30.4302
 28.0179
 19.7484
 19.799
 15.9687
 35.7071
 11.2694
 21.5639
 46.8081
 19.0788
 12.2066
 13.1529
 18.4932
 45.111
 13.8924
 37.3631
 26.1151
 17.8045
 12.6095
 19.1311
 28.3725
 14.7648
 15.3297
 21.1424
 11.2694
 14.2829
 0
 13.5277
 33.5857
 16.7929
 16.8523
 21.5639
 45.1774
 16.4621
 13.9284
 22
 38.2361
 13.2288
 19.799
 24.1868
 24.7184
 13.4907
 23.8747
 20.9045
 33.9264
 14
 20.8806
 47.7179
 14.0357
 19.4165
 45.3762
 15.1658
 27.2397
 39.9875
 13.2665
 24.2899
 14.7648
 26.2679
 22.891
 36.7151
 9.16515
 20.3961
 42.332
 30.4467
 24.5561
 20.445
 22.8254
 21.3542
 36.9459
 15.9687
 47.4236
 22.5167
 47.5815
 31.3209
 27.2029
 14
 22.5832
 19.105
 14.8324
 12.8841
 46.4866
 24.3721
 47.5079
 25.2785
 28.7402
 25.02
 25.02
 21.0476
 38.223
 7.81025
 49.7896
 26.2679
 48.0312
 26.1725
 34.3366
 23.6643
 13.9642
 8.12404
 30.8707
 13.7477
 34.2491
 23.388
 23.388
 21.5174
 24.4336
 21.4942
 24.2074
 25.219
 41.2795
 13.9642
 52.0961
 51.4296
 26.2679
 28.7402
 29.6479
 11.0454
 28.3901
 20.8806
 20.8806
 14.8324
 59.4138
 28.3373
 51.3712
 26.0192
 29.1376
 24.7992
 28.775
 28.775
 40.1995
 40.1995
 47.9479
 47.3181
 27.9464
 23
 34.9428
 15.6525
 16.7631
 18.9737
 51.3225
 19.6469
 40.5093
 18.1384
 18.1384
 40.9878
 23.7276
 24.8395
 23.1301
 23.1301
 44.8888
 0
 0
 0
 0
 25.3377
 43.7493
 14.7648
 18.1659
 14.7648
 30.0167
 23.1084
 19.0526
 22.1133
 34.6987
 29.4618
 20.9045
 22.5389
 15.6525
 15.6525
 34.2491
 34.2491
 40.7063
 40.7063
 40.7063
 40.7063
 35.6511
 14.8997
 20.347
 21.7715
 21.7715
 19.7737
 19.7737
 30.05
 63.7887
 63.7887
 63.7887
 19.105
 19.105
 35.609
 21.7715
 25.8844
 25.8844
 0
 0
 0
 43.9545
 62.8013
 39.2938
 25.1794
 25.1794
 36.9324
 17.3205
 27.258
 34.0147
 17.8606
 20.2485
 47.3392
 42.7902
 37.7227
 34.4529
 25.2982
 35.9861
 30.0832
 24.0208
 0
 0
 0
 0
 33.5112
 0
 0
 0
 0
 0
 0
 0
