 472.842
 37.8021
 33.8821
 33.8821
 33.8821
 33.8821
 33.8821
 33.8821
 33.8821
 33.8821
 33.8821
 33.8821
 33.8821
 33.8821
 33.8821
 33.8821
 43.8064
 43.8064
 43.8064
 43.8064
 43.8064
 43.8064
 43.8064
 43.8064
 43.8064
 43.8064
 43.8064
 43.8064
 43.8064
 41.5452
 41.5452
 45.4643
 45.4643
 45.4643
 45.4643
 45.4643
 45.4643
 45.4643
 45.4643
 45.4643
 45.4643
 44.5421
 44.5421
 44.5421
 45.1996
 46.9574
 46.9574
 50.6458
 47.7808
 47.7808
 47.7808
 47.7808
 47.7808
 47.7808
 47.7808
 52.2972
 52.2972
 55.5698
 55.5698
 58.7452
 58.7452
 58.7452
 58.7452
 49.163
 49.163
 55.2087
 55.2087
 55.2087
 56.4889
 48.2701
 48.2701
 47.9166
 47.9166
 50.9608
 50.9608
 50.9608
 50.9608
 55.5968
 55.5968
 60
 60
 51.4781
 51.4781
 51.8652
 51.8652
 51.8652
 58.3866
 61.4166
 61.4166
 61.4166
 60.1747
 62.153
 62.153
 74.6994
 56.0714
 56.0714
 56.0714
 57.9655
 54.4702
 54.4702
 54.4702
 54.4702
 54.111
 54.111
 63.0079
 63.0079
 63.0079
 60.3158
 58.8558
 53.3573
 53.3573
 55.7674
 64.0937
 64.0937
 53.4135
 61.5873
 60.0083
 60.0083
 50.7642
 50.7642
 61.8789
 61.8789
 61.8789
 61.8789
 59
 56.0803
 56.0803
 56.0803
 64.9461
 64.9461
 62.6259
 64.3195
 64.3195
 64.5368
 55.7315
 55.7315
 55.7315
 68.5274
 68.5274
 59.975
 54.7266
 63.6475
 50.3786
 53.8795
 69.152
 56.542
 56.542
 60.8933
 72.4638
 72.4638
 54.754
 59.0847
 59.8247
 59.8247
 55.7674
 49.2138
 49.2138
 56.5774
 56.5774
 59.1016
 46.6047
 46.6047
 46.6047
 46.6047
 0
 0
 0
 0
 0
 0
 0
 0
 0
 0
 0
 0
 0
 0
 0
 0
 0
 0
 0
 0
 0
 0
 0
 0
 0
 0
 0
 0
 0
 0
 0
 0
 0
 0
 0
 0
 0
 0
 0
 0
 0
 0
 0
 0
 0
 0
 0
 0
 0
 0
 0
 0
 0
 0
 0
 0
 0
 0
 0
 0
 0
 0
 0
 0
 0
 0
 0
 0
 0
 0
 0
 0
 34.9428
 34.9428
 34.9428
 58.5491
 36.318
 61.0164
 61.0164
 61.0164
 37.3631
 61.0082
 69.527
 60.6383
 36.6742
 54.8817
 74.9333
 37.9342
 56.2672
 56.2672
 52.8583
 38.2099
 38.2099
 38.2099
 72.9452
 39.7995
 39.7995
 39.7995
 39.7995
 38.4968
 38.4968
 38.4968
 38.4968
 34.7707
 34.7707
 74.9733
 74.9733
 37.1214
 37.1214
 37.1214
 77.8653
 36.8782
 64.304
 64.304
 37.6298
 66.2571
 66.2571
 38.223
 73.8309
 73.8309
 33.0454
 76.6877
 58.0086
 77.8075
 75.1931
 75.379
 75.379
 75.379
 70.8308
 57.3236
 57.3236
 57.3236
 57.3236
 57.3236
 77.4274
 60.2993
 60.2993
 70.3847
 70.3847
 70.3847
 75.6175
 59.3633
 59.3633
 59.3633
 56.7627
 56.7627
 80.895
 80.895
 74.9533
 74.9533
 74.9533
 74.9533
 74.9533
 74.9533
 77.4855
 77.4855
 77.4855
 73.9256
 73.9256
 73.9256
 73.9256
 79.404
 69.8642
 69.8642
 76.9935
 76.9935
 67.7569
 67.7569
 67.7569
 67.7569
 74.7128
 74.7128
 74.7128
 78.4283
 78.4283
 78.4283
 78.4283
 78.4283
 78.4283
 78.4283
 78.4283
 78.4283
 78.4283
 78.4283
 78.4283
 78.4283
 78.4283
 78.4283
 78.4283
 78.4283
 68.4617
 68.4617
 68.4617
 64.3428
 64.3428
 64.3273
 64.3273
 64.3273
 75.6769
 75.6769
 75.6769
 75.6769
 75.6769
 75.6769
 75.6769
 75.6769
 75.6769
 75.6769
 75.6769
 75.6769
 75.6769
 75.6769
 75.6769
 63.7966
 63.7966
 63.7966
 63.7966
 79.3725
 79.3725
 79.3725
 79.3725
 79.3725
 79.3725
 79.3725
 79.3725
 79.3725
 79.3725
 79.3725
 79.3725
 79.3725
 79.3725
 79.3725
 79.3725
 79.3725
 79.3725
 79.3725
 79.3725
 81.7618
 81.7618
 58.7622
 58.7622
 58.7622
 62.8808
 62.8808
 62.8808
 62.8808
 62.8808
 62.8808
 62.8808
 62.8808
 62.8808
 62.8808
 62.8808
 62.8808
 66.9179
 80.2247
 80.2247
 80.2247
 80.2247
 80.2247
 80.2247
 87.4528
 87.4528
 87.4528
 87.4528
 87.4528
 87.4528
 87.4528
 87.4528
 87.4528
 87.4528
 87.4528
 87.4528
 87.4528
 87.4528
 87.4528
 87.4528
 87.4528
 87.4528
 87.4528
 87.4528
 87.4528
 87.4528
 87.4528
 87.4528
 87.4528
 87.4528
 87.4528
 87.4528
 87.4528
 87.4528
