 11.4455
 15.9687
 11.5758
 11.7898
 11.7898
 16.1245
 17.0294
 14.8661
 14.3527
 17.4356
 15.906
 15.3948
 11.6189
 14.9666
 16.8523
 17.7764
 14.7309
 14.7648
 11.0454
 7.74597
 18.7617
 11.0905
 17.7482
 17.8885
 12.9228
 16.3095
 22.1133
 18.3848
 13.3041
 19.6469
 17.2047
 18.4662
 16.6733
 14.7986
 9.21954
 12.7671
 8.18535
 14.4222
 10.4403
 14.3875
 17.1464
 18.7083
 14.1774
 5.47723
 18.303
 15.4272
 6
 15.6205
 14.2829
 16.6733
 14.7648
 17.0587
 16.8226
 16.1245
 19.2354
 16.4924
 10.5357
 17.1464
 2.44949
 17.3205
 11.2694
 18.4391
 15.4272
 19.4936
 14.6969
 21.2838
 4.24264
 7.07107
 21.3073
 19.799
 19.8494
 19.1311
 18.5742
 18.2209
 17.2916
 20.025
 14.1067
 16.4621
 1.73205
 19.2354
 17.8885
 19.0263
 15.6205
 21.9545
 10.583
 2.23607
 23.6643
 22.6936
 6.245
 18.6279
 19.1833
 16.7033
 19.975
 14.7648
 21.6795
 23.7697
 23.7697
 20.025
 11.1355
 22.0907
 17.3494
 20
 9.84886
 2.44949
 14.7648
 17.1464
 17.8885
 6.9282
 12.7279
 17.1172
 15.6205
 20.8327
 15.7162
 3.4641
 10.8167
 16.4924
 20.9284
 4.89898
 7.93725
 0
 21.7256
 21.7256
 21.7256
 14.7309
 14.7309
 20.1742
 20.6155
 20.6155
 16.6433
 21.7486
 17.3494
 14
 14
 23.4947
 12.083
 12.083
 15.6525
 20.8327
 13
 14.7648
 8.66025
 16.7631
 15.6525
 12
 17.4356
 12.4097
 10.0499
 16.2481
 21
 19.975
 7.81025
 7
 16.3401
 13.6748
 19.4679
 8.24621
 8.24621
 16.3095
 22.6053
 13.6748
 5
 7.34847
 0
 24.6982
 24.6982
 14.7648
 15.9374
 21.7715
 17.3205
 10.4403
 27.6948
 19.6214
 20.2731
 17.5499
 12.6491
 0
 23.4521
 18.3848
 15.4919
 18.6011
 0
 9.69536
 22.2935
 8.12404
 17.4642
 0
 20.8327
 12.0416
 8.83176
 22.5832
 0
 13
 21.8403
 1.41421
 6.48074
 0
 10.3923
 19.2614
 13.4164
 14.7986
 14.2829
 19.7484
 15.9374
 10.583
 0
 24.3721
 13.1149
 13.2288
 8
 23.8328
 16.4621
 0
 8.12404
 24.7184
 14.5258
 9.69536
 7.4162
 18.9737
 10.5357
 21.7025
 7.93725
 24.3516
 8.12404
 19.5959
 3.4641
 21.095
 12.8841
 13
 6.16441
 20.9762
 9.69536
 12
 16.7033
 12.1244
 15.1327
 23.5797
 17.5784
 20.6155
 21.5639
 13.1149
 14.3527
 19.5192
 16.7929
 15.9687
 14.8661
 15.6205
 26.1534
 15.5242
 15.3623
 5.38516
 23.5797
 14.8997
 12.0416
 21.4709
 0
 14.8661
 0
 15.2315
 18.6548
 16.6733
 15.1658
 23.5797
 19.975
 15.6205
 14.7986
 22.7816
 11.7473
 15.5885
 19.5448
 24.2899
 4.47214
 13.9284
 21.587
 9.53939
 22.6274
 14.7309
 20.4939
 21.7256
 13.1149
 22.7156
 15.9374
 13.8564
 26.7021
 15.3948
 16.5831
 22.5832
 0
 22.561
 22.5389
 19.4936
 16.6433
 22.7816
 18.3848
 7.34847
 22.7596
 4.12311
 21.8174
 20.6155
 21.7486
 18.4391
 18.4391
 26.0576
 15.5885
 10.3923
 24.454
 0
 22.7596
 17.8885
 0
 14.2127
 23.8956
 23.2379
 18.6011
 25.2982
 1.73205
 21.8403
 21.8403
 21.4709
 20.6155
 19.0788
 21.2603
 26.9815
 19.1311
 23.1301
 16.5529
 23.8956
 16.2173
 10.4403
 20.6398
 16.7929
 7.4162
 24.4949
 24.4949
 1.41421
 23.0651
 21.0713
 21.7945
 27.9821
 21.4243
 20.2731
 22.1811
 17.3781
 26.5707
 23.8747
 7.93725
 7.68115
 25.2587
 20.9284
 20.9284
 15.1987
 35.1283
 24.7386
 24.3105
 24.98
 8.60233
 24.2899
 22.6053
 18.4662
 20.199
 20.1494
 18.0555
 17.3781
 26.9444
 23.8537
 14.7648
 5.09902
 4.58258
 19.6723
 23.3452
 19.2354
 8.60233
 2.23607
 0
 27.6406
 23.3666
 22.6053
 25.04
 16.0624
 23.388
 23.388
 32.2955
 25.3377
 22.5389
 25.9422
 20.567
 9
 8.18535
 16.7033
 5.19615
 14.4222
 18.1659
 2.23607
 8.7178
 25.5343
 13.0767
 21.7025
 8.88819
 8.88819
 21.1424
 24.3311
 10.0995
 28.2843
 28.2843
 15.843
 9.38083
 3
 8.77496
 22.2261
 22.2261
 15.3948
 15.3948
 7.68115
 18.5472
 18.5472
 0
 18.5472
 18.5472
 21.9773
 16.6433
 28.6531
 0
 0
 17.2337
 0
 12.3288
 23.3452
 17.9165
 22.9783
 0
 27.4226
 6.78233
 12.7671
 27.4226
 19.2614
 14.7648
 28.7228
 15.3623
 10.6771
 13.5277
 22.8473
 27.1109
 15.6205
 24.8797
 0
 0
 0
 0
 21.9545
 0
 23.4307
 0
 0
 0
 0
 0
