 20.8087
 13.9642
 23.4094
 3
 3.4641
 11.3578
 4.12311
 11.2694
 1.41421
 1.41421
 6.48074
 27.9821
 27.8568
 2.44949
 31.8748
 34.7851
 9.59166
 27.9464
 32.1559
 16.6733
 28.8791
 6.85565
 2.44949
 20.025
 2.64575
 2.44949
 6.9282
 26.9815
 0
 3.4641
 29.5296
 3.4641
 11.0905
 0
 24.779
 1.73205
 18.7883
 17.3494
 11.0454
 0
 28.6705
 0
 32.249
 25.671
 8.544
 9.16515
 18.412
 1.41421
 7.34847
 0
 11.4455
 7
 26.0768
 33.5559
 3.4641
 3
 29.1548
 6.7082
 23.3238
 32.4037
 11.7898
 3.74166
 34.1614
 0
 35
 21.6795
 24.5561
 10.8167
 18.3848
 4.12311
 10.0995
 12.8841
 22.561
 2.44949
 32.2645
 7.68115
 39.2938
 21.4476
 29.4788
 29.4788
 3.4641
 0
 34.7994
 10.5357
 37.3095
 25.2587
 27.0185
 21.7256
 12.1655
 2.44949
 8.12404
 22.7596
 16.6733
 16.6733
 6
 35.2704
 0
 3.74166
 4.12311
 40.3856
 40.3856
 22.7596
 22.7596
 23.9792
 6.9282
 28.775
 1.73205
 1.73205
 0
 0
 35.2987
 15.1327
 8.60233
 37.3363
 2.44949
 7.14143
 28.8617
 21.5407
 2.44949
 0
 22.9565
 0
 0
 4.24264
 7.81025
 1.73205
 13.6382
 13.6382
 14.3178
 18.5742
 20.8806
 2.44949
 0
 4.3589
 4.3589
 0
 33.9559
 5.47723
 40.4722
 16.4924
 0
 27.9285
 9.53939
 2.23607
 21.0238
 6.245
 33.8378
 26.0768
 29.2062
 5.09902
 6.08276
 21.2838
 27.7489
 38.1707
 1.41421
 8.7178
 0
 26.9072
 19.6723
 12.1244
 12.1244
 35.9722
 0
 31.3209
 31.3209
 1.73205
 6.55744
 21.9545
 2.44949
 10.3923
 4.89898
 0
 5.19615
 7.4162
 8.83176
 0
 22.7156
 6.9282
 7.74597
 27.074
 0
 12.9615
 6
 13.5647
 41.7493
 0
 3.4641
 13.0384
 8.42615
 40.2741
 0
 13.9642
 27.9643
 19.4165
 11.3137
 0
 0
 33.4066
 6.9282
 10.3923
 23.5372
 6.32456
 38.3797
 8.83176
 0
 28.4253
 26.1151
 42.1663
 9
 33.7787
 26.4575
 24.5561
 18.303
 26.1534
 6
 22.7816
 20.9523
 15.5242
 17.6918
 15.0997
 8.60233
 20.3715
 20.8806
 28.6705
 7.74597
 0
 15.6525
 39.6485
 11.6189
 7.34847
 37.6165
 19.5704
 9.59166
 8.88819
 6.32456
 26.5707
 5.47723
 3.4641
 35.5387
 7.93725
 3.4641
 15.6205
 7.07107
 42.5793
 9.53939
 45.4973
 33.0303
 0
 8.18535
 30.0666
 33.3617
 9.53939
 1.73205
 0
 7.81025
 12.1244
 0
 12.9615
 17.2337
 18.3303
 5.19615
 25.2389
 36.524
 12.2066
 1.41421
 5.47723
 43.5431
 13.4536
 24.2281
 4.3589
 32.6956
 1.41421
 23.5584
 27.7128
 29.6142
 13.0384
 1.73205
 37.3095
 10.9087
 22.1359
 44.0795
 16.4924
 36.6606
 47.8853
 5.74456
 34.0441
 26.0384
 13
 0
 24.3311
 16.7332
 21.5639
 36.2629
 40.9756
 24.6577
 30.1496
 20.3224
 2.82843
 27.313
 0
 38.1576
 28.8617
 50.01
 45.1664
 39.7492
 22.891
 0
 2.44949
 8.12404
 5.2915
 35
 27.6043
 42.638
 3.31662
 36.6879
 23.3024
 23.3024
 0
 35
 1.41421
 40.7799
 33.8526
 52.1632
 38.7427
 50.0799
 3.4641
 12.2474
 17.1756
 19.8494
 20.8327
 24.8998
 24.8998
 24.8998
 33.9117
 6.9282
 6
 22.9129
 1.73205
 28.3196
 9.74679
 41.0731
 55.6776
 31.8119
 37.4299
 40.7308
 14
 39.4462
 1.41421
 1.41421
 0
 40.1373
 30.7734
 48.2286
 5.47723
 33.4216
 0
 26.0384
 26.0384
 28.8271
 28.8271
 35.6931
 54.8361
 30.3809
 0
 48.1871
 24.8998
 1.41421
 0
 34.176
 21.4476
 29.5635
 28.688
 28.688
 37.6962
 22.7816
 20.9523
 2.44949
 2.44949
 28.9137
 0
 0
 0
 0
 2.44949
 2.44949
 12.8841
 2.44949
 3
 16.8523
 15.1327
 2.64575
 29.7321
 32.8786
 32.8786
 18.6279
 1.73205
 4.89898
 4.89898
 23.6008
 23.6008
 31.3209
 31.3209
 31.3209
 31.3209
 49.4773
 15.6205
 5.38516
 1.41421
 1.41421
 6.85565
 6.85565
 29.9666
 60.1831
 60.1831
 60.1831
 60.1831
 60.1831
 32.8024
 2.44949
 11.2694
 11.2694
 0
 48.7134
 0
 47.9062
 53.9166
 41.9166
 41.9166
 41.9166
 27.8568
 33.0454
 22
 22
 0
 6.9282
 28.9137
 32.1559
 38.7427
 33.0303
 2.44949
 27.9285
 14.7986
 0
 0
 0
 0
 0
 21.1424
 0
 0
 0
 0
 0
 0
 0
