 480.362
 8.66025
 8.66025
 17.2047
 22.383
 14.7648
 14.7648
 16.4012
 18.3303
 24.5357
 19.0526
 20.8806
 17.8885
 20.199
 14.2127
 19.6214
 19.8242
 17.3205
 17.7764
 17.2047
 12.8841
 18.4391
 18.6011
 14.2478
 16.7332
 16.3095
 14.1421
 15.9687
 17.1756
 17.8326
 17.4929
 20
 17.3494
 17.5214
 18.7617
 19.5448
 18.2209
 19.2354
 20.3224
 20.5913
 17.4642
 22.7596
 18.5472
 19.6723
 18.6279
 19.4679
 19.6214
 20.7846
 15.9687
 20.6155
 21.0476
 20
 19.2094
 22.0907
 17.3494
 19.975
 23.5584
 20.347
 20.9523
 19.4679
 22.9129
 23.6854
 22.2261
 20.6155
 19.3132
 20.2237
 18.3576
 19.5192
 19.105
 20.4695
 20.7846
 20.9762
 21.6564
 20.0749
 22.2935
 20.8806
 22.4499
 20.8327
 19.799
 20.8567
 21.1424
 26.9444
 22.5832
 24.5764
 22.1133
 22.1359
 19.975
 20.8327
 21.8861
 22.8254
 21.7256
 23.4734
 21.0476
 21.0476
 20.8327
 22.8692
 37.3229
 19.1311
 30.3974
 22.5832
 0
 23.4307
 29.1376
 22.8035
 31.686
 22.561
 25.5147
 37.3631
 33.2716
 27.8388
 25.4951
 26.8701
 33.1361
 22.3159
 22.3159
 29.3428
 24.3311
 23.7697
 32.7109
 32.7109
 21.8403
 30.5778
 30.5778
 29.6142
 29.3087
 28.688
 26.1343
 26.1343
 34.3802
 26.9072
 24.3721
 30.5123
 30.5123
 27.0924
 30.692
 30.692
 25.1992
 27.4226
 25.318
 25.318
 25.318
 25.318
 17.4356
 17.4356
 32.0624
 30.4631
 23.0868
 23.0868
 29.0345
 25.865
 25.865
 35.0286
 35.0286
 32.1559
 27.8747
 29.7658
 29.7658
 27.5681
 27.7669
 32.249
 32.249
 28.6356
 0
 26.1151
 32.1403
 32.1403
 30.6431
 26.7395
 31.289
 34.3948
 28.9137
 33.5261
 32.5269
 27.2397
 31.273
 31.273
 30.8383
 31.607
 33.541
 28.688
 28.688
 32.078
 29.5296
 33.1361
 28.7402
 28.7402
 32.0312
 32.218
 31.607
 27.8209
 27.8209
 32.0312
 30.3974
 27.8747
 34.8138
 34.8138
 29.1033
 29.3939
 29.7153
 30.8383
 32.4962
 31.289
 32.249
 32.5883
 32.5883
 30.3809
 27.8568
 32.1559
 33.1813
 26.9629
 27.7849
 33.8674
 34.4529
 27.1662
 33.9559
 27.9285
 35.0286
 34.1614
 28.7402
 31.305
 34.2637
 34.0881
 31.241
 29.5804
 31.8748
 32.218
 30.4302
 28.7228
 34.1028
 33.3167
 28.7576
 26.9629
 29.3428
 27.7849
 29.5804
 34.4384
 34.4384
 29.5296
 31.9061
 27.8388
 27.8388
 29.6142
 29.6142
 32.5576
 32.5576
 32.2645
 30.4959
 29.1548
 29.1548
 34.7419
 28.3196
 28.3196
 27.3861
 34.7707
 31.1769
 31.1769
 31.1769
 31.5278
 33.3766
 33.3766
 17.8606
 32.2645
 33.8969
 33.8969
 17.2916
 29.7321
 33.9264
 33.9264
 15.5563
 31.8434
 32.1248
 32.1248
 18.1108
 33
 31.0483
 31.0483
 32.1559
 30.8869
 30.8869
 33.1512
 32.249
 32.249
 33.0606
 33.0303
 33.0303
 33.9559
 33.9559
 34.7275
 35.8887
 33.4515
 35.1426
 34.2491
 33.9411
 31.3209
 34.9285
 29.5973
 35.242
 31.3209
 35.2562
 32.1559
 34.3802
 34.7707
 35.0856
 33.9411
 34.2637
 34.7563
 34.7707
 35.7211
 34.7707
 34.3074
 36.2215
 33.2866
 34.8138
 30.545
 34.7994
 35.2704
 34.7419
 34.7563
 34.4093
 33.9559
 33.7194
 34.8712
 34.8281
 34.8138
 34.7707
 35.6371
 37.3497
 35.7911
 36.4692
 34.7994
 35.5949
 35.6791
 35.0286
 35.6511
 35.0856
 35.6651
 36.8239
 34.7275
 36.9459
 33.9411
 35.2562
 35.0143
 34.0881
 36.973
 35.5949
 35.6791
 36.647
 35.7491
 34.9571
 34.7994
 35.3977
 34.8425
 34.7994
 30.6268
 34.8855
 34.7707
 36.5924
 34.7563
 35.7631
 35.0143
 35.2987
 35.8469
 35.0999
 35.9861
 35.623
 35.6511
 36.2905
 35.7211
 36.1525
 34.7994
 34.8855
 34.8568
 34.7707
 35.6371
 33.1059
 35.9722
 36.4555
 37.3765
 35.0143
 35.327
 36.1109
 35.6931
 34.7851
 35.4683
 34.7994
 35.6511
 35.5528
 36.4966
 34.5977
 35.6791
 35.0143
 34.9571
 35.6371
 32.573
 36.5377
 34.7707
 34.1906
 36.565
 35.805
 37.8418
 35.2562
 34.4093
 33.3017
 37.2961
 35.6371
 35.5949
 33.3167
 35.6931
 32.4654
 35.6791
 33.1813
 35.9166
 34.3802
 35.9026
 36.0555
 35.6651
 32.9393
 36.2767
 33.5559
 37.3095
 34.7851
 31.6544
 33.3317
 31.0644
 35.6511
 29.9833
 34.8281
 38.3145
 29.7153
 36.5513
 52.5167
 36.524
 34.8999
 35.6511
 34.8281
 34.1614
 35.0286
 34.7707
 34.7131
 35.6651
 35.6371
 36.7151
 36.8646
 32.1714
 47.8226
 47.8226
 34.8999
 34.176
 34.176
 35.6511
 30.7246
 34.8855
 39.1535
 39.95
 39.95
