 0
 23.4307
 23.4307
 15.906
 15.906
 25.6905
 0
 15.906
 20.7364
 4.3589
 16.1245
 19.1833
 19.1833
 17.4929
 17.4929
 23.6432
 19.975
 20.1246
 26.0576
 26.9444
 26.9444
 27.9106
 21.8174
 21.8174
 18.0831
 16.6433
 16.6433
 18.2757
 18.2757
 18.2757
 16.5529
 15.4272
 11.7473
 26.3059
 19.2614
 26.0192
 20.8087
 25.1992
 23.6008
 18.735
 16.4924
 12.2882
 13.8564
 20.0998
 12.8452
 25.593
 25.1794
 22.561
 21.4709
 15.8745
 24.5153
 19.4679
 17.3781
 15.7162
 14.4222
 25.8844
 20.9523
 27.7489
 23.4307
 21.9089
 25.2587
 15.1327
 15.1327
 11.6189
 15.3948
 23.622
 20.9045
 23.4094
 26.3629
 19.6723
 13.8924
 19.8746
 19.105
 14.3527
 15.6844
 22.2711
 20.4695
 23.7276
 23.4734
 23.1517
 25.0599
 15.9687
 15.9687
 13.7113
 24.3311
 27.9643
 19.4165
 26.1343
 28.3373
 22.891
 13.6015
 12.0416
 17.9444
 17.9444
 20.199
 20.199
 12.2882
 25.318
 11.5758
 16
 0
 14.3527
 7.93725
 27.6043
 27.6043
 29.1376
 25.8457
 9.69536
 8
 16.5529
 17.088
 14.8997
 27.0924
 27.0924
 27.0924
 26.1343
 26.1343
 27.0924
 8.66025
 0
 28.7924
 6.245
 6.245
 24.4745
 22.2935
 17.1172
 14.3178
 14.3178
 11.225
 17.8885
 19.1311
 9.53939
 9.53939
 20.9284
 8
 8
 16.6132
 32.5115
 26.1151
 26.1151
 26.1151
 26.1151
 10.7238
 10.7238
 17.088
 8.7178
 26.5707
 26.5707
 30.8221
 30.1164
 30.1164
 7.81025
 7.81025
 16
 20.3224
 7.81025
 7.81025
 22.383
 19
 7.81025
 7.81025
 11.7473
 0
 19.2614
 33.8969
 33.8969
 9.53939
 33.7639
 28.3549
 9
 21.5407
 28.3549
 25.807
 23.3452
 8.66025
 0
 24.6779
 28.3373
 9.64365
 15.6525
 15.6525
 32.249
 23.9792
 7.81025
 20.8567
 20.8567
 35.426
 34.1906
 8.66025
 22.561
 22.561
 32.249
 30.315
 29.6648
 8.66025
 8.66025
 31.8119
 35.1852
 24.8797
 8.60233
 33.4066
 16.6132
 17.72
 10.1489
 10.1489
 21
 27.258
 30.7083
 7.81025
 29.1548
 22.1585
 35.7771
 8.18535
 33
 31.1448
 22.9565
 10.7238
 24.6779
 20.9523
 21.4476
 8.48528
 22.1585
 24.1868
 11.6189
 8.83176
 20.9523
 20.9045
 20.9045
 8.66025
 36.9188
 28.2666
 18.1384
 7.81025
 19.105
 31.0322
 35.2136
 35.2136
 24.0624
 14
 17.0294
 17.0294
 14.9332
 14.9332
 15.1658
 15.1658
 15.1658
 15.4596
 23.7065
 23.7065
 37.3363
 33.9706
 33.9706
 19.1311
 30.3974
 33.9411
 33.9411
 33.9411
 25.923
 25.632
 25.632
 13.2665
 19.8242
 14.4222
 14.4222
 7.61577
 23.4307
 23.4307
 23.4307
 23.4307
 37.3229
 34.7851
 34.7851
 34.7851
 34.8568
 31.5436
 31.5436
 19.1311
 14.0357
 14.0357
 16.5831
 16.5831
 16.5831
 20.2978
 18.1384
 18.1384
 38.1051
 39
 35.8748
 32.4962
 25.671
 23.3452
 19.7231
 19.7231
 19.7231
 20.8567
 35.805
 38.8587
 30.692
 32.4191
 19.0263
 19.0263
 18.4662
 18.4662
 32.7414
 18.4932
 36.6742
 39.7744
 30.1662
 35.3129
 22.5389
 16.0935
 27.6225
 27.6225
 27.7308
 35.9861
 36.647
 35.8469
 30.2655
 25.2785
 17.8045
 17.8045
 15.9374
 15.9374
 16.9115
 31.4643
 39.2046
 38.1969
 27.6767
 23.8328
 20.025
 17.8326
 24.6982
 29.9833
 37.7359
 24.5561
 33.0151
 34.5398
 21.5174
 28.9482
 17.5499
 17.5499
 17.5499
 19.0526
 34.0441
 34.2929
 31.8904
 39.4968
 25.219
 34.2199
 21.7715
 21.7715
 28.2843
 30.5778
 29.2062
 38.2099
 30.0832
 39.064
 25.5343
 26.9258
 17.1172
 17.1172
 17.1172
 16.3401
 39.1024
 29.7825
 31.9061
 29.1719
 28.3725
 28.3725
 20.0499
 20.0499
 18.7883
 18.7883
 38.7814
 27.9821
 37.6431
 31.289
 17.3494
 26.7208
 19.0263
 18.3848
 15.906
 15.906
 17.088
 26.9629
 34.8712
 22.383
 31.0805
 31.0805
 22.9347
 22.9347
 19.3907
 19.3907
 24
 34.9428
 24.9199
 21.587
 17.8885
 27.4773
 19.0788
 19.0788
 18.5742
 18.5742
 19.6469
 19.6469
 33.7046
 26.4575
 32.311
 18.3848
 28.0535
 28.0535
 16.4924
 16.4924
 20.2237
 20.2237
 25.6515
 24.3926
 33.0757
 16.8523
 19.3907
 24.8395
 17.5784
 17.5784
 25.7682
 25.7682
 31.8904
 34.2637
 30.7571
 30.7571
 24.7184
 24.7184
 19.0263
 15.8745
 29.3939
 35.4542
 25.5734
 18.0278
 16
 16
 31.9374
 26.2869
 21.4243
 18.7083
 18.7083
 18.7083
 18.7083
 23.3666
 22.1811
 22.1811
 49.7996
 24.1868
 24.1868
 14.7986
 25.7682
 25.7682
