 472.842
 32.6803
 32.6803
 34.4093
 46.7119
 43.0349
 43.0349
 42.5911
 37.6165
 52.8015
 41.1582
 53.6004
 49.7393
 41.0122
 46.9574
 53.6377
 40.8167
 49.7896
 48.5592
 37.6165
 49.8397
 44.1022
 46.6047
 44.9778
 41.6173
 47.5079
 43.1045
 50.4183
 38.8716
 40.5832
 53.1789
 43.1741
 43.4166
 43.715
 45.0666
 46.3141
 41.7013
 47.4342
 42.7434
 43.2666
 53.0189
 43.6234
 54.0925
 45.5412
 44.5084
 44.7884
 42.9069
 49.1528
 45.3872
 43.9545
 51.1566
 44.7102
 53.7959
 54.9181
 49.2849
 51.2348
 48.4252
 53.3667
 41.7253
 56.0535
 48.5386
 50.6162
 56.3116
 48.0416
 55.3624
 54.5436
 40.2741
 43.7493
 54.5985
 46.2493
 56.0892
 47.9062
 57.1664
 50.4876
 57.7408
 56.921
 51.0686
 54.9818
 41.7253
 59.8331
 56.4447
 53.7215
 58.438
 53.0943
 49.6991
 44.3058
 58.2237
 60.2329
 47.0425
 50.1498
 58.8218
 60.5062
 51.3712
 73.8783
 56.4712
 70.0286
 70.0286
 56.9473
 53.3104
 57.7754
 57.7754
 59.8832
 52.5262
 45.6289
 63.5059
 59.9166
 58.4551
 58.8388
 56.4712
 54.5894
 58.3181
 56.4358
 64.0156
 46.6369
 46.6369
 61.2781
 60.8276
 47.5815
 49.689
 0
 0
 0
 0
 0
 0
 0
 0
 0
 0
 0
 0
 0
 0
 0
 0
 0
 0
 0
 0
 0
 0
 0
 49.2849
 49.2849
 68.0661
 55.3263
 44.1588
 44.1588
 66.5582
 64.7302
 64.7302
 57.4456
 57.4456
 62.9682
 58.3095
 48.9387
 0
 0
 0
 0
 0
 47.8853
 0
 0
 0
 0
 0
 0
 0
 0
 0
 0
 0
 0
 0
 0
 0
 0
 0
 0
 0
 0
 0
 0
 0
 0
 0
 0
 0
 0
 0
 0
 0
 49.5984
 59.4559
 59.4559
 53.1695
 68.7532
 57.6194
 57.1139
 61.1474
 58.7452
 64.8999
 55.7674
 55.7674
 67.9853
 55.0091
 57.8878
 58.155
 68.7605
 54.69
 55.8659
 59.2453
 71.4423
 64.5058
 52.259
 58.4209
 59.975
 56.116
 69.491
 57.576
 69.0072
 57.9655
 68.0661
 53.0471
 69
 62.153
 56.8419
 57.3236
 73
 54.3783
 57.1927
 54.5894
 56.0446
 64.3661
 75.2861
 75.2861
 65.6277
 72.3187
 56.9298
 56.9298
 60.9016
 60.9016
 62.2575
 62.2575
 56.7715
 70.6329
 58.8473
 58.8473
 52.915
 71.4563
 71.4563
 53.8052
 70.6612
 50.3587
 50.3587
 50.3587
 54.8726
 70.406
 70.406
 50.5767
 66.7608
 70.7319
 70.7319
 49.4773
 70.852
 56.7274
 56.7274
 48.2494
 73.8647
 55.7584
 55.7584
 52.8488
 54.69
 75.1465
 75.1465
 63.4508
 72.5879
 72.5879
 67.0075
 64.5136
 64.5136
 75.233
 58.6856
 58.6856
 76.518
 56.1694
 75.6175
 74.1418
 71.7008
 59.9166
 69.2387
 68.1029
 53.8145
 75.2928
 54.6443
 76.4722
 72.374
 77.4403
 59.5147
 71.1969
 72.45
 63.7495
 54.111
 77.4145
 56.9561
 77.5887
 69.1303
 54.0185
 56.5243
 77.9936
 72.0555
 70.6895
 76.0066
 56.9386
 76.5049
 76.5049
 75.9539
 75.1532
 62.0645
 71.645
 75.2529
 66.4756
 78.0897
 55.5878
 79.1265
 70.3633
 57.4282
 75.1066
 60.9016
 61.7738
 74
 74
 57.6194
 76.5441
 78.2304
 78.1793
 76.1774
 78.3964
 64.304
 74.3572
 63.9609
 77.3175
 82.6982
 55.5428
 63.5767
 81.6945
 71.4773
 71.4773
 50.1099
 95.734
 73.0548
 76.9935
 74.5386
 64.6916
 79.9875
 81.8108
 62.9762
 78.7528
 65.4523
 73.2598
 64.2806
 77.5629
 79.5676
 57.5326
 57.6021
 60.1166
 64.1483
 84.0833
 63.8749
 70.6399
 56.2939
 56.2939
 81.9146
 75.4586
 77.324
 82.6982
 62.6179
 81.1295
 81.1295
 84.7113
 80.287
 71.6589
 82.0731
 59.0339
 67.1416
 58.2666
 69.0941
 60.6053
 57.7581
 69.3397
 55.0636
 72.9794
 77.5564
 70.7107
 77.3886
 59.4895
 59.4895
 74.0068
 72.9178
 63.2218
 81.1357
 81.1357
 57.3324
 60
 63.6396
 60.0083
 75.4056
 75.4056
 56.8067
 56.8067
 60.7289
 93.6803
 93.6803
 93.6803
 73.1847
 73.1847
 77.5435
 65.582
 79.6367
 79.6367
 79.6367
 75
 75
 72.4914
 78.4028
 76.87
 79.1265
 79.1265
 85.6505
 73.6682
 59.2874
 78.7655
 72.1942
 69.7209
 85.7496
 70.8237
 71.5052
 74.4849
 80.5481
 85.2056
 67.2681
 76.2889
 76.2889
 76.2889
 76.2889
 76.2889
 77.3499
 77.3499
 106.273
 106.273
 106.273
 106.273
 106.273
 106.273
