 455.664
 7.28011
 7.28011
 6
 9.53939
 5.19615
 0
 7.74597
 6.08276
 9.16515
 7.93725
 8.42615
 7.93725
 7.74597
 9.53939
 9.48683
 7.81025
 6
 7.81025
 6.08276
 6.08276
 6.9282
 8.7178
 7.81025
 5.19615
 9.84886
 4.3589
 7.81025
 7.81025
 7.4162
 6.9282
 8.66025
 8.66025
 6.9282
 8.66025
 7.81025
 7.81025
 5.19615
 8.66025
 7.81025
 6.9282
 7.74597
 6.9282
 6.9282
 6.9282
 6.9282
 6.9282
 8.60233
 4.24264
 6.08276
 7.4162
 3.4641
 6.9282
 7.93725
 5.19615
 7.07107
 8.18535
 6.85565
 7.93725
 6.08276
 8.7178
 7.07107
 7.93725
 6.9282
 9.53939
 7.07107
 7.74597
 6
 7.68115
 5.19615
 8.60233
 4.24264
 7.14143
 3.4641
 11.225
 7.81025
 8
 6.55744
 8
 6.55744
 7.74597
 8.60233
 8.544
 8.12404
 7.81025
 8.77496
 7.14143
 8.83176
 6.9282
 6.9282
 8.60233
 7.34847
 5.19615
 11.0905
 5.19615
 9.69536
 11.2694
 6.9282
 11.0454
 8.18535
 0
 7.81025
 8.12404
 9
 9.32738
 8.83176
 8.88819
 12.4499
 8.18535
 8.66025
 10.8167
 8.60233
 7.4162
 10.0995
 10.0995
 7.74597
 8.66025
 9.64365
 8
 8
 7.4162
 8.60233
 8.60233
 9.8995
 7.74597
 7.4162
 9.74679
 9.74679
 10.4881
 9.16515
 7.74597
 9.8995
 9.8995
 9.21954
 8.94427
 8.94427
 7.14143
 8.60233
 11
 11
 11
 11
 1.41421
 1.41421
 11.6189
 10.4881
 9.84886
 9.84886
 9.94987
 9.64365
 9.64365
 8.544
 8.544
 13.4536
 8.12404
 10.0995
 10.0995
 5.56776
 8.544
 9.38083
 9.38083
 10.3923
 0
 8
 11.0454
 11.0454
 10.8628
 7.93725
 9.16515
 9.32738
 6.85565
 7.93725
 8.18535
 8.60233
 11.7047
 11.7047
 9.27362
 8.88819
 9.32738
 10.3923
 10.3923
 7.07107
 8.88819
 9.8995
 10.0995
 10.0995
 10.5357
 8.48528
 9.38083
 11.2694
 11.2694
 8.544
 11.0454
 10.3923
 11.7898
 11.7898
 6
 7.4162
 9.79796
 9.38083
 9.16515
 7.48331
 11.2694
 10.9545
 10.9545
 9.16515
 8.12404
 12.49
 10.5357
 9.16515
 10.4403
 12.7671
 10.583
 8.60233
 10.8628
 10.5357
 11.2694
 9.38083
 8.60233
 10.4403
 10.8628
 10.3441
 11.2694
 9.21954
 8.544
 9.79796
 10.5357
 9.21954
 10.583
 10.0995
 9.79796
 9.32738
 9.84886
 9.84886
 10.3923
 11.0905
 11.0905
 9.79796
 8.18535
 8.60233
 8.60233
 6.78233
 6.78233
 7.4162
 7.4162
 9.38083
 6.7082
 10.0995
 10.0995
 11.7473
 8.60233
 8.60233
 8.60233
 10.5357
 10.0499
 10.0499
 5.19615
 8.18535
 11.1803
 11.1803
 6.9282
 10.4403
 10.5357
 10.5357
 8.66025
 10.4403
 8.88819
 8.88819
 7.81025
 9.8995
 9.8995
 9.8995
 12.9615
 11.2694
 10.4403
 10.4403
 7.48331
 8.18535
 8.18535
 9.16515
 10.5357
 10.5357
 9.79796
 12
 12
 9.21954
 12.0416
 9.05539
 11.225
 8.18535
 11.2694
 12.49
 9.84886
 9.21954
 11.2694
 9.84886
 13.1149
 8.24621
 14.2829
 8.18535
 10.8628
 9.79796
 9.64365
 10.4403
 9.32738
 10.583
 10.9545
 10.4403
 11.225
 9.79796
 12.3288
 11
 8.94427
 9.8995
 10.0995
 10.4403
 10.6301
 11.2694
 10.6301
 8.60233
 10.4403
 9.84886
 12.0416
 10.3441
 12.49
 10.0995
 13.5277
 10.583
 11.5758
 10.3923
 9.8995
 11.7047
 8.88819
 10.583
 13.1909
 9.43398
 13.5647
 8.88819
 14.2829
 9.16515
 12.7671
 9.38083
 8.12404
 12.083
 12.2882
 10.583
 12.4097
 9.94987
 11.3137
 10.4403
 12.3288
 10.4403
 9.84886
 10.9545
 9.69536
 9.8995
 12.083
 8.88819
 13.5277
 8.83176
 12
 8.544
 8.83176
 9.69536
 11.1355
 11.0454
 10.1489
 11.0905
 10.1489
 10.4403
 11.5758
 11.7898
 12.7279
 12.7671
 12.49
 12.7671
 13.1529
 8.83176
 13.5277
 8.66025
 13.5277
 9.79796
 12
 9.84886
 11.7898
 10.6301
 9.64365
 11.0905
 8.24621
 10.4403
 8.12404
 9.8995
 10.5357
 10.3923
 10.8628
 11.6619
 7.81025
 10.5357
 11.7898
 10.5357
 10.0995
 10.1489
 10.8167
 12.3693
 13.1529
 13.9284
 10.4403
 10.6301
 8.83176
 10.4403
 8.48528
 9.38083
 8.18535
 10.583
 10.4403
 11.2694
 8.7178
 12.49
 9.32738
 8.77496
 11
 9.64365
 12.3288
 8
 13.2288
 7.07107
 12.083
 10.4881
 7.74597
 10.4403
 30.282
 11
 9.84886
 10.4881
 11.1355
 10.583
 12.5698
 10.8628
 8
 10.0995
 11.0454
 12.49
 11.6189
 9.16515
 6.32456
 30.133
 10.0995
 11.0454
 30.8545
 14.4222
 16.8523
 24.8998
 20.6398
 11.0454
 25.02
