 486.028
 15.6205
 15.6205
 24.779
 31.5911
 22.5389
 22.5389
 28.6531
 24.5561
 34.5398
 26.9444
 31.9218
 31.3847
 28
 22.6716
 26.7769
 26.7582
 22.6495
 25.1794
 26.9815
 23.4521
 29.9833
 29.6985
 26.9444
 29.1376
 28.8444
 27.8927
 22.6274
 26.5141
 27.2764
 23.4947
 26.6083
 26.7769
 25.4165
 26.9072
 33.9411
 29.5127
 33.8821
 30.7409
 30.0167
 26.9258
 26.0384
 26.0576
 28.6182
 26.1916
 30.4795
 29.9833
 34.7275
 31.496
 27.6406
 34.7994
 27.8927
 28.7054
 28.6705
 32.187
 35.6371
 31.225
 35.6931
 33.8526
 32.3574
 35.2704
 34.3948
 29.8664
 33.1361
 31.3528
 32.5423
 33.9264
 35.7771
 33.9117
 28.8097
 38.5357
 32.0312
 32.187
 34.0147
 28.7576
 36.0416
 32.1714
 37.4566
 34.7563
 37.1483
 38.3014
 36.4966
 33.2566
 33.0454
 35.1283
 38.2753
 36.1248
 35.0143
 40.8656
 33.9411
 41.2795
 36.318
 34.3074
 34.3074
 35.623
 35.1141
 47.1381
 38.2623
 42.1189
 44.699
 0
 43.1277
 42.2493
 38.2492
 48.621
 38.6911
 42.5911
 54.7357
 43.0116
 40.8167
 35.609
 37.3765
 49.96
 39.2938
 39.2938
 47.1593
 37.5899
 40.9145
 47.8017
 47.8017
 39.9875
 42.7083
 42.7083
 46.9574
 45.618
 41.7852
 43.1045
 43.1045
 47.7598
 40.8901
 37.1753
 48.8365
 48.8365
 42.6497
 42.72
 42.72
 36.3043
 48.1248
 38.3406
 38.3406
 38.3406
 38.3406
 34.5688
 34.5688
 52.8583
 42.8719
 36.5513
 36.5513
 40.1497
 45.1331
 45.1331
 50.7247
 50.7247
 45.5082
 42.5911
 40.8656
 0
 43.0349
 41.7612
 45.1774
 45.1774
 46.3681
 0
 40.9878
 52.5642
 52.5642
 43.4626
 47.1275
 48.7032
 47.2969
 47.8226
 47.3181
 44.5084
 46.6905
 44.2945
 0
 46.1302
 44.4747
 43.7493
 41.6173
 0
 44.8107
 48.0833
 48.7237
 41.4126
 0
 0
 44.833
 46.076
 51.1468
 51.1468
 47.1275
 49.5681
 45.3982
 52.2494
 52.2494
 41.5331
 42.3674
 46.9681
 43.4971
 43.2088
 45.2106
 47.613
 46.1736
 0
 43.4856
 37.6431
 49.4368
 49.4874
 40.8412
 34.3657
 54.2679
 54.7814
 47.244
 51.264
 36.3318
 52.2781
 48.7647
 39.7115
 47.5605
 50.5173
 48.7545
 40.8901
 43.6463
 47.9687
 48.7237
 43.4856
 43.6921
 48.7134
 52.6118
 48.156
 38.2623
 40.939
 41.6293
 49.6488
 50.07
 50.07
 47.8017
 44.587
 42.6028
 42.6028
 48
 48
 47.6235
 47.6235
 50.7839
 46.1844
 44.8219
 44.8219
 53.3573
 43.5316
 43.5316
 42.1782
 50.4183
 51.4684
 51.4684
 51.4684
 42.7902
 49.95
 49.95
 35.2704
 49.7092
 48.4045
 48.4045
 35.5246
 49.5379
 50.1199
 50.1199
 29.9333
 50.9117
 49.163
 49.163
 31.0644
 54.037
 50.636
 50.636
 47.0956
 45.7165
 45.7165
 49.8096
 47.8539
 47.8539
 51.5461
 52.9245
 52.9245
 52.1824
 55.2087
 55.2178
 54.037
 49.3356
 53.3292
 53.1507
 45.7821
 49.5883
 53.9537
 49.2341
 55.2721
 53.2259
 53.3292
 48.949
 47.5815
 52.2398
 51.643
 52.2207
 53.0566
 55.2178
 55.0908
 54.0648
 54.2218
 44.441
 50.6063
 51.3809
 50.6063
 51.2835
 53.7308
 53.619
 55.2087
 56.4889
 51.923
 54.1387
 50.3389
 53.3479
 55.263
 53
 55.4617
 57.2451
 56.5862
 50.4678
 57.1402
 48.2908
 48.949
 56.6216
 50.5668
 52.1824
 53.8609
 57.5326
 56.0981
 53.0377
 53.5817
 51.4684
 51.4004
 53.6097
 54.8908
 55.6147
 55.7315
 55.8032
 57.1052
 55.7046
 55.9911
 48.4562
 50
 51.8749
 50.6754
 50.4975
 55.0454
 55.9375
 56.3028
 56.3028
 56.6657
 56.6657
 52.2111
 51.7494
 54
 56.648
 55.4437
 56.6392
 55.2359
 50.6261
 53.8702
 50.03
 49.2544
 51.1371
 53.1131
 56.1872
 53.0189
 55.7405
 59.9166
 59.9166
 53.066
 53.066
 50.5074
 50.5074
 51.1175
 56.7098
 55.9017
 55.8301
 55.0182
 55.5878
 52.2398
 49.5379
 51.1957
 50.636
 51.9038
 56.1694
 57.1314
 55.8928
 50.9608
 52.0481
 55.263
 55.263
 49.5379
 49.5379
 53.3854
 53.3854
 57.0877
 55.1453
 55.5248
 55.6776
 51.0196
 50.1996
 50.547
 49.7996
 53.7215
 57.4282
 59.3717
 54.1387
 50.4975
 54.4334
 49.2646
 53.7308
 50.1498
 50.1498
 50.5767
 50.5767
 54.8452
 50.05
 55.2087
 59.9917
 49.7494
 52.7731
 75.809
 49.7192
 56.116
 55.7405
 55.4437
 50.3488
 51.7977
 53.9073
 51.6527
 56.5509
 50.951
 48.3322
 52.2781
 52.2781
 61.7252
 61.7252
 50.3488
 53.9351
 53.9351
 56.7979
 55.8659
 45.4313
 49.5278
 49.5278
 49.5278
