 460.783
 11.6189
 11.6189
 15.6525
 20.8806
 19.105
 0
 18.3848
 13.7113
 16.5529
 19.5448
 20.199
 15.906
 21.0238
 21
 13.9642
 17.9444
 17.088
 15.5242
 18.4391
 15.6844
 19.5192
 17.5499
 15.8114
 17.8606
 16.3095
 13.1149
 14.7986
 23.4521
 19.8746
 15.6525
 18.4391
 19.1833
 17.8885
 17.4642
 17.5784
 20.6155
 16.1245
 19.2354
 21.8632
 16.7929
 20.445
 15.9374
 18.2757
 16.4924
 18.9473
 22.2711
 19.6469
 14.3527
 20.0749
 15.906
 15.4272
 14
 17.088
 14.7986
 17.6068
 22.2036
 17.8885
 23.3238
 14.7648
 23.1301
 20.8567
 17.2047
 17.4069
 20.9762
 21.4709
 21
 20.6398
 19.2354
 17
 18.3303
 15.1327
 17.1756
 15.6525
 19.799
 20.2978
 21.5639
 16.1245
 24.0624
 15.3623
 22.8254
 20.8806
 19.6723
 18.2483
 21.0238
 24.5764
 18.6815
 22.1585
 21.6795
 17.4069
 17.8045
 17.3494
 16.5529
 23.6008
 15.7162
 18.303
 28.4605
 18.6815
 28.2843
 23.6432
 0
 20.2485
 24.1247
 25.4951
 17.5784
 17.8606
 25.6515
 26.5895
 24.3721
 20.4695
 19.975
 20.9523
 15.843
 22.6936
 22.6936
 15.2643
 22.6053
 23.4094
 25.04
 25.04
 20.347
 24.2693
 24.2693
 25.2389
 15.1987
 17.1172
 22.9129
 22.9129
 25.318
 19.4936
 16.6433
 25.7294
 25.7294
 22.4054
 24.8395
 24.8395
 17.8326
 22.9347
 23.6008
 23.6008
 23.6008
 23.6008
 9.05539
 9.05539
 22.8254
 25.6125
 23.8747
 23.8747
 22.5389
 25.632
 25.632
 24.5764
 24.5764
 24.4949
 21.3073
 25.5734
 25.5734
 14.1067
 20.6155
 25.2785
 25.2785
 25.4951
 0
 24.454
 28.9137
 28.9137
 26.4953
 21.4709
 21.8632
 24.8797
 17.2047
 18.0555
 20.6155
 20.6398
 26.4764
 0
 20.4695
 20.445
 24.8998
 19.7737
 19.7737
 17.1172
 20.2731
 24.9199
 19.6469
 19.6469
 24.3105
 21.6795
 25.2982
 22.9129
 22.9129
 19.0526
 22.5832
 22.1585
 26.096
 26.096
 19.6977
 17.1172
 21.7715
 24.8797
 22.7376
 20.4695
 21.1424
 26.096
 0
 19.2354
 20.8327
 26.9815
 24.8596
 19.8242
 22.7596
 26.0576
 24.0624
 22.9565
 25.3377
 22.0907
 25.2587
 23.6643
 20.9045
 23.3452
 24.0624
 23.7697
 24.5357
 20.025
 23.388
 21.6102
 20.2978
 20.3961
 24.8998
 25.5147
 24
 21.4942
 23.7065
 22.0907
 21.4942
 22.6274
 22.6274
 20.9762
 20.1246
 20.2485
 20.2485
 20.025
 20.025
 19.4165
 19.4165
 23.7276
 18.6011
 23.8118
 23.8118
 28.9828
 18.6011
 18.6011
 18.6011
 24.6577
 24.1661
 24.1661
 24.1661
 21.4942
 23.0651
 23.0651
 14.6629
 23.3024
 22.0907
 22.0907
 14.9666
 24.7992
 22.9129
 22.9129
 14.5602
 20.9284
 24.3516
 24.3516
 24.3516
 25.1794
 23.0868
 23.0868
 24.1868
 20.1742
 20.1742
 22.7816
 20.8806
 20.8806
 22.1811
 23.4307
 23.4307
 25.807
 29.5973
 23.388
 27.6767
 22.2935
 24.1039
 24.5561
 21.1187
 23.388
 25.807
 25.593
 23.8328
 22.1585
 27.6948
 17.9165
 20.8806
 21.3776
 22.6716
 25.807
 19.105
 26.3439
 23.4094
 25.593
 26.1343
 23.4734
 24.2693
 26.0384
 22.2935
 23.4734
 22.9565
 24.1661
 27
 29.3598
 24.2487
 18.7083
 21.7025
 24.1661
 23.8537
 22.8692
 28.775
 25.2587
 28.3019
 26.096
 26.1151
 27.9643
 22.6936
 26.9444
 23.3024
 25.0599
 28.8617
 24.5764
 26.9629
 18.0278
 28.2489
 18.2483
 24.2693
 22.1359
 19.0263
 24.0416
 29.2233
 27.1109
 26.4008
 28.9137
 23.6854
 26.6458
 22.561
 25.7682
 21.0238
 24.1247
 25.2785
 27.037
 25.9037
 16.1245
 28.8271
 16.3707
 25.1595
 23.622
 18.0555
 25.5343
 29.2062
 27.0924
 25.02
 27.4591
 22.5832
 24.1247
 21.9545
 27.4773
 26.0192
 25.2587
 26.4008
 24.8596
 24.4949
 17.1464
 26.9444
 12.9228
 26.0768
 20.2485
 22.6053
 23.3666
 27.9643
 28.3549
 24.4336
 27.6948
 20.8327
 27.9643
 23.3666
 25.7876
 24.1247
 27.1293
 25.219
 28.3901
 15.9687
 20.2731
 28.5832
 19.105
 22.5389
 17.3781
 22.6053
 21.7256
 24.454
 27.2397
 23.8328
 28.8964
 20.025
 23.7908
 21
 19.2873
 21.4243
 24.5764
 24.0832
 23.622
 21.4709
 27.5862
 17.5784
 19.0526
 23.4094
 17.8885
 23.4307
 23.4307
 25.807
 20.1494
 26.533
 25.923
 25.923
 20.9045
 43.3244
 22.6495
 21.0238
 22.2261
 26.096
 24.7386
 26.1151
 22.383
 22.2261
 26.533
 22.7156
 32.3265
 29.2404
 15.1987
 28.0713
 48
 37.5899
 25.3377
 35.6651
 35.6651
 28.9137
 39.2683
 35.426
 35.426
 35.426
