 0
 6.9282
 6.9282
 6.9282
 6.9282
 6.9282
 0
 0
 0
 0
 0
 0
 0
 0
 0
 0
 6
 6
 6
 6
 6
 6
 6
 6
 6
 6
 6
 6
 6
 1.73205
 1.73205
 2.23607
 2.23607
 2.23607
 2.23607
 2.23607
 2.23607
 2.23607
 2.23607
 2.23607
 2.23607
 6.08276
 6.08276
 6.08276
 4.24264
 5.09902
 5.09902
 4.3589
 6
 6
 6
 6
 6
 6
 6
 6
 6
 6.9282
 6.9282
 9
 9
 9
 9
 4.24264
 4.24264
 3.31662
 3.31662
 3.31662
 5.19615
 6.08276
 6.08276
 6.08276
 6.08276
 5.19615
 5.19615
 5.19615
 5.19615
 8.12404
 8.12404
 8.83176
 8.83176
 7.34847
 7.34847
 4.58258
 4.58258
 4.58258
 4.3589
 2.64575
 2.64575
 2.64575
 5.19615
 6
 6
 0
 6.85565
 6.85565
 7.81025
 6
 5.19615
 5.19615
 0
 0
 6.9282
 6.9282
 8.7178
 8.7178
 8.7178
 6
 7.74597
 6.48074
 6.48074
 3.4641
 9.48683
 9.48683
 9.48683
 6.9282
 2.44949
 2.44949
 7.81025
 7.81025
 6.9282
 7.74597
 7.74597
 7.74597
 6.08276
 7.34847
 7.34847
 7.34847
 8.18535
 8.18535
 7
 6.9282
 6.9282
 7.74597
 6
 6
 6
 9.53939
 9.53939
 9.53939
 9.53939
 9.53939
 6.9282
 6.9282
 11.225
 6.08276
 6.08276
 6.08276
 8.42615
 8.42615
 8.42615
 6.9282
 6.9282
 6.9282
 8.12404
 4.3589
 4.3589
 3.4641
 3.4641
 4.24264
 4.24264
 4.24264
 4.24264
 4.24264
 4.24264
 4.24264
 7.34847
 10.3923
 6.9282
 7.87401
 6.32456
 6.9282
 9.48683
 9.48683
 3.87298
 3.87298
 7.81025
 7.81025
 7.93725
 8.66025
 8.66025
 6.85565
 7.74597
 3.31662
 6.55744
 6.55744
 6.55744
 7.34847
 6.08276
 6.08276
 6.08276
 6.08276
 6.08276
 6.08276
 2.44949
 2.44949
 9.53939
 10.3923
 10.3923
 6.08276
 6.08276
 6.08276
 6.08276
 6.16441
 6.16441
 8.12404
 6.08276
 6.08276
 5.19615
 5.19615
 5.19615
 7.87401
 6.08276
 6.16441
 8.66025
 8.66025
 4.3589
 4.3589
 5.09902
 6.08276
 4.47214
 4.47214
 4.47214
 6.9282
 5.19615
 7.81025
 7.81025
 7.81025
 6
 8.66025
 8.66025
 8.66025
 5.19615
 5.19615
 5.19615
 12.1244
 12.1244
 12.1244
 12.1244
 5.19615
 5.19615
 8.66025
 0
 0
 0
 9.48683
 7.81025
 6
 6
 8.66025
 11.7473
 11.7473
 8.66025
 8.66025
 12.1244
 12.1244
 7.74597
 7.74597
 11.225
 11.225
 11.225
 11.225
 11.225
 11.225
 11.225
 11.225
 11.225
 11.225
 11.225
 6.9282
 6.9282
 6.9282
 6.9282
 6.9282
 7.07107
 7.07107
 10.5357
 10.5357
 10.5357
 8.66025
 8.66025
 8.66025
 8.66025
 8.66025
 8.66025
 7.81025
 11.225
 12.0416
 11.225
 9.53939
 9.53939
 9.53939
 7.81025
 7.81025
 7.81025
 7.81025
 7.81025
 7.81025
 7.93725
 8.66025
 8.66025
 7.14143
 7.14143
 7.14143
 10.3923
 11.225
 11.225
 11.225
 7.93725
 7.93725
 7.81025
 7.81025
 8.66025
 8.66025
 8.66025
 8.66025
 7.81025
 7.81025
 9.48683
 9.48683
 9.48683
 6.9282
 6.9282
 6.9282
 6.9282
 9.53939
 8.66025
 8.66025
 11.225
 11.225
 11.4891
 11.4891
 9.53939
 9.53939
 11.2694
 11.2694
 11.2694
 7.81025
 7.81025
 7.81025
 7.81025
 7.81025
 7.81025
 7.81025
 7.81025
 7.81025
 7.81025
 7.81025
 7.81025
 7.81025
 7.81025
 7.81025
 7.81025
 7.81025
 11.2694
 11.2694
 11.2694
 7.87401
 7.87401
 6.9282
 6.9282
 6.9282
 9.53939
 9.53939
 9.53939
 9.53939
 9.53939
 9.53939
 9.53939
 9.53939
 9.53939
 9.53939
 9.53939
 9.53939
 9.53939
 9.53939
 9.53939
 9.53939
 9.53939
 7
 7
 7.74597
 7.74597
 7.74597
 7.74597
 7.74597
 7.74597
 7.74597
 7.74597
 7.74597
 7.74597
 7.74597
 7.74597
 7.74597
 7.74597
 7.74597
 7.74597
 6.9282
 6.9282
 6.9282
 6.9282
 9.64365
 9.64365
 7.81025
 7.81025
 7.81025
 9.64365
 9.64365
 12.1655
 12.1655
 12.1655
 12.1655
 12.1655
 12.1655
 12.1655
 12.1655
 6.9282
 6.9282
 8
 12.3288
 12.3288
 7.74597
 7.74597
 10.4403
 10.4403
 9.21954
 9.21954
 9.21954
 8.60233
 8.60233
 8.60233
 8.60233
 8.60233
 8.60233
 8.60233
 8.60233
 8.60233
 8.60233
 8.60233
 8.60233
 8.60233
 8.60233
 8.60233
 8.60233
 8.60233
 8.60233
 8.60233
 8.60233
 8.60233
 8.60233
 8.60233
 8.60233
 11.225
 11.225
 11.225
