 456.414
 2.23607
 2.23607
 4.24264
 5.47723
 3.74166
 3.74166
 5.47723
 3.60555
 2.44949
 5.38516
 3.87298
 4.3589
 5.47723
 6.32456
 2.44949
 5.09902
 6.245
 6
 5.56776
 7.34847
 4.12311
 6.63325
 5.47723
 5
 6.16441
 4.58258
 4.89898
 6.9282
 1.73205
 3.87298
 1.73205
 3.4641
 6
 3
 6.63325
 5.65685
 7.28011
 4.58258
 2.44949
 5.38516
 3.4641
 4.89898
 4.89898
 3.74166
 6.63325
 2.44949
 5.65685
 4.58258
 4.89898
 6.16441
 4.24264
 6.245
 6.63325
 6.08276
 5.65685
 7.34847
 7.34847
 6.16441
 5.47723
 6
 3
 3.87298
 5.38516
 3.60555
 5.38516
 4.3589
 5.47723
 6.63325
 5
 5.74456
 3.87298
 4.58258
 3.4641
 1.73205
 2.44949
 4.24264
 4.24264
 5
 6.7082
 6.16441
 6
 7.28011
 4.89898
 7.34847
 7.34847
 3.31662
 4.58258
 6.78233
 6.7082
 4.24264
 6.245
 3.4641
 2.44949
 3.4641
 4.89898
 7.81025
 5.38516
 0
 4.58258
 4.58258
 6.48074
 5.09902
 5
 0
 6.7082
 5.47723
 0
 4.24264
 5.38516
 6.16441
 4.89898
 5.09902
 6.55744
 6.55744
 0
 5.38516
 6.16441
 5.47723
 5.47723
 5
 1.41421
 1.41421
 4.24264
 0
 6.245
 5.38516
 5.38516
 6.48074
 7.87401
 6.08276
 1.73205
 1.73205
 2.44949
 4.24264
 4.24264
 7.93725
 5.19615
 5.47723
 5.47723
 5.47723
 5.47723
 6
 6
 6.16441
 2.44949
 5.47723
 5.47723
 6.85565
 4.89898
 4.89898
 4.24264
 4.24264
 6.7082
 6.48074
 3.74166
 3.74166
 1.41421
 4.79583
 1.41421
 1.41421
 6.32456
 6.32456
 6
 8.12404
 8.12404
 3.74166
 8.544
 5.47723
 6.245
 0
 0
 6.16441
 8.06226
 1.41421
 1.41421
 5.19615
 2
 6.48074
 2.64575
 2.64575
 0
 6.08276
 1.41421
 6
 6
 6.9282
 3.31662
 3
 6.9282
 6.9282
 2.44949
 6.9282
 6.245
 1.73205
 1.73205
 4.69042
 6.85565
 4.3589
 3.4641
 7.34847
 6.48074
 6.9282
 5.47723
 5.47723
 7.28011
 3.4641
 6.9282
 2.44949
 8.06226
 6.08276
 6.9282
 2.44949
 8.06226
 6.9282
 7.4162
 4.12311
 6.08276
 3.74166
 7.4162
 3.4641
 6.245
 6.9282
 5.38516
 4.24264
 6.08276
 6.48074
 8.66025
 4.24264
 6.9282
 6.9282
 5.47723
 0
 7.87401
 7.07107
 6.9282
 6.9282
 7.07107
 6.08276
 5.09902
 5.09902
 4.58258
 4.58258
 6.9282
 6.9282
 6.08276
 5
 5.19615
 5.19615
 6.245
 6.32456
 6.32456
 5.09902
 6.85565
 7.14143
 7.14143
 6
 6.08276
 8.48528
 8.48528
 1.73205
 6.08276
 6.9282
 6.9282
 0
 6.08276
 8.42615
 8.42615
 0
 6.85565
 7.07107
 7.07107
 0
 7.34847
 6.08276
 6.08276
 7.34847
 6.08276
 6.08276
 5
 7.07107
 7.07107
 6.08276
 7.34847
 7.34847
 6.32456
 7.07107
 7.07107
 7.07107
 6.9282
 7.14143
 7.34847
 5.19615
 6.85565
 7.07107
 6.9282
 7.74597
 6.9282
 7.74597
 6.16441
 6.9282
 6.55744
 6.9282
 6.9282
 8.12404
 7.74597
 9
 6.9282
 7.93725
 7.74597
 6
 7.93725
 4.24264
 6.9282
 7.74597
 6.9282
 6.9282
 6.9282
 6.9282
 6.85565
 8.7178
 6.08276
 7.14143
 6.08276
 6.9282
 7.81025
 6.9282
 7.74597
 7.93725
 6.9282
 7.07107
 7.81025
 7.74597
 7.87401
 6.245
 7.81025
 6.9282
 6.9282
 7.81025
 6.08276
 6.9282
 7.81025
 6.32456
 7.74597
 7.81025
 8.60233
 8.42615
 8.60233
 7.93725
 7.74597
 6.9282
 6.9282
 6.9282
 6.9282
 6.85565
 6.9282
 7.87401
 6.08276
 6.9282
 6
 7.74597
 7.81025
 6.16441
 8.66025
 7.74597
 7.74597
 9.53939
 8.66025
 7.81025
 6.9282
 7.34847
 7.07107
 7.74597
 6.9282
 8.12404
 8.77496
 6.9282
 6.08276
 7
 6.08276
 6.9282
 6.9282
 6.9282
 7.74597
 7.74597
 7.81025
 6.9282
 7.81025
 7.74597
 7.74597
 7.81025
 8.66025
 7.74597
 7.81025
 8.66025
 6.9282
 6.9282
 7.14143
 7.81025
 6.9282
 8.77496
 6.55744
 7.93725
 7.34847
 8.60233
 7.74597
 6.08276
 8.60233
 6.48074
 6.08276
 5.38516
 6.9282
 6.85565
 7.93725
 6.08276
 6.9282
 5.19615
 6.9282
 3.74166
 6.16441
 6.9282
 6.245
 6.245
 6.85565
 6.9282
 6.08276
 7.74597
 8.66025
 6.9282
 6.9282
 6.85565
 7.74597
 6.85565
 6.9282
 6.08276
 6.9282
 5.38516
 6.85565
 6.85565
 6.9282
 6.08276
 7
 7.07107
 2.44949
 5.09902
 5.91608
 4.3589
 5.19615
 2.23607
 6.08276
 5.09902
 6.9282
 6.08276
 6.85565
 5.38516
