 467.225
 17.1464
 17.1464
 24.2693
 35.0999
 26.9815
 26.9815
 27.7128
 25.2587
 36.647
 27.2764
 38.1838
 38.1051
 27.7308
 30.1496
 35.8469
 27.1846
 35.1426
 37.4433
 30.1164
 31.3369
 33.0454
 29.6985
 29.9333
 29.189
 31.1288
 26.4008
 32.1248
 25.632
 22.6053
 35.9722
 25.9037
 27.1662
 28.8964
 35.805
 33.541
 33.7343
 33.0454
 32.2645
 29.1719
 35.9305
 25.2785
 39.8999
 40
 26.1534
 30.2985
 36.8782
 34.3802
 31.1929
 27.5862
 36.4829
 27.7849
 36.9865
 39.4588
 30.0167
 34.7563
 38.5616
 36.4692
 39.6358
 38.9102
 37.3095
 33.7046
 41.4246
 28.8617
 41.7612
 33.2566
 38.923
 36.6197
 33.3017
 27.2397
 36.4417
 28.7576
 38.923
 32.3574
 40.9634
 37.1349
 40.5709
 38.4838
 41.5812
 40.9878
 40.6694
 35.1141
 44
 31.273
 39.7366
 42
 34.9285
 37.51
 41.5211
 32.3265
 39.7492
 43.9545
 31.3528
 59.0931
 34.7707
 46.2493
 52.3068
 36.9053
 42.9302
 35.7491
 35.7491
 39.9249
 43.4166
 43.9545
 48.6929
 42.9069
 41.9285
 51.9326
 44.1814
 38.2623
 44.3058
 35.5949
 48.2908
 45.8367
 45.8367
 44.7661
 39.9249
 44.2267
 41.7373
 0
 39.2556
 44.7661
 44.7661
 45.3652
 43.9204
 38.2884
 42.2611
 42.2611
 48.9081
 40.025
 43.6921
 49.3255
 49.3255
 41.7612
 42.3792
 42.3792
 42.6263
 46.9574
 47.0319
 47.0319
 47.0319
 47.0319
 33.8378
 33.8378
 50.6063
 43.0697
 45.0777
 45.0777
 46.2277
 45.0888
 45.0888
 51.0392
 51.0392
 53.8609
 40.8779
 40.694
 40.694
 39.2173
 39.9625
 44.9222
 44.9222
 52.2303
 52.2303
 41.7493
 54.7083
 54.7083
 40.7554
 46.0435
 47.2335
 47.8957
 37.9737
 41.0974
 42.1663
 43.8748
 44.0227
 0
 44.6318
 39.8873
 42.3202
 49.2138
 0
 41.7612
 47.8121
 50.1996
 47.1063
 0
 0
 42.9767
 48.7032
 41.8569
 0
 44.2719
 49.1833
 49.93
 52.9056
 52.9056
 42.7785
 50.6656
 44.1928
 42.45
 46.8402
 42.8019
 54
 45.1442
 0
 43.5775
 42.0238
 55.6417
 50.1398
 45.1664
 38.2099
 55.6866
 51.4976
 46.9042
 50.3885
 42.6263
 51.4879
 43.0581
 45.6399
 48.2908
 49.5883
 44.699
 49.8598
 50.3587
 49.4166
 48.7032
 49.2341
 50.8626
 51.0098
 52.2111
 52.5262
 45.2106
 38.0395
 44.2041
 51.1371
 51.672
 51.672
 46.1628
 52.8961
 43.9773
 43.9773
 42.7785
 42.7785
 54.0555
 54.0555
 56.7891
 44.441
 43.7379
 43.7379
 55.4437
 47.8748
 47.8748
 41.8808
 50.4183
 49.5379
 49.5379
 49.5379
 42.0476
 52.5738
 52.5738
 35.6651
 43.1856
 54.5252
 54.5252
 35
 48.6929
 55.8301
 55.8301
 29.7489
 49.5681
 56.2406
 56.2406
 31.9374
 53.4603
 52.5167
 52.5167
 46.0977
 52.345
 52.345
 44.7325
 53.7959
 53.7959
 48.7852
 57.8014
 57.8014
 53.9073
 56.1694
 53.0377
 53.0189
 53.479
 45.8476
 46.4112
 52.1057
 54.0093
 53.0471
 56.4535
 54.7175
 52.2015
 55.9196
 45.5192
 55.0273
 46.5833
 57.28
 58.2151
 53.2165
 56.9122
 54.827
 52.1728
 53.9722
 45.7384
 57.1227
 48.9081
 56.701
 51.264
 57.3672
 54.909
 60.3407
 55.6147
 55.0818
 48.3218
 57.1664
 48.2908
 57.9741
 55.6507
 62.1852
 55.5968
 55.8749
 49.7896
 54.8179
 46.0217
 56.2939
 49.5379
 57.5326
 59.4643
 54.0185
 57.5674
 56.5066
 51.4393
 57.5587
 45.9021
 55.8838
 57.7927
 50.7839
 59.3043
 58.8473
 56.9122
 56.4712
 54.827
 60.8358
 46.7654
 60.663
 48.3011
 57.1139
 50.4777
 58.155
 55.6776
 59.2706
 49.8999
 59.6909
 46.0109
 58.8218
 58.3952
 50.7543
 55.7853
 59.6909
 56.7979
 55.6687
 50.6557
 61.5955
 47.0319
 62.3779
 54.3507
 54.3507
 57.8965
 53.0189
 54.7814
 58.1808
 52.9906
 57.8619
 49.1019
 57.3236
 55.1181
 57.576
 56.4978
 60.7124
 58.7707
 50.3786
 55.6417
 55.3173
 44.5197
 52.3163
 56.4181
 64.2884
 52.3927
 57.576
 55.6956
 51.342
 51.3615
 53.2635
 49.1325
 55.8838
 53.2729
 57.3498
 56.9122
 62.6019
 61.2127
 51.2933
 55.6597
 50.636
 47.3286
 49.7695
 56.0625
 77.3111
 57.5239
 57.5239
 54.7723
 49.0918
 55.6507
 50.4777
 51.9423
 51.9423
 51.9423
 58.5662
 58.5662
 61.8547
 79.975
 61.7819
 57.6108
 57.6108
 59.8999
 76.5572
 47.2017
 51.4587
 55.6866
 55.0908
 57.4369
 55.4256
 60.7536
 61.4654
 57.7062
 58.5577
 51.8652
 52.6023
 52.6023
 52.6023
 52.6023
 50.5569
 57.0263
 57.0263
 95.8906
 95.8906
 95.8906
 95.8906
 70.3065
 70.3065
