 10.0995
 6.85565
 8.66025
 10.0499
 20.2978
 19.105
 19.105
 14.7648
 27
 20.2731
 34.0294
 18.6548
 22.9565
 39.7115
 9.21954
 22.1133
 35.6371
 19.2614
 23.0651
 15.9687
 21.7256
 21.7486
 22.6495
 24.4336
 23.4094
 20
 25.8457
 20.4206
 26.8142
 31.9844
 21.7486
 30.348
 23.622
 20.8567
 21.1187
 21.8403
 20.0499
 17.3205
 22.8473
 33.1361
 20.6398
 34.2783
 25.02
 24.1039
 30.282
 26.7955
 22.6274
 22.561
 22.6053
 35.4401
 23.4307
 34.6554
 27.4226
 25.2587
 30.2324
 25.2785
 19.3132
 20.7846
 22.6274
 25.2785
 29.5127
 36.647
 25.2982
 31.8748
 24.2281
 32.311
 26.1343
 29.2746
 24.4949
 33.9117
 23.2164
 34.6987
 23.7487
 33.5708
 27.1293
 29.95
 21.3073
 26.9258
 24.3311
 27.258
 32.2335
 38.1051
 25.5343
 35.4683
 21.2603
 25.3969
 33.8231
 30.3645
 35.1994
 35.8469
 27.6406
 28
 36.1663
 42.332
 36.1801
 32.4191
 26.0768
 30.0167
 22.4944
 30.7571
 30.7571
 25.0599
 24.1868
 27.8388
 32.8634
 25.2587
 33.4664
 28.6531
 24.2281
 38.4708
 24.7184
 39.0256
 33.6898
 25.4165
 23.622
 30.8221
 37.0945
 27.2029
 24.0832
 24.0832
 28.7576
 22.6274
 23.3666
 35.5387
 29.8831
 37.7227
 22.1811
 19.4936
 26.1916
 39.0512
 31.241
 26.1725
 28.4253
 34.4964
 21.166
 27.037
 27.8388
 31.1769
 28.6531
 21
 30.1828
 31.1929
 28.7924
 27.258
 28.7924
 21.2603
 30
 29.3428
 23.7276
 34.8712
 29.7489
 28.7054
 28
 29.5127
 42.0476
 20.2978
 22.0227
 25.1197
 40.5216
 21.8174
 29.9666
 29.5127
 0
 36.3868
 33.541
 32.8481
 18.412
 33.4216
 37.1753
 25.318
 22.6716
 25.1595
 40.3856
 24.4336
 20.1246
 0
 38.8458
 21.7715
 20.6398
 31.4006
 31.4006
 26.0768
 36.973
 26.9444
 30.6105
 30.6105
 32.7414
 24.454
 25.219
 35.2562
 35.2562
 28.6531
 27.8927
 34.2345
 28.6531
 28.6531
 27.1293
 33.5857
 36.8646
 20.4695
 29.3087
 45.2659
 32.9242
 20
 0
 37.4166
 25.2587
 31.273
 26.9444
 36.524
 18.2483
 34.2637
 28.7402
 31.4643
 39.6358
 24.3311
 27.8209
 41.3038
 27.8388
 28.2843
 26.9072
 40.7431
 28.7402
 30.348
 26.9444
 38.4448
 32.218
 33.0151
 27.7849
 33.5708
 32.1714
 26.9815
 17.088
 25.219
 36.2353
 30.4959
 7.34847
 40.4722
 32.7567
 27.8029
 11.0454
 43.3935
 25.2389
 34.6121
 12.2882
 34.7851
 40.8656
 25.2587
 8.544
 33.5559
 40.398
 11.0905
 11.0905
 40.5832
 28.0891
 11.7473
 0
 42.1663
 30.3974
 9.84886
 27.5318
 42.5206
 32.45
 11.0905
 27.6225
 39.7744
 34.0734
 7.34847
 23.6643
 36.6197
 34.7275
 9.84886
 9.84886
 36.3043
 30.4795
 11.7898
 44.5758
 32.2335
 10.8167
 46.5618
 32.9393
 9.8995
 43.2435
 34.9142
 12
 39.6863
 31.4166
 32.0156
 41.4488
 32.1403
 43.7721
 42.6263
 31.0966
 32.218
 40.5586
 35.0856
 36.8375
 40.8779
 29.7825
 42.0357
 34.2637
 46.7974
 34.8999
 34.7419
 45.4313
 35.5528
 38.1051
 42.3674
 28.8617
 46.4112
 33.5559
 45.1553
 34.3948
 41.1704
 35.0428
 37.3765
 36.5787
 46.5081
 31.257
 47.55
 35.8469
 49
 34.2929
 46.6369
 35.609
 34.3074
 36.3456
 42.7551
 28.7228
 47.3392
 34.9142
 46.6798
 35.0143
 37.3631
 41
 40.9878
 36
 45.0777
 29.5466
 44.5982
 32.4654
 35.7211
 46.6798
 45.8803
 30.4795
 37.1214
 32.218
 46.9787
 37.1483
 49.8498
 39.3573
 44.4297
 39.0768
 40.9145
 34.7707
 40.4969
 40.9512
 39.7366
 31.289
 42.9418
 34.6987
 34.7851
 45.0555
 39.6358
 33.0908
 37.3497
 32.8786
 44.4522
 40.2119
 49.163
 40.8656
 41.3521
 41.3521
 34.9285
 40.5586
 37.1214
 39.598
 45.5192
 31.273
 44.2719
 33.4515
 46.2277
 35.8329
 39.064
 33.9264
 37.921
 27.8029
 44.1248
 34.6121
 38.3014
 38.7427
 43.4626
 41.7971
 43.4051
 35.3129
 37.6962
 37.855
 39.3319
 26.4008
 44.1362
 33.8231
 42.107
 35.805
 42.4617
 38.1838
 38
 28.0535
 41
 34.0441
 42.7668
 29.5635
 45.1331
 55.848
 42.0476
 42.0476
 38.8844
 28.7402
 31.607
 36.7151
 42.4971
 42.4971
 42.4971
 38.0789
 0
 36.0416
 60.3656
 37.3765
 39.0256
 0
 44.3959
 42.1426
 37.4433
 46.076
 41.833
 32.8634
 33.0757
 31.9218
 38.3536
 40.025
 35.6371
 43.8292
 36.9594
 37.6032
 37.6032
 37.6032
 37.6032
 45.0888
 33.0454
 33.0454
 33.0454
 33.0454
 33.0454
 33.0454
 33.0454
 0
