 13.9642
 1.73205
 13.4907
 10.3923
 9.84886
 0
 0
 7.68115
 11.6189
 11.6189
 10.3441
 6.85565
 6.9282
 9.32738
 9.32738
 6.9282
 0
 7.07107
 9.32738
 12.5698
 9.64365
 11.0454
 8.60233
 14.2478
 6.55744
 6.245
 10.3923
 7.74597
 7.74597
 9.32738
 5.47723
 8.06226
 9.32738
 14.7309
 7.4162
 9.53939
 8.7178
 8
 4.58258
 13.2288
 7.93725
 5.47723
 7.87401
 8.12404
 1.73205
 4.79583
 17.3781
 9.84886
 20
 7
 7
 6.245
 9.32738
 6.85565
 12.5698
 12.1244
 12.2882
 11.2694
 14.7648
 7.34847
 9.8995
 14.3875
 13.1909
 6.85565
 19.1833
 9.69536
 17.4356
 7.74597
 4.3589
 6.32456
 8.66025
 7.34847
 6.16441
 5.19615
 7.4162
 13.8924
 9.79796
 11.2694
 16.5227
 8.06226
 14.1067
 12.4097
 10.1489
 10.1489
 12.49
 13.8564
 0
 10.3923
 10.583
 7.93725
 8.66025
 3.87298
 11.5326
 14.3178
 7.34847
 6.08276
 12.4499
 13
 12.8841
 8.66025
 0
 10.1489
 11.5758
 13.9284
 9.84886
 8.12404
 11.1355
 9.05539
 12.9228
 9.64365
 10.583
 9.84886
 4.3589
 11.5326
 9.05539
 9.74679
 10.1489
 13.0384
 13.9642
 13.9642
 7.74597
 14.2829
 14.2829
 13.2288
 7.34847
 13.4907
 6.9282
 6.9282
 10.9087
 13.8924
 6.245
 10.0995
 10.0995
 6.32456
 13.2288
 13.2288
 5.74456
 10.4403
 7.07107
 9.05539
 9.05539
 9.05539
 9.05539
 0
 9.53939
 12.8841
 14
 14
 7.48331
 12.3288
 12.3288
 13.7113
 13.7113
 9.79796
 10.4881
 13.1529
 13.1529
 13.1529
 13.6748
 13.1909
 0
 13
 0
 12.4097
 17
 17
 14.3178
 9.53939
 3.16228
 12.9228
 12.9228
 12.9228
 19.799
 7
 13.1149
 0
 11.0905
 4.24264
 13.1529
 6.85565
 6.85565
 7.81025
 8.66025
 13.1149
 3
 3
 8.66025
 7.81025
 14.7648
 6.9282
 6.9282
 8.12404
 7.2111
 8.94427
 12.2882
 12.2882
 10.3923
 5.74456
 7.14143
 13.7113
 10.3923
 9.16515
 9.32738
 13
 0
 6.245
 7.81025
 3.4641
 12.8841
 9
 8.66025
 13.0384
 14.2478
 8.83176
 15.1327
 9.64365
 12.2474
 14.7986
 9.53939
 6.7082
 13.1149
 14
 12.1244
 9.21954
 15.1327
 13.1529
 9
 7.34847
 14
 11
 10.4403
 12.083
 13.7113
 10.0995
 11.225
 9.16515
 9.16515
 2.44949
 7.34847
 11.7047
 5.09902
 5.47723
 8.7178
 9.8995
 4.47214
 2.44949
 5.47723
 13.0384
 1.73205
 15.843
 9.53939
 4.24264
 0
 14
 9.21954
 5.19615
 0
 15.4596
 10.1489
 4.3589
 12.1655
 16.7631
 12.8841
 4.24264
 12.1244
 13.2288
 4.89898
 1.41421
 1.41421
 10.3923
 18.2757
 4.24264
 0
 9.8995
 9.16515
 6
 15.4272
 8.60233
 3.4641
 6.9282
 10.3923
 2.44949
 5.47723
 8.24621
 3.4641
 9
 15.843
 9.11043
 14.0357
 5.19615
 14.7648
 15.4919
 10.0995
 7
 11
 18.2209
 9.53939
 16
 8
 13.9642
 6.9282
 1.73205
 11.0454
 7.74597
 8.48528
 19.0526
 13.6748
 15.1327
 11.2694
 14.6969
 13.2288
 15.906
 4.3589
 11.225
 9.53939
 8.77496
 17.8885
 16.6733
 10.4403
 9.53939
 12
 5.19615
 10.8167
 3.4641
 7.74597
 14.8997
 13
 15.4919
 14.3178
 13.2288
 13.9642
 14.3527
 7.14143
 11.3578
 15.6205
 9.69536
 10.5357
 10.5357
 10.3923
 7.4162
 11.225
 11.6189
 4.3589
 0
 7.87401
 8.7178
 11.1355
 14.7648
 8.83176
 14.3178
 12.5698
 15.1327
 9.59166
 10.4881
 16.5529
 17.1172
 8.7178
 8.7178
 9.53939
 9
 13.2288
 11.2694
 1.73205
 8.88819
 8.83176
 8.48528
 12.8452
 14.8324
 11.7898
 14.9332
 14.9332
 15.9687
 7.34847
 18.303
 6.55744
 10.3923
 7.81025
 9
 8
 8
 12.8062
 12.8062
 11.6189
 4.24264
 8
 7.74597
 13.6748
 14.9666
 9.84886
 14.0357
 14.0357
 12.3288
 1.73205
 17.3781
 13.8924
 7.61577
 4.89898
 4.89898
 9.69536
 2.44949
 9.79796
 9.79796
 12.083
 12.083
 6.32456
 12.1655
 8.48528
 14.0357
 14.0357
 7.74597
 13.0384
 10.1489
 11.6619
 21.9545
 21.9545
 7.34847
 7.34847
 12.4097
 12.4097
 12.4097
 9.64365
 9.64365
 12.083
 0
 7.34847
 7.34847
 9.16515
 9.21954
 0
 0
 6.48074
 3.31662
 6.16441
 11.2694
 6
 10.3923
 10.8167
 12.49
 12.49
 5.65685
 5.65685
 3
 3
 3
 5.47723
 6.9282
 23.622
 6.32456
 15.4596
 0
 9.48683
 9.48683
 17.4642
 0
 0
