 25.2587
 13.5277
 26.0576
 14.7309
 21.1424
 23.3024
 23.3024
 24.0832
 27.2029
 20.8087
 36.3456
 19.7737
 23.4307
 40.8779
 17.5499
 20.0499
 36.0971
 20.8806
 22.891
 26.0576
 26.2679
 26.0576
 24.2693
 27.9643
 27.2213
 24.4745
 28.1069
 20.3224
 31.7648
 37.4433
 20.2485
 31.5278
 23.8747
 22.383
 24.6779
 27.1477
 29.5127
 22.561
 28.0179
 36.1525
 21.166
 36.3868
 22.9565
 26.0576
 30.2985
 29.6479
 26.8328
 26.2488
 26.9444
 35.5387
 27.2397
 34.3948
 27.258
 24.3516
 33.8526
 29.1376
 24.0208
 25.7682
 28.9137
 25.7682
 33.8526
 37.7889
 25.1794
 35.7911
 28.8444
 31.1609
 31.1127
 34.5977
 27.5136
 35.805
 31.1288
 35.6371
 24.3311
 35.5387
 28.2843
 31.9061
 25.219
 31.496
 30.1828
 30.5614
 37.108
 41.6173
 26.3439
 36.1525
 30.7246
 34.3657
 33.5708
 27.6767
 40.1373
 38.1576
 34.4529
 27.8029
 37.3363
 37.3363
 37
 32.6803
 24.8797
 34.2637
 21.7486
 26.0576
 0
 34.6987
 23.8747
 32.0312
 34.5832
 26.9815
 40.3609
 37.3095
 23.8956
 41.5812
 26.4008
 39.6737
 37.2425
 30.1662
 26.9629
 34.6843
 33.0908
 33.4365
 29.8831
 34.1028
 32
 28.5657
 30.8058
 43.1393
 33.4365
 41.9404
 29.0689
 27.5136
 28.7576
 37.3363
 32.8024
 28.5832
 32.2335
 35.7071
 29.0345
 31.0483
 30.8383
 35.6651
 32.6037
 30.3645
 36.5103
 35.819
 31.9374
 31.8748
 35.6651
 24.0832
 31.4006
 34.3366
 24.6374
 41.3884
 34.4238
 30.5941
 29.9833
 29.4788
 43.5546
 24.8395
 24.8395
 31.4802
 40.4104
 27.2764
 26.4953
 35
 0
 34.6843
 40.0125
 36.1525
 25.0599
 36.6606
 41.6293
 31.0805
 37.0675
 36.1109
 41.4729
 31.1929
 25.807
 0
 36.6742
 34.5977
 27.8209
 32.1559
 32.1559
 33.4066
 39.3192
 29.95
 35.2562
 35.2562
 36.4143
 33.5261
 27.6043
 33.8526
 33.8526
 37.2827
 34.6554
 36.8511
 31.0161
 31.0161
 35.0428
 29.7153
 43.9773
 26.2679
 35.623
 45.8367
 32.311
 25.3377
 0
 35.0571
 34.0147
 35.0571
 30.6594
 32.2335
 28.9137
 39.9625
 35.2278
 34.4964
 41.2795
 30.1828
 33.0454
 41.6173
 31.3528
 33.5708
 31.8119
 39.3319
 30.315
 28.2135
 29.1548
 38.4838
 32.6497
 35.171
 29.8998
 38.1182
 36.6742
 28.6531
 24.3516
 29.1719
 39.6106
 35.6931
 10.0995
 43.909
 28.4077
 31.8277
 10.0995
 44.2493
 29.7489
 32.7261
 11.5758
 36.4966
 39.5854
 29.1033
 11.225
 38.9615
 35.0856
 10.0995
 10.0995
 40.1373
 33.7787
 10.5357
 0
 41.9047
 33.0606
 7.87401
 28.5132
 42.4264
 30.0832
 8.83176
 28.8791
 40.4722
 37.054
 9.38083
 23.4094
 40.5216
 35.4965
 9
 9
 41.7373
 34.6266
 11.225
 46.2817
 29.5973
 9.69536
 45.6618
 33.2566
 7.81025
 42.3202
 36.7015
 11.3578
 38.1707
 37.2156
 38.3014
 43.6348
 33.541
 43.4626
 43.2551
 27.7669
 35.9583
 38.5746
 35.2846
 40.5463
 43.589
 35.0571
 45.0555
 33.7639
 47.3075
 32.8786
 37.7094
 42.8836
 39.5221
 39.2938
 46.5188
 33.2866
 43.1625
 27.6406
 42.7317
 33.0606
 41.1825
 38.5746
 40.7185
 38.8072
 47.6865
 33.9117
 48.4768
 31.1288
 47.2758
 38.3927
 43.5316
 37.2559
 39.7366
 41
 41.9285
 33.9411
 47.9896
 27.3313
 45.4973
 38.092
 38.4448
 39.0512
 44.3058
 39.9875
 45.6618
 32.5883
 45.1221
 30.2159
 36.4829
 47.0532
 40.8656
 35.2987
 40.9878
 36.8782
 48.156
 36.647
 51.1077
 29.3939
 39.9124
 41.9881
 39.6863
 38.5746
 42.7083
 43.6348
 43.6348
 35.1426
 35.1426
 29.4618
 34.6554
 44.8776
 40.4228
 37.7492
 41.7253
 36.8646
 43.9659
 32.665
 41.833
 31.1609
 46.7654
 37.51
 38.1707
 40.1123
 42.9302
 40.9512
 40.9512
 35.0286
 35.0286
 27.6043
 27.6043
 30.8545
 40.4228
 37.7359
 40.7063
 36.6742
 42.3792
 34.2199
 50.3686
 37.5233
 48
 38.3275
 40.3856
 39.37
 41.2068
 39.4208
 45.8803
 36.2491
 36.2491
 30.2655
 30.2655
 33.5261
 33.5261
 37.8682
 37.5633
 36.2215
 40.5709
 34.641
 48.0312
 38.1445
 46.9574
 38.3275
 47.9479
 42.0238
 39.6737
 34.3074
 39.3954
 41.3159
 42.19
 35.819
 35.819
 30.1828
 0
 36.5103
 32.7872
 38.3145
 43.909
 43.909
 44.911
 47.0638
 48.5695
 43.4396
 42.8135
 38.7556
 35.0428
 27.8747
 36.6742
 35.2278
 36.6606
 41.9881
 48.8876
 41.2674
 41.2674
 36.647
 36.647
 46.3465
 39.3319
 39.3319
 39.3319
 37.5766
 34.7994
 42.8019
 0
 0
