 460.783
 13.8924
 13.8924
 16.7332
 16.7332
 21.8403
 0
 21.7486
 18.412
 19.0526
 25.3969
 25.3969
 25.3969
 27.8029
 22.2261
 22.2261
 23.4307
 23.4307
 23.4307
 23.4307
 23.4307
 21.5407
 21.5407
 21.5407
 21.1424
 18.3848
 18.3848
 18.1659
 28.2843
 28.2843
 19.799
 19.975
 19.975
 21.4942
 19.5448
 20.347
 22.1359
 18.303
 22.9783
 24.5561
 18.3576
 25.9422
 25.9422
 22.7816
 20
 22.7376
 24.454
 21.4476
 19.2094
 26.3629
 18.2483
 21.4709
 19.0788
 19.3907
 20.8806
 22.5832
 23.6854
 20.2485
 26.6271
 17.9165
 27.8568
 23.5584
 23.5584
 20.9523
 20.9523
 24.5764
 24.4745
 25.4165
 22.9129
 22.2935
 21.8861
 20.445
 21.1424
 20.025
 20.025
 24.454
 25.2982
 19.4936
 28.5132
 18.6815
 28.0179
 27.0924
 22.5389
 21.7945
 22.8254
 27.2213
 20.2485
 24.2074
 26.1343
 23.0217
 20.7123
 21.0238
 20.9284
 24.2487
 20.8567
 22.2036
 33.2265
 23.8956
 29.5127
 26.8514
 26.8514
 23.3024
 27.6586
 30.2324
 19.4422
 19.1572
 31.3688
 28.3196
 27.6948
 25.2982
 19.799
 25.1794
 18.4391
 24.8797
 25.2587
 16.7631
 26.1343
 25.6515
 28.8271
 17.8606
 22.9347
 26.0384
 21.7025
 29.6985
 15.906
 23.7065
 25.219
 23.3452
 28.8617
 25.3377
 21.7486
 27.7489
 23.5372
 27.55
 28.2312
 20.6398
 22.1585
 27.074
 27.074
 26.6083
 21.0238
 14.4222
 14.6629
 20.9523
 26.9815
 28.9137
 28.7402
 14.5602
 27.2397
 30.8221
 19.5959
 28.2843
 14.7648
 24.1454
 27.9285
 28.2489
 22.0907
 14.7309
 25.3969
 26.7021
 19.0788
 28.2843
 28.2843
 28.0535
 33
 19.2873
 28.8271
 25.6515
 27.5681
 28.2489
 20.4695
 20.3224
 26.9629
 22.7596
 26.7395
 26.7395
 25.671
 22.1133
 28.3019
 22.6936
 15.5885
 19.6977
 26.2488
 26.2107
 24.1247
 20.8087
 29.5127
 22.7156
 27.6043
 27.6043
 18.2757
 19.7484
 28.6531
 28.775
 25.8263
 15.843
 23.622
 21.8861
 27.4591
 27.6948
 26.7208
 27.0555
 26.2107
 25.7876
 25.7876
 22.7816
 24.2899
 32.6037
 24.8193
 25.3377
 25.0599
 31.9374
 26.9444
 27.1846
 32.3265
 24.8998
 26.9629
 31.0966
 24.7992
 26.4197
 26.533
 29.8998
 28
 22.4054
 27.5862
 27.313
 24.5561
 25.0599
 25.0599
 31.9218
 30.4138
 25.04
 25.6515
 25.4951
 27.258
 27.3313
 15.1987
 27.2397
 22.9347
 24.5561
 12.2474
 25.7294
 24.8596
 22.9783
 11.2694
 29.4958
 23.6643
 28
 12.4097
 35
 24.8998
 12.2066
 12.2066
 31.5595
 27.8209
 11.4018
 11.4018
 29.9833
 27.8209
 13.1909
 13.1909
 30.7896
 24.4949
 12.2882
 12.2882
 31.5278
 28.2843
 13.5647
 13.5647
 26.6271
 30.1164
 13.1529
 13.1529
 31.8277
 27.7489
 10.583
 33.2866
 24.1039
 12.7671
 29.5127
 25.02
 14
 29.2062
 28.4956
 10.4881
 31.6228
 36.1801
 28.3549
 35.171
 27.7669
 31.4802
 30.7409
 23.6854
 28.2312
 31.8119
 31.3688
 28.9482
 29.3769
 31.3369
 24.1661
 24.3311
 28.0179
 25.2785
 31.4166
 24.8998
 32.0156
 31.3528
 32.6956
 31.5753
 32.7567
 25.0799
 34.6554
 24.8596
 30.3809
 28.3549
 30.7409
 31.9687
 36.5377
 28.8097
 26.096
 25.6125
 30.7896
 28.6182
 28.775
 33.9411
 30.7409
 35.0714
 35.0286
 29.1548
 35.171
 24.8395
 34.5832
 29.4788
 30.7571
 34.7419
 32.6803
 31.9531
 24.4949
 31.8904
 25.7876
 26.096
 26.9444
 27.2213
 31.607
 34.0881
 33.8969
 31.3369
 38.4057
 28.7228
 34.6266
 24.454
 32.3265
 26.4953
 32.311
 30.7734
 33.3467
 32.6497
 21.0476
 31.9061
 22.561
 26.6458
 29.1719
 23.7276
 34.3802
 35.8329
 33.8083
 33.0151
 36.9324
 26.5895
 31.6544
 25.219
 35.4683
 30.9516
 30.2655
 33.0303
 32.6956
 28.8964
 24.1039
 30.7246
 18.6548
 26.7769
 26.5141
 25.02
 28.8617
 32.8786
 35.1426
 29.3598
 35.1852
 23.7276
 35.1852
 28.3725
 34.5688
 29.5296
 35.8887
 32.6803
 33.8969
 22.7376
 26.5141
 33.9706
 26.9629
 25.632
 23.4947
 25.3377
 26.533
 28.9137
 31.9844
 28.3196
 36.6333
 23.3024
 29.9333
 24.8193
 26.4008
 25.4951
 32.5115
 28.8791
 30.7083
 25.5343
 33.2415
 22.7156
 25.1595
 28.7576
 22.9129
 25.0799
 25.0799
 29.6311
 25.318
 31.9531
 33.3766
 33.3766
 27
 48.518
 30.348
 27.5862
 28.4077
 31.4802
 30.7409
 27
 25.6515
 26.2488
 32.6037
 29.6985
 38.6005
 33.8231
 17.5499
 17.5499
 52.5928
 40.5832
 28.931
 28.931
 28.931
 28.931
 28.931
 28.931
 28.931
 0
