 32.8024
 20
 28.8791
 23.5797
 29.4279
 30.4795
 30.4795
 26.9815
 35.2278
 35.2278
 43.0697
 28.1603
 30.1828
 48.7134
 25.2389
 29.2404
 49.8899
 30.3315
 29.9666
 33.541
 35.4119
 33.8526
 34.9428
 33.541
 32.187
 33.7046
 35.0571
 33.7639
 35.2846
 43.4626
 33.5261
 41.9047
 32.4037
 33.8231
 36.3043
 32.1559
 40.4228
 28.1069
 39.8623
 43.8634
 32.4191
 47.4552
 34.9428
 37.7492
 41.8688
 43.4281
 40.939
 33.0151
 40.939
 47.2864
 35.0143
 45.2327
 43.1509
 42.0714
 44.833
 38.4708
 39.7492
 30.692
 43.1509
 29.8998
 48.4149
 46.4004
 39.281
 47.392
 41.7732
 31.305
 44.5197
 46.2169
 25.219
 46.551
 31.3209
 46.9255
 30.1828
 48.734
 43.7379
 43.0233
 43.6348
 34.2199
 48.621
 48.621
 53.3667
 52.8772
 37.4433
 46.4327
 47.4447
 49.558
 35.6791
 29
 53.5817
 50.1298
 37.4967
 37.1214
 42.6028
 42.6028
 50.8626
 47.1487
 47.1487
 45.7165
 32.9545
 26.1534
 0
 32.3265
 32.3265
 49.3964
 49.1935
 26.9444
 52.8299
 52.8299
 35.5809
 51.6236
 40.6448
 46.594
 51.614
 51.6624
 29.6479
 50.3488
 32.1248
 51.788
 31.496
 31.496
 26.9629
 26.9629
 38.4968
 53.9444
 46.2385
 52.9906
 28.931
 33.1059
 45.4533
 40.7676
 40.2616
 40.0999
 40.0999
 51.8266
 51.8266
 51.8266
 47.9792
 48.1144
 51.7204
 37.4032
 38.923
 50.8232
 46.2169
 41.3159
 32.665
 34.2345
 53.0943
 44.5309
 33.1361
 55.263
 38.6264
 56.5243
 43.7035
 47.2652
 55.254
 34.0881
 34.0881
 42.3202
 43.9773
 36.9324
 36.9324
 51.7397
 51.7397
 32.249
 53.7587
 47.0213
 35.2846
 31.686
 56.0981
 39.8623
 42.6028
 42.0833
 51.8363
 34.7851
 34.7994
 0
 39.6106
 40.5586
 35.2987
 45.3652
 45.3652
 39.3446
 53.7494
 40.7185
 54.5344
 54.5344
 49.7695
 40.8289
 37.8814
 31.1288
 31.1288
 45.8694
 39.5727
 53.563
 39.8873
 39.8873
 39.8873
 37.1214
 55.4256
 35.2278
 47.676
 55.9464
 49.5076
 33.1361
 0
 41.8808
 47.6865
 56.3471
 38
 33.2866
 44.0114
 57.4108
 39.9124
 28.6182
 54
 45.8803
 46.7012
 55.8928
 44.5533
 35.0286
 38.8587
 42.8836
 44.0114
 43.2897
 34.4674
 58.3524
 46
 55.3353
 40.05
 48.4252
 56.0892
 43.2088
 31.4325
 42.2966
 57.55
 36.9053
 23.7276
 56.4358
 37.9473
 43.1161
 22.5832
 55.6417
 42.5911
 52.8015
 24.5764
 57.1577
 42.8019
 37.3631
 26.6271
 58.0947
 33.9117
 24.6982
 24.6982
 56.1249
 36.318
 26.1151
 0
 0
 36
 29.9666
 41.1582
 44.9889
 46.5618
 26.5518
 42.6263
 56.7186
 56.4092
 26.7955
 37.6829
 55.8122
 58.0947
 21.3073
 21.3073
 59.439
 31.9687
 26.1343
 55.6417
 35.5106
 26.9629
 55.7136
 53.7122
 24.5357
 41.7373
 58.8048
 27.2397
 30.4302
 56.9649
 41.3884
 57.1402
 36.3318
 55.9732
 43.1393
 50.1398
 57.5239
 39.3065
 58.8812
 42.8135
 61.384
 31.9061
 50.2991
 40.0125
 53.9073
 55.0364
 62.145
 41.1704
 58.2323
 60.1914
 56.7627
 36.4966
 48.3529
 36.1525
 40.7185
 52.811
 62.9682
 60.3573
 43.8748
 59.649
 61.3677
 32.5423
 55.5878
 46.2061
 49.5278
 61.1882
 36.524
 62.1852
 54.754
 63.4823
 55.3444
 33.7194
 50.01
 43.1277
 43.1277
 59.8665
 64.1093
 56.4624
 64.622
 41.9524
 67.164
 29.7153
 50.6261
 40.9512
 59.203
 48.734
 37.4566
 56.4181
 58.8218
 59.1608
 54.909
 38.0132
 44.7325
 47.4342
 38.8072
 65.3529
 60.3075
 60.7207
 62.9762
 45.3321
 45.3321
 30.2324
 30.2324
 45.0111
 60.2661
 47.8957
 62.0081
 60.2993
 60.1997
 37.1349
 49.4975
 37.4166
 46.0326
 48.7032
 67.7717
 61.0246
 63.7338
 41.821
 46.4866
 61.8628
 61.8628
 30.7734
 30.7734
 35.7211
 35.7211
 57.2713
 62.4179
 60.696
 58.8982
 34.5832
 53.1883
 43.4511
 57.1314
 54.909
 67.3944
 64.1327
 64.1327
 60.2495
 56.9034
 48.1871
 49.2341
 29.2233
 29.2233
 37.6563
 37.6563
 54.7266
 54.7266
 63.3719
 53.2729
 38.8716
 56.0803
 47.55
 49.0306
 61.8061
 66.053
 63.4744
 69.2892
 58.5406
 56.648
 42.2847
 36.2767
 53.9537
 57.9741
 38.4838
 38.4838
 49.4975
 0
 0
 43.8178
 59.4811
 59.4811
 59.4811
 44.3396
 69.0217
 60.2993
 60.2993
 60.6465
 46.8935
 34.3948
 45.1553
 60.2744
 59.8916
 58.6345
 44.8219
 57.1489
 62.0322
 62.0322
 48.4149
 48.4149
 49.2138
 58.4294
 58.4294
 58.4294
 57.9224
 57.9224
 52.259
 52.259
 52.259
