 14
 11.2694
 18.0278
 14.2829
 13.0384
 18.2483
 18.2483
 14.7309
 11.2694
 7.2111
 19.6469
 12.7671
 8.88819
 22.7816
 18.412
 7.28011
 19.0788
 14
 9.38083
 14.3527
 13
 15.6525
 13.1149
 12.2474
 15.8114
 11.5758
 11.2694
 11.6619
 20.3961
 17.4642
 11.3137
 15.1658
 13.9284
 15.8114
 11.6619
 14.0357
 15.3623
 12.2066
 14
 18.9737
 11.2694
 21.7486
 13.1909
 15.1327
 14.2829
 17.4929
 16.4924
 17.4356
 12.6491
 21.3307
 12.4097
 18.2757
 11.3578
 12.6095
 15.6205
 14.8997
 15.4272
 14.1421
 18.6548
 11.7898
 19.975
 20.2978
 12.8452
 17.2916
 16.3095
 19.1311
 17.8885
 18.3576
 16.7929
 18.6279
 15.1327
 17.8606
 13.6748
 18.303
 14
 17.8606
 15.3297
 15.0997
 19.7484
 13.2288
 20.9523
 20.9284
 14.2478
 18.9473
 16.6733
 19.8494
 18.2483
 20.347
 19.975
 17.6352
 14.7648
 14.0712
 17.2916
 17.3494
 16.6132
 14.0357
 27
 17.9444
 21.9545
 16.8523
 16.8523
 17.2916
 22.1585
 18.6279
 16.6733
 13.784
 22.3159
 20.2485
 21.8861
 20.1246
 14.2127
 20.2731
 13
 15.9687
 19.0788
 12.5698
 21.1424
 17.8606
 21.8861
 10.583
 19.4165
 19.8242
 15.3948
 22.1359
 11.6619
 17.5784
 18.4391
 13.5647
 21
 19.0788
 14.3875
 19.6469
 15.9374
 20.025
 21.166
 13
 15.1987
 20.7123
 15.5242
 20.4695
 16
 9.16515
 12.2066
 16.7929
 15.4596
 19.7231
 18.2209
 9.74679
 15.4919
 21.3073
 11.6619
 19.6977
 9.16515
 15.1658
 21.7715
 20.4939
 16.5529
 10.3441
 20.025
 19.6977
 14
 19.6469
 0
 23.3452
 22.1811
 14.8324
 19.6977
 20.567
 19.5192
 20.347
 15.906
 17.4642
 22.6274
 16.1245
 20.2237
 20.2237
 20.4695
 17.8326
 19.1311
 14.1774
 8.94427
 16.7033
 19.2094
 19.6214
 14.3178
 13.4907
 21.4009
 18.303
 19.0526
 16.2788
 13.1529
 16.3401
 17.7764
 17.4642
 19.0526
 9.32738
 19.0263
 13.4536
 19.1311
 18.4391
 19.4679
 21.095
 12.3693
 19.0263
 19.0263
 17.0294
 16.7033
 19.2614
 18.412
 18.412
 18.5472
 19.3907
 17.8606
 19.1572
 22.0227
 17.8606
 19.0263
 25.1396
 17.088
 18.3848
 18.412
 21.9773
 18.7617
 13.9642
 19
 18.412
 15.5563
 16.1555
 18.412
 21.6795
 18.5472
 17.4356
 18.4391
 16.3707
 16.6733
 17.2047
 14.7309
 19.9249
 13.9642
 16.3095
 10.5357
 21.7025
 17.2337
 13.7477
 8.66025
 18.4391
 19.2873
 18.5472
 12.8062
 23.0651
 20.025
 10.4881
 10.4881
 21.9317
 20.2731
 9.8995
 0
 23.4521
 17.7764
 11.0454
 13.9284
 22.6936
 14.7986
 9.21954
 12.7671
 21.9089
 18.4391
 13.6748
 11.5326
 17.4642
 18.0555
 11.0905
 11.0905
 20.199
 17.3494
 8.94427
 26.0384
 14.3527
 11.2694
 24.3721
 13.2665
 12.7671
 21.2603
 15.3948
 10.9545
 22.6716
 23.0651
 19.6723
 26.1151
 17.9165
 24.3516
 21.7945
 14
 18.3848
 21.4476
 20.8806
 17.1464
 20.5913
 17.8885
 19.0788
 14.1774
 21.7486
 15.4919
 19.0788
 19.3907
 19.8997
 20.2485
 23.4307
 18.7883
 23.516
 14.9666
 25.5539
 15.906
 21.1187
 15.9687
 19.2873
 20.9045
 26.1343
 17.1464
 18.2757
 13.1909
 23.4947
 14.7309
 20
 20.2978
 20.2731
 21.7486
 25.2982
 17.4642
 26.2107
 13.9642
 25.5539
 19
 19.1311
 25.6515
 20.5913
 18.8414
 16.5831
 18.2757
 18.2209
 13.4164
 15.1658
 19.9249
 21.1424
 21.7025
 22.1359
 19.1572
 27.7669
 15.6525
 26.096
 13.8924
 23.4521
 16.3707
 22.7816
 19.0526
 21.9089
 20.1742
 12.083
 19.0526
 18.2209
 15.7162
 18.0278
 19.2614
 22.6053
 22.6495
 21.4243
 19.6723
 26.1151
 13.4536
 23.622
 13.1529
 24.2487
 17.7764
 15.9687
 21.4942
 20.2237
 16.1245
 15.7797
 16.8819
 13.1149
 14.7648
 17.6068
 13.0384
 18.412
 19.799
 22.1359
 19.7484
 23.8956
 14.3875
 26.2869
 19
 25.0599
 18.4391
 25.318
 19.0263
 22.9129
 13.6015
 16.2481
 21.4009
 16.8523
 13.6748
 15.4272
 13.0767
 14.7648
 13.784
 17.9165
 16.6733
 24.4336
 12.49
 20.4206
 15.3623
 16.7332
 15.4272
 21.7945
 18.303
 17.6068
 15.4272
 19.7737
 16.3095
 17.4929
 16
 13.5647
 13.0384
 13.0384
 14.7309
 14.7309
 17.8326
 20.1742
 20.1742
 16.4621
 18.7883
 21.1424
 18.9737
 17.1464
 19.0263
 17.1464
 14.7309
 14
 14.4222
 20.2485
 17.8885
 28.2843
 23.6432
 9.21954
 21.7945
 24.0416
 32.1714
 18.303
 8.48528
 8.48528
 19.6469
 20.347
 22.2036
 22.2036
 0
