 14.1421
 4.24264
 14.3527
 4.24264
 6.9282
 2.44949
 2.44949
 6.16441
 19.0788
 8.83176
 18.6011
 4.24264
 5.47723
 26.0576
 6
 10.0499
 22.6053
 4.47214
 6.48074
 3.60555
 5.09902
 4.24264
 7
 5.19615
 4.3589
 4.47214
 6.9282
 6.48074
 8.48528
 15.6844
 6.55744
 15.6525
 9.84886
 8.60233
 6.55744
 5.74456
 6.32456
 3
 10.1489
 16.8523
 5.65685
 21.9773
 7.34847
 6
 14.7648
 9
 4.24264
 8.60233
 6.245
 19.1833
 8.66025
 20.8806
 12.1244
 10.5357
 15.5242
 10.583
 3.74166
 4.12311
 3.4641
 6.08276
 11.5326
 20.0998
 7.4162
 17.4356
 4.24264
 16.1555
 5.19615
 10.0995
 9.79796
 20.025
 8.7178
 21.5174
 7.81025
 17.1172
 13
 15.6525
 3.60555
 8.77496
 6
 7.93725
 12.49
 23.388
 6.85565
 20.8567
 3.87298
 6.85565
 17.1172
 14.8997
 15.1987
 21
 10.6301
 8.88819
 22.7376
 20.2978
 19.8242
 13.4164
 17.2047
 13.5647
 14.2127
 7.4162
 7.4162
 10.4881
 15.4272
 8.66025
 15.906
 6.16441
 17.9165
 16.8523
 14.1067
 24.0624
 6.32456
 25.219
 15.3623
 4.3589
 15.4272
 14.8324
 20.2485
 7.4162
 13.4536
 26.6458
 13.4907
 12.9228
 12.6095
 20.7123
 14.1067
 23.0651
 8
 12.083
 15.3297
 22.9129
 13.8564
 11.7047
 15.1327
 18.4662
 12.8841
 15.5242
 12.1244
 14.2478
 9.05539
 13.5277
 16.4012
 14.7648
 10.7703
 14
 10.1489
 11.0454
 9.69536
 14.7309
 7
 16.3401
 15.6205
 13.2288
 13
 9.53939
 23.4094
 13.5647
 12.2474
 11.3137
 24.0624
 11
 15.6205
 7.68115
 0
 19.0526
 13.5277
 21.3776
 10.4403
 14.7309
 22.1585
 14.2127
 17.8606
 16.6433
 25.7876
 7
 10.4403
 10.4403
 23.4521
 17.8885
 12.3288
 12.1655
 13.2288
 15.5885
 20.2485
 11.0905
 14.7648
 8
 16.5529
 15.3297
 11.0454
 13.5277
 11.9583
 15.9374
 10.4881
 14.6629
 13.2288
 15.4919
 14.1421
 12.2882
 21.7256
 10.4403
 13.9284
 28.3549
 12.1655
 10.4403
 10.4403
 18.303
 13.1909
 10.0995
 12.0416
 15.9374
 9.8995
 14.7309
 12.083
 11.0905
 22.3607
 12.8062
 13.2288
 26.2869
 13.5647
 11.6189
 12.49
 24.8797
 12.4499
 10.3923
 9.94987
 20.2237
 14.0712
 13.4536
 12.7671
 16.6733
 11.6619
 10.8167
 9.27362
 10.7238
 14.5258
 13.6382
 14.7648
 22.5167
 12.1655
 14.3178
 16.8523
 25.6515
 8.7178
 14.2829
 17.088
 11.2694
 22.9565
 11.2694
 17.2337
 13.0384
 19.0263
 19.6469
 19.6469
 20.7364
 9.94987
 14.9666
 0
 26.4764
 11
 17.7764
 9
 26.7582
 12.3693
 16.5529
 7.87401
 20.2731
 14.0712
 16.5831
 7.81025
 17.1172
 12.1244
 17.3205
 17.3205
 16.2788
 10.5357
 19.2873
 26.0384
 10.3923
 19.0526
 29.1376
 12.1244
 18.4391
 25.04
 11.225
 18.4391
 18.4662
 11.0905
 13.8924
 20.3715
 12.6095
 27.037
 26.0768
 13.4536
 12.083
 20.5183
 9.64365
 16.7033
 18.3303
 10.4403
 23.8537
 13.8564
 28.3725
 13.1529
 12.2474
 24.1247
 14.6969
 18.7617
 24.3311
 10.6771
 29.6311
 12.0416
 27.6225
 13.0767
 19.799
 14
 17.8326
 12.3693
 24.5561
 10.3923
 28.2843
 13.7113
 30.8221
 12.1655
 23.7487
 9.69536
 15.0997
 16.6433
 23.6432
 8.7178
 29.0517
 13.4536
 27.6948
 14.8661
 15.3623
 21.5407
 18.412
 17.1172
 24.4131
 8.66025
 27.7128
 11
 13.4536
 27.5681
 23.1084
 8.60233
 16.3095
 14
 26.4008
 10.583
 31.5753
 13.4536
 25.6125
 19.1833
 20.347
 12.4499
 16.7332
 19.5192
 20.8567
 7.81025
 27.2213
 12
 12.2066
 23.8956
 18.0555
 10.7238
 16.3095
 14.3178
 24.6577
 12.8841
 28.2312
 13.2665
 25.2587
 13.2288
 15.3297
 20.347
 19.4936
 17.2627
 23.7487
 9.53939
 26.7582
 12.2882
 22.5832
 13.5277
 16.3095
 10.3923
 15.4919
 12.3693
 22.2486
 13.0384
 29.5635
 14
 25.5539
 15.0333
 22.7156
 14.8324
 16.6733
 19.1833
 23.1084
 10.0995
 27.2397
 13.4907
 21.4476
 13.1909
 16.3401
 12.1655
 14.0357
 8.88819
 18.4932
 11.3137
 25.6905
 14
 26.1343
 13.4536
 23.5797
 16
 19.3649
 13.2665
 12.7671
 20.5913
 24.0832
 13.1909
 15.4919
 12.49
 12.49
 12.4097
 34.2491
 13.4536
 19.5192
 19.5192
 23.1301
 18.3848
 26.0768
 24.8596
 20.3224
 13.5647
 12.083
 11.3137
 13.0384
 13.8924
 14.0357
 22.1359
 25.8263
 16.5831
 16.5227
 16.5227
 16.5227
 20.0749
 12.4097
 12.4097
 12.4097
 10.3923
 10.3923
 21.0238
 21.0238
 0
