 460.783
 12.2474
 12.2474
 12.2474
 23.6854
 20.8806
 0
 18.3303
 17.2916
 18.4391
 24.1247
 24.1247
 20.5913
 24.8395
 19.8242
 15.1658
 21.8403
 20.4206
 15.8114
 21.3307
 20
 20.8806
 21.095
 19.9499
 20.2237
 18.735
 17.3205
 18.3848
 27.1109
 21.4476
 17.4929
 19.1311
 20.8567
 20.6398
 19.5448
 20.2978
 22.2935
 18.4932
 20.664
 22.7816
 17.0587
 22.3607
 19.4679
 22.7596
 19.9499
 21
 23.622
 19.5192
 17.5499
 22.8035
 16.7033
 19
 15.6205
 20.025
 19.1311
 21
 24.4949
 18.6011
 25
 16.8819
 27
 22.6274
 22.6274
 20.0749
 22.891
 23.8328
 23.8328
 23.8328
 20.9762
 20.6155
 21.8403
 17.8606
 18.5742
 19.0788
 20.3224
 21.7256
 23.1084
 16.7033
 26.4008
 14.7648
 26.4008
 23.4947
 20.5913
 20.8327
 23.0434
 26.1534
 18.5742
 21.4942
 25.3772
 21.166
 17.9444
 20.347
 20.025
 23.5797
 17.3494
 20.6155
 33.2415
 21.4709
 27.7489
 26.0768
 26.0768
 23.0651
 27
 27.55
 18.6815
 18.4662
 28.0357
 26.6271
 27.074
 24.5764
 19.6977
 22.561
 17.5214
 22.4277
 24.1661
 15.5885
 24.2281
 24.8395
 27.0924
 17.8606
 21.4009
 25.4951
 21.1424
 28.7402
 28.7402
 22.3159
 23.6432
 22.1585
 27.6948
 23
 17.5784
 26.2107
 23.4734
 23.8747
 27.6767
 19.4165
 20.2731
 25.8263
 26.7955
 25.6125
 20.664
 20.664
 20.664
 20.5913
 25.2587
 26.1343
 28
 28
 26
 27.2029
 19.9249
 26.4953
 26.4953
 25.7682
 27.2029
 27.1109
 20.8087
 20.8087
 22.1585
 26.4764
 18.6815
 28.2135
 0
 26.9258
 31.607
 17.4642
 26.9444
 24.1039
 24.1039
 26.6083
 19.4936
 18.7617
 25.3377
 22.2486
 26.4953
 0
 24.1454
 21.6564
 27.1477
 22.0681
 22.0681
 17.1756
 24.8193
 25.318
 23.7908
 20.7605
 28.2135
 21.5407
 25.7294
 26.4953
 26.4953
 19.0526
 26.2488
 25.807
 26.0384
 26.0384
 22.2486
 19.8494
 25.04
 25.7682
 25.8844
 25.5539
 24.0624
 25.6125
 25.6125
 21.4243
 20.9045
 30.3974
 25.2982
 23.7065
 22.2935
 28.931
 25.2389
 24.6374
 28.6531
 25.04
 26.4764
 28.7228
 22.0907
 24.5967
 26.0768
 28.3373
 26.2298
 20.199
 26.4197
 24.3926
 23.8747
 24.1247
 26.5141
 27.7308
 28.3549
 24.3311
 26.0384
 25.4951
 25.7876
 25.8263
 15.4596
 25.5343
 22.2261
 23.8118
 23.8118
 23.1517
 23.4734
 21.7945
 21.7945
 26.9815
 21.1896
 27.3313
 12.9228
 31.3369
 22.561
 22.561
 22.561
 27.9285
 26.2488
 26.2488
 26.2488
 25.865
 25.318
 25.318
 25.318
 26.0576
 23.388
 23.388
 23.388
 28.1603
 25.2785
 11.2694
 11.2694
 24.5967
 28.2843
 28.2843
 0
 29.7153
 25.6905
 25.6905
 29.3939
 22
 13.1909
 26.1725
 23.2594
 23.2594
 25.2389
 26.9815
 26.9815
 28.2666
 33.3317
 25.7876
 32.3265
 24.1661
 29.8664
 30.249
 22.5389
 25.9037
 30.4138
 30.0832
 27.074
 27.4226
 29.1548
 21.7945
 23.3666
 26.3249
 24.1868
 29.0861
 22.561
 30.7734
 27.0924
 31.1448
 29.1719
 29.4449
 24.3926
 29.9333
 23.0434
 26.3059
 26.7395
 28.2666
 29.6985
 33.5261
 27.6225
 23.622
 23.388
 27.4773
 26
 25.7876
 31.3369
 27.5136
 31.289
 32.0624
 28
 32.7567
 23.7065
 30.692
 25.5734
 27.8388
 32.7109
 28.8271
 30.1828
 22.5167
 29.6985
 22.1359
 25.04
 24.4949
 23.2809
 28.8964
 31.1929
 30.6757
 28.8271
 33.4963
 26.1151
 31.0322
 23.0434
 30.3645
 24.5357
 28.178
 28.688
 30.7246
 28.8617
 19.0788
 30.0333
 20.199
 25.8844
 26.4197
 22.4944
 30.1496
 33.7194
 30.7246
 29.95
 32.0624
 24.5561
 30
 23.6008
 33.5261
 29.8664
 28.688
 30.2655
 28.9137
 27.1293
 20.4695
 29.8831
 17.1172
 26.2107
 24.3311
 24.2281
 25.923
 31.8434
 31.9218
 26.8142
 33.0151
 22.7596
 32.7261
 25.7876
 29.9833
 27.2947
 32.5115
 30.1164
 33.1964
 20.9045
 24.1454
 30.7409
 22.4054
 23.6008
 20.9523
 24.454
 24.3105
 27.9821
 30.8221
 25.5343
 33.8969
 21.9545
 26.8328
 23.8537
 22.6716
 25.02
 28.4077
 26.7395
 27.1477
 23.2809
 31.1448
 18.1108
 23.4307
 27.9464
 19.8242
 24.4336
 24.4336
 27.9643
 21.4942
 31.3369
 30.0998
 30.0998
 25.5734
 46.7654
 26.4575
 26.0576
 27.7669
 28.2135
 29.1548
 26.9072
 24.5153
 25.3377
 29.8831
 25.2982
 37.108
 33.7787
 16.3095
 30.2655
 51.9519
 39.95
 27.6043
 36.647
 36.647
 32.1403
 40.9756
 40.025
 40.025
 40.025
