 0
 1.41421
 0
 0
 0
 0
 0
 3.4641
 0
 0
 0
 0
 0
 2.82843
 2.44949
 2.44949
 1.41421
 1.41421
 1.41421
 1.41421
 1.41421
 0
 0
 0
 0
 2.44949
 2.44949
 0
 1.73205
 1.73205
 2.44949
 0
 0
 0
 0
 0
 0
 1.41421
 2.44949
 1.41421
 1.41421
 3.4641
 3.4641
 0
 0
 1.73205
 0
 1.73205
 1.73205
 3.31662
 1.73205
 2.44949
 3.4641
 2.44949
 1.41421
 1.41421
 0
 2.44949
 1.73205
 1.73205
 0
 0
 0
 0
 0
 0
 0
 1.73205
 1.73205
 1.73205
 0
 2.44949
 2.44949
 0
 0
 2.44949
 2.44949
 3.4641
 2.44949
 4.24264
 1.73205
 3.74166
 2.44949
 1.41421
 0
 2
 1.41421
 2.44949
 1.41421
 1.41421
 3.31662
 0
 0
 0
 3.4641
 1.73205
 0
 2.44949
 2.44949
 0
 0
 0
 0
 2.44949
 1.73205
 0
 3.31662
 2.44949
 0
 1.41421
 0
 2.44949
 1.73205
 3.31662
 1.73205
 2.44949
 1.73205
 2.23607
 2.44949
 0
 1.73205
 0
 2.44949
 2.44949
 2.44949
 2.44949
 2.44949
 1.73205
 1.41421
 2.82843
 5.09902
 2.44949
 0
 4.24264
 1.41421
 4.24264
 2.44949
 1.73205
 1.73205
 1.41421
 0
 0
 0
 0
 3.31662
 4.24264
 0
 0
 2.44949
 3.4641
 3.31662
 5.2915
 5.2915
 2.44949
 1.73205
 1.41421
 3.31662
 3.31662
 3.31662
 1.41421
 0
 0
 0
 2.23607
 1.41421
 3.4641
 5.2915
 1.73205
 4.24264
 2.44949
 1.73205
 2.44949
 1.73205
 1.73205
 1.41421
 1.41421
 1.73205
 1.73205
 1.73205
 1.73205
 1.73205
 4.24264
 1.73205
 1.41421
 0
 0
 0
 2.44949
 5.2915
 5.2915
 5.2915
 1.73205
 2.23607
 3.4641
 0
 0
 1.73205
 2.44949
 2.44949
 4.24264
 1.73205
 2.44949
 4.24264
 1.73205
 0
 1.73205
 4.24264
 3.4641
 2.23607
 1.73205
 3.31662
 4.24264
 3.31662
 2.44949
 4.3589
 1.73205
 0
 2.44949
 3.4641
 2.44949
 0
 1.73205
 2.44949
 4.24264
 0
 3.4641
 0
 1.73205
 1.73205
 5.09902
 2.44949
 0
 0
 0
 1.73205
 2.44949
 0
 1.73205
 1.73205
 0
 0
 2.64575
 1.73205
 2.44949
 2.44949
 5.09902
 2.44949
 0
 0
 5.09902
 2.44949
 2.44949
 1.73205
 4.24264
 2.44949
 2.44949
 1.73205
 4.24264
 4.24264
 4.24264
 0
 5.09902
 2.44949
 2.44949
 0
 3.4641
 4.24264
 2
 0
 2.64575
 2.44949
 2.44949
 2.44949
 2.44949
 2.44949
 2.44949
 4.24264
 3.4641
 3.60555
 3.31662
 3.31662
 3.31662
 4.24264
 2.64575
 2.64575
 4.3589
 4.24264
 4.24264
 3.31662
 5.09902
 1.73205
 0
 5.09902
 3.31662
 1.73205
 1.73205
 2.64575
 1.73205
 4.24264
 2.44949
 1.73205
 1.73205
 2.64575
 2.64575
 2.44949
 1.73205
 5.09902
 1.73205
 5.09902
 3.31662
 4.24264
 5.09902
 4.24264
 4.24264
 2.44949
 2.44949
 4.24264
 3.31662
 2.44949
 2.44949
 4.24264
 3.4641
 5.09902
 3.4641
 4.24264
 5.09902
 5.09902
 3.31662
 3.31662
 2.44949
 1.73205
 4.24264
 5.09902
 5.09902
 2.44949
 4.24264
 2.44949
 1.73205
 5.09902
 4.24264
 3.4641
 5.09902
 4.24264
 3.4641
 5.09902
 4.3589
 3.31662
 5.09902
 4.24264
 3.4641
 2.44949
 1.73205
 2.44949
 4.24264
 4.24264
 3.31662
 5.09902
 2.44949
 4.24264
 2.44949
 2.44949
 5.09902
 1.73205
 5.09902
 3.4641
 4.24264
 4.24264
 5.09902
 5.09902
 1.73205
 4.24264
 1.73205
 1.73205
 2.44949
 3.4641
 5.09902
 2.44949
 4.24264
 1.73205
 1.73205
 3.31662
 2.44949
 2.44949
 3.4641
 1.73205
 4.24264
 3.4641
 2.44949
 2.44949
 2.44949
 4.24264
 5.09902
 3.4641
 3.4641
 4.24264
 0
 1.73205
 3.31662
 5.09902
 4.58258
 3.4641
 2.44949
 2.44949
 2.44949
 1.73205
 1.73205
 5.09902
 3.4641
 3.4641
 3.4641
 1.73205
 4.24264
 0
 5.09902
 3.31662
 4.24264
 4.24264
 2.44949
 6
 2.44949
 1.73205
 4.24264
 3.4641
 1.73205
 3.4641
 4.89898
 0
 4.24264
 5.65685
 1.73205
 2.44949
 4.24264
 1.73205
 0
 4.24264
 1.73205
 0
 2.44949
 1.41421
 4.24264
 4.47214
 1.73205
 0
 2.44949
 2.44949
 0
 0
 2.44949
 2.44949
 0
 0
 0
 0
 0
 0
