 0
 10.3923
 10.3923
 10.3923
 8.60233
 13.5647
 0
 13.4907
 10.4403
 12.1655
 13.5647
 13.5647
 13.5647
 15.3623
 15.3623
 15.6205
 14.2127
 12.0416
 11.7473
 13.2288
 11.225
 12.9615
 12.0416
 10.0499
 13.7113
 12.0416
 6.9282
 13.6748
 12.083
 14
 13.4536
 11.7898
 8.66025
 12.2474
 13.7113
 10.4403
 11.4455
 13.1529
 12.9615
 16.9706
 12.3693
 19.2094
 13.5277
 15.3948
 13.6748
 13.0384
 13.2288
 12.49
 12.8062
 17.8045
 12.1655
 19.2354
 10.583
 13.6015
 12.8841
 13.1529
 14.6969
 12.6095
 11.8322
 13.9642
 15.6525
 18.0831
 18.0831
 14.4222
 13.9642
 14.3178
 13.6748
 13.6748
 12.49
 18.5742
 12.49
 18.303
 13.1149
 17.9444
 12.8841
 11.6619
 15.6205
 14.4568
 13.2288
 11.3578
 13.8924
 19.1572
 11.8322
 18.2757
 12.0416
 14.7309
 13.5277
 11.6619
 13.2288
 17.1756
 14.6969
 12.3693
 19.0263
 19.0263
 16.6733
 12.1244
 20.8567
 14.0712
 19.799
 13.3041
 13.3041
 14.5258
 15.7797
 14
 13.784
 12.1655
 14.9332
 20.567
 17.4929
 20.5913
 15.4596
 19.4679
 25.7294
 11.2694
 19
 24.8998
 15.6525
 14.7648
 19.5448
 19.5448
 14.1421
 17.8606
 26.3059
 17.6068
 17.6068
 22.8035
 15.9374
 26.4953
 20.9045
 22.6936
 12.3693
 21.1187
 28.2843
 19.6723
 17.088
 30.1828
 13.2288
 19.0263
 17.0587
 21.4709
 27.7308
 27.7308
 27.7308
 27.1846
 22.7816
 19.2614
 14.5258
 14.5258
 21.1187
 15.6205
 29.6816
 19.799
 19.799
 16
 21.8861
 21.095
 28.6182
 28.6182
 20.567
 20.9762
 27.1846
 12.0416
 0
 17.8326
 20.8806
 28.931
 20.1494
 17.4642
 19.2614
 21.7486
 27.6767
 28.8097
 22.2486
 17.088
 18.2757
 18.2757
 24.0416
 26.4386
 20.0749
 17.4356
 17.4356
 28.8444
 21.5639
 21.7256
 19.7737
 24.8395
 23.4094
 25.8457
 19.5192
 19.1833
 19.1833
 25.865
 22.2935
 19.975
 21.7256
 21.7256
 22.2486
 17.9165
 21.9773
 20.199
 22.1585
 19.5448
 22.1133
 19.799
 16.1555
 18.6279
 23.7908
 24.4131
 22.1133
 16.6733
 21.4009
 26.4008
 21.1896
 19.0788
 28.0179
 20.3715
 21.7715
 26.9444
 20.1742
 16.3095
 21.0238
 25.3772
 18.1384
 18.735
 20.2485
 22.6716
 20.0749
 14.1067
 22.9129
 23.7487
 20.9762
 19.5448
 21.4476
 19.105
 20
 23.9374
 18.2483
 21.0238
 15.906
 19.2354
 19.2354
 20.347
 16.7033
 17.0294
 17.0294
 20.1246
 20.2237
 21.2603
 20.5426
 24.6171
 17.5784
 17.5784
 16.4012
 26.1343
 18.3303
 18.3303
 18.3303
 22.1133
 21.7715
 21.7715
 21.7715
 26.3629
 13.4907
 13.4907
 13.4907
 21.4942
 13.2288
 16.8819
 0
 24.8395
 25.1794
 25.1794
 0
 21.7256
 24.2074
 24.2074
 25.2587
 16.7332
 21.6795
 22.2711
 17.5499
 17.5499
 24.4745
 21.7256
 21.7256
 24.1039
 26.9444
 24.0624
 26.3818
 22.1359
 24.7992
 25.5539
 21.2603
 12.1244
 23.7487
 22.561
 26.1534
 21.7486
 23.1301
 23.9165
 19.6214
 25.02
 20.9045
 21.7486
 24.5764
 26.0768
 26.0768
 23.9583
 23.6854
 24.8395
 22
 22.9129
 20.8327
 22.5389
 23.4521
 23.9165
 24.6577
 23.8956
 22.7816
 22.6274
 20.0499
 24.1247
 23.8118
 24.8797
 24.3721
 24.2074
 28.2489
 29.9333
 25.2982
 25.3772
 19.8242
 27.7308
 21.9545
 24.3311
 24.5357
 23.8537
 23.4094
 23.4094
 27.8209
 26
 24.4336
 21.9089
 23.1301
 25.2785
 22.6495
 23.8537
 25.7488
 26.4386
 22.1585
 24.5967
 20.1742
 22.7816
 24.6779
 20.9762
 26.0576
 21.8632
 28.5482
 25.0799
 22.5832
 22.9783
 22.8254
 21.8403
 23.622
 26.3629
 25.1794
 25.5539
 26.1343
 28.0357
 22.2486
 22.7596
 22.9565
 25.3574
 25.1595
 27.8209
 22.9129
 24.96
 23.6008
 25.02
 26.1343
 24.8596
 22.3383
 23.3452
 21.7715
 24.1661
 21.7486
 22.6716
 24.1039
 24.454
 19.0263
 25.5539
 25.5539
 27.074
 22.891
 24.1454
 25.7099
 22.1359
 24.7184
 26.4386
 23.6854
 23.6432
 22.7376
 25.807
 23.4094
 23.7487
 22.561
 25.219
 22.5832
 24.4745
 21.1424
 25.3772
 25.3772
 24.6171
 24.6171
 23.4307
 23.4307
 24.7184
 25.2389
 24.5764
 24.5967
 26.0576
 25.6905
 26.4575
 24.3926
 24.0832
 26.9815
 23.1733
 27.2764
 26.9444
 26.9444
 22.561
 34.8425
 24
 20.9523
 21.9773
 23.7276
 25.3574
 26.9072
 22.6053
 22.7816
 26.2679
 20.199
 22.9347
 22.8692
 19.7737
 19.7737
 52.7162
 21.9317
 23.4734
 24.3926
 24.3311
 21.4942
 21.4942
 20.3224
 21.4476
 21.4476
