 473.166
 13.2665
 13.2665
 13.2665
 24.8596
 20.8327
 20.8327
 18.303
 22.2036
 26.2679
 25.0799
 25.0799
 25.9808
 22.2036
 18.3303
 25.2389
 23.5797
 25.04
 22.2935
 25.0799
 21.1424
 23.3238
 22.4944
 21.7025
 22.2486
 21.7256
 21.6564
 23.3238
 23.8118
 22.2935
 22.9565
 24.1247
 20.5913
 19.105
 24.5967
 20.4939
 22.9347
 21.7025
 22.1359
 23.5797
 21.8861
 24.5764
 26.3818
 28.3373
 24.2899
 21.4709
 25.2389
 20.6882
 21.9317
 23.3666
 21.5639
 19.1311
 20.4206
 26.5707
 17.8885
 21.6795
 28.3549
 22.7816
 25.632
 21.5174
 28
 27.6586
 27.6586
 24.0208
 25.7876
 22.2036
 25.2785
 24.2693
 19.799
 23.4734
 23.0868
 20.4939
 24.7184
 19.799
 27.6586
 22.6936
 26.7769
 21.0238
 24.8395
 18.6548
 24.1661
 27.8029
 25.2587
 24.8395
 26.0192
 26.0576
 20.5913
 18.303
 25.7876
 25.1992
 21.4709
 25.807
 23.7908
 33.8674
 21.2838
 26.0576
 36.9459
 21.4476
 30.3974
 26.4197
 33
 25.2785
 29.5127
 27.6406
 32.1403
 24
 26.7769
 35.4683
 31.6544
 28.775
 25.2982
 25.2389
 30.315
 25.8457
 31.7017
 28.3019
 22.9347
 25.1992
 31.3847
 40.8289
 21.4243
 31.0161
 33.0606
 33
 33
 30.2985
 26.6458
 33.0151
 33.0908
 26.7955
 27.2213
 31.1769
 37.108
 28.0713
 31.8434
 33.1662
 28.4605
 27.8568
 30.0998
 31.9061
 33.0606
 33.0606
 33.0606
 31.305
 33.1059
 29.7825
 29.4788
 29.4788
 32.4654
 27.7849
 34.4238
 34.5832
 34.5832
 34.5832
 31.7805
 30.2985
 28.775
 28.775
 28.3901
 31.0322
 30.4467
 31.5753
 0
 26.4008
 33.8378
 34.0147
 30.2985
 24.8797
 32.6803
 33.0757
 30.3809
 28.6531
 32.6956
 27.5862
 31.1609
 31.1609
 31.0161
 28.6705
 31.8904
 31.8591
 31.8591
 27.8029
 30.1828
 31
 33.7046
 28.7054
 33.3017
 28
 31.1609
 30.8221
 30.8221
 28.2843
 32.9697
 30.7571
 34.3802
 34.3802
 25.5734
 30.6431
 32.2335
 30.348
 31.4484
 33.4066
 35.6931
 30.8221
 34.5254
 27.2213
 26.6646
 36.9324
 32.8481
 27.2764
 24.5561
 36.7831
 33.4365
 27.6043
 36.2491
 29.1548
 34.5543
 35.7211
 28.8617
 30.8545
 33.6006
 34.6121
 30.8383
 30.249
 31.9061
 32.7414
 32.0624
 31.8591
 34.7994
 34.7707
 33.0908
 27.7489
 30.8869
 31.0644
 32.8329
 36.0555
 23.8537
 31.0966
 33.9264
 29.5466
 29.5466
 31.1448
 29.2062
 36
 36
 36.606
 29.7153
 31.4802
 26.1343
 36.3043
 28.8964
 28.8964
 27.9821
 35.7071
 30.8221
 30.8221
 30.8221
 32.9848
 33.5559
 33.5559
 33.5559
 33.9117
 35.6791
 35.6791
 35.6791
 31.9061
 35.819
 23.1301
 23.1301
 32.7261
 37.6431
 37.6431
 37.6431
 36.8782
 34.641
 34.641
 35.3553
 32.28
 28.8271
 35.1852
 34.8712
 34.8712
 33.3167
 36.9324
 36.9324
 34.1321
 37.4032
 34.5543
 37.1349
 34.1906
 37.6431
 36.4692
 36.0278
 33.6006
 36.7831
 34.6266
 36.318
 33.9264
 36.7015
 33.5559
 35.9722
 35.1852
 37.4032
 38.4968
 32.2955
 38.223
 36.4829
 37.9473
 38.3145
 36.7967
 35.6791
 33.9559
 36
 31.9218
 38.2361
 37.3631
 38.8587
 37.6696
 37.3765
 36.6197
 37.1214
 36.0278
 37.6431
 36.2905
 38.8844
 36.4966
 39.8372
 38.7556
 36.4692
 36.8511
 37.1349
 36.6879
 36.0832
 38.7298
 35.7771
 40.1622
 39.0256
 36.3318
 37.7492
 37.0945
 36.0555
 37.8946
 35.623
 39.1663
 38.5876
 39.3319
 38.0263
 37.9473
 35.6511
 36.318
 36.4966
 36.8239
 37.3363
 32.9545
 38.2361
 38.5487
 38.5487
 36.647
 37.1483
 36.2767
 37.6298
 37.9737
 35.171
 38.5616
 41.6053
 39.8497
 40
 38.223
 37.3363
 36.7831
 36.8782
 38.4708
 40.1373
 40.1123
 36.2353
 38.5227
 39.2938
 37.9473
 39.0384
 35.8748
 37.1618
 36.565
 37.6165
 36.0832
 40.4228
 39.6737
 35.5809
 38.7685
 35.4542
 36.606
 35.8608
 37.3765
 39.0768
 35.4542
 40.6817
 38.2361
 36.8239
 38.1969
 38.5746
 39.0256
 37.1214
 34.7994
 37.4166
 35.4542
 39.3573
 39.4081
 33.5708
 38.3014
 32.7109
 37.4433
 33.9117
 37.7227
 35.4401
 38.1445
 37.7492
 39.1791
 32.3574
 39.3954
 33.0454
 37.3363
 37.9737
 31.3369
 36.0694
 30.5941
 40.1746
 55.2449
 40.4228
 41.821
 28.688
 38.8072
 57.9224
 37.6962
 36.2905
 39.8748
 36.9188
 40.0749
 37.2693
 37.1214
 37.9342
 39.281
 37.7624
 39.281
 37.3497
 32.4191
 32.4191
 32.4191
 35.8469
 37.9605
 37.9605
 74.4782
 34.3802
 34.3802
 41.5692
 42.9302
 42.9302
