 0
 22.2261
 22.2261
 22.2261
 22.2261
 23.6854
 0
 17.7764
 18.2483
 2.44949
 11.6619
 11.6619
 11.6619
 13.6015
 13.6015
 23.388
 16.5529
 18.6815
 21.7715
 25.4165
 25.4165
 26.9072
 19.1572
 19.1572
 15.906
 15.0997
 15.0997
 17.8885
 17.8885
 17.8885
 15.8114
 16.4012
 9.38083
 24.3311
 18.9473
 24
 18.303
 24.1868
 22.561
 18.3576
 14.0357
 10.3923
 13.9642
 20.567
 9.8995
 22.2486
 24.3926
 19.5192
 19.7737
 13.1909
 20.8327
 15.9374
 13.1529
 14.3875
 9.8995
 24.3516
 18.2483
 25.4165
 20.1494
 20.8567
 21.8632
 13.5277
 0
 8.66025
 15.4919
 22.1359
 20.445
 21.4709
 22.9783
 16.5529
 9.16515
 17.1172
 18.3303
 10.8628
 15.1658
 20.8567
 20.2978
 21.7715
 21.8403
 18.4391
 21.7715
 13.6748
 13.6748
 11.1355
 19.4165
 24.3105
 18.6011
 22.6053
 24.3926
 18.5203
 12.3693
 7.34847
 14.7309
 14.7309
 18.2757
 18.2757
 15.4596
 22.9347
 11.0454
 14.7648
 14.7648
 8.88819
 9.8995
 25.3574
 25.3574
 25.219
 22.3383
 9.79796
 9.84886
 13
 12.6095
 12.0416
 24.8596
 24.8596
 9.53939
 25.671
 25.671
 24.3105
 9.59166
 9.59166
 26.0576
 7.28011
 20.1494
 23.8956
 23.8956
 13.4907
 11.5758
 20.664
 11.2694
 12.8841
 18.2209
 9.53939
 21.1187
 19.6469
 10.0995
 20.6155
 14.9332
 30.315
 25.2785
 9.59166
 20.0749
 20.0749
 20.0749
 21.166
 14.1421
 8.88819
 25.1992
 25.1992
 31.4802
 27.1477
 23.6432
 9.53939
 9.53939
 12.8062
 17.088
 8.12404
 21.9317
 21.9317
 17.1172
 8.66025
 22.8035
 8.77496
 0
 15.9374
 30.4631
 24.0832
 9.53939
 28.3196
 27.258
 8
 25.04
 29.1204
 22.0907
 19.2094
 8.66025
 0
 21.4942
 28.7576
 9.32738
 16.5529
 16.5529
 32.311
 20.9762
 7.81025
 22.9129
 24.3105
 32.7872
 33.0606
 8.66025
 22.8035
 22.8035
 32.2025
 28.931
 27.9285
 8.60233
 8.60233
 28.7924
 34.5977
 23.6432
 8.77496
 30.7571
 12.9228
 19.0788
 7.81025
 6.48074
 15.6205
 26.0384
 32.1248
 7.81025
 24.1868
 17.9444
 35.9722
 8.83176
 29.6816
 30.3645
 19.6214
 10.3923
 21.5407
 19.1833
 18.6011
 8.7178
 18.6011
 20.3961
 9.38083
 9.48683
 18.6279
 19.1311
 19.1311
 9.53939
 35.5106
 27.8209
 16.5227
 10.3923
 17.8606
 29.5973
 34.5977
 13
 21.4942
 10.4403
 15.6525
 15.6525
 11.6619
 16
 11.6189
 11.6189
 11.6189
 11.7047
 21.9317
 13.8924
 37.7227
 30.692
 30.692
 17.1464
 29.5804
 30.348
 30.348
 30.348
 23.3666
 23.622
 23.622
 23.622
 18.3848
 11.0454
 11.0454
 11.0454
 21.9545
 21.9545
 10.4403
 0
 36.5377
 34.8425
 34.8425
 0
 33.4216
 30.8545
 30.8545
 17.0587
 11.0905
 13.8564
 14.1774
 14.1774
 14.1774
 17.9165
 18.2209
 18.2209
 36.6333
 38.6782
 33.3916
 30.692
 23.9165
 19.0526
 16.3707
 16.3707
 16.3707
 17.1464
 35.6791
 37.1349
 29.4788
 31.7175
 16.3707
 16.3707
 14.9332
 14.9332
 33.0757
 13.5647
 36.5787
 36.973
 27.2947
 35.1141
 17.5499
 14.7648
 24.8193
 24.8193
 26.0576
 35.2562
 35.819
 35.9722
 29.3769
 26.096
 14.4568
 14.4568
 13
 13
 14.1421
 32.1403
 37.4299
 37.9078
 25.6515
 21.9317
 15.9687
 13.4907
 21.5174
 29.0517
 37.8418
 21.166
 33.5708
 32.7109
 18.3576
 28.688
 15.9374
 15.9374
 15.9374
 15.9687
 31.496
 33.9411
 31.7017
 36.5513
 23.8537
 32.4191
 18.303
 18.303
 24.8596
 30.5941
 27.55
 37.8682
 29.5127
 38.7685
 23.3024
 27
 13.5647
 13.5647
 13.5647
 12.2882
 37.7094
 32.1714
 32.6956
 28.4077
 27.258
 27.258
 14.7648
 14.7648
 15.4596
 15.4596
 38.5876
 26.3818
 36.2077
 30.133
 14.1421
 26.8887
 14.4568
 15.6205
 11.6619
 11.6619
 13.5647
 28.1247
 35.6651
 17.8326
 28.7576
 28.7576
 18.5742
 18.5742
 16.0935
 16.0935
 20.4939
 35.4542
 23.388
 19.8494
 15.4272
 27.4408
 16.6733
 16.6733
 14.7648
 14.7648
 16.1245
 16.1245
 33.0303
 26.1151
 29.8998
 18.1934
 24.6982
 24.6982
 13.5647
 13.5647
 17.1756
 17.1756
 25.8263
 23.7487
 34.0734
 16.0935
 16
 26.8701
 15.9687
 15.9687
 24.1661
 24.1661
 31.6386
 34.7994
 29.4449
 29.4449
 21.587
 21.587
 15.1987
 11.0454
 28.0535
 35.8748
 27.0555
 16.7332
 15.7162
 15.7162
 32.187
 25.671
 17.088
 14.7309
 14.7309
 14.7309
 14.7309
 22.7376
 22.5832
 22.5832
 50.3885
 23.1301
 23.1301
 11.0905
 23.0868
 23.0868
