 472.842
 32.7872
 32.7872
 32.7872
 47.4868
 43.2088
 43.2088
 39.9375
 39.3065
 54.6809
 43.1393
 43.1393
 53.5724
 41.5572
 45.3321
 54.4334
 42.9185
 51.4393
 46.9787
 38.7169
 51.0882
 44.3283
 46.7333
 46.7226
 42.1663
 47.2546
 44.3509
 52.3546
 37.6032
 41.509
 54.1756
 45.1221
 42.45
 43.5201
 46.1411
 45.913
 41.0122
 48.6313
 42.7551
 43.5546
 52.2494
 43.2088
 56.5597
 48.518
 44.9444
 43.5086
 43.2782
 47.2864
 46.6369
 43.9773
 49.3964
 44.5084
 51.6527
 55.8838
 48.4974
 51.672
 48.4974
 52.469
 40.8901
 57.0789
 48.4562
 50.5173
 50.5173
 47.0213
 56.4978
 54.1664
 41.509
 44.2832
 52.7162
 46.4866
 56.9561
 47.3075
 57.6975
 49.93
 57.6108
 56.4978
 52.2398
 53.9073
 42.2256
 57.2451
 54.8088
 53.5724
 57.836
 52.4595
 49.1427
 42.9302
 57.3498
 56.9298
 45.6289
 48.6415
 58.1893
 61.7819
 51.5946
 73.8512
 55.6147
 70.1213
 70.1213
 56.6127
 53.0848
 56.5862
 61.6928
 59.6322
 53.9351
 45.4753
 64.3351
 59.1861
 56.2939
 58.8727
 57.7235
 54.5985
 57.5674
 53.9444
 63.8749
 45.0666
 52.9056
 61.2862
 58.2838
 46.1628
 50.02
 50.02
 59.5063
 59.5063
 59.5063
 61.1882
 61.1882
 59.0254
 62.5859
 62.5859
 65.3988
 59.1777
 60.2412
 63.4429
 63.4429
 65.192
 56.3471
 56.3471
 56.8683
 67.9926
 55.3082
 58.2752
 55.2087
 55.2087
 55.2087
 55.9553
 69.4478
 55.5698
 46.4435
 46.4435
 69.8928
 62.8013
 57
 59.3043
 59.3043
 64.405
 59.6657
 49.5278
 49.5278
 49.5278
 61.709
 59.6825
 47.8017
 49.3457
 0
 0
 0
 0
 0
 0
 0
 0
 0
 0
 0
 0
 0
 0
 0
 0
 0
 0
 0
 0
 0
 0
 0
 0
 0
 0
 0
 0
 0
 0
 0
 0
 0
 0
 0
 0
 0
 0
 0
 0
 0
 0
 0
 0
 0
 0
 0
 0
 0
 0
 0
 0
 0
 0
 0
 0
 0
 0
 0
 0
 0
 0
 0
 0
 0
 0
 0
 0
 0
 0
 0
 0
 0
 0
 33.9559
 66.0379
 74.8999
 57.7841
 57.7841
 60.2993
 60.7536
 65.3835
 65.3835
 59.95
 68.7241
 60.349
 34.9285
 54.4426
 70.406
 70.406
 54.8817
 71.9027
 50
 50
 50
 56.0803
 71.7565
 71.7565
 71.7565
 67.2904
 72.7118
 72.7118
 72.7118
 71.4073
 58.6259
 30.7571
 30.7571
 74.8131
 58.3781
 58.3781
 58.3781
 56.8419
 76.6029
 76.6029
 65.3146
 74.9066
 36.0971
 66.9328
 67.2607
 67.2607
 74.9133
 62.4099
 62.4099
 76.4591
 57.9741
 75.9737
 75.6902
 72.8903
 61.0819
 69.5701
 69.9643
 55.6417
 74.7997
 57.1839
 76.6616
 73.885
 78.1409
 60.1664
 73.4983
 72.1526
 66.8207
 56.7803
 75.0666
 58.8473
 77.3822
 70.9225
 56.1694
 57.8619
 78.9304
 71.5612
 71.8819
 75.7628
 59.6741
 77.6015
 77.6015
 77.3757
 77.9615
 62.7853
 75
 74.9266
 68.9783
 77.711
 58
 79.1518
 71.2461
 59.649
 76.7333
 60.918
 64.3195
 73.4575
 73.4575
 59.2453
 75.8947
 80.0999
 78.4666
 77.0584
 79.4921
 66.0606
 76.9155
 67.513
 77.6531
 82.8312
 57.2276
 64.8074
 81.823
 74
 74
 51.7301
 96.9742
 72.4638
 79.6869
 74.9333
 67.0149
 80.9259
 82.8794
 63.6553
 79.7371
 65.1997
 75.7892
 67.7643
 76.87
 80.895
 61.8628
 60.0583
 63.3246
 66.6408
 87.155
 64.3351
 72.5121
 59.2199
 59.2199
 84.5754
 75.8222
 78.3518
 83.1805
 62.9762
 83.2406
 83.2406
 86.9195
 79.599
 75.1665
 81.823
 63.2693
 68.4617
 58.8982
 70.9084
 62.6019
 59.1101
 68.1762
 56.9561
 74.8799
 77.6338
 73.9932
 78.5239
 62.0725
 62.0725
 75.5381
 73.3553
 65.4294
 80.4177
 80.4177
 57.5934
 63.6789
 64.4748
 61.131
 77.2464
 77.2464
 57.3236
 57.3236
 62.45
 97.3293
 97.3293
 97.3293
 74.7596
 74.7596
 79.7559
 65.4752
 80.2621
 80.2621
 80.2621
 77.3563
 77.3563
 74.6793
 80.6846
 80.4736
 81.2158
 81.2158
 87.1837
 75.8551
 60.3158
 77.5693
 73.212
 70.8308
 89.0505
 72.8286
 73.4234
 76.5506
 82.7224
 86.2032
 68.8549
 75.8288
 75.8288
 75.8288
 75.8288
 75.8288
 78.3135
 78.3135
 109.252
 109.252
 109.252
 109.252
 109.252
 109.252
