 0
 0
 0
 0
 4.12311
 2.23607
 0
 4.24264
 3.31662
 1.73205
 4.58258
 4.58258
 5.09902
 3.60555
 5.47723
 1.73205
 4.24264
 5
 4.58258
 3.87298
 5.38516
 1.73205
 4.89898
 4.47214
 2.44949
 4.24264
 4.47214
 4.24264
 4.69042
 1.73205
 2.64575
 1.73205
 2.23607
 3.87298
 2.44949
 4.89898
 3.4641
 5.38516
 1.73205
 0
 3
 1.73205
 4.24264
 5.09902
 3.31662
 3.4641
 1.41421
 3
 3.4641
 2.44949
 4.79583
 3.31662
 4.89898
 4.89898
 4.47214
 4.24264
 6.63325
 4.24264
 4.79583
 3.4641
 4.89898
 1.41421
 1.41421
 2.82843
 2.44949
 2.44949
 3.31662
 3.4641
 4.24264
 3.4641
 5.09902
 2.44949
 2.44949
 3.31662
 0
 1.73205
 2.44949
 2.44949
 3.87298
 4.89898
 4.89898
 2.44949
 6
 2.44949
 7.2111
 4.89898
 0
 3.31662
 4.89898
 4.24264
 0
 5.19615
 3.4641
 0
 1.41421
 3.60555
 7.81025
 3.4641
 0
 3.4641
 3.4641
 5.38516
 4.24264
 3.74166
 0
 6.08276
 4.24264
 0
 4.24264
 4.24264
 4.79583
 3
 4.24264
 4.12311
 4.12311
 0
 3.4641
 4.12311
 3.4641
 3.4641
 3
 0
 0
 3.31662
 3.31662
 5.09902
 2.64575
 2.64575
 5.09902
 4.89898
 1.73205
 0
 0
 1.73205
 3.31662
 3.31662
 4.58258
 4.3589
 4.24264
 4.24264
 4.24264
 0
 0
 0
 4.24264
 0
 5.19615
 0
 5.2915
 3.4641
 3.4641
 1.41421
 0
 4.24264
 5.91608
 2.44949
 2.44949
 2.44949
 1.73205
 0
 0
 5.19615
 0
 3.87298
 6.48074
 6.48074
 0
 6.85565
 2.44949
 4.24264
 3.31662
 0
 5.09902
 6.16441
 0
 0
 4.3589
 0
 5.09902
 2.44949
 0
 0
 5.09902
 0
 5.09902
 5.09902
 6
 0
 0
 4.24264
 0
 0
 6
 5.19615
 0
 0
 4.24264
 5.19615
 3.4641
 1.41421
 5.19615
 5.09902
 3.74166
 2.82843
 2.82843
 5.47723
 0
 3.74166
 0
 6.48074
 4.24264
 3.4641
 0
 4.47214
 3.4641
 5.47723
 2.44949
 5.19615
 2.44949
 4.58258
 2.44949
 5.19615
 5
 2.44949
 3.87298
 3.4641
 5.19615
 6
 1.41421
 3.4641
 6
 4.24264
 2.44949
 6.16441
 6
 5.19615
 5.19615
 5.19615
 5.19615
 5.09902
 0
 3.31662
 3.31662
 5.19615
 0
 3.74166
 3.74166
 5.09902
 5.09902
 2.44949
 5.19615
 0
 4.24264
 3.31662
 6
 0
 5.09902
 4.24264
 5.19615
 0
 0
 2.64575
 4.3589
 0
 0
 3.4641
 5.19615
 5.19615
 5.19615
 4.24264
 5.19615
 0
 0
 6
 4.3589
 0
 5.19615
 4.24264
 4.24264
 3.4641
 4.3589
 0
 3.4641
 6
 0
 3.4641
 5.19615
 5.19615
 5.19615
 4.3589
 6
 6
 2.44949
 4.24264
 6
 6
 5.09902
 6
 3.4641
 4.24264
 6
 5.19615
 6
 4.3589
 5.38516
 6
 6
 6
 4.47214
 6
 2.44949
 4.3589
 2.44949
 3.4641
 6
 5.19615
 3.31662
 4.3589
 5.2915
 5.19615
 6.08276
 3.4641
 3.4641
 3.4641
 3.4641
 4.24264
 3.4641
 6.16441
 6
 5.19615
 6
 4.24264
 4.3589
 3.4641
 5.19615
 4.47214
 5.19615
 5.19615
 5.19615
 3.74166
 6
 5.19615
 4.24264
 6
 4.24264
 4.24264
 6
 4.47214
 6
 4.24264
 5.19615
 5.19615
 4.24264
 4.3589
 5.09902
 4.3589
 3.4641
 4.3589
 3.4641
 4.24264
 6
 5.19615
 5.09902
 5.47723
 4.89898
 3.74166
 6.48074
 4.58258
 4.58258
 6
 3.4641
 6.16441
 6
 5.19615
 4.3589
 5.19615
 4.3589
 4.3589
 6
 5.09902
 4.3589
 5.19615
 5.19615
 4.24264
 6.08276
 4.24264
 6
 6
 6
 5.19615
 5.19615
 4.3589
 4.3589
 6
 5.65685
 6
 6.16441
 4.3589
 3.4641
 3.4641
 6
 5.19615
 6.85565
 5.19615
 6.85565
 6
 3.4641
 6
 5.09902
 3.4641
 4.24264
 3.4641
 6
 4.3589
 3.4641
 3.87298
 2.44949
 4.69042
 0
 5.38516
 6.48074
 2.44949
 3.4641
 5.19615
 3.4641
 2.64575
 6.85565
 5.19615
 2.44949
 5.19615
 4.24264
 4.24264
 6
 6.245
 2.64575
 5.74456
 4.24264
 4.24264
 5.19615
 3.74166
 2.44949
 5.19615
 6
 0
 3.4641
 5.09902
 3.4641
 3.4641
 1.41421
 4.3589
 4.24264
 3.4641
 5.38516
 6
 3.4641
