 0
 6
 6
 0
 0
 0
 0
 0
 0
 0
 0
 0
 0
 0
 0
 0
 1.41421
 1.41421
 1.41421
 1.41421
 1.41421
 1.41421
 1.41421
 1.41421
 1.41421
 1.41421
 1.41421
 1.41421
 1.41421
 0
 0
 0
 0
 0
 0
 0
 0
 0
 0
 0
 0
 4.24264
 4.24264
 4.24264
 0
 3.4641
 3.4641
 3.4641
 2.44949
 2.44949
 2.44949
 2.44949
 2.44949
 2.44949
 2.44949
 1.73205
 1.73205
 3.74166
 3.74166
 5.38516
 5.38516
 5.38516
 0
 2
 2
 0
 0
 0
 3.74166
 2.44949
 2.44949
 3.4641
 3.4641
 1.73205
 1.73205
 1.73205
 1.73205
 6
 6
 5.19615
 5.19615
 4.69042
 4.69042
 1.73205
 1.73205
 1.73205
 4.24264
 4.58258
 4.58258
 4.58258
 4.24264
 0
 0
 0
 5.19615
 5.19615
 0
 2.44949
 6
 6
 6
 6
 2.44949
 2.44949
 7.93725
 7.93725
 7.93725
 6
 3.4641
 2.23607
 2.23607
 2
 5.19615
 5.19615
 7
 6.08276
 1.41421
 1.41421
 4.24264
 0
 4.69042
 6.85565
 6.9282
 6.9282
 6.9282
 3.87298
 3.87298
 6.08276
 3
 3
 5.19615
 6
 6.9282
 5.91608
 2.82843
 8.18535
 8.18535
 5.09902
 5.09902
 5.19615
 6.08276
 6.08276
 6.08276
 6.32456
 7.07107
 5.19615
 5.19615
 5.19615
 2.82843
 2.82843
 7.07107
 6.245
 6.245
 6.245
 4.24264
 1.73205
 6.9282
 6.9282
 6.9282
 3.74166
 7
 7
 7
 7
 7
 7
 6.48074
 5.47723
 4.24264
 3.31662
 7.07107
 6.9282
 4.24264
 4.24264
 3.87298
 3.87298
 3.4641
 7.07107
 2.44949
 6.245
 6.245
 6.9282
 2.44949
 2.44949
 2.44949
 1.73205
 1.73205
 6.245
 5.19615
 5.19615
 5.19615
 6
 6
 6
 2.23607
 2.23607
 5.19615
 5.09902
 5.09902
 4.3589
 0
 0
 0
 2.82843
 4.3589
 2.44949
 5.09902
 5.09902
 4.3589
 4.3589
 4.3589
 4.89898
 5.47723
 1.41421
 5.47723
 5.47723
 1.73205
 1.73205
 2.44949
 1.73205
 3
 3
 3
 4.24264
 3
 4.24264
 4.24264
 4.24264
 4.24264
 5.09902
 5.09902
 5.09902
 5.65685
 5.65685
 5.65685
 6.85565
 6
 6
 6
 0
 0
 5.19615
 5.19615
 5.19615
 5.19615
 6.48074
 4.24264
 0
 5.09902
 6.245
 7.34847
 7.34847
 4.24264
 4.24264
 6.245
 6.245
 2.44949
 2.44949
 6
 6
 0
 0
 0
 0
 0
 0
 0
 4.79583
 0
 2.44949
 2.44949
 2.44949
 0
 0
 2.44949
 2.44949
 5.65685
 5.65685
 6
 5.09902
 5.09902
 5.09902
 5.19615
 5.19615
 5.19615
 4.3589
 6.16441
 6.85565
 6.245
 5.09902
 5.09902
 5.09902
 5.38516
 3.4641
 3.4641
 3.4641
 3.4641
 3.4641
 4.58258
 4.24264
 4.24264
 2.44949
 2.44949
 2.44949
 5.09902
 5.19615
 5.19615
 5.19615
 3.4641
 3.4641
 5.19615
 5.19615
 6
 6
 6
 6
 4.3589
 4.3589
 4.47214
 4.47214
 4.47214
 3.4641
 3.4641
 3.4641
 3.4641
 5.19615
 5.38516
 5.38516
 5.09902
 5.09902
 5.2915
 5.2915
 5.09902
 5.09902
 6
 6
 6
 2.44949
 2.44949
 2.44949
 2.44949
 2.44949
 2.44949
 2.44949
 2.44949
 2.44949
 2.44949
 2.44949
 2.44949
 2.44949
 2.44949
 2.44949
 2.44949
 2.44949
 6.08276
 6.08276
 6.08276
 3.4641
 3.4641
 2.44949
 2.44949
 2.44949
 4.3589
 4.3589
 4.3589
 4.3589
 4.3589
 4.3589
 4.3589
 4.3589
 4.3589
 4.3589
 4.3589
 4.3589
 4.3589
 4.3589
 4.3589
 5.19615
 5.19615
 1.73205
 1.73205
 2.44949
 2.44949
 2.44949
 2.44949
 2.44949
 2.44949
 2.44949
 2.44949
 2.44949
 2.44949
 2.44949
 2.44949
 2.44949
 2.44949
 2.44949
 2.44949
 2.44949
 2.44949
 2.44949
 2.44949
 4.47214
 4.47214
 2.44949
 2.44949
 2.44949
 5.91608
 5.91608
 6.85565
 6.85565
 6.85565
 6.85565
 6.85565
 6.85565
 6.85565
 6.85565
 4.24264
 4.24264
 7.07107
 6.9282
 6.9282
 5
 5
 5.47723
 5.47723
 6.7082
 6.7082
 6.7082
 6
 6
 6
 6
 6
 6
 6
 6
 6
 6
 6
 6
 6
 6
 6
 6
 6
 6
 6
 6
 6
 6
 6
 6
 14.2829
 14.2829
 14.2829
