 467.225
 17.4356
 17.4356
 17.4356
 35.7071
 27.074
 27.074
 25.2785
 26.2488
 38.4318
 28.3549
 28.3549
 42.0476
 27.5862
 28.4605
 36.7015
 28.7402
 37.108
 35.9444
 31.4802
 32.311
 33.2265
 29.2233
 30.6105
 29.4958
 30.9516
 25.8263
 33.9411
 24.2899
 23.1517
 36.9324
 27.8029
 26.533
 28.7924
 36.8782
 33.0757
 33.2716
 34.2053
 32.3265
 29.3939
 35.0714
 24.6779
 42.4382
 43.0349
 26.6833
 28.5832
 37.229
 32.2335
 32.665
 27.4044
 34.5832
 27.4226
 34.7994
 40.025
 29.4618
 35.1568
 38.1576
 35.3553
 38.5876
 39.7744
 37.1483
 33.2716
 33.2716
 27.6225
 42.6146
 32.8481
 39.7995
 37.2693
 31.4166
 27.0185
 37.0945
 28.178
 39.2683
 32.0624
 40.7185
 36.8511
 41.2189
 37.4166
 41.8927
 38.1182
 40
 34.7563
 42.7902
 30.5123
 38.7169
 40.5586
 34.0734
 34.2053
 40.4846
 30.348
 39.064
 45.0666
 31.6702
 59.0678
 33.9706
 46.3357
 54.9454
 36.7015
 42.7902
 34.7851
 44.317
 39.5854
 44.5309
 43.6234
 49.548
 42.0119
 40.3733
 51.9711
 45.1885
 37.8286
 42.9651
 33.0908
 48.2597
 43.9545
 42.4382
 44.7661
 37.5233
 43.1625
 42
 42
 37.855
 45.8803
 44.2832
 47.0425
 47.0425
 39.4842
 41.9643
 41.5211
 49.4874
 37.3898
 43.4051
 49.5278
 51.5267
 41.7493
 44.2493
 46.0435
 42.72
 47.3498
 48.2597
 43.4971
 47.8435
 47.8435
 47.8435
 45.2327
 52.0096
 43.2782
 46.2709
 46.2709
 49.2037
 43.4281
 49.1325
 52.9056
 52.9056
 54.5711
 41.2916
 41.2311
 41.7852
 41.7852
 39.0896
 46
 45.3762
 53.0566
 53.0566
 40.2865
 53.6283
 47.7703
 40.9145
 43.1393
 47.6025
 48.1248
 40.9756
 41.9166
 41.7493
 43.4511
 44.0341
 0
 44.3396
 40.9512
 42.6615
 50.8331
 50.8331
 41.7971
 48.9285
 50.3587
 49.3559
 49.3559
 51.0294
 42.3792
 48.9081
 41.6893
 0
 44.2719
 51.2348
 50.5964
 52.8488
 52.8488
 43.1509
 52.8204
 44.9444
 42.8135
 47.2652
 42.5676
 56.6304
 44.0454
 44.0454
 40
 41.497
 58.258
 50.3686
 43
 36.1801
 57.28
 52.5452
 45.4753
 51.4393
 43.1393
 52.0481
 43.4626
 45.6618
 47.4658
 51.0294
 44.3058
 49.3559
 50.319
 51.8363
 48.8365
 50.5272
 52.0865
 52.2781
 52.5452
 54.5527
 46.2817
 40.5956
 45.0555
 51.7107
 53.3854
 22.6053
 46.0109
 54.8179
 45.111
 45.111
 41.7253
 43.9659
 56.1338
 56.1338
 59.2368
 42.6263
 44.9555
 21.4942
 56.7539
 47.0106
 47.0106
 42.8135
 51.2835
 49.1935
 49.1935
 49.1935
 42.5676
 53.5257
 53.5257
 53.5257
 43.6921
 55.7763
 55.7763
 55.7763
 49.6185
 56.6745
 18.3576
 18.3576
 50.6261
 58.4722
 58.4722
 58.4722
 54.6077
 54.0648
 54.0648
 47.0319
 54.2125
 23.8328
 44.3959
 55.8211
 55.8211
 48.7237
 60.1747
 60.1747
 53.8795
 57.9828
 53.4509
 54
 54.231
 46.076
 46.8508
 53.647
 55.2901
 53.1225
 58.6003
 55.1271
 53.3854
 56.4712
 45.2217
 56.5951
 46.0977
 59.1016
 60.2412
 51.264
 58.8048
 54.8088
 53.479
 56.1249
 46.0543
 57.6455
 48.6518
 57.4369
 51.3615
 59.9166
 56.3205
 61.9193
 56.6216
 57.5934
 47.8435
 59.2621
 47.9166
 59.6741
 55.6147
 63.8514
 55.9375
 57.1752
 51.264
 56.1694
 45.3431
 58.3866
 48.9387
 58.8218
 61.1065
 53.8516
 59.7411
 57.0438
 51.3128
 58.3267
 47.1275
 57.4456
 60.2163
 51.2933
 59.95
 60.0167
 58.438
 56.8155
 56.5597
 63.0159
 47.085
 62.1289
 47.8539
 59.0593
 51.4198
 60.0666
 56.6039
 60.4731
 49.5984
 60.3656
 45.3872
 60.4649
 60.7536
 50.3984
 57.3585
 63.2693
 58.9746
 58.7452
 52.1249
 64.3817
 46.5618
 64.3739
 57.1227
 57.1227
 59.6741
 53.8888
 56.0535
 58.3866
 52.4118
 59.8331
 48.1664
 58.6003
 54.754
 59.9333
 56.5685
 63.2218
 60.3407
 50.7839
 56.5774
 57.3236
 45.3431
 50.6656
 58.1636
 66.2722
 53.0189
 60.8605
 57.0351
 53.5817
 52.6023
 54.5985
 49.3052
 57.463
 53.0377
 60.1914
 55.7315
 65.3835
 62.2575
 52.3355
 56.6569
 49.7494
 47.0425
 51.6624
 57.4456
 80.4736
 58.8897
 58.8897
 56.5332
 50.309
 57.7668
 50.4876
 52.0384
 52.0384
 52.0384
 60.7042
 60.7042
 63.773
 81.6945
 64.591
 59.1608
 59.1608
 62.153
 78.4347
 47.927
 50.6261
 57.7235
 56.3028
 61.1146
 57.4021
 62.6738
 63.3009
 59.8749
 59.7578
 53.7587
 52.9811
 52.9811
 52.9811
 52.9811
 49.5681
 58.4466
 58.4466
 98.1326
 98.1326
 98.1326
 98.1326
 71.4843
 71.4843
