 492.005
 24.8998
 24.8998
 24.8998
 45.4753
 36.4692
 36.4692
 33.1059
 38.7556
 38.7556
 40.6448
 40.6448
 39.5854
 40.7185
 31.1929
 35.5809
 43.1045
 36.2905
 30.7083
 40.1497
 35.4683
 44.2832
 45.288
 36.6333
 40.8044
 45.0333
 40.9878
 38.8587
 37.5633
 40.4599
 40.4351
 43.7721
 40.8534
 43.4741
 42.4264
 44.3058
 44.2945
 40.398
 45.9239
 44
 38.833
 42.1545
 41.8688
 45.0666
 43.6463
 46.7868
 48.9285
 45.8912
 48.6518
 42.8602
 43.8292
 42.9069
 42.8369
 46.4973
 45.1331
 49.1833
 46.6262
 45.9021
 50.448
 36.4692
 53.8981
 47.6025
 47.6025
 47
 48.9796
 43.1045
 50
 51.449
 38.4838
 42.8602
 46.7654
 46.3033
 41.7971
 47.3603
 47.9479
 48.9796
 53.0283
 39.0896
 54.8817
 54.8817
 56.7715
 53.3479
 44.5758
 48.3322
 50.4678
 55.9553
 43.9204
 39.7618
 57.1227
 47.8226
 49.99
 48.949
 45.0777
 45.0777
 49.5782
 51.3128
 51.3128
 52.8772
 57.1927
 49.3153
 49.3153
 40.9145
 40.9145
 57.4804
 64.8151
 37.6298
 58
 58
 58.8048
 55.3895
 51.2445
 48.6621
 64.467
 59.2621
 50.1498
 63.3798
 44.4072
 59.95
 49.7393
 49.7393
 41.6053
 41.6053
 58.0689
 65.4294
 65.4294
 58.6259
 48.949
 54.0185
 67.3201
 46.7226
 48.949
 62.8967
 62.8967
 60.8276
 60.8276
 60.8276
 54.7723
 63.4744
 59.9667
 55.6687
 55.3624
 55.3624
 55.3624
 57.8705
 52.2111
 55.7584
 61.9758
 61.9758
 53.9166
 61.7333
 57.3062
 80.6102
 80.6102
 66.0606
 60.0666
 53.3479
 53.3479
 53.3479
 50.02
 58.4038
 58.4038
 65.4064
 65.4064
 47.4342
 68.8186
 61.7333
 57.9914
 46.1736
 67.4759
 60.597
 57.376
 54.9636
 60.9918
 53.963
 56.8155
 56.8155
 53.3854
 52.7352
 56.7891
 59.9833
 59.9833
 51.6333
 64.3351
 61.8789
 63.4429
 63.4429
 68.0808
 52.469
 59.607
 54.9454
 54.9454
 57.3585
 55.2268
 65.4905
 61.8951
 61.8951
 61.8951
 52.2972
 65.1537
 55.7943
 56.7803
 62.9444
 68.8767
 54.9454
 54.9454
 54.8179
 54.8544
 75.7364
 59.397
 49.93
 52.3737
 76.4526
 60.0417
 49.051
 70.7248
 54.7631
 66.8954
 70.9013
 56.4801
 54.4059
 61.1801
 55.1996
 56.9912
 60.8523
 57.7062
 67.8454
 59.3043
 66.0303
 61.9435
 66.0757
 69.5845
 56.3383
 54.0093
 58.155
 69.9571
 54.8452
 35.6931
 65.1767
 56.701
 57.1664
 57.1664
 64.6142
 59.9166
 70.1712
 70.1712
 74.5922
 55.2178
 59.2453
 37.5899
 77.3305
 49.0612
 49.0612
 52.9528
 72.0139
 57.8965
 57.8965
 57.8965
 65.7875
 57.8792
 57.8792
 57.8792
 57.7754
 66.9701
 66.9701
 66.9701
 66.106
 70.7743
 34.9857
 34.9857
 70.4486
 74.7195
 74.7195
 74.7195
 75.9934
 50.5964
 50.5964
 64.9076
 54.2586
 39.2683
 66.2646
 71.1407
 71.1407
 58.3352
 77.0065
 77.0065
 54.0555
 79.0569
 62.9285
 75.8947
 55.7315
 71.7217
 56.2228
 70.6187
 71.9514
 56.9298
 76.4853
 57.4717
 76.2102
 54.7996
 59.3464
 55.9911
 66.6633
 74.7462
 78.8226
 57.1664
 78.2943
 77.3628
 72.9931
 64.2651
 57.1052
 60.1332
 52.9434
 72.5328
 72.3049
 77.7046
 56.6833
 79.9312
 77.4984
 52.6023
 63.0872
 67.2681
 63.111
 80.8579
 54.5711
 82.3347
 75.6505
 83.4686
 74.6525
 59.925
 66.0227
 66.1135
 66.1135
 75.0333
 79.8561
 69.5773
 80.8455
 57.4978
 78.613
 55.6687
 59.8665
 63.7417
 78.3964
 62.1289
 59.9166
 78.6638
 77.3951
 88.0114
 73.5867
 61.7414
 51.7397
 69.0507
 53.8888
 77.201
 70.4131
 79.4796
 80.9074
 59.2453
 59.2453
 56.542
 56.542
 69.5198
 79.2843
 60.5145
 80.0625
 81.4125
 79.975
 63.0476
 66.6258
 61.8061
 59.6154
 69.7639
 74.4177
 79.643
 83.5703
 58.8388
 60.1581
 83.5883
 83.5883
 56.6304
 56.6304
 60.6135
 60.6135
 78.0192
 79.2275
 79.9062
 77.3757
 57.6802
 73.1574
 64.2962
 62.6977
 70.8025
 73.4234
 79.9875
 79.9875
 81.8046
 76.7203
 63.9375
 61.8466
 54.827
 54.827
 58.4722
 58.4722
 75.71
 75.71
 82.6862
 72.1665
 62.562
 77.7239
 66.4906
 57.463
 76.87
 72.0278
 79.9062
 79.2654
 77.3886
 73.9256
 62.6658
 53.9073
 65.7875
 73.1095
 59.3801
 59.3801
 72.4569
 72.4569
 78.9177
 63.6318
 76.7659
 76.7659
 65.215
 59.5063
 101.464
 65.4064
 65.4064
 73.1984
 71.9305
 60.3738
 71.1266
 78.4729
 76.7398
 83.2046
 58.2752
 66.0757
 75.1133
 75.1133
 74.9466
 74.9466
 64.622
 76.5376
 76.5376
 73.9121
 77.5693
 77.5693
 67.8454
 67.8454
 67.8454
