 473.166
 12.2474
 12.2474
 17.5214
 23.1301
 19.3132
 19.3132
 19.799
 20.2485
 24.3105
 21.4709
 24.4131
 21.4243
 20.347
 17.8885
 24.1039
 20.2485
 21.7486
 22.0907
 22.2711
 17.9165
 22.2036
 20.2978
 18.2483
 20.199
 19.9249
 18.2483
 20.347
 21.4243
 20.664
 21.5174
 22.383
 19.975
 17.8885
 22.9129
 19.105
 22.2261
 19.1572
 21.5174
 22.9129
 22.0681
 23.9374
 23.1301
 24.1454
 21.587
 20.8806
 24.0832
 22.0681
 19.1572
 21.7256
 22.4944
 17.8606
 21.7486
 25.1992
 16.7033
 20.1742
 26.0192
 22.1811
 24.6374
 20.025
 25.8844
 27
 24.0208
 23.3452
 24.1661
 21.4009
 22.9347
 22.1359
 20.1742
 21.5174
 21.4243
 19.8242
 23.8747
 18.6548
 27.6948
 22.561
 25.2785
 21.4709
 23.3024
 21.0476
 22.8254
 26.9815
 25.5734
 24.1454
 24.5967
 25.807
 21.3307
 21.1187
 24.8193
 24.8395
 21.9773
 24.2281
 22.1359
 33.8969
 21.4009
 25.6515
 35.6791
 20.664
 30.5287
 24.8395
 24.8395
 24.6779
 28.7576
 26.7208
 31.289
 24.0624
 27.2029
 35.4401
 30.7246
 27.7669
 26.0768
 26.8701
 30.0167
 26.5707
 26.5707
 28.2843
 24.454
 25.04
 30.7246
 30.7246
 22.3159
 29.9666
 29.9666
 30.8058
 28.3373
 27.4955
 26.7208
 26.7208
 33.0757
 27.7849
 27.1846
 31.0161
 31.0161
 27.6406
 30.1164
 30.1164
 27.5681
 27.074
 28
 28
 28
 28
 16.0935
 16.0935
 31.496
 29.5804
 26.7582
 26.7582
 29.3769
 28.4077
 28.4077
 32.7261
 32.7261
 33.7639
 28.7924
 29.8496
 29.8496
 25.1197
 28.5482
 30
 30
 29.9666
 0
 26.6458
 33.7639
 33.7639
 30.1496
 26.4197
 32.0156
 33.1662
 26.9444
 27.8029
 31.5436
 26.9815
 31.1448
 31.1448
 30.4467
 27.8747
 31.5753
 30.05
 30.05
 27.7489
 28.7228
 30.8869
 31.0483
 31.0483
 32.218
 28.7576
 31.0161
 28.7402
 28.7402
 28.3019
 30.7246
 29.3769
 34.4384
 34.4384
 25.4558
 28.8791
 30.7896
 30
 30.5123
 31.6386
 33.0908
 32.2025
 32.2025
 28.8617
 27.2029
 34.0441
 32.665
 27.2397
 26.6646
 34.9285
 32.45
 27.8029
 34.5543
 28.5657
 34.1614
 33.6006
 28.8617
 31.1769
 32.3265
 33.3766
 31.1288
 30.315
 29.6816
 31.8748
 30.3645
 30.249
 33.6006
 34.1028
 30.5123
 26.4953
 28.3196
 29.4958
 30.8545
 34.1614
 34.1614
 29.9666
 32.2645
 28.3019
 28.3019
 30.7734
 30.7734
 33.7491
 33.7491
 33.7935
 30.2985
 29.5635
 29.5635
 34.6121
 28.3019
 28.3019
 26.2488
 33.9117
 30.5287
 30.5287
 30.5287
 31.0644
 32.4346
 32.4346
 19.4422
 32.5423
 34.4964
 34.4964
 19.4679
 30.1993
 34.8999
 34.8999
 18.7617
 30.8707
 34.6266
 34.6266
 21.1896
 34.5543
 32.7109
 32.7109
 32.7109
 30.6594
 30.6594
 34.1174
 32.8786
 32.8786
 32.573
 34.1467
 34.1467
 33.4515
 34.9714
 33.8969
 34.7707
 33.3467
 35.2846
 34.2491
 34.5832
 32.2955
 35.2278
 31.3847
 35.1141
 31.273
 35.9444
 32.249
 34.3802
 33.7194
 35.5528
 36.0278
 33.121
 35.609
 35.6511
 35.4683
 35.8748
 34.4384
 35.1426
 33.1964
 35.3977
 31
 35.6371
 35.2704
 36.8239
 35.609
 34.4384
 34.9857
 35.0143
 35.2562
 35.8469
 35.426
 36.7967
 35.7771
 37.9078
 35.4401
 34.8281
 35.4401
 35.5949
 35.8469
 35.1426
 36.8646
 34.8855
 37.1349
 37.8021
 34.7419
 36.7151
 34.5977
 34.9285
 35.609
 34.0734
 37.4299
 37.0945
 37.0945
 37.3631
 35.3129
 33.9411
 34.4819
 35.6651
 35.4119
 35.4401
 31.0161
 35.8608
 36.3043
 36.9865
 35.1852
 36.2629
 35.2562
 36.1109
 35.6651
 33.7343
 35.8748
 37.6165
 37.108
 36.565
 35.4683
 34.9571
 34.4384
 35.2987
 35.3129
 37.51
 37.9868
 34.3948
 36.7151
 38.1051
 36.6606
 36.4555
 34.9857
 36.1109
 35.2704
 35.4401
 35.1426
 37.3497
 37.3631
 34.7275
 36.2905
 33.9117
 35.3129
 34.9428
 35.4401
 36.8917
 33.3017
 36.973
 35.6511
 33.6155
 36.318
 36.9594
 37.6032
 35.8608
 33.9853
 34.5977
 34.7851
 36.4829
 37.4967
 32.249
 35.7071
 31.273
 36.4829
 32.3419
 36.1386
 33.3017
 36.606
 36.1801
 36.8239
 31.3209
 36.8375
 33.0606
 35.9583
 34.7851
 30.3974
 34.4238
 29.5973
 38.2099
 53.4041
 37.1483
 39.4335
 28.7924
 36.524
 55.3805
 36.4829
 35
 36.5103
 35.4683
 36.2629
 35.7631
 35.3412
 35.5949
 36.6879
 36.318
 37.1349
 35.171
 31.4006
 31.4006
 31.4006
 35.1283
 36.318
 36.318
 72.3395
 32.2645
 32.2645
 39.1918
 41.0853
 41.0853
