 473.166
 22.5389
 8.66025
 8.544
 17.6918
 29.2404
 29.2404
 31.8277
 26.1343
 21
 33.3167
 17.3494
 17.3494
 29.5804
 29.5804
 14
 27.8747
 18.7083
 15.3297
 20.0749
 17.9165
 21.8632
 15.6205
 15.843
 28.8964
 13.9284
 20.8567
 15.5885
 34.7563
 28.1425
 14.7648
 26.533
 25.5343
 16.4924
 16.4924
 15.7162
 18.2209
 12.2066
 16.6132
 23.5584
 15.5885
 29.5127
 17.3781
 16.4924
 27.9285
 26.0768
 20.025
 19.5192
 22.6274
 32.1403
 14.5945
 28.0179
 14.1421
 15.3297
 22.1811
 15.3623
 15.6205
 14.1067
 19.0788
 13.1909
 25.2587
 26.0384
 15.1327
 26.2488
 14.8324
 20.445
 17.3781
 24.3105
 19.8242
 29.5635
 21.7715
 28.6356
 15.1658
 26.4386
 16.7033
 19.4165
 13.3041
 17.5784
 17.4356
 26.0384
 18.2757
 23.7065
 16.4924
 22.9129
 17.3781
 19.975
 19.8494
 17.4929
 24.8596
 30.8383
 20.5913
 19.0788
 27.8388
 27.8388
 24.1661
 17.1172
 17.6352
 22.2036
 16
 16.7332
 16.7332
 19.0263
 15.5885
 18.3576
 22.5832
 16.7332
 19.5192
 19.1833
 16.7033
 22.5389
 30.1993
 22.5167
 22.1359
 20.0499
 19.0263
 22.2036
 19.8746
 16.8819
 16.5831
 16.5831
 19.8494
 19.0526
 18.6011
 24.5561
 22.6053
 30.1993
 23.1517
 21.7256
 18.4662
 29.1376
 22.6053
 17.3781
 21
 24.1454
 19.6214
 24.3311
 17.5499
 23.8537
 15.1987
 17.9165
 24.779
 16.4012
 19.5704
 25.8263
 27
 17.3781
 17.8606
 16.3095
 17.5784
 19.2094
 23.3666
 23.3452
 15.3948
 34.0294
 21.2838
 16.8523
 24.1661
 17.4929
 20.347
 18.5742
 23.1084
 26.0576
 0
 20.3224
 19.4165
 23.4094
 19.2873
 19.5192
 20.3715
 20.4939
 23.3238
 22.561
 27.258
 21.7486
 20.2237
 10.6301
 24.96
 21
 19.2614
 19.2614
 12.083
 22.2935
 23.8747
 18.0831
 16.3401
 10.583
 20.2978
 22.5832
 22.2036
 13
 9
 23.1084
 21.0238
 16.3095
 20.2731
 12.2066
 22.8035
 19.7484
 19.5192
 19.2873
 26.1343
 24.1039
 19.7484
 19.6723
 19.0788
 22.2036
 22.3607
 19.799
 20.4695
 23.4094
 21
 18.6011
 23.3666
 22.561
 19.8746
 22.5167
 20.8806
 28.4077
 21
 22.9565
 20.2978
 29.1204
 23.4307
 17.3494
 21.5639
 24.8596
 24.6982
 19.0263
 21.7256
 23.0651
 15.906
 22.3607
 20.4939
 20.0499
 18.2483
 21.2132
 7.74597
 17.9165
 24.7184
 21.4243
 8.66025
 21.3776
 21.1424
 28.3019
 10.4403
 21.5407
 21.3307
 21.4476
 7.34847
 19
 23.4094
 10.9087
 21.3073
 22.9347
 22.9129
 7.81025
 0
 29.189
 21.9089
 7.74597
 19.5448
 30.6757
 32
 8.66025
 20.199
 24.1454
 28.2843
 8
 8
 21.7715
 21.3776
 9.53939
 9.53939
 20.6882
 21.7945
 11.3137
 23.0651
 22.7596
 7.81025
 23.388
 23.9165
 8.66025
 22.5389
 19.799
 8.66025
 24.1247
 16.6733
 23.1517
 22.9129
 22.4499
 31.0966
 29.5127
 19.6469
 25.9422
 25.2587
 18.2757
 22.5167
 17.6352
 21.587
 21.7715
 22.0681
 22.9129
 24.779
 21.6564
 23.3452
 17.5214
 24.5561
 24.6374
 25.8457
 30.7083
 20.2731
 26.3059
 21.4942
 22.5167
 19.105
 23.0868
 22.891
 20.4939
 22.9347
 26.0384
 23.3024
 25.7488
 20.4939
 26.0576
 20.664
 24.8596
 21.3073
 23.0868
 21.2132
 31.4006
 25.2587
 30.7246
 21.5639
 18.412
 25.7682
 23.5584
 25.3377
 22.2261
 19.0526
 24.9199
 16
 21.5639
 26.096
 27.2764
 19.6723
 23.0217
 26.0192
 26.0576
 22.8035
 32.8024
 23.9374
 31.9844
 19.2873
 24.5764
 17.5499
 22.2261
 21.7486
 22.1133
 21.587
 24.3311
 20.3224
 20.9284
 29.4958
 25.7488
 20.2978
 21.8861
 23.388
 24.1039
 22.1133
 33.1964
 19.0263
 32.3574
 19.105
 15.9374
 26.2298
 22.9129
 20.2731
 24.8998
 19.5192
 27.6948
 20.9284
 25.7488
 19.5959
 23.8537
 22.7376
 19.5959
 22.3607
 23.8956
 22.8254
 29.5804
 29.5804
 32.249
 22.2486
 26.0768
 21.6102
 22.891
 22.9565
 24.9199
 22.1133
 28.931
 18.3848
 24.8998
 17.2337
 21.0476
 20.2731
 17.8885
 22.9347
 24.1661
 17.8326
 31.1769
 31.1769
 34.2491
 34.2491
 29.5466
 29.5466
 22.1359
 17.5784
 19.0788
 22.8254
 22.7376
 17.2047
 22.9347
 15.3623
 16.3707
 16.6433
 39.3446
 16.1245
 18.4662
 18.4662
 26.8514
 28.5132
 36.4006
 30.9354
 26.5707
 17.8045
 19.6469
 13.5277
 16.6433
 16.5831
 19.2614
 25.807
 32.28
 30.5941
 21
 0
 0
 17.1756
 17.8326
 17.8326
 51.672
 20.7123
 0
 32.6956
 30.8058
 0
