 473.166
 15.6525
 10.5357
 15.3623
 17.8885
 20.8806
 20.8806
 16.5227
 20.9762
 16.4621
 22.7156
 19.5704
 16.7033
 21.166
 18.735
 16.7033
 20.5913
 18.9473
 16.4621
 21.8403
 18.5742
 21.9773
 17.088
 16
 22.1585
 17.5499
 20.6398
 20.567
 21.8403
 21.7486
 19.0788
 21.7256
 18.3848
 18.2209
 19.4422
 18.6548
 19.7737
 17.9165
 18.3303
 21.4009
 18.6548
 24.5153
 21.7715
 22.2261
 21.8174
 23.4094
 21.9773
 22.7596
 21.166
 23.622
 20.3224
 18.7883
 19.1572
 20.347
 17.4356
 19.105
 21.3307
 21.7486
 22.5389
 18.3303
 25.2982
 25.1992
 21.4709
 23.3238
 20.7364
 20.4939
 23.0651
 22.2711
 21.0476
 23.7065
 20.8567
 20
 22.8035
 19.2873
 24.5764
 20.9284
 21.1896
 23.1084
 20.9762
 21.6102
 21.7945
 23.3666
 22.7816
 21.9317
 22.1585
 24.1661
 22.1359
 21.4709
 24.5561
 25.318
 20.9284
 23.3666
 21.4709
 26.9444
 20.8567
 23.9583
 25.3377
 22.7156
 24.3516
 20.8567
 25.1992
 24.0832
 23.8537
 22.2261
 24.1868
 24.5357
 23.3666
 27.7669
 26.7395
 23.388
 25.2785
 24
 25.7682
 24.1454
 25.807
 25.0599
 22.9129
 22.2486
 26.0384
 32.1714
 22.2486
 25.8263
 27.7489
 26.4575
 25.3377
 23.9583
 24.3516
 24.0624
 25.0599
 24.1454
 27.037
 25.7682
 28.4077
 24.2899
 25.5343
 24.5357
 27
 25.04
 21.5639
 26.2679
 26.9258
 25.0799
 20.6398
 25.7876
 25.8263
 25.04
 22.7816
 24.0832
 25.0799
 25.1992
 25.5539
 28.4429
 22.891
 28.1603
 25.9037
 23.388
 22.5832
 22.3383
 25.2389
 25.1197
 22.561
 26.4953
 26.4953
 25.8844
 27.1662
 26.8701
 24.3311
 25.9037
 25.5539
 28.3901
 22.5832
 24.5357
 26.5707
 26.4575
 26.2107
 19.8746
 26.0768
 21.0238
 24.5764
 27.037
 20.0499
 23.8537
 24.6374
 26.4764
 27.6043
 21.9545
 28.178
 23.622
 25.807
 24.1039
 22.0454
 24.8596
 28.4781
 25.3969
 28
 21.095
 22.8473
 26.2869
 26.4575
 24.6171
 28.3549
 26.5707
 27.2764
 25.3377
 24.3105
 25.2389
 24.0624
 28.2843
 27.9464
 26.4386
 22.7816
 27.7669
 27.2029
 26.0384
 27.2397
 27
 28
 27.7308
 25.3574
 27.7669
 27.5862
 27.7308
 27.0555
 27.4591
 26.5141
 26.9815
 27.6406
 27.9643
 28.7576
 29.8998
 26.5707
 25.2785
 24.5764
 24.5764
 27.1662
 30.0998
 17.72
 25.923
 28.7402
 24.7184
 20.025
 28.3549
 25.807
 32.2645
 19.975
 30.7896
 28.4253
 25.3772
 19.4165
 29.5804
 27.8209
 20.9762
 24.5967
 28.4956
 28.1957
 19.4165
 0
 28.4781
 28.688
 19.975
 21.9317
 27.2764
 29.9165
 18.2757
 23.1084
 26.2488
 32.249
 19.2354
 21.1896
 28
 30.05
 20.8087
 19.0526
 28.3549
 30.8869
 20.8327
 28.8791
 27.2764
 20.025
 28.3549
 29.3598
 20.8327
 28.4429
 28.931
 17.4069
 29.9666
 28.3196
 30.692
 29.5127
 30.8707
 29.7489
 27.4591
 30.3809
 28.9482
 29.3428
 30.133
 28.2135
 28.5657
 28.9482
 29.5635
 29.1719
 28.4956
 32.7414
 31.4325
 27.7308
 29.1719
 29.95
 31.6228
 31.9061
 31.7648
 31.3528
 28.0891
 31.5753
 26.7769
 29.3939
 32
 32.1559
 28.931
 31.6386
 30.5778
 30.8221
 31.0805
 29.189
 31.0966
 30.692
 31.4643
 30.2324
 31.4484
 29.2575
 28.1957
 29.9165
 29.189
 30.8707
 31.7962
 28.8964
 33.0303
 31.5595
 30.5941
 29.3939
 29.6816
 27.7308
 31.7648
 28.775
 30.7246
 30.9354
 30.7571
 31.0644
 30.0998
 28.4956
 29.95
 30.348
 32.9697
 30.692
 27.9643
 29.8998
 31.3209
 28.931
 31.5911
 30.1164
 32.4654
 31.1127
 33.0151
 30.9516
 32.311
 33.4664
 31.0966
 31.4484
 30.6268
 29.2404
 31.273
 28.775
 30.3974
 30.4138
 28.7576
 27.7489
 29.6479
 29.2233
 31.607
 30.8221
 31.8748
 28.931
 32.0468
 28.7576
 31.1288
 31.0805
 31.0483
 30.2655
 29.2233
 29.5635
 28.4956
 30.3315
 31.289
 32.5269
 29.6648
 31.0966
 30.8545
 30.0998
 30.8545
 30.7246
 31.8748
 30.3809
 27.7308
 28.0357
 29.2233
 27.7849
 28.9137
 28.0179
 28.0357
 26.096
 31.1609
 26.096
 30.6594
 27.6043
 31.0322
 30.2985
 30.2985
 25.671
 30.7083
 28.8097
 30.0333
 27.6225
 26.4008
 26.8514
 24.4949
 28.4429
 51.8363
 28.688
 30.4138
 22.7816
 29.9833
 32.7872
 32.078
 30.692
 31.4484
 29.9333
 30.6757
 26.0768
 28
 29.1204
 30.3809
 29.9666
 29.9666
 28.775
 25.0599
 25.0599
 25.0599
 29.1033
 29.9333
 29.9333
 64.3817
 26.0576
 0
 25.8263
 34.5977
 0
