 17.1464
 14.2829
 7.74597
 15.6205
 22.2486
 20.8806
 14.8324
 18.6815
 21.7025
 26.9629
 24.7386
 27.6767
 25.219
 21.0238
 18.2483
 24.8596
 23.7487
 23.6643
 21.1187
 24.5764
 20.8567
 23.0651
 21.4476
 21.2603
 21.3542
 20.8327
 21.6333
 22.4944
 23.5584
 22.2935
 23.1084
 24.1247
 20.9762
 18.2757
 24.1454
 19.0788
 21.7715
 19.8494
 20
 23.3452
 20.567
 24.1247
 25.6515
 26.9258
 23.4307
 21.7715
 24.8596
 19.1311
 21.7715
 21.8174
 20.2978
 19.6469
 20.5183
 25.02
 17.2627
 20.8806
 26.9444
 21.4243
 24.8395
 20.347
 27.1846
 26.5707
 25.219
 23.1084
 24.8998
 20.2731
 24.454
 22.5389
 19.6214
 23.1084
 21.7256
 20.3224
 25.1992
 19.7737
 28.1957
 23.1084
 26.533
 20.2978
 25
 19.0788
 24.3311
 26.4386
 25.3574
 22.1811
 24.8797
 25.318
 18.8149
 17.9165
 24.1454
 24.1454
 19.8494
 25.5539
 23.0868
 31.289
 20.199
 24.6982
 36.0694
 21.6564
 29.7489
 26.4008
 32.1092
 25
 28.8791
 27.6406
 30.3809
 23.3666
 26.5895
 34.7994
 31.607
 26.5518
 24.0208
 24.1247
 30.4467
 24.2281
 29.3428
 28.3019
 21.7945
 23.4094
 30.2159
 39.128
 19.105
 30.3645
 32.1714
 31.8591
 28.3549
 28.4253
 24.8797
 32.1092
 31.607
 25.3377
 25.9037
 30.5614
 36.2353
 27.4591
 30.4959
 29.6311
 26.9629
 27.2397
 30.0998
 31.209
 32.1714
 29.5804
 18.9209
 28.7402
 31.0805
 29.4618
 28.8617
 29.1204
 31.5119
 27.6586
 30.9031
 32.9697
 27.3679
 31.9374
 29.7153
 28.8444
 27.8029
 24.8998
 26.8142
 29.5127
 27.8568
 31.273
 31.273
 24.5967
 32.7872
 33.1059
 27.2213
 23.7276
 30.0167
 32.665
 27.8209
 26.9258
 31.3369
 25.7876
 29.6816
 29.1719
 30.348
 26.1151
 30.5287
 31.0805
 27.6406
 26.8887
 29.5296
 30.315
 33.5112
 27.8568
 32.7109
 25.4755
 29.9165
 31.5911
 29.2575
 25.9422
 32.4346
 30.4138
 32.8329
 28.3019
 24.7588
 30.282
 31.8748
 29.9333
 28.7576
 31.4484
 34.5688
 28.4605
 34.5109
 26.0768
 25.6905
 36.9188
 30.3315
 26.2869
 24.6374
 36.4829
 32
 26.5141
 35.805
 27.4408
 32.218
 34.3948
 28.3725
 29.1719
 32.8634
 33.2716
 31.0644
 30.3315
 29.5296
 32.7567
 31.0805
 28.688
 34.6266
 35.623
 32.8024
 27.4773
 28.4605
 28.3549
 32.5576
 35.7211
 22.2036
 31.1288
 33.3017
 29.4958
 24.7184
 30.6757
 28.3901
 35.819
 26.3818
 35.3836
 29.2062
 31.496
 23.622
 35.3977
 28.4077
 27.5862
 28.3901
 35.3695
 30.2159
 23.9374
 23.9374
 32.7567
 31.1769
 26.4008
 20.347
 33.2265
 35.7631
 26.0192
 20.025
 31.1929
 34.5832
 22.8692
 19.3391
 31.9844
 36.3456
 27.4773
 21.2368
 35.0143
 34.3657
 28.0179
 33.0757
 31.8904
 25.318
 33.0757
 33.4365
 27.2213
 33.2265
 34.1906
 25
 33.2716
 35.7771
 33.2716
 35.3836
 34.0881
 35.4965
 33.541
 35.171
 33.8083
 35.4824
 34.2929
 36.318
 33.4515
 37.0945
 32.6343
 35.4542
 33.0908
 36.9459
 38.8716
 30.2985
 38.0526
 34.6266
 37.4299
 36
 36.5787
 35.7491
 33.3167
 33.7935
 32.28
 38.0789
 37.081
 38.8973
 37.7889
 35.5387
 36.4966
 35.4824
 35.9583
 36.5513
 36.3043
 39.6232
 36.5513
 40.3733
 37
 34.3948
 36.606
 34.7851
 36.8239
 36.2905
 38.0526
 34.3511
 39.2683
 38.7298
 36.1663
 37.6298
 35.4824
 35.4542
 38.0526
 33.5261
 37.9342
 39.2556
 40.3361
 35.0143
 37.7492
 33.5708
 36.6197
 36.8375
 36.5787
 37.3765
 32.28
 37.3631
 38.8458
 37.4299
 36.565
 37.4299
 35.9722
 37.3631
 38.1182
 33.8821
 37.1214
 40.0874
 39.2428
 37.6298
 37.3631
 36.5377
 35.4965
 34.6987
 35.5528
 39.2301
 39.8497
 34.2053
 37.1214
 39.3319
 37.7359
 37.7757
 35.242
 37.1214
 36.3318
 37.4032
 37.0675
 40.3733
 40.3733
 34.9428
 38.5746
 34.9714
 36.6742
 35.7351
 38.0789
 38.8716
 35.1852
 38.5616
 37.7492
 35.5246
 36.6197
 38.223
 38.1707
 36.318
 32.4962
 35.3695
 33.3167
 39.2428
 39.2556
 32.4654
 38.5097
 29.5127
 38.2361
 31.6228
 37.8682
 34.8712
 36.5513
 37.6431
 37.6032
 31.8904
 37.6165
 31.5119
 33.8969
 35.6651
 29.3087
 34.4093
 29.1376
 40.7799
 55.9732
 40.0375
 42.391
 29
 38.6135
 57.5934
 38.1445
 35.7351
 38.6005
 36.3456
 37.4166
 34.9857
 37.1349
 37.7359
 38.9102
 37.1753
 37.4299
 35.1852
 31.3528
 31.3528
 31.3528
 35.242
 36.8782
 36.8782
 73.4439
 33.8821
 33.8821
 40.8779
 42.4264
 42.4264
