 18.5742
 7.68115
 14.3875
 13.4907
 15.4272
 14.1421
 14.1421
 13.7477
 16.7033
 15.1327
 15.4596
 15.906
 14.1067
 15.2315
 9.21954
 15.9374
 14.6969
 15.9374
 15.3948
 16.6733
 12.49
 16.5831
 13.2665
 11.6619
 15.6525
 11.0454
 14.4222
 14.4222
 13.9642
 17.8326
 16.3401
 16.8523
 13.7113
 13.6748
 16.1555
 14.5258
 16.1245
 15.5242
 16.7332
 18.0278
 16.7631
 18.6279
 17.8045
 17.8885
 16.8523
 15.6525
 17.8606
 14.9666
 15.3623
 17.2047
 16.1864
 15.6525
 18.412
 19.3649
 14.1774
 16.5529
 18.3848
 17.8326
 17.8606
 16.4924
 18.6011
 21.166
 18.2483
 18.6279
 17.5499
 17.0294
 17.3494
 17.3494
 14.8661
 18.3303
 14.7986
 17.3205
 19.2094
 16.4924
 21.1424
 19.2354
 18.6011
 16.4924
 17.088
 16.7332
 15.9687
 19.0788
 18.6815
 17.2916
 18.735
 19.3907
 17.5499
 15.6525
 20.5913
 20.664
 15.6844
 20.0499
 20.3961
 26.1151
 19.2354
 20.9762
 26.4197
 18.2483
 21.7025
 18.7083
 18.7083
 19.8997
 20.8567
 20.2978
 22.7816
 17.5499
 20.445
 24.3721
 22.6716
 21
 17.7764
 20.1494
 22.561
 18.735
 21.7256
 21.0713
 18.2757
 17.3494
 22.7156
 32.1714
 17.3494
 22.561
 24.3105
 22.8035
 21.7715
 21.8403
 19.1311
 20.8806
 22.6053
 20.8567
 21.4476
 22.5389
 26.096
 20.8327
 21.7486
 22
 23.3238
 20.1742
 20.0499
 23.4521
 22.1585
 20.8806
 15.6525
 20.8806
 20.9523
 20.8567
 20.025
 21.8861
 20.8567
 20.8087
 22.6053
 24.454
 20.9045
 22.561
 22.3383
 20.8567
 19.1311
 19.4165
 21.1424
 21.7025
 20.1246
 21.1187
 0
 20.1246
 23.6854
 23.7908
 19.975
 19.975
 25.1595
 24.2899
 21.166
 20.0749
 24.2899
 19.9499
 20.8567
 19.105
 22.8692
 20.8806
 22.5832
 21.1896
 21.3073
 20.9045
 21.1896
 22.561
 23.1733
 20
 23.7065
 22.8254
 22.561
 20.1246
 21.7025
 21.7486
 21.8632
 20.9284
 24.3311
 21.9317
 20.8567
 21.7715
 22.1359
 21.6795
 23.4734
 26.1343
 22.6495
 21.6564
 25.0799
 21.7256
 21.7256
 22.1359
 23.4521
 20.025
 20.8327
 22.7376
 23.5372
 20.8087
 24.3311
 20.8567
 24.3516
 25.1992
 22.6053
 22.5832
 22.6495
 25.219
 24.3721
 22.561
 21.7256
 24.2899
 22.0227
 22.7156
 24.3516
 25.1595
 22
 20.9045
 20.025
 21.2368
 22.0227
 25.2587
 17.9165
 21.7945
 25.1992
 21.7945
 20.1494
 25.3969
 21.7256
 26.3629
 20.4206
 24.8193
 25.1992
 20.9523
 19.8494
 23.7487
 21.7025
 21.9317
 21.9317
 24.4131
 21.9089
 19.3132
 19.3132
 23.5372
 21.7715
 20.6155
 17.1464
 24.3926
 25.1595
 19.2094
 15.6205
 21.7486
 26.3629
 19.8494
 14.9332
 22.6053
 25.219
 21.2603
 12.0416
 23.8118
 24.2693
 20.8806
 25.7099
 23.4307
 20.8806
 26.1725
 23.4521
 21.7025
 25.2389
 22.7376
 18.4391
 26.0576
 22.9783
 25.1794
 23.7065
 26.0384
 25.219
 23.5372
 26.0192
 24.3926
 25.1794
 22.8473
 22.6495
 23.6008
 22.6274
 24.5561
 24.3105
 25.219
 26.2298
 26.533
 25.3377
 26.0576
 25.2389
 26.9258
 25.1992
 26.8887
 23.516
 25.5539
 27.0185
 22.5832
 26.1725
 26.9072
 26.7208
 25.2587
 25.1794
 27.8388
 25.219
 26.9444
 24.4745
 26.9629
 24.8596
 26.9815
 24.7184
 26.096
 23.516
 26.9072
 26.096
 26.1916
 26.9072
 27.1293
 23.7065
 28.2312
 25.1794
 26.2679
 23.5372
 26.9072
 23.6008
 26.9815
 26.9072
 26.096
 26.1343
 27.2397
 26.4197
 26.9072
 22.6716
 26.096
 24.454
 26.9258
 26.9258
 22.6716
 26.4386
 27.2397
 26.0576
 26.5707
 23.4734
 27
 25.1595
 27.258
 25.3377
 26.9258
 27.3496
 27.1293
 26.9258
 26.1151
 25.1992
 26.0768
 24.3721
 25.2389
 25.3574
 26.0576
 23.4521
 25.2389
 26.0576
 28.1425
 23.5372
 27.8568
 23.4734
 26.9629
 24.3311
 26.9072
 26.3818
 27.3679
 26.1343
 26.9072
 26.1151
 26.9258
 26.9629
 26.9258
 27.1662
 25.3377
 26.9072
 26.096
 26.1534
 26.9444
 26.8887
 28.688
 26.8887
 24.3311
 24.4131
 23.7276
 23.6432
 24.4336
 22.6274
 26.1534
 22.5832
 27.8029
 24.3311
 27.7669
 25.2785
 27.8209
 27.7849
 26.9258
 24.6577
 26.1151
 25.7488
 27.8029
 24.4336
 22.1585
 22.6716
 22
 25.5734
 46.3033
 25.5343
 29.1376
 22.561
 27.8029
 27.8388
 27.8209
 26.9815
 27.7669
 26.0384
 26.8701
 23.4947
 25.219
 27.5318
 27.1477
 26.9629
 26.096
 24.3516
 23.4947
 23.4947
 23.4947
 26.0576
 26.9629
 26.9629
 58.643
 17.4642
 17.4642
 20.664
 32.1559
 32.1559
