 16.5831
 11.3137
 8.94427
 15.843
 14.4568
 18.3303
 11.2694
 14.7648
 16.6733
 15.4919
 17.9165
 17.0587
 14.3875
 16.4012
 15.1327
 17.3205
 16.0935
 18.6279
 15.906
 18.1659
 15.1658
 18.3303
 14.9332
 14.7648
 17.9165
 14.6969
 15.9687
 17.1756
 16.8226
 18.2483
 17.2047
 16.8523
 14.2478
 14.1067
 17.2337
 14.7309
 16.6433
 15.3623
 15.3297
 18.5203
 16.5529
 19.2873
 20.4695
 20.9762
 17.9444
 18.0831
 18.303
 18.0278
 16.9115
 19.7737
 17.3781
 15.9687
 17.9165
 19.6214
 15.6525
 15.906
 19.2614
 18.3848
 19.4936
 16.6733
 20.2731
 21.6795
 19.799
 19.1311
 19.6723
 16.1555
 19.799
 18.5742
 15.7162
 18.6011
 16.7033
 17.8885
 19.799
 17.8885
 22.4054
 19.4165
 19.0526
 19.105
 18.9737
 17.6068
 19.0263
 21.5407
 19.8242
 19.1311
 19.9499
 20.2485
 18.303
 17.088
 20.2485
 20.2978
 17.1464
 20.199
 19.0526
 25.219
 18.6011
 20.5913
 27.7669
 19.0263
 21.9773
 18.303
 25.1794
 20.6155
 21.9545
 19.2614
 24.1661
 19.8494
 21.7715
 25.5539
 24.1454
 21.3776
 20.2731
 20.9762
 23.3452
 19.8494
 22.8035
 21.5639
 19.5192
 18.6011
 23.388
 31.305
 18.6815
 22.8254
 25.04
 24.0624
 23.1733
 21.3307
 21.1424
 22.1585
 23.0651
 21.4476
 23.3666
 22.7816
 26.9072
 21.166
 23.3238
 22
 23.7908
 20.9045
 19.3132
 23.8956
 24.5561
 21.7256
 17.5499
 22.8035
 22.561
 21.9773
 20.445
 22.7376
 21.9773
 21.8861
 22.6495
 25.5343
 20.8327
 24.2074
 23.8537
 21.6795
 20.2978
 20.2978
 22.1585
 22.0227
 20.3224
 23.3024
 0
 22.0907
 24.0832
 23.5584
 21.1187
 21.4476
 24.7184
 25.2389
 21.8174
 21.4709
 24.96
 21.7486
 23.0217
 20.6155
 23.1733
 20.0499
 22.7816
 23.3024
 21.0238
 21.6795
 21.3542
 23.5797
 24.0832
 20.4206
 24.454
 21.4709
 22.8473
 20.9762
 21.6333
 22
 23.8537
 22.561
 25.2982
 21.7256
 19.8746
 23.0868
 23.3024
 21.7486
 24.5153
 24.5153
 23.4307
 22.5389
 24.8395
 22.561
 20.664
 24.1247
 24.4336
 22.1585
 21
 24.0832
 24.8596
 22.2261
 23.4307
 22.1133
 25.8844
 24.8596
 22.5832
 24.7184
 24.2281
 24.454
 24.0832
 23.8956
 22.8035
 24.454
 23.7487
 24.5153
 25.318
 26.9072
 23.7065
 20.2731
 21.7025
 22.1585
 24.0832
 25.7876
 16.6132
 22.9347
 25.2982
 21.8403
 19.975
 25.2389
 23.388
 27.6406
 20
 26.7955
 25.2982
 22.5832
 19.1311
 26.0384
 24.4949
 21.2603
 22.1811
 26.096
 23.9165
 18.2757
 0
 24.5561
 25.02
 20.199
 19.0526
 25.2389
 27.1293
 18.735
 18
 22.8035
 28.3549
 19.1311
 16.7332
 23.6432
 26.4386
 20.8567
 15.6525
 25.9808
 25.7876
 20.2731
 26.8142
 24.4336
 20.2237
 26.7955
 24.7588
 20.025
 26.096
 24.5153
 17.4642
 27
 24.8797
 26.9629
 25.6515
 27.2213
 26.1343
 23.388
 27.4226
 25.8457
 25.5147
 25.2389
 24.4745
 25.3377
 24.4949
 26
 26.5895
 25.02
 28.688
 27.9643
 25.318
 26.6271
 26.9629
 27.4773
 27.2029
 27.1846
 26.7021
 25.1197
 28.5482
 23.8747
 26.9629
 27.7849
 29.1204
 26.6458
 26.6458
 28.5132
 26.9444
 27.7669
 25.671
 28.0357
 26.8142
 28.4077
 26.4197
 28.0179
 25.5734
 26.3629
 27.4044
 26.1534
 28.2489
 28.8271
 25.2785
 29.5804
 26.1534
 26.9815
 25.8263
 26.6646
 24.4949
 28.3549
 26.1343
 26.9815
 28.688
 28.7054
 27.4408
 27.4591
 24.5153
 26.9815
 27.2947
 28
 28.0535
 24.2281
 27.6225
 28.8617
 26.3629
 27.6225
 25.8457
 28.8617
 27.2029
 29.2062
 27.6043
 28.3019
 29.8329
 28.3901
 28.6007
 27.7489
 26.4008
 27.1662
 26.3818
 26.1725
 27.7489
 26.9444
 24.4745
 26.3818
 27.2029
 28.7402
 25.7099
 28.6356
 25.5539
 28.0713
 26.1343
 27.7849
 28.3725
 27.9464
 27.7308
 26.6646
 26.8142
 26.9815
 28.0713
 28.5132
 29.2233
 26.1534
 28.2489
 28
 27.2764
 27.258
 28.775
 29.3087
 27.2213
 25.318
 25.593
 24.6982
 25.0799
 25.865
 24.2281
 26.9629
 22.561
 28.0713
 24.2281
 27.8029
 25.9037
 28.3901
 28.6182
 27.5862
 23.6008
 27.6043
 25.7488
 26.9629
 24.8797
 22.8035
 24.4949
 22.1585
 26.9444
 49.0306
 26.4386
 29.2233
 21.7256
 28.0891
 29.3939
 28.6356
 27.5862
 28.8444
 26.9629
 28
 24.8596
 26.7769
 27.2029
 28.5657
 27.8388
 27.2213
 26.1534
 24.6982
 24.6982
 24.6982
 26.7582
 28.6356
 28.6356
 62.9206
 21.7256
 21.7256
 21.7256
 32.7109
 0
