 473.166
 19.2873
 11.6189
 11.6189
 11.6189
 11.6189
 11.6189
 11.6189
 11.6189
 11.6189
 11.6189
 11.6189
 11.6189
 11.6189
 11.6189
 11.6189
 24.96
 24.96
 24.96
 24.96
 24.96
 24.96
 24.96
 24.96
 24.96
 24.96
 24.96
 24.96
 24.96
 22.2935
 22.2935
 24.8193
 24.8193
 24.8193
 24.8193
 24.8193
 24.8193
 24.8193
 24.8193
 24.8193
 24.8193
 27.9464
 27.9464
 27.9464
 25.1197
 25.02
 25.02
 24.2899
 24.1247
 24.1247
 24.1247
 24.1247
 24.1247
 24.1247
 24.1247
 22.7816
 22.7816
 26.533
 26.533
 24.3721
 24.3721
 24.3721
 24.3721
 26.4197
 26.4197
 23.4307
 23.4307
 23.4307
 23.622
 26.0576
 26.0576
 22.7816
 22.7816
 21.5639
 21.5639
 21.5639
 21.5639
 24.6779
 24.6779
 22.2036
 22.2036
 27.6948
 27.6948
 25.2982
 25.2982
 25.2982
 23.622
 22.9129
 22.9129
 22.9129
 24.1247
 26.2679
 26.2679
 34.7131
 24.1247
 24.1247
 36.0416
 23.6008
 31.5119
 31.5119
 31.5119
 31.5119
 29.3939
 29.3939
 31.6544
 31.6544
 31.6544
 36.3318
 32.7261
 28.178
 28.178
 27.5681
 31.4802
 31.4802
 31.9531
 29.1376
 24.5153
 24.5153
 32.7109
 40.8167
 24.8797
 32.3265
 32.9393
 32.9393
 29.5296
 28.1425
 28.1425
 33.5261
 32.1714
 32.1714
 30.249
 32.28
 35.6371
 29.5296
 31.1448
 30.7409
 30.7409
 29.5296
 29.5296
 33.2415
 33.4216
 29.7658
 19.4679
 30.3645
 33.8231
 30.7734
 30.7734
 29.7321
 35.0286
 35.0286
 32.1714
 34.6699
 28.0179
 28.0179
 28.9137
 29.9333
 28.1957
 25.9615
 25.9615
 30.249
 29.1376
 29.1376
 29.1376
 29.1376
 29.1376
 33.1662
 29.8998
 29.9666
 34.1906
 33.2415
 29.2916
 28.688
 34.1906
 34.1906
 30.4467
 28.0357
 31.0966
 27.6225
 31.9531
 33.4813
 29.1548
 28.6182
 30
 30.7896
 32.1559
 28.7054
 28.7054
 27.7849
 31.9218
 31.9218
 29.5466
 30
 30
 30
 33.1059
 30.5123
 27.6225
 31.5595
 31.5595
 30.8058
 32.6497
 32.6497
 32.6497
 29.6985
 33.3317
 27.7669
 28.7576
 28.7576
 33.1964
 33.1964
 33.1964
 36.0971
 32.9848
 28.3549
 36.4966
 36.4966
 34.0881
 34.0881
 29.9165
 32.28
 31.4006
 31.4006
 31.4006
 31.8748
 29.7489
 33.4216
 33.4216
 33.4216
 35.1994
 37.054
 37.054
 37.054
 29.7153
 29.7153
 29.7153
 37.6563
 23.516
 23.516
 23.516
 30.282
 27.1662
 33.4963
 33.4963
 33.4963
 26.3059
 37.081
 32.218
 31.8748
 26.1534
 37.3898
 35.327
 28.8271
 30.2655
 30.2655
 34.5977
 24.4949
 24.4949
 24.4949
 34.9714
 27.2213
 27.2213
 27.2213
 27.2213
 25.0599
 25.0599
 25.0599
 25.0599
 25.593
 25.593
 33.5708
 33.5708
 28.4605
 28.4605
 28.4605
 36.2629
 26.6271
 35.6511
 35.6511
 27.2947
 36.524
 36.524
 28.2843
 34.2199
 34.2199
 25.0599
 35.5668
 38.5746
 37.3631
 38.1314
 36.647
 36.647
 36.647
 36.1801
 35.0428
 35.0428
 35.0428
 35.0428
 35.0428
 36.3043
 34.5977
 34.5977
 34.2491
 34.2491
 34.2491
 34.7131
 39.6232
 39.6232
 39.6232
 39.2556
 39.2556
 37.1618
 37.1618
 38.0657
 38.0657
 38.0657
 38.0657
 40.0874
 40.0874
 37.3229
 37.3229
 37.3229
 36.3043
 36.3043
 36.3043
 36.3043
 37.921
 40.4104
 40.4104
 37.1618
 37.1618
 40.0625
 40.0625
 37.7757
 37.7757
 36.9188
 36.9188
 36.9188
 38.1182
 38.1182
 38.1182
 38.1182
 38.1182
 38.1182
 38.1182
 38.1182
 38.1182
 38.1182
 38.1182
 38.1182
 38.1182
 38.1182
 38.1182
 38.1182
 38.1182
 40.1123
 40.1123
 40.1123
 38.0789
 38.0789
 36.318
 36.318
 36.318
 36.1525
 36.1525
 36.1525
 36.1525
 36.1525
 36.1525
 36.1525
 36.1525
 36.1525
 36.1525
 36.1525
 36.1525
 36.1525
 36.1525
 36.1525
 40.0625
 40.0625
 36.3456
 36.3456
 37.4566
 37.4566
 37.4566
 37.4566
 37.4566
 37.4566
 37.4566
 37.4566
 37.4566
 37.4566
 37.4566
 37.4566
 37.4566
 37.4566
 37.4566
 37.4566
 38.2623
 38.2623
 38.2623
 38.2623
 37.6165
 37.6165
 36.9053
 36.9053
 36.9053
 36.0139
 36.0139
 35.4683
 35.4683
 35.4683
 35.4683
 35.4683
 35.4683
 35.4683
 35.4683
 33.0908
 33.0908
 35.6371
 38.833
 38.833
 34.5543
 34.5543
 34.7707
 34.7707
 61.7657
 61.7657
 61.7657
 30.1828
 30.1828
 30.1828
 30.1828
 30.1828
 30.1828
 30.1828
 30.1828
 30.1828
 30.1828
 30.1828
 30.1828
 30.1828
 30.1828
 30.1828
 30.1828
 0
 0
 0
 0
 0
 0
 0
 0
 27.9106
 27.9106
 0
