 25.6125
 24.3516
 21.587
 19.4936
 23.3452
 27.8568
 30.282
 20.8806
 17.1464
 17.1464
 24.454
 28.3196
 28.0535
 22.8254
 30.8058
 27.6948
 27.3861
 30.0333
 30.5941
 32.6956
 30.5941
 29.5804
 28.0891
 28.6182
 27.8029
 29.1204
 28.6705
 29.1548
 27.074
 27.8209
 28.7576
 26.3249
 23.622
 27.2397
 31.4802
 27.2213
 34.0734
 26.9072
 29.8329
 27.037
 28.4077
 25.593
 31.8277
 35.0286
 27.2213
 34.4093
 36.6879
 26.3059
 35.1283
 28.1069
 26.3059
 25.4165
 31.6228
 33.0908
 30.3809
 29.5973
 39.6485
 27
 39.5221
 25.04
 36.8511
 26.3059
 33.8231
 29.9666
 38.1182
 21
 39.3319
 36.1939
 19.1833
 26.5707
 24.6982
 26.7208
 22.8035
 31.8591
 31.9061
 28.7054
 42.3674
 25.632
 42.9302
 42.9302
 41.5812
 29.6479
 31.5278
 26.0384
 45.1996
 42.6732
 23.3024
 21.4476
 38.704
 29.1204
 28.8791
 28.2666
 21.7715
 21.7715
 31.209
 33.8526
 33.8526
 33.9853
 27.1662
 22.9347
 22.9347
 21.8174
 21.8174
 40.8779
 33.3317
 22.2036
 36.2767
 36.2767
 27.2213
 28.6356
 35.7071
 23.8747
 36.2491
 48.2183
 18.6815
 35.5809
 21.6795
 44.486
 19.4165
 19.4165
 20.1742
 20.1742
 25.8457
 34.8281
 32.1714
 30.4631
 22.6716
 21.166
 34.2637
 20.2978
 26.6646
 31.7175
 31.7175
 34.7707
 34.7707
 34.7707
 36.9865
 36.8375
 42.7434
 24.8797
 22.8035
 36.5924
 35.4119
 27.4226
 22.5167
 26.1343
 43.4396
 30.7246
 26.7955
 39.724
 23.0651
 46.0217
 31.5119
 38.833
 32.3265
 23.4947
 23.4947
 31.8591
 22
 27.8568
 27.8568
 43.9886
 0
 21.0238
 40.9756
 27.8927
 27.8568
 21.4709
 35.6511
 27.8209
 26.9444
 26.533
 28.7054
 27.7849
 26.096
 26.096
 22.561
 24.454
 25.2785
 33.541
 33.541
 24.2281
 35.4401
 31.257
 40.8412
 40.8412
 35.7071
 26.1151
 28.7054
 24.5967
 24.5967
 30.315
 29.189
 39.2301
 27.8388
 27.8388
 27.8388
 25.1992
 34.7994
 26.1725
 33.7194
 30.0167
 38.5227
 24.3926
 24.3926
 27.5862
 34.4529
 46.2277
 26.9629
 22.6053
 34.2053
 42.9884
 28.0535
 21.4243
 34.8568
 33.0303
 33.9411
 35.1852
 31.0644
 24.3105
 27.8209
 20.9045
 31.607
 33.3167
 26.0576
 38.4318
 31.8591
 41.9762
 27.9106
 32.9242
 44.4185
 32.7261
 23.4734
 31.5595
 43
 23.388
 12.2066
 35.6511
 26.8142
 29.5635
 13.5277
 33.5559
 33.8231
 41.7133
 10.8628
 46.7974
 25.7876
 28.2843
 12.3693
 45.5741
 20.2978
 12.9228
 26.1151
 37.3765
 27.7669
 13.0767
 0
 32.8786
 25.219
 13.2665
 32.249
 23.8956
 35.8329
 15.1658
 34.7131
 37.5899
 42.8486
 12.083
 30.7409
 39.5348
 46.6476
 16.3401
 33.2716
 43.4741
 22.2935
 10.4403
 31.289
 26.533
 13.5277
 31.0644
 43.1972
 9
 26.0384
 48.6826
 11.4018
 20.9762
 46.4327
 28.688
 39.9625
 23.6643
 34.1028
 20.0499
 38.8844
 45.4863
 20.8806
 49.224
 26.0768
 44.4297
 21.4009
 26.9815
 28.3549
 31.5119
 46.5081
 50.6261
 26.4386
 43.8634
 42.4382
 35.7351
 26.1343
 20.8567
 27.9285
 18.9737
 41.2432
 43.9431
 47.0106
 26.0768
 47.3181
 40.8779
 24.5967
 27.8209
 35.7771
 27.7489
 50.5569
 18.7883
 52.915
 40.4228
 47.2123
 36.1801
 25.2389
 29.189
 31.3209
 31.3209
 45.1442
 49.0408
 36.8239
 46.1844
 24.8395
 43.4511
 21.3776
 23.4947
 32.619
 49.1935
 26.8142
 21.4709
 48.2494
 42.6263
 53.5164
 35.6511
 27.3861
 15.6844
 36.1801
 17.088
 46.3249
 40.9634
 48.5489
 46.5833
 25.7876
 25.7876
 22.561
 22.561
 36.6197
 49.8799
 25.5539
 44.5646
 49.93
 44.0454
 23.4734
 28.7402
 25.7488
 22.8035
 37.2827
 42.8135
 48.3011
 48.4045
 23.5372
 26.9629
 45.1996
 45.1996
 22.1133
 22.1133
 30.9031
 30.9031
 49.3964
 46.2169
 51.342
 43.4396
 22.6936
 34.8999
 30.7734
 28.8617
 41.0366
 41.9762
 49.8899
 49.8899
 45.3652
 41.5812
 28.9828
 26.1343
 19.0788
 19.0788
 27.4773
 27.4773
 47.7074
 47.7074
 53.0283
 39.2301
 29.9833
 40.7676
 36.647
 23.3666
 47.8226
 40.0749
 50.1498
 45.8803
 42.5558
 37.4166
 30.3974
 24.1868
 33.5559
 35.9026
 25.318
 25.318
 42.9069
 42.9069
 50.2096
 30.692
 46.3789
 46.3789
 38.4968
 21.6795
 50.6261
 34.2637
 34.2637
 40.4228
 35.0999
 22.3383
 38.4968
 49.4469
 47.7389
 45.2106
 22.7596
 32.2025
 45.7493
 45.7493
 45.7493
 0
 33.0303
 46.7868
 0
 27.1293
 48.4458
 0
 32.3265
 32.3265
 0
