 467.225
 18.6815
 18.6815
 24.454
 24.454
 27.2397
 27.2397
 27.5318
 26.096
 38.9872
 28.3019
 28.3019
 28.3019
 26.2488
 30.692
 30.692
 29.4788
 29.4788
 29.4788
 29.4788
 29.4788
 33.0454
 33.0454
 33.0454
 29.9333
 28.9828
 28.9828
 33.3167
 23.4521
 23.4521
 38.6652
 28.0357
 28.0357
 29.2404
 36.8917
 33.1059
 32.6343
 33.3766
 33.0151
 29.2233
 35.6371
 24.6982
 24.6982
 43.0697
 26.7208
 29.189
 37.7624
 33.5261
 33.5112
 27.9285
 35.3412
 28.0179
 36.9594
 38.1051
 29.2404
 35.7911
 37.5899
 35.7211
 39.6232
 40
 37.5899
 32.7109
 32.7109
 27.8209
 27.8209
 32.2335
 39.5854
 37.3631
 32.7109
 27.4591
 37.108
 28.6531
 41.2432
 32.2335
 32.2335
 38.5227
 42.7668
 38.092
 42.7551
 40.2244
 40.0999
 34.0734
 43.7493
 28.8964
 38.1051
 40.0375
 34.2929
 35.4401
 39.281
 29.95
 39.8999
 45.4423
 31.8119
 59.8999
 33.6155
 47.2123
 54.8999
 37.4166
 43.4051
 34.8281
 44.3396
 39.0768
 44.7996
 45.4313
 49.5883
 42.4617
 41.6173
 52.811
 45.4203
 36.2905
 42.6849
 33.3017
 48.3529
 45.0555
 42.7785
 44.8888
 38.5487
 42.4028
 42.3792
 42.3792
 38.1707
 46.1952
 45.0555
 45.9239
 43.9886
 38.0263
 42.5793
 42.8135
 50.05
 35.9305
 44.6654
 50.2593
 51.4393
 42.0357
 44.0681
 46.3465
 43.2204
 47.592
 47.592
 43.9659
 47.8017
 45.607
 35.2987
 45.2217
 52.6878
 44.5758
 46.6476
 43.9318
 50.05
 45.5412
 47.9375
 52.811
 42.7668
 52.5452
 39.7366
 41.7013
 42.1545
 39.7115
 38.4838
 45.6508
 45.31
 52.6023
 52.6023
 38.8844
 54.1479
 47.9479
 40.694
 43.4626
 47.676
 48.9081
 41.5211
 42.5793
 41.7253
 43.1625
 43.6921
 43.6921
 44.3283
 40.7063
 43.1856
 50.6656
 50.6656
 42.8952
 49.163
 50.8035
 49.0612
 49.0612
 52.0192
 42.332
 49.051
 49.051
 49.051
 44
 53.3479
 51.8073
 52.2972
 52.2972
 43.715
 54.4243
 45.6508
 43.1972
 47.0106
 40.9145
 58.0861
 43.7035
 43.7035
 39.2173
 43.1045
 59.3885
 49.2037
 43.3128
 37.8418
 58.4808
 53.3667
 46.7012
 51.9904
 42.0238
 52.259
 43.4741
 47.0213
 48.1456
 51.2445
 44.2945
 49.93
 51.8073
 52.8772
 49.1935
 50.8724
 52.0673
 52.0673
 54.1849
 55.6327
 46.7012
 39.8999
 45.0444
 52.2494
 54.0185
 22.4054
 46.3573
 55.3082
 45.4973
 22.1359
 41.7253
 44.699
 56.9386
 22.561
 59.9333
 42.6966
 45.2327
 21.0238
 58.0086
 47.244
 22.561
 43.3128
 51.6333
 49.6488
 22.561
 22.561
 42.7083
 54.69
 22.561
 22.561
 43.4741
 56.6657
 22.5832
 22.5832
 50.7543
 58.3352
 20.7123
 20.7123
 50.951
 59.3464
 22.2711
 31.9687
 55.2901
 55.4527
 21.8174
 46.7226
 56.0535
 23.6854
 44.2945
 57.0175
 23.7065
 48.9796
 61.0082
 22.561
 54.2125
 59.1016
 54.1849
 54.3323
 56.3028
 46.0435
 46.0217
 54.5985
 56.5332
 53.2729
 59.127
 55.4977
 54.4518
 57.376
 45.2548
 57.1664
 46.0652
 60.0666
 61.8628
 51.3225
 59.2284
 56.1427
 53.7587
 57.1052
 46.1302
 58.6515
 48.8467
 58.8897
 52.5833
 60.8441
 57.6281
 62.3939
 56.9649
 58.1808
 47.7912
 61.2781
 47.7808
 61.2862
 55.7943
 65.0999
 56.745
 58.1808
 51.449
 56.7539
 45.1885
 59.6657
 48.6621
 61.4573
 61.8385
 53.9537
 61.3759
 57.4804
 52.2111
 59.4727
 46.0977
 58.6089
 62.1852
 51.3225
 60.1166
 61.7009
 59.439
 58.112
 57.8705
 65.0769
 47.8017
 63.7495
 48.6826
 59.9083
 52.7636
 60.5062
 56.9386
 61.3596
 49.5681
 61.384
 45.2327
 61.3433
 62.6578
 49.5782
 58.5406
 64.3351
 59.8498
 60.3158
 53.1507
 66.8132
 46.3573
 66.0833
 58.3695
 58.3695
 60.3075
 54.1941
 56.9473
 58.6686
 52.144
 60.2827
 47.9792
 59.7746
 54.7723
 60.8687
 57.6628
 63.8044
 61.384
 52.1344
 56.8067
 58.0431
 45.9783
 49.6689
 59.6154
 67.3573
 54.037
 61.7333
 57.2014
 54.6992
 52.3355
 56.4712
 50.4777
 59.397
 53.9351
 61.1637
 56.1249
 65.9848
 62.6418
 53.8424
 57.0263
 48.9285
 46.9681
 52.1824
 58.3781
 80.827
 59.8582
 59.8582
 57.6802
 51.2445
 58.983
 51.8941
 51.449
 51.449
 51.449
 62.1932
 62.1932
 65.0231
 85.6913
 64.8922
 60.0833
 60.0833
 62.7216
 79.1518
 48.9387
 50.5074
 57.8187
 57.9655
 62.4099
 57.6975
 63.5059
 63.7024
 60.7207
 62.2013
 54.2033
 52.144
 52.144
 52.144
 52.144
 49.3457
 59.0169
 59.0169
 97.6473
 97.6473
 97.6473
 97.6473
 71.4423
 71.4423
