 23.516
 17.3494
 25.6125
 22.561
 26.6458
 25.7682
 25.671
 22.1359
 22.2935
 27.4773
 23
 30.7734
 31.3209
 23.0651
 27.6043
 29.4958
 22.5389
 32.0156
 32.0156
 25.8263
 28.9137
 29.8998
 24.5153
 27.7489
 26.8887
 25.6905
 24.4745
 29.2233
 20.347
 22.0454
 31.7805
 21.7945
 22.7816
 24.5357
 30.5941
 28.8617
 28.4605
 28.775
 26.4764
 25.7488
 30.6105
 19.2354
 37.4566
 36.9188
 23.4307
 26.7769
 31.9531
 29.4958
 28.4429
 24.1868
 30.8221
 24.5561
 33.0757
 33.7194
 28.4781
 30.3315
 32.249
 32.1092
 33.8231
 35.3412
 30.7571
 27.4773
 37.3898
 23.622
 37.855
 27.9464
 36.1939
 32.7567
 28.2135
 22.891
 31.4006
 25.4558
 34.5688
 30.133
 36.0971
 34.1028
 35.3836
 35.4683
 37.6431
 37.3229
 36.2629
 28.931
 38.1969
 25.1992
 34.3948
 36.1801
 31.496
 33.1964
 36.2767
 27.0555
 34.6554
 39.8246
 27.8388
 50.4083
 31.3528
 41.2068
 46.2817
 35.171
 34.322
 32.249
 36.4966
 35.6511
 37.081
 36.9053
 40.7185
 38.5746
 36.4692
 42.45
 37.6431
 31.305
 38.4968
 29.5296
 40.9268
 39.3827
 33.5559
 37.7492
 34.7275
 37.6962
 33.5559
 33.5559
 35.1568
 38.1314
 38.4187
 38.3797
 38.4187
 31.305
 36.4692
 32.6497
 39.724
 33.0606
 39.5601
 41.2068
 41.7373
 34.7994
 35.7911
 35.6651
 38.5487
 40.3485
 38.5746
 35.805
 39.1535
 39.0384
 34.5688
 36.1525
 41.4126
 35.4542
 39.0128
 37.9342
 38.7943
 38.5746
 37.4032
 43.9659
 36.5787
 44.2832
 34.7707
 32.6497
 34.1467
 34.6843
 33.0454
 37.1887
 34.7851
 45.3321
 0
 36.565
 44.5084
 38
 31.6544
 40.1871
 39.6106
 40.3733
 34.2199
 36.1525
 33.9411
 38.1707
 35.9583
 35.9583
 36.524
 33.8083
 33.5559
 42.2966
 42.2966
 36.9594
 40.1373
 43.1045
 40.0375
 40.0375
 42.1545
 36.3043
 40.7063
 35.4401
 35.4401
 38.2492
 42.1189
 42.9651
 43.9545
 43.9545
 37.4566
 45.3321
 36.3593
 34.1906
 40.4969
 34.9285
 44.3283
 36
 36
 36.5787
 35.5246
 45.111
 42.0595
 39.1408
 32.6037
 44.2945
 44.0454
 40.8289
 38.3667
 36.1801
 43.4396
 32.218
 39.3827
 41.5812
 41.7852
 35.0143
 42.7785
 43.9659
 42.8252
 40.8534
 42.4617
 45.0222
 42.8602
 44.6094
 45.5851
 38.8844
 31.3847
 36.606
 44.1135
 43.0116
 21.8861
 38.4578
 46.2061
 37.4833
 21.5407
 35.6651
 38.7427
 47.592
 20.9045
 48.949
 38.223
 36.4692
 20.2731
 46.1844
 42.5793
 21.4709
 36.8917
 41.6893
 42.1782
 21.4942
 0
 33.9411
 44.8665
 20.8567
 35.5528
 35.1568
 47.2335
 20.2978
 34.5832
 40.8412
 49.2037
 21
 29.2404
 41.7852
 47.244
 20.8806
 28.9828
 44.1588
 45.1442
 20.2978
 38.2623
 46.3897
 21.4476
 35.7911
 45.7165
 22.2711
 41.7253
 47.592
 21.5639
 46.9148
 44.9222
 45.7275
 41.7852
 47.2123
 35.0286
 35.1283
 45.0888
 47.5605
 42.5911
 49.7393
 43.5431
 45.2548
 44.1928
 37.4299
 47.244
 36.8917
 50.319
 49.7996
 44.2945
 47.5605
 45.1996
 43.5201
 44.8665
 37.7227
 48.518
 40.0749
 50.05
 43.4166
 48.6621
 47.1381
 52.0481
 46.0543
 46.8615
 41.2311
 48.9898
 40.398
 47.55
 47.8121
 51.4393
 47.9166
 43.2088
 40.8167
 45.0444
 36.4555
 48.6929
 38.8458
 51.1077
 51.1859
 43.4511
 49.1019
 44.4972
 42.6849
 46.1844
 37.0675
 45.913
 50.6754
 41.8091
 47.833
 50.02
 47.7074
 46.2493
 46.076
 51.9615
 38.833
 52.7826
 40.4228
 49.7795
 42.6849
 49.3356
 47.8017
 48.1768
 41.0974
 48.9285
 37.6165
 50.04
 51.9519
 42.6028
 46.9681
 51.4004
 47.4131
 47.3181
 41.7493
 53.647
 39
 54.0833
 45.0444
 45.0444
 46.7226
 42.5793
 43.8064
 46.9255
 43.0233
 46.4004
 41.509
 47.0319
 47.1911
 48.4149
 48.621
 51.449
 48.5901
 42.8719
 45.1774
 48.734
 35.9722
 43.4971
 49.2443
 56.356
 44.3959
 48.4045
 47.8017
 43.8634
 41.8808
 44.7996
 40.2741
 47.5605
 43.4626
 48.4149
 46.1844
 51.1664
 49.1935
 42.8019
 46.0217
 39.8497
 38.7169
 42.0357
 47.592
 70.746
 49.1427
 49.1427
 45.2217
 41.5933
 46.1736
 43.0581
 41.8091
 41.8091
 41.8091
 49.3761
 49.3761
 50.5569
 75.0866
 50.8527
 46.594
 46.594
 51.4684
 51.5073
 38.8973
 43.4626
 47.8121
 46.4112
 49.1019
 45.0777
 52.2781
 52.8961
 49.1528
 49.9199
 41.7971
 42.9185
 42.9185
 42.9185
 42.9185
 42.107
 49.2443
 49.2443
 86.5332
 86.5332
 86.5332
 86.5332
 61.7414
 61.7414
