 467.225
 20.567
 30.2159
 21.7715
 28.9137
 26.5707
 26.5707
 22.9565
 25
 27.1662
 24.5967
 31.8434
 32.6956
 24.2899
 29.8831
 28.4077
 23.3666
 31.6386
 31.3209
 27.2764
 30.2655
 30.3645
 24.1247
 25.671
 26.9444
 26.8142
 24.6982
 30.133
 21.9089
 21.4942
 32.5576
 22.2486
 23.1301
 26.0768
 31.3528
 30.1496
 29.4788
 29.7321
 27.4773
 24.0832
 31.3847
 19.3907
 38.092
 36.8646
 21.7025
 27.5681
 32.7567
 31.8434
 29.2404
 23.6854
 32.2955
 24.1661
 33.541
 34.0588
 27.6586
 31.0644
 32.5269
 32.311
 34.7131
 35.2704
 33.0151
 27.2764
 38.5487
 23.4521
 37.921
 28.5482
 35.4824
 32.5576
 30.3645
 23.3238
 33.7787
 24.2487
 36.3593
 28.8617
 37.3363
 34.2199
 35.9166
 37.081
 37.3631
 40
 36.1663
 26.4386
 40.3485
 23.388
 35.1283
 37.6431
 32.187
 34.8855
 37.2961
 27.258
 36.6742
 41.9881
 27.2029
 52.144
 30.5941
 43.852
 44
 36.3456
 36.1109
 30.5123
 36.5103
 37.7757
 38.9102
 37.3631
 40.7431
 42.1663
 35.8329
 44.8999
 39.6737
 30.5287
 42.2611
 29.2916
 41.5331
 41.7133
 36.1525
 39.8372
 35.5668
 39.2683
 34.6554
 34.6554
 36.8375
 41.4729
 42.5911
 38.9358
 39.0768
 30.5941
 38.6005
 35.9444
 41.7493
 32.5423
 41.6293
 43.8862
 43.2666
 35.426
 37.8814
 38.2492
 40.2492
 42.8369
 39.6863
 38.3145
 40.8779
 42.4382
 36.2215
 37.9605
 43.4511
 38.0789
 39.3065
 39.281
 41.2189
 39.2428
 39.724
 46.6262
 38.833
 47.8121
 32.2645
 34.1614
 36.6333
 36.6333
 32.7109
 40.1746
 36.1248
 47.0425
 47.0425
 37.6829
 45.6946
 41.4608
 34.2345
 42.0238
 38.7943
 43.5201
 36.7287
 39.9625
 31.8904
 40.8534
 38.8716
 38.8716
 36.9865
 36.7015
 35.0143
 44.699
 44.699
 39.5601
 41.7852
 45.8148
 42.6146
 42.6146
 44.2606
 38.8072
 43.566
 34.7275
 34.7275
 40.9878
 45.4643
 44.3621
 46.6047
 46.6047
 39.8246
 48.1871
 37.47
 36.5787
 42.7668
 33.1813
 47.4868
 38.9102
 38.9102
 35.171
 38.3406
 47.8435
 45.4203
 39.6358
 34.0588
 46.6476
 46.3465
 41.9047
 39.598
 40.3237
 45.4863
 31.0644
 41.7253
 43.4741
 45.0777
 34.9142
 44.6766
 47.0106
 46.2061
 40.9268
 45.2769
 47.7912
 46.2061
 46.1844
 47.4025
 42.7785
 33.8231
 37.5766
 45.0888
 46.3249
 23.8747
 39.0256
 49.4065
 39.8372
 23.6008
 35.1283
 39.3192
 51.2835
 22.8035
 51.3712
 37.9868
 37.7757
 22.9347
 47.613
 42.7902
 22.8035
 37.7757
 40.7185
 44.8107
 25.219
 0
 34.3657
 47.4447
 24.8193
 36.6879
 34
 49.7695
 24.1247
 36.4006
 41.5572
 52.469
 23.1084
 30.6594
 43.2435
 48.9694
 22.7596
 30.7083
 44.2832
 48.2701
 23.4947
 36.6742
 48.949
 25.2982
 33.2265
 49.7896
 24.1661
 41.4488
 50.547
 22.9347
 47.5289
 46.4004
 48.3322
 42.1782
 49.8598
 34.1906
 35
 47.8435
 50.1896
 43.2897
 52.2303
 44.9333
 45.5741
 47.3286
 37.0135
 49.4065
 35.819
 53.6283
 51.7301
 43.9773
 48.1144
 46.1736
 44.5309
 48.3735
 37.7094
 52.1632
 40.3237
 52.8961
 43.4741
 50.5272
 49.1935
 53.4135
 45.7275
 49.8799
 39.1152
 52.1536
 40
 50.1398
 48.1352
 53.2729
 49.4773
 44.7996
 39.8623
 47.592
 33.8969
 51.3712
 38.1969
 53.6749
 52.9434
 44.1248
 50.4282
 47.8644
 42.8952
 48.4045
 36.5377
 48.9796
 53.6749
 41.9166
 49.1732
 50.9608
 47.2758
 48.6929
 46.0109
 55.6058
 38.1838
 56.3826
 40.2989
 52.1344
 43.6807
 50.3587
 47.3286
 48.9694
 40.9512
 51.9808
 37.47
 53.647
 55.1634
 42.1663
 48.4252
 53.7029
 48.0833
 48.9694
 41.1461
 56.4092
 37.3497
 56.8067
 48.0937
 48.0937
 47.5395
 43.1625
 45.3982
 46.6047
 41.7013
 49.4368
 40.7554
 50.1697
 47.1063
 50.9608
 49.366
 52.9528
 50.01
 44.2945
 44.1362
 51.3712
 36.3043
 41.7971
 50.9608
 58.7537
 44.7325
 49.99
 48.1144
 45.0888
 43.4511
 45.6399
 39.1663
 50.5272
 43.1625
 50.5866
 45.2769
 53.3292
 50.6162
 45.1221
 44.0114
 38.833
 38.2623
 43.909
 49.4469
 73.1027
 50.8429
 50.8429
 45.7384
 43.7493
 47.6235
 45.1331
 40.9023
 40.9023
 40.9023
 52.3163
 52.3163
 51.7204
 77.3822
 52.144
 46.594
 46.594
 52.9622
 52.8772
 40.9878
 42.5793
 48.3011
 48.0625
 51.1468
 46.6905
 53.4322
 54
 49.5278
 51.0294
 43.7607
 42.6028
 42.6028
 42.6028
 42.6028
 40.0125
 49.7896
 49.7896
 88.0852
 88.0852
 88.0852
 88.0852
 62.442
 62.442
