 24.8596
 14.3178
 26.9629
 13.9284
 9.84886
 11.4455
 15.906
 12.3693
 13.2665
 13.2665
 12.2474
 20.3224
 22.9129
 13.4907
 23.3666
 25.318
 14.8324
 22.9347
 25.7876
 19.799
 19.0263
 12.1655
 16.0624
 9.32738
 11.3137
 14.3178
 16.6733
 19.1572
 13.2665
 17.8326
 21.9317
 16.4012
 14.7648
 14.7309
 22.8035
 11.225
 22.383
 14.6969
 17.0294
 14.6969
 20.5183
 17.5784
 26.0192
 24.8395
 17.5499
 18.3848
 19.4165
 13.9642
 18.3303
 15.4919
 12.083
 16.6433
 22.0907
 25.3772
 15.7797
 14.1067
 25.1595
 10.5357
 22.383
 20.0998
 19.0788
 14.9332
 25.7876
 19.4679
 26.096
 17.6635
 20.8567
 16.9115
 10.9087
 15.906
 9.69536
 20.199
 11.2694
 15.6525
 23.622
 13.1529
 28.9482
 13.6382
 27.6406
 27.6406
 21.1424
 18.7083
 24.1454
 19.7737
 33.2716
 25.593
 17.2627
 11.5326
 18.4662
 17.5214
 10.9087
 15.8745
 16.8523
 16.8523
 15.6205
 25.318
 25.318
 16.4924
 15.4596
 31.4166
 31.4166
 11
 11
 22.7816
 16.7332
 16.4621
 19.5704
 19.5704
 13.8924
 17.8606
 26.2488
 19
 18.7617
 34.0441
 8.12404
 19.8242
 19.105
 26.5141
 7.81025
 0
 10.3923
 10.3923
 25.5539
 19.0526
 17.1172
 19.4679
 6.9282
 20.2731
 19.2354
 14.7309
 12.3288
 13.8924
 13.8924
 19.0788
 19.0788
 19.0788
 25.9422
 17.0294
 29.0689
 17.8326
 9.21954
 28.3196
 18.7883
 14.3875
 11.2694
 13
 24.3311
 23.6432
 17.9165
 20.445
 9.84886
 27.9106
 25.5147
 28.178
 19.3907
 13.7477
 13.7477
 25.3377
 16.4012
 15.906
 15.906
 28.9482
 0
 17.4929
 20.7123
 14.1421
 17.3494
 8.66025
 19.9249
 14.7986
 22.9347
 20.2731
 21.8632
 10.5357
 14.8324
 0
 17.088
 23.8328
 14.7648
 19.799
 0
 18.0278
 16.7631
 15.1658
 31.4643
 0
 17.4356
 20.7123
 13.5647
 33.8821
 0
 20.2485
 20.6155
 20.2731
 13.0384
 0
 0
 19.1833
 20.2237
 14.7986
 22.9129
 25.1794
 27
 14
 0
 24.4949
 28.4253
 30.133
 12.49
 19.975
 28.8791
 24.1247
 16.3401
 13.8924
 20.199
 25.9422
 21.5407
 32.5576
 20.9045
 6.9282
 12.8452
 16.0935
 20.347
 19.6977
 9.16515
 20
 17.2627
 29.0689
 14.2127
 14.7986
 28.9655
 19.6723
 14.3178
 17.8885
 21.5174
 14.1067
 22.1359
 19.2614
 19.4422
 15.9374
 16.3095
 29.6142
 17.3494
 29.6648
 18.6279
 30.133
 25.2785
 14.3527
 21.1896
 24.8797
 18.4391
 19.3132
 10.1489
 21.7945
 8.66025
 20.9045
 0
 27.7128
 6.7082
 27.6767
 13.9642
 23.3666
 24.3516
 21.166
 14.9666
 17.2916
 32.0624
 25.7294
 23.1084
 19.9249
 28.3196
 13.1529
 17.088
 23.1301
 14.1067
 20.9284
 19.4679
 20.9045
 20.445
 30.4302
 32.7719
 21.5174
 23.7908
 33.0303
 22.1359
 20.3961
 26.0384
 9.53939
 22.9347
 9.8995
 31.9374
 15.2315
 28.8791
 33.7639
 9
 25.9615
 9
 22.8035
 10.4403
 17.8045
 23.4734
 31.1929
 36.2215
 34.7419
 25.219
 22.9565
 22.7376
 20.199
 8.18535
 16.8226
 16
 14.1067
 30.6105
 21.9545
 34.7275
 13.0384
 25.9037
 21.8174
 18.735
 20.2731
 23.7487
 29.7153
 36.5377
 20.6155
 33.541
 20.445
 27.3679
 27.7128
 8.12404
 31.5911
 20.567
 20.567
 36.9324
 33.5559
 16.1864
 23.7065
 11.2694
 29.1033
 10.4881
 18.4391
 24.98
 39.7744
 22.2711
 19.3907
 32.6956
 21.7945
 42.3792
 21.4942
 13.8564
 15.1987
 27.7669
 18.5472
 34.3366
 19.7484
 30.8058
 24.3311
 12.2066
 12.2066
 10.6771
 10.6771
 24.1454
 39.0128
 19.0526
 23.0434
 33.4963
 22.8035
 4.24264
 19.6723
 15.6205
 28.0179
 31.0322
 28.3373
 28.3373
 31.0644
 7.48331
 12.8452
 25.8263
 25.8263
 9.64365
 9.64365
 27.2397
 27.2397
 40.8167
 23.4094
 36.6333
 21.4476
 6.9282
 19.6977
 17.8606
 19.2094
 20.8567
 27.258
 35
 35
 26.2679
 20.0499
 10.4403
 9.84886
 6.9282
 6.9282
 22.8473
 22.8473
 37.7624
 37.7624
 40.0375
 18.5742
 10.9087
 22.1359
 19.2094
 11.5758
 38.7427
 25.5539
 45.5961
 29.4788
 29.4788
 17.9165
 14
 17.0587
 18.0278
 24.1868
 24.1868
 0
 40.4969
 0
 41.2189
 36.3731
 31.8904
 31.8904
 31.8904
 6.9282
 26.9444
 23.4734
 23.4734
 19.2354
 15.9687
 8.66025
 31.9061
 39.3065
 30.3315
 23.4307
 6
 20.8806
 24.5561
 0
 0
 0
 17.8606
 32.8024
 0
 40.7922
 40.7922
 0
 0
 0
 0
