 20.9762
 11.2694
 27.6948
 7.93725
 6.9282
 10.5357
 0
 13.2665
 1.41421
 11.7473
 4.58258
 17.0294
 20.445
 1.41421
 20.9523
 22.0681
 1.73205
 25.1396
 26.9072
 19.7737
 20.8806
 11.2694
 2.44949
 11.3137
 6.245
 12.2474
 2.44949
 17.9165
 5.65685
 5.38516
 23.1301
 0
 0
 7.14143
 22.5832
 9.79796
 19.975
 14.4914
 10.5357
 3.74166
 20.0749
 2.44949
 27.9285
 26.096
 0
 4.24264
 15.6844
 6.08276
 9
 0
 13.8564
 0
 19.4165
 21.3073
 4.24264
 6.32456
 19.2354
 13.8924
 18.1934
 20.9523
 9.53939
 0
 27.4044
 4.24264
 26.2107
 0
 16.5529
 10.583
 4.3589
 1.41421
 13.2288
 5.65685
 17.6918
 1.73205
 23.3238
 5.19615
 21.8632
 13.8564
 19.1833
 21.7025
 12.083
 4.58258
 26.5895
 2.23607
 26
 19.975
 2.44949
 2.44949
 10.4403
 2.44949
 13.1149
 21.6102
 4.24264
 4.24264
 0
 26.1725
 10.1489
 6.245
 0
 23.0217
 23.0217
 15.1327
 1.73205
 15.1987
 7.81025
 21.7715
 10.5357
 15.6844
 1.73205
 3
 27.4408
 2.23607
 10.3441
 23.622
 3.4641
 8
 4.12311
 17.4069
 6.08276
 6.08276
 5.19615
 17.3494
 21.1187
 11.4891
 9.48683
 4.12311
 13.8924
 17.4642
 9.53939
 5.19615
 20.5913
 7.74597
 3.87298
 0
 14.8324
 7.34847
 22.1585
 7.74597
 23
 13.9642
 20.025
 16.1555
 9.53939
 6.55744
 17.3781
 6.08276
 16.7332
 18.5203
 22.8035
 11.3137
 17.088
 6.85565
 19.0526
 27.7849
 1.41421
 7.74597
 7.74597
 19.5192
 3.87298
 12.2474
 5.74456
 24.8395
 0
 1.73205
 16.5529
 7.81025
 8.48528
 5.19615
 7
 15.5885
 19.105
 17.088
 3
 14.1067
 11.4455
 0
 8
 21.4709
 12.2474
 23.388
 0
 16
 5.09902
 13
 25.318
 0
 7.81025
 17.5214
 12.9615
 22.561
 0
 17.0294
 19.975
 16
 9.53939
 0
 20.9762
 26.1343
 10.0499
 10.5357
 20.4206
 4.12311
 26.7769
 12.1655
 0
 5.19615
 25.4951
 23.1733
 12.9615
 4.24264
 23.5372
 17.3205
 12.8841
 6.08276
 1.73205
 22.1585
 13.9642
 10.583
 21.2368
 14.8324
 13.1149
 10.4403
 21.4942
 23.388
 13
 0
 16.6733
 25.0998
 12.9615
 9.53939
 21.0476
 18.5742
 10.0995
 14.7309
 12.1655
 21.1187
 10.9545
 4.58258
 26.5141
 12.9615
 4.69042
 10.1489
 8.48528
 29.1376
 2.44949
 23.4094
 7.14143
 6.245
 8.18535
 14.8661
 5.38516
 1.73205
 6.9282
 0
 11.2694
 5.19615
 0
 1.73205
 18.5742
 6
 3.4641
 13.1909
 25.9422
 5.19615
 1.73205
 0
 27.3861
 10.6771
 0
 6.9282
 20.9284
 3.4641
 3.4641
 11.2694
 20.2485
 2.44949
 1.73205
 28.2666
 6.9282
 12.4097
 29.5296
 5.19615
 8.12404
 25.7294
 4.24264
 1.41421
 14.7648
 13.8924
 2.44949
 19.8494
 15.8745
 12.53
 25.0998
 23.7697
 6
 17.9165
 8.7178
 4.3589
 21.3073
 3.31662
 30.1993
 12.083
 32.0624
 24.0624
 6.9282
 14.0357
 2.44949
 5.38516
 14.7986
 4.24264
 23.8956
 9
 29.2916
 0
 27.1109
 11.4455
 19.5448
 0
 22.3607
 13.5277
 28.5832
 14.0357
 28.8791
 2.82843
 22.561
 11.2694
 8.7178
 2.44949
 18.2483
 3
 26.9258
 15.9687
 32.2025
 22.8035
 3.4641
 8.66025
 10.3923
 3
 24.4745
 13.5277
 31.1929
 34.2637
 10.4881
 5.47723
 23.622
 11.2694
 13.0384
 0
 29.4958
 1.41421
 33.541
 15.1658
 27.8568
 2.44949
 21.2132
 4.24264
 13.4907
 13.4907
 23.8328
 23.8328
 30.5941
 30.3315
 10.1489
 0
 21.9773
 10.4403
 14.0357
 0
 31.6228
 20.347
 36.7967
 15.9687
 15.9687
 15.7162
 0
 12.1244
 1.73205
 1.73205
 28.0179
 28.0179
 36
 36
 31.209
 3.31662
 25.5539
 12.4097
 14.9666
 3.4641
 27.6043
 14.5258
 0
 20.7846
 29.5296
 13.4164
 13.8924
 6.9282
 8.7178
 15.6205
 20.8567
 20.8567
 30.8058
 30.8058
 34.4384
 34.4384
 28.2666
 15.1658
 17.4642
 0
 0
 6.32456
 26.8887
 22.3383
 45.4533
 14.6969
 14.6969
 3.4641
 15.6525
 21.2838
 18.7617
 6.245
 6.245
 0
 42.5676
 0
 32.6803
 49.4166
 22.3383
 7.28011
 7.28011
 22.6053
 11.3137
 19.105
 18.8944
 2.44949
 14.7309
 30.2159
 33.5708
 31.3847
 22.5389
 6
 15.1658
 23.1948
 7.14143
 0
 0
 0
 1.73205
 27.5862
 0
 49.8197
 49.8197
 49.8197
 49.8197
 49.8197
 0
