 16.0312
 10.6771
 19.6469
 6.7082
 13.7477
 16.4924
 19.1311
 9.05539
 8.18535
 15.7162
 16.7631
 15.5885
 17.5784
 14.3527
 14.3527
 12.53
 13.9284
 15.5242
 17.8885
 13.8924
 16.4924
 17.5499
 15.6525
 19.3907
 19.5192
 15.6844
 21.8861
 14.0357
 18.3576
 19.0263
 15.0997
 17.1464
 13.7113
 13.0384
 14.4914
 16.4621
 14
 14.9332
 13.0384
 16.8819
 14.8324
 15.9374
 17.8326
 18.412
 18.4391
 17.9165
 18.2757
 14.2829
 16.7332
 17.8326
 14.7648
 13.9284
 15.6525
 14.8324
 14.9666
 15.6205
 17.3781
 17.5214
 19.105
 19.2094
 17.8885
 18.4391
 17.8885
 16.5529
 19.799
 16.2788
 20.8806
 19.2614
 15.3948
 15.9687
 15.6205
 13.7113
 15.8114
 16.4621
 14.2829
 15.5885
 18.303
 18.2209
 20.2731
 20
 20.8327
 15.4272
 18.7083
 16
 17.5214
 19.1311
 16.7631
 17.72
 20.2237
 16.6132
 18.2483
 19.7231
 13.7477
 25.1794
 16.3095
 20.6398
 19.105
 17.5784
 12.3288
 23.388
 11.3137
 15.6844
 15.1327
 20.0499
 17.3781
 18.9473
 16.6733
 17.1172
 13.4907
 14.4222
 18.412
 14.1067
 18.3576
 20.9284
 10.7238
 16.4621
 17.5499
 20.8567
 11.5326
 11.5326
 17.4929
 15.5885
 15.3948
 15.7797
 15.748
 14.9666
 15.6525
 13.2288
 16.7033
 16.1864
 17.3494
 18.3848
 14.8997
 16.3401
 12.4499
 13.7113
 15.748
 19.975
 20.2237
 12.0416
 14.7309
 17.4356
 18.1934
 13.8924
 19.105
 13.4536
 20.8567
 15.1987
 16.8226
 19.2873
 14.7309
 18.412
 15.906
 20.0749
 19.105
 10.9545
 14
 14.3875
 16.6733
 15.1658
 14.9666
 22.6936
 0
 17.8885
 21.7486
 14.5602
 10.583
 20.2731
 15.7797
 15.1987
 15.6844
 15.4596
 14.7648
 17.3494
 12.9228
 12.9228
 15.5242
 16.6433
 10.7238
 19.3907
 19.3907
 15.6844
 19.0788
 19.4936
 16.2173
 16.2173
 18.2483
 15.1987
 17.8885
 22.0907
 22.0907
 16.2788
 18.412
 20.9045
 18.6815
 18.6815
 17.5499
 22.2036
 15.2315
 12.4097
 16.5227
 17.8045
 20.9045
 13.6015
 13.6015
 19.2354
 14.7986
 21.8632
 17.5784
 20.6155
 11.5758
 20.9045
 19.2354
 20.8327
 17.6068
 14.0357
 17.5784
 15.4596
 16.7631
 17.3781
 17.5784
 15.9374
 18.6815
 20.0499
 19.975
 18.3848
 18.9473
 20.6155
 17.5499
 18.3576
 22.1133
 18.7083
 9.69536
 14.9666
 21.7945
 17.4929
 17.0294
 18.1108
 20.8806
 15.6205
 18.3848
 18.412
 16.4621
 20.2978
 17.3205
 23.4734
 18.0278
 14.7648
 15.6844
 21.7486
 21.4476
 20.8567
 16.5529
 19.8494
 19.1572
 15.8745
 0
 15.906
 20.0998
 18.9209
 18.5203
 16
 20.0499
 18.5203
 19.7484
 20.2978
 20.9045
 18.3848
 16
 19.8242
 22.6053
 17.5784
 16.5529
 20.3224
 20
 19.2354
 18.5742
 21.9317
 18.6815
 18.5472
 20.9284
 19.1833
 18.303
 23.7276
 18.5742
 21.9545
 21.7486
 19.1311
 21.3073
 20.0998
 17.3494
 16.5831
 17.6352
 21.7025
 20.199
 26.0192
 20.4206
 22.7816
 20
 19.0526
 20.664
 19.0788
 21.7256
 22.6495
 21.4009
 21.7256
 19.799
 18.412
 18.2209
 17.2337
 21.9773
 17.8326
 21.4942
 21.9545
 21.7256
 20.1742
 24.3311
 22.5832
 20.8327
 20.9284
 22.1811
 18.4391
 22.1359
 22.891
 26.0576
 20.025
 19.8494
 19.105
 19.975
 18.7617
 21.4476
 19.0263
 22.9129
 22.7156
 20.6398
 22.5832
 19.3907
 21.2132
 20.8567
 18.6011
 21.4243
 22.2935
 19.105
 23.0868
 21.9089
 21.1187
 19.105
 21.4476
 27.4226
 18.4932
 26.0192
 19
 21.7025
 21.1896
 22.5389
 23.7487
 22.6495
 22.1133
 23.516
 18.0555
 22.8254
 22.7596
 21.6795
 21.7486
 22.6274
 21.2603
 19.1572
 19.7737
 27.2764
 22.1359
 28
 19.1311
 19.1311
 20
 20.6398
 18.4391
 22.2711
 24.5764
 21.7025
 19.6723
 21.4709
 23.8118
 22.2935
 22.7816
 23.6008
 22.8473
 15.748
 22.1359
 21.9317
 9.64365
 26.5518
 20.9762
 27.4044
 21.3307
 20.8567
 21.7025
 18.7083
 16.2173
 16.5227
 18.8149
 20.3224
 20.6398
 22.8035
 26.4764
 26.1151
 24.3721
 19.2094
 22.8692
 25.3772
 17.8885
 17.8606
 19.975
 45.5961
 20.9045
 20.9045
 19.5448
 18.1384
 19.2614
 17.4069
 18.4662
 18.4662
 18.4662
 25.5343
 25.5343
 23.622
 26.7582
 24.6982
 19.5704
 19.5704
 23.3666
 23.8537
 11.5326
 21.5174
 21.4942
 19.9499
 21.166
 20.5913
 25.5343
 26.1151
 21.8632
 22.5832
 14.7648
 21.166
 21.166
 0
 0
 25.2982
 20.8327
 0
 23.7065
 23.7065
 0
 0
 29.5635
 0
