 23.8118
 16.8226
 22.5832
 20.2237
 28.8097
 23.622
 23.622
 22.5389
 23.1948
 27.6948
 25.9037
 30.1662
 31.496
 26.1343
 23.1084
 28.3901
 25.1794
 30.1164
 32.28
 26.2298
 27.4955
 30.1828
 26.1534
 27.4408
 27.5862
 25.1197
 26.0768
 27.8029
 22.7156
 26.096
 31.4166
 26.1725
 24.5561
 26.3059
 30.2985
 30.692
 29.2062
 30.1993
 29.2746
 28.7228
 31.4166
 24.8596
 35.3977
 34.9571
 26.3629
 28.6531
 32.6803
 28.7054
 28.8964
 26.9072
 30.8545
 26.9629
 34.0734
 34.1906
 28.7402
 32.1559
 32.7261
 34.0734
 34.8999
 35.7351
 32.909
 31.305
 36.1663
 28
 36.9594
 31.3688
 36.0971
 33.9264
 29.6816
 27
 30.4467
 27.9643
 34.9714
 31.305
 35.4119
 34.7851
 35.5106
 34.4529
 36.7967
 36.6606
 35.426
 29.5973
 37.4566
 27.8209
 35.426
 37.5233
 33.2265
 33.3167
 39.2938
 31.496
 33.9411
 39.6863
 31.4484
 50.8626
 34.1906
 41.2916
 41.6173
 35.6931
 33.9117
 34.6554
 34.6554
 35.623
 35.2846
 39.4335
 40.1871
 36.4966
 36.524
 40.0874
 36.0694
 33.4066
 36.1109
 31.241
 40.939
 39.3954
 32.2645
 37.47
 35.2987
 37.8946
 33.8674
 33.8674
 34.8712
 36.647
 35.9305
 38.2884
 37.5899
 34.4384
 34.7994
 29.7153
 38.3927
 35.2136
 38.6782
 40.3856
 40.2865
 36.4829
 33.7491
 34.7563
 38.9872
 40.1622
 40.2368
 34.4238
 36.8511
 37.51
 33.6452
 34.7994
 40.0125
 34.0734
 40.2989
 36.7287
 37.51
 39.2301
 37.1753
 42.6146
 36
 42.2966
 37.1618
 31.3528
 32.4654
 33.5559
 34.641
 36.1386
 35.1283
 43.852
 0
 36.7696
 45.2769
 37.3497
 30.545
 40.1995
 40.9023
 38.704
 31.1127
 33.0908
 36.318
 37.3363
 33.3167
 33.3167
 38
 31.225
 33.2265
 40.5832
 40.5832
 34.641
 40.2616
 41.2674
 39.4081
 39.4081
 41.9285
 35.9166
 39.8372
 37.921
 37.921
 37
 40
 41.8808
 42.1426
 42.1426
 37.7227
 43.2782
 36.565
 33.9559
 40.0375
 39.5727
 43.3128
 34.2637
 34.2637
 38.7814
 36.1386
 44.0227
 40.4475
 39.724
 31.5278
 43.6692
 41.9881
 41.1218
 41.0609
 34.4529
 41.0731
 36.5513
 38.8973
 39.975
 39.3319
 38.7169
 42.5793
 42.2729
 41.1096
 42.2729
 40.9268
 43.2435
 41.2916
 43.5316
 44.1588
 39.2046
 29.5804
 36.2629
 43.4281
 42.5676
 17.8045
 39.2301
 45.3542
 37.1887
 20.2485
 39.3827
 38
 46.6905
 19.105
 48.156
 40.8779
 35.6791
 16.8819
 45.2548
 42.5793
 19.6977
 19.6977
 42.4617
 41.1096
 20.9762
 20.9762
 36.0416
 41.7852
 19.6723
 35.171
 37.47
 44.833
 19.1572
 34.3657
 41.5933
 47.2017
 17.8045
 29.189
 42.1782
 47.4025
 19.105
 27.5862
 43.4856
 44.2945
 18.5203
 40.4104
 44.699
 19.799
 39.281
 44.0568
 19.1833
 42.8252
 46.4758
 18.4391
 47.55
 44.4747
 44.3283
 43
 46.0869
 38.2361
 37.9473
 43.1625
 45.8694
 44.3283
 48.6826
 42.8602
 45.3982
 42.6497
 39.4462
 44.7214
 40.4351
 47.8644
 49.1325
 46.3357
 47.7703
 44.8665
 44.7102
 43.4396
 40.6571
 45.3542
 42.8252
 48.0625
 44
 47.7389
 47.0532
 50.7346
 46.5833
 46.0217
 43.6578
 47.1699
 42.0714
 46.5725
 48.7442
 50.7642
 47.0213
 43.5316
 42.3792
 43.5201
 40.4722
 46.465
 42.4146
 48.8569
 49.8999
 44.0568
 49.5278
 44.4522
 44.3058
 44.3621
 40.694
 43.7607
 48.8979
 44.6654
 48.7442
 48.1041
 47.7808
 45.4753
 47.5605
 49.4672
 41.0244
 48.5901
 42.332
 48.2804
 43.5316
 48.9387
 48.3115
 48.6929
 42.9884
 47
 39.6106
 47.4447
 49.9199
 43.852
 47.697
 49.8698
 47.7598
 46.1194
 43.4626
 51.4879
 42.3556
 50.8822
 44.3734
 44.3734
 46.1194
 43.4511
 43.6921
 47.4447
 46.4543
 45.2327
 44.0114
 44.1814
 48.6826
 46.0652
 49.2443
 50
 49.5379
 41.9166
 47.833
 47.2229
 36.5377
 46.3357
 47.8957
 54.5802
 45.9674
 47.7912
 47.3498
 44.3058
 42.7434
 43.4511
 42.7785
 46.4112
 44.3058
 46.9148
 48.1975
 49.6286
 48.7134
 41.8569
 47.55
 43.5316
 41.1947
 41.4367
 47.8017
 69.0797
 48.6724
 48.6724
 45.8803
 41.6893
 45.3872
 42.8602
 44.7102
 44.7102
 44.7102
 46.2385
 46.2385
 49.1121
 72.8286
 50.2693
 47.7912
 47.7912
 50.8626
 51.303
 39.1791
 45.6946
 48.3011
 46.0109
 47.9375
 42.8369
 50.309
 53.4416
 48.6929
 49.558
 40.8779
 43.4741
 43.4741
 43.4741
 43.4741
 44.7437
 47.8121
 47.8121
 81.9939
 81.9939
 81.9939
 81.9939
 61.7495
 61.7495
