 467.225
 23.0651
 24
 24
 24
 24
 24
 24
 24
 24
 24
 24
 24
 24
 24
 24
 29.4618
 29.4618
 29.4618
 29.4618
 29.4618
 29.4618
 29.4618
 29.4618
 29.4618
 29.4618
 29.4618
 29.4618
 29.4618
 23.1948
 23.1948
 28
 28
 28
 28
 28
 28
 28
 28
 28
 28
 25.7876
 25.7876
 25.7876
 27
 31.9061
 31.9061
 35.4119
 34
 34
 34
 34
 34
 34
 34
 35.819
 35.819
 38.3927
 38.3927
 41.4005
 41.4005
 41.4005
 41.4005
 29.6816
 29.6816
 33.8969
 33.8969
 33.8969
 35.1852
 28.6007
 28.6007
 28.9482
 28.9482
 33.2716
 33.2716
 33.2716
 33.2716
 39.3319
 39.3319
 40.7431
 40.7431
 32.4346
 32.4346
 29.8831
 29.8831
 29.8831
 35.6371
 38.704
 38.704
 38.704
 40.9756
 45.4203
 45.4203
 59.9083
 34.8281
 34.8281
 54.0925
 38.2099
 43.7035
 43.7035
 43.7035
 43.7035
 44.5421
 44.5421
 48.4768
 48.4768
 48.4768
 53.301
 46.1844
 36.4417
 36.4417
 34.9285
 48.734
 48.734
 42.6263
 45.299
 39.2301
 39.2301
 42.72
 42.72
 40.4846
 47.8226
 45.8803
 45.8803
 44.4635
 36.3043
 36.3043
 43.5431
 48.775
 48.775
 45.4533
 50.6656
 50.4579
 41.4608
 43.6234
 44.3396
 44.3396
 48.239
 48.239
 45.1664
 47.9583
 46.8722
 35.5668
 43.909
 51.9615
 44.1248
 44.1248
 44.7549
 51.672
 51.672
 46.9361
 53.0848
 43.5316
 43.5316
 37.1618
 40.9145
 42
 40.3113
 40.3113
 45.4092
 43.5201
 43.5201
 43.5201
 43.5201
 43.5201
 47.5605
 40.1995
 47.4131
 48.4768
 48.4355
 42.0238
 43.2551
 41.8688
 41.8688
 43.4051
 43.4051
 43.5775
 41.9881
 42.6497
 51.6236
 51.6236
 43.7493
 48.4252
 50.2892
 47.55
 47.55
 47.55
 42.8369
 49.8397
 49.8397
 49.8397
 46.2925
 46.2925
 46.2925
 51.7107
 51.7107
 45.111
 53.768
 53.768
 43.1509
 48.3839
 48.3839
 48.3839
 43.1625
 43.1625
 39.3192
 43.4971
 43.4971
 50.8232
 50.8232
 50.8232
 56.0268
 52.2494
 45.7056
 50.4183
 50.4183
 51.6624
 51.6624
 46.6905
 48.7134
 48.949
 48.949
 48.949
 51.8266
 49.7494
 48.4562
 48.4562
 48.4562
 52.7731
 54.1941
 54.1941
 54.1941
 39.3319
 39.3319
 39.3319
 54.4151
 26.3629
 26.3629
 26.3629
 45.8585
 25.04
 41.9047
 41.9047
 41.9047
 24.5764
 58.5918
 43.6578
 45.2106
 24.5967
 56.6039
 51.9615
 24.8596
 44.1588
 44.1588
 52.0673
 25.2982
 25.2982
 25.2982
 54.3967
 25.7099
 25.7099
 25.7099
 25.7099
 24.1661
 24.1661
 24.1661
 24.1661
 23.1301
 23.1301
 50.9019
 50.9019
 24.0624
 24.0624
 24.0624
 55.4256
 23.9165
 45.1664
 45.1664
 26.4764
 43.5201
 43.5201
 25.318
 48.2079
 48.2079
 24.1247
 54.2586
 58.0086
 55.5788
 52.9906
 56.3471
 56.3471
 56.3471
 53.8145
 56.5597
 56.5597
 56.5597
 56.5597
 56.5597
 55.6687
 44.4972
 44.4972
 44.3283
 44.3283
 44.3283
 52.3546
 59.338
 59.338
 59.338
 56.7186
 56.7186
 58.8727
 58.8727
 59.5651
 59.5651
 59.5651
 59.5651
 62.3699
 62.3699
 56.9386
 56.9386
 56.9386
 46.9468
 46.9468
 46.9468
 46.9468
 56.7098
 56.5243
 56.5243
 56.3383
 56.3383
 61.5224
 61.5224
 60.696
 60.696
 53.4228
 53.4228
 53.4228
 52.2781
 52.2781
 52.2781
 52.2781
 52.2781
 52.2781
 52.2781
 52.2781
 52.2781
 52.2781
 52.2781
 52.2781
 52.2781
 52.2781
 52.2781
 52.2781
 52.2781
 61.0574
 61.0574
 61.0574
 49.5681
 49.5681
 44.3509
 44.3509
 44.3509
 49.6588
 49.6588
 49.6588
 49.6588
 49.6588
 49.6588
 49.6588
 49.6588
 49.6588
 49.6588
 0
 0
 0
 0
 0
 0
 0
 47.9583
 47.9583
 54.754
 54.754
 54.754
 54.754
 54.754
 54.754
 54.754
 54.754
 54.754
 54.754
 54.754
 54.754
 54.754
 54.754
 54.754
 54.754
 52.1728
 52.1728
 52.1728
 52.1728
 54.8908
 54.8908
 56.1783
 56.1783
 56.1783
 54.037
 54.037
 49.1223
 49.1223
 49.1223
 49.1223
 49.1223
 49.1223
 0
 0
 0
 0
 0
 0
 0
 0
 0
 0
 0
 0
 0
 0
 0
 0
 0
 0
 0
 0
 0
 0
 0
 0
 0
 0
 0
 0
 0
 0
 0
 0
 0
 0
 0
 0
 0
 0
 0
 0
 0
