 455.664
 30.2655
 26.4953
 14.7986
 14.7986
 27.313
 0
 23.3452
 24.5764
 12.8452
 23.6643
 14.8324
 14.8324
 24.7184
 24.7184
 21.8632
 26.4386
 19.4165
 27.2029
 27.5862
 27.5862
 29.3769
 22.9347
 22.9347
 21.5174
 15.5563
 15.5563
 19.0526
 19.0526
 19.0526
 17.0587
 22.4054
 19.4679
 27.2397
 19.2094
 26.0768
 21.7486
 24.6577
 26
 23.4947
 17.088
 18.7083
 15.1327
 19.5448
 19.2354
 28.4605
 25.318
 22.1585
 23.3452
 21.4243
 22.1359
 22.5389
 19.0526
 15.1327
 18.735
 26.8328
 18.9473
 27.7489
 23.388
 22.6053
 27.4408
 18.5742
 18.5742
 16.6733
 15.6525
 25.0998
 22
 25.5734
 26.2679
 23.8118
 19.1311
 23.6643
 19.0263
 17.2916
 15.1987
 25.2982
 18.5742
 23
 23.4307
 22.9347
 24.6171
 18.6815
 18.6815
 18.5742
 25.2982
 28.7402
 22.1133
 26.4575
 31.0161
 28.3373
 19.1311
 17.72
 22.8254
 22.8254
 24.5153
 24.5153
 4.89898
 28.8444
 0
 17.2337
 0
 20.1494
 0
 28.4429
 28.4429
 27.6043
 25.9422
 3.4641
 0
 20.025
 25.219
 19.4422
 22.1133
 22.1133
 4.24264
 22.1359
 22.1359
 25.6515
 0
 0
 28.8964
 3.31662
 11.4891
 24.6779
 20.4695
 21.2368
 19.975
 9.8995
 2.44949
 21.4942
 17.4929
 6.16441
 11.0454
 23.9165
 2.44949
 11.0454
 17.1172
 30.8383
 25.632
 6.16441
 12.3288
 15.1987
 12.083
 12.3693
 20.0499
 6
 27.6948
 16.7929
 26.2107
 29.1719
 14.2127
 3.4641
 15.1987
 20.1246
 22.9129
 5.19615
 12.4097
 17.4929
 21.166
 6
 13.7113
 14.9332
 0
 20.2485
 28.4605
 15.906
 6
 31.4643
 27.6225
 6
 17.9722
 22.8254
 26.0768
 22.891
 6
 6
 25.5147
 24.5357
 5.19615
 12.2882
 11.4455
 27.6948
 23.9165
 6.9282
 14.9666
 15.6525
 32.573
 32.1092
 5.19615
 19.4936
 17
 30.7083
 27.6948
 26.7582
 6.9282
 10.3923
 31.305
 29.9333
 23.3452
 5.19615
 32.0468
 20
 12.3288
 6.9282
 5.38516
 22.5167
 28.2666
 22.9565
 6.9282
 28.9137
 24.6577
 27.7128
 8.66025
 31.3688
 27.1477
 23.4734
 8.66025
 25.4951
 20.8806
 19.1572
 8.77496
 24.4336
 26.3818
 13.9642
 7.81025
 23.1084
 20.2978
 20.2978
 6.9282
 32.6037
 24.1039
 19.6214
 6.85565
 16.0935
 27.2764
 30.9031
 6.9282
 22.7816
 16.5227
 15.9687
 9.8995
 17.8885
 15.2315
 15.6525
 8.83176
 8.83176
 18.1384
 22.2711
 8
 30.7571
 33.1512
 9.84886
 9.84886
 27.8568
 30.8058
 10.5357
 10.5357
 26.1534
 20.4939
 9.27362
 19.2354
 23
 18.2209
 9.32738
 14.9666
 24.5561
 24.5561
 8.18535
 8.18535
 33.9411
 29.5635
 9.8995
 9.8995
 29.189
 28.8617
 9.38083
 18.6548
 16.4924
 8.66025
 18.7083
 18.7083
 7.4162
 22.7596
 13.2288
 7.34847
 35.7071
 30.3809
 30.7083
 27.9464
 22.6716
 26.1534
 21.9089
 21.9089
 21.9089
 21.5407
 31.7962
 31.4484
 27.1109
 23.516
 18.7083
 18.7083
 20.445
 20.445
 27.5318
 19.6214
 30.7246
 33.8231
 30.6594
 29.4449
 27.8029
 14.8324
 29.5296
 29.5296
 26.096
 30.5614
 33.3467
 29.9833
 26.4575
 20.3224
 20.0499
 20.0499
 19.975
 19.975
 20.9762
 23.3024
 35.0714
 30.8383
 27.2213
 17.8885
 23.6854
 18.2209
 26.7582
 24.5764
 31.9218
 25.0599
 28.178
 28.2843
 20.6398
 18.8149
 20.9523
 20.9523
 20.9523
 20.9762
 29.6985
 27.5862
 26.7582
 34.6121
 25.6515
 26.4575
 26.9072
 26.9072
 29.5804
 25.7682
 29.6142
 31.9218
 26.5141
 32.8329
 23.1084
 16.7033
 19.105
 19.105
 19.105
 18.2483
 35.8329
 23.3024
 27.258
 25.0599
 28.4077
 28.4077
 26.0768
 26.0768
 22.6053
 22.6053
 30.8383
 26.4197
 32.5269
 25.1794
 18.3848
 18.4662
 22.5832
 19.0526
 19.9499
 19.9499
 20.8327
 19.3649
 27.4591
 22.9565
 30.0666
 30.0666
 27.1477
 27.1477
 23.4521
 23.4521
 26.3818
 30.0832
 23.8537
 19.7737
 20.0998
 22.7156
 22.561
 22.561
 18.303
 18.303
 20
 20
 25.04
 20.8567
 30.545
 11.6619
 33.8969
 33.8969
 21.0238
 21.0238
 23.4734
 23.4734
 22.4277
 23.1301
 26.2869
 19.1572
 19.1311
 16.3095
 19.0788
 19.0788
 20.9284
 20.9284
 26.7769
 26
 25.865
 25.865
 27.1846
 27.1846
 25.219
 20
 28.6531
 29.4958
 20.8806
 14.1067
 12.4097
 12.4097
 27.6948
 25.3377
 27.0185
 20.8567
 20.8567
 20.8567
 20.8567
 17.9165
 17.2337
 17.2337
 39.5601
 22.8254
 22.8254
 25.7682
 25.7876
 25.7876
