 455.664
 19
 22.7816
 13.8203
 11.6189
 19.0788
 0
 20.9284
 19.0263
 9.38083
 25.04
 9.38083
 9.38083
 25.318
 25.318
 13.2665
 23.3024
 12.8841
 14.0357
 14.5602
 15.1327
 16.8226
 14.8997
 12.49
 19.7737
 12.49
 12.2882
 15.1658
 23.6008
 22.1359
 14.2829
 18.6279
 18.6815
 17.7764
 14.7648
 16.5529
 15.6205
 13.9642
 17.3494
 21.7025
 15.1327
 26.0192
 14
 12.4097
 21.4243
 21.1896
 14.3875
 17.5214
 16.5529
 25.0998
 14.8324
 25.219
 16.7033
 14.3527
 21.3542
 17.8606
 12.3693
 15.4919
 15.1987
 15.9374
 21.5639
 21.5639
 14.7986
 21.7025
 13.9642
 19.799
 15.5242
 19.0526
 19.8242
 25.3377
 20.0499
 24.4949
 14.4222
 23.7276
 14.4222
 18.0555
 12.2474
 17.8326
 15.6844
 20.2237
 16.6733
 20.9045
 14.9332
 21.7256
 16.2788
 19.975
 18.3303
 18.2483
 21.587
 26.533
 19.2354
 18.0555
 26.0768
 26.0768
 22.5389
 17.1464
 17.8606
 22.4722
 16.5227
 14.2478
 0
 20.4939
 11.7047
 16.6433
 12.2474
 17.2337
 19.0788
 15.4272
 12.9228
 24.1039
 26.3629
 23.622
 24.5967
 16.6132
 15.1658
 23.7276
 21.0476
 17.2627
 14.7986
 14.7986
 19.8997
 15.5885
 19.6977
 19.8242
 22.9129
 28.688
 20.8806
 19.8746
 16.6733
 30.2985
 16.4012
 18.412
 21.7486
 23.388
 14.4568
 24.6779
 15.6525
 23.6432
 15.2315
 18.4391
 25.2389
 17.8326
 16.9411
 22.8692
 25.0599
 17.3494
 16
 17.2337
 18.5203
 18.412
 24.2074
 15.9687
 15.2971
 26.0576
 23.3666
 18.5742
 22.7816
 14.7986
 20.9762
 18
 22.8035
 18.1108
 0
 21
 20.3224
 24.1454
 17.1464
 23.1084
 19.8242
 20.4206
 25
 25.219
 25.6515
 22.1585
 16.3401
 15.6525
 27.2947
 26.096
 18.5742
 15.4919
 9.53939
 26.0768
 24.7184
 19.7484
 16.3707
 16.8523
 24.5764
 27.9821
 18.6279
 14.4222
 13.6382
 26.4953
 23.7065
 19
 18.735
 9.64365
 26.4764
 17.1464
 20.2237
 18.7617
 27.2764
 22.9129
 17.3205
 17.8606
 8.544
 24.2899
 26.5895
 17.8045
 19.975
 23.6643
 28.3196
 19.6469
 20.6398
 23.388
 23.3452
 25.5734
 20.2485
 28.7402
 22.9129
 20.2237
 18.6548
 30.315
 25.3969
 17.7764
 19
 25.632
 24.3516
 13.5277
 20.7364
 23.4094
 17.3205
 25.3574
 19.0263
 20.8806
 18.9737
 23.8537
 12.9615
 20.9045
 18.3848
 22.9129
 11.6189
 22.1133
 19.6977
 17.8885
 11.2694
 15.3623
 23.3666
 22.4054
 14.4568
 19.0788
 22.9129
 11
 11
 24.1661
 22.2486
 11.8322
 11.8322
 25.02
 20.567
 12.8841
 15.3623
 30.1993
 19.9499
 11.2694
 16.1245
 23.7697
 15.6205
 13.2665
 13.2665
 25
 20.9762
 11.7898
 11.7898
 17.8326
 24.2899
 9.69536
 23.9374
 17.8326
 13.5277
 22.2711
 17.8885
 13.9642
 26.2107
 16.6733
 10.6301
 25.7488
 18.0831
 23.388
 22.2711
 22.383
 28.5132
 29.4449
 17.7764
 15.3623
 24.9199
 19.6214
 23.4307
 18.412
 19.4679
 22.7376
 18.303
 25.3574
 19.9499
 17.7764
 27.6948
 21
 25.632
 25.0799
 21.7715
 30.3315
 17.5499
 28.0535
 17.8326
 23.388
 18.4662
 24.3311
 20.2485
 19.6977
 21.4243
 24.8395
 18.6548
 25.3772
 18.4391
 26.533
 17.8045
 24.9399
 20.8806
 27.7128
 21.4942
 30.282
 19.5192
 31.607
 20.2731
 18.1108
 26.9258
 19.6469
 22.1585
 21.4942
 22.9347
 25.5343
 19.6723
 19
 24.4949
 25.2982
 17.7764
 20.2731
 27.2213
 26.533
 19.1311
 29.9666
 20.2485
 28.5832
 21.4709
 24.5357
 19.5192
 18.4391
 24.6779
 22.1359
 18.3576
 22.4944
 19.7484
 17.1756
 25.9808
 25.2982
 17.2916
 20.8567
 22.6716
 26.7769
 18.303
 29.6985
 17.2337
 29.95
 17.7764
 19.2614
 24.1868
 22.9129
 18.4662
 23.388
 19.6723
 28.3196
 18.2757
 25.318
 16.6433
 25.0599
 17.1756
 15.6525
 24.5764
 24.3105
 18.6548
 29.8998
 29.8998
 30.3315
 19.105
 28.0179
 20.347
 21.9089
 22.7376
 25.5343
 21.2132
 25.3377
 19.6214
 25.671
 17.2337
 22.5389
 15.4596
 17.8045
 21.7256
 23.622
 17.3494
 28.7402
 28.7402
 28.0891
 28.0891
 26.6271
 26.6271
 21.2132
 24.0832
 19.1572
 24.8797
 24.8998
 19.105
 26.4764
 16.0312
 21.7025
 17.1464
 17.5784
 17.8606
 18.6548
 18.6548
 24.1247
 23.2594
 31.3688
 27.2397
 22.9129
 19.0263
 19.6469
 16.8523
 15.4596
 14.5258
 19.799
 20.199
 26.9629
 26.1151
 18.0278
 18.0278
 45.5302
 17.2916
 18.4391
 20
 15.9687
 20.0499
 20.0499
 26.6083
 24.8596
 24.8596
