 2.44949
 9.74679
 6.63325
 7.93725
 12.0416
 7.74597
 7.74597
 10.4403
 9.69536
 11.7898
 13.1529
 11.7898
 12.2474
 12.083
 12.4499
 11.3137
 13
 10.3923
 10.5357
 10.4881
 12
 10.0499
 13.4164
 12.6095
 8.88819
 13.2665
 8.83176
 12.2474
 12.4097
 8.88819
 10.3923
 9.53939
 11.5326
 11.7047
 11.2694
 12.8452
 11.225
 11.225
 11.2694
 9.84886
 9.69536
 10.5357
 11.5326
 11.4018
 10.5357
 12
 8.7178
 9.59166
 8.66025
 9.69536
 9.59166
 7.81025
 11.5758
 12.6095
 10.6771
 12.1244
 12.6095
 12.3693
 11.7898
 10.6301
 13.2288
 8.7178
 11.3137
 10.9087
 12.4097
 10.6771
 11.5326
 10.198
 12.1244
 9.79796
 12.4097
 7.81025
 11.2694
 6.9282
 13
 10.3923
 11.3137
 8.7178
 12.1655
 10.6771
 12.1655
 11.2694
 13.1149
 9.59166
 13.1909
 13.6748
 7.93725
 9.53939
 12.083
 12.083
 9.64365
 13.0384
 8.66025
 9.21954
 8
 13.1529
 16.3401
 12.1244
 10.4881
 12.1655
 12.1655
 13
 10.3923
 13.0384
 8.94427
 13
 12.1655
 12.3288
 10.3923
 11.4018
 13.0384
 9.59166
 9.59166
 12.4499
 9.16515
 8.12404
 10.4403
 12.1655
 9.21954
 6.9282
 8.7178
 9.74679
 7.81025
 13.2288
 7.74597
 12.3288
 11.7898
 11.3137
 10.9545
 13
 11.3137
 10.4403
 10.3923
 10.9087
 11.0905
 8
 13.4164
 12.0416
 15.7162
 9.74679
 10.9087
 8.77496
 7.74597
 7.81025
 14.2127
 11.8322
 14.7648
 7.48331
 15.1658
 12.1655
 8.66025
 10.4403
 6.48074
 15.6205
 13.0767
 11.0454
 8.66025
 5.56776
 9.8995
 9.79796
 7.81025
 14.7648
 14.7648
 10.3923
 14.5602
 9.48683
 9.21954
 12.1244
 11.5758
 11.7473
 7.68115
 7.14143
 11.6619
 13.1149
 10.9545
 15.906
 12.4499
 8.544
 11.3137
 12.49
 6.245
 6.48074
 13
 10.3923
 15.3297
 7.81025
 15.1658
 7.28011
 9.8995
 17.2627
 8.12404
 7.74597
 16.3401
 14.7986
 10.9545
 6.32456
 9
 11.7898
 12.7671
 11.0905
 13.0384
 12.2474
 15.6205
 9.21954
 9.74679
 12.1244
 9.69536
 17.3494
 9.16515
 13.9284
 13.8564
 16.6433
 11.6189
 13.1149
 14.9332
 14.7986
 11.7473
 13.2665
 10.9087
 13.4907
 12.8841
 14.3875
 16.4924
 12.4097
 10.3923
 14.3527
 15.0665
 13.8564
 13.5647
 14.8661
 15.1658
 13.9642
 10.3441
 13.8924
 15.6205
 16.3707
 4.3589
 14.7309
 12.5698
 12.8841
 6.16441
 9.84886
 12.1655
 11.8322
 6.245
 13.3041
 9.74679
 14.2127
 3.60555
 15.1658
 12.9228
 6.08276
 6.08276
 15.1658
 13.9642
 6.16441
 11.2694
 12.49
 13.9642
 6.63325
 8.7178
 14.7309
 15.1327
 7.28011
 9.53939
 14.7648
 12.8841
 3
 8.7178
 14.7309
 14.3875
 6.7082
 13
 14.7648
 15.1658
 7.34847
 11.7898
 12.53
 4.89898
 11.2694
 14.6969
 5.47723
 14.3178
 15.1658
 6.48074
 13.2288
 14.7648
 11.8322
 14.2127
 12.8062
 15.1658
 15.9374
 13.2288
 14.3178
 15.2315
 15.5242
 17.2047
 13.2665
 18.3848
 11.6189
 14.9332
 13.2288
 13.7477
 15.906
 12.6095
 16.3707
 14.4222
 15.9374
 14.9332
 16.2788
 15.2971
 16.7631
 9.43398
 14.7648
 15.6205
 15.9374
 15.1987
 16.1555
 15.2315
 14
 15.1327
 13.9642
 15.6844
 14.7648
 17.3494
 15.1987
 17.7764
 15.9687
 14.1067
 15.5242
 12.3288
 17.088
 13.9642
 15.5242
 16.1555
 14.7986
 17.2627
 13.2288
 18.412
 13.5647
 16.6733
 15.1987
 11.6619
 16
 17.8606
 17.0587
 15.1987
 16.6733
 13.4907
 16.6132
 16.5227
 15.5242
 15.0665
 16.2481
 13.7113
 15.1987
 16.3401
 12.53
 17.2337
 12.4499
 16.7929
 13.7477
 12.0416
 15.1987
 16.7033
 16.6433
 15.6525
 17.4642
 14.7648
 15.4919
 14.4222
 15.9687
 17.2627
 17.2047
 16.6733
 17.5499
 17.3205
 12.4499
 17.2337
 12.8452
 17.2047
 14.6969
 16.6433
 15.8745
 17.5499
 16.4012
 13.7477
 17.088
 12.9615
 16.3095
 12.53
 16.6733
 15.906
 16.6733
 16.3707
 17.088
 12.53
 14.7309
 17.1172
 15.1327
 15.5563
 11.8322
 15.1658
 14.8997
 18.412
 18.4932
 13.5277
 17.088
 9.8995
 15.1658
 10.583
 14.4222
 12.2882
 15.5563
 15.1658
 15.6525
 12.53
 16.8523
 10.583
 10.4403
 14.7648
 12.49
 14.7309
 11.0905
 17.8885
 10.4403
 17.4069
 16.1555
 12.49
 15.9374
 34.4819
 17.088
 14.7309
 16
 15.2315
 15.1987
 13.5277
 15.3948
 11.7047
 14.9332
 15.1658
 16.3401
 14.9332
 10.583
 9.21954
 34
 12.3288
 14.4568
 30.7896
 17.8885
 20.2485
 28.8964
 24.3105
 16.2788
 27.037
