 35.2846
 32.7719
 33.2716
 31.305
 39.8121
 39.3319
 39.3319
 37.3765
 34
 43.589
 37.5633
 45.4863
 43.1393
 37.4833
 39.3573
 46.1302
 37.1214
 44.911
 43.3013
 33.9706
 45.4863
 40.8412
 41.4729
 40.2741
 39.3573
 40.9878
 40.8289
 45.4863
 35.242
 41.821
 48.3735
 41.1218
 41.2795
 40.8779
 39.3573
 42.9767
 37.4166
 44.3283
 39.5854
 41.7612
 48.1352
 41.7732
 49.5379
 40.5093
 44.3509
 41.9166
 38.4968
 42.45
 43.1972
 42.4028
 45.1664
 43.5546
 50.5272
 48.8876
 47.8957
 48.2183
 42
 50.3389
 36.6742
 52.4786
 43.715
 46.7761
 50.3885
 46.1736
 49.366
 52.1728
 36.6333
 41.1218
 50.4678
 45
 49.4773
 46.9361
 52.5833
 49.558
 50.9411
 54.8361
 44.6654
 50.8331
 36.6197
 55
 52.2111
 47.3286
 51.1371
 48.775
 44.6878
 39.6358
 56.9034
 55.6417
 45.2438
 48.0937
 52.5167
 55.8391
 51.3225
 65.5439
 55.8659
 64.6452
 64.6452
 55.6417
 43.6348
 56.701
 56.701
 55.1725
 44.317
 40.6817
 54.9909
 53.0754
 53.9537
 46.8615
 48.2804
 48.7134
 49.0204
 51.6527
 56.6657
 39.5854
 42.45
 54.0185
 56.2139
 41.8688
 41.7612
 41.7612
 56.5332
 56.5332
 56.5332
 53.0094
 52.3641
 52.192
 55.0091
 55.0091
 53.9259
 56.1872
 54.6535
 54.4059
 54.4059
 59.8415
 45.7275
 45.7275
 51.3128
 61
 44.3734
 49.051
 44.6654
 54.2218
 49.1833
 45.7275
 57.3934
 46
 37.4566
 52.8015
 57.3062
 59.2284
 45.0333
 49.1528
 52.2207
 50.2195
 53.1319
 39.4715
 39.4715
 49.7695
 56.9737
 49.7293
 37.3765
 38.7814
 0
 0
 0
 0
 46.0326
 61.7333
 58.2065
 48.8979
 51.1957
 46.4327
 53.963
 54.1756
 45.8912
 45.8912
 60.9016
 43.8862
 48.0729
 57.7495
 57.7495
 43.7836
 62.474
 48.9183
 52.5262
 52.5262
 62.7774
 46.9255
 48.734
 59.6574
 59.6574
 49.8999
 61.7657
 41.7971
 48.5798
 48.5798
 48.1871
 61.2699
 49.7494
 48.3839
 54.1572
 53.8609
 53.6283
 44.8776
 44.8776
 62.8888
 49.2849
 45.4643
 48.4458
 63.5846
 47.8435
 43.7836
 49.4672
 65.146
 54.7449
 44.2154
 47.7493
 52.2207
 49.4672
 60.5227
 47.2864
 62.4179
 50.3587
 59.3464
 44.7325
 63.1902
 53.768
 48.1768
 47.5605
 64.5136
 45.1664
 50.8429
 45.7275
 48.3839
 57.5847
 66.053
 27.9106
 57.6975
 64.3195
 50.309
 30.0333
 56.5332
 54.6077
 54.7996
 31.305
 47.3814
 66.9701
 50.2195
 29.1548
 42.2019
 66.1211
 31.6702
 31.6702
 61.7414
 41.9166
 33.2265
 33.2265
 47.8748
 59.338
 32.9545
 49.3862
 60.5392
 60.3656
 32.7872
 49.1935
 64.304
 47.8017
 28.6531
 48.621
 66.4078
 46.5618
 31.1448
 45.8803
 43.8748
 66.873
 30.8545
 56.7979
 64.5678
 30.5287
 60.7042
 54.0925
 31.5119
 69.5485
 46.6262
 26.1151
 70.0428
 44.4747
 66.8954
 63.435
 63.8827
 50.7346
 60.3573
 58.5491
 45.0888
 67.0149
 46.4435
 64.6761
 65.1844
 63.8357
 52.2015
 60.4649
 65.6201
 54.0555
 44.2267
 70.8025
 47.8121
 67.6314
 60.8276
 43.4856
 49.7594
 65.6887
 66.0379
 61.7576
 69.1881
 47.1911
 68.9057
 68.9057
 66.0908
 65.5973
 55.6147
 61.1637
 68.5711
 54.4059
 71.7287
 43.1741
 70.8378
 58.7622
 48.9081
 63.6475
 53.8424
 51.8652
 66.2797
 66.2797
 48.1144
 67.0895
 70.4769
 66.2495
 67.9485
 64.7225
 57.7408
 61.6198
 54.5344
 71.2531
 72.4983
 44.0454
 54.8361
 70.739
 62.8411
 62.8411
 41.7971
 83.7138
 66.8954
 67.3573
 68.3593
 55.2087
 72.3671
 71.3372
 54.827
 65.5896
 58.3267
 61.3351
 55.7136
 70.8167
 71.5891
 46.6262
 47.9792
 50.4579
 54.8361
 73.8986
 57.3672
 59.2284
 46.1194
 46.1194
 69.2965
 66.6183
 66.325
 71.232
 54.7814
 68.2495
 68.2495
 71.1758
 74.0405
 59.5987
 75.1465
 47.2229
 58.1979
 49.558
 59.9416
 52.5071
 48.8876
 62.6817
 46.3357
 63.3325
 71.5122
 60.8441
 69.0362
 52.2015
 52.2015
 63.6318
 65.5668
 53.3479
 72.4914
 72.4914
 46.3573
 46.7761
 51.3323
 50.4183
 66.1513
 66.1513
 48.6415
 48.6415
 51.9808
 85.5336
 85.5336
 85.5336
 64.4593
 64.4593
 66.9029
 58.6515
 71.7565
 71.7565
 71.7565
 62.6418
 62.6418
 59.4222
 71.8053
 64.8999
 68.884
 68.884
 77.3434
 46.9468
 50.5173
 73.1163
 66
 60.803
 76.5572
 58.2323
 61.041
 66.4229
 71.4003
 76.5963
 56.5155
 67.9632
 67.9632
 67.9632
 67.9632
 67.9632
 68.9202
 68.9202
 91.8368
 91.8368
 91.8368
 91.8368
 91.8368
 91.8368
