 32.6343
 19.8997
 28.3373
 22.5167
 26.9629
 21.166
 21.166
 26.9444
 22.9129
 27.074
 26.9815
 26.4197
 28.688
 26.9258
 23.0651
 25.4558
 25.2587
 22.1359
 26.3439
 27.2397
 24.0624
 29.5804
 26.9629
 27.5862
 28.6705
 26.7955
 27.8747
 23.0651
 25.2785
 31.305
 23.8328
 27.1846
 24.4336
 24.5357
 27.4408
 33.3617
 29.9333
 33.2415
 30.6757
 30.5287
 26.533
 26.3629
 26.9629
 28.4253
 26.4197
 29.8496
 28.775
 30.3809
 30.4138
 26.9815
 31.6386
 26.9629
 29.7321
 27.8388
 31.496
 34.2783
 29.4958
 36.0139
 32.8786
 32.6956
 33.1361
 32.1559
 30.3645
 32.2955
 33.2114
 30.4795
 34.5977
 34.8425
 31.225
 28.7576
 35.1994
 30.5287
 31.5911
 33.0606
 30.3645
 34.8281
 31.6386
 35.7071
 33.7639
 36.2629
 35.171
 31.8904
 31.8904
 29.1548
 36.2905
 38.1707
 33.8821
 30.6105
 40.4228
 33.4664
 37.9342
 35.8329
 33.8526
 33.8526
 35.0571
 36.1248
 37.4032
 38.1838
 33.0908
 39.2938
 0
 41.4729
 34.1614
 36.8917
 40.939
 36.6197
 39.2301
 44.7661
 34.9571
 36.2767
 34.2929
 32.619
 43.1045
 38.2492
 34.8138
 40.5093
 32.2955
 38.2623
 39.9625
 39.9625
 36.4417
 36.647
 41.5572
 41.9404
 40.4228
 38.3145
 38.2623
 36.0694
 37.3765
 35.0428
 35.819
 40.7922
 44.0114
 37.4967
 35.623
 37.855
 36.6197
 42.3556
 37.1349
 39.6737
 38.9615
 41.4608
 34.8712
 38.0132
 44.7325
 34.8425
 35.4824
 40.2865
 35.426
 41.5211
 39.7869
 42.638
 36.8782
 40.05
 38.8587
 32.6037
 32.6037
 37.7492
 35.8329
 37.8153
 30.5614
 42.3674
 0
 35.7071
 45.6289
 39.0128
 34.3074
 41.9762
 43.4396
 39.37
 42.0357
 39.8873
 38.3406
 42.2847
 35.4542
 35.4542
 38.3667
 38.223
 35.819
 37.3497
 37.3497
 38.3797
 41.1461
 41.4246
 38.8973
 38.8973
 43.4626
 40.3609
 38.5616
 42.5911
 42.5911
 42.1307
 43.9318
 40.1746
 42.7083
 42.7083
 38.9102
 36.9324
 40.939
 36.4143
 40.05
 41.4005
 40.7676
 36.2767
 36.2767
 37.7094
 36.6606
 41.328
 41.4005
 35.2987
 34.4093
 44.5309
 46.7333
 42.391
 42.1545
 33.4515
 43.6348
 40.9268
 36.6197
 41.7971
 41.7373
 40.9756
 38.4578
 38.923
 40.6817
 42.2966
 38.2099
 40.0625
 40.6079
 45.1331
 42.8602
 36.0416
 34.1467
 36.4143
 44.0227
 44.7102
 16.5831
 41.5812
 40.0625
 37.8946
 18.7617
 43.4281
 40.8289
 42.3674
 18.2757
 44.7996
 41.7133
 37.7757
 16.6132
 45.3982
 37.7757
 18.6011
 18.6011
 42.332
 44.587
 19.0263
 19.0263
 36.524
 41.3521
 16.3401
 35.4683
 41.7852
 42.2966
 16.3707
 35.3553
 42.4146
 44.0341
 15.6844
 29.1204
 44.5533
 42.8836
 17.8606
 28.2489
 45.5522
 45.8039
 17.6068
 41.5933
 41.2432
 16.4621
 42.5793
 42.4971
 16.3095
 44.3509
 45.111
 16.6733
 45.8476
 44.9333
 47.55
 44.2945
 44.0114
 43.4396
 42.6615
 40.4228
 44.4972
 44.3847
 43.9659
 44.587
 46.8615
 43.6119
 42.8019
 41.4367
 44.4072
 45.4863
 46.465
 45.3431
 47.8853
 45.3872
 47.392
 45.3982
 38.5746
 42
 43.6578
 44.7437
 44.0114
 47.0956
 47.5395
 47.8644
 47.5605
 46.2277
 47.7389
 43.6921
 45.2217
 47.8017
 45.8694
 47.0425
 50
 45.4092
 42.6263
 47.4552
 42.2729
 41.2553
 46.9894
 45.0444
 45.4203
 43.3128
 50.3984
 45.5961
 45.5961
 44.6318
 44.3509
 44.3058
 48.5798
 47.8017
 44.6318
 48.7134
 48.0833
 47.9375
 48.5386
 46.2817
 42.6146
 42.1663
 43.4626
 45.4973
 43.0697
 47.8121
 49.1325
 47.5289
 47.5289
 47.4236
 47.4236
 45.1553
 45.5522
 46.0869
 48.5695
 48.6004
 49.0714
 47.0106
 43.2782
 46.2277
 41.7253
 41.6773
 43.7379
 44.699
 46.4866
 43.2897
 46.4973
 49.0408
 49.0408
 45.0666
 45.0666
 43.2204
 43.2204
 43.9886
 49.9199
 48.7134
 48.0625
 48.2804
 47.2652
 46.2385
 43.9773
 45.1553
 44.8665
 45.5741
 47.8226
 48.9183
 48.7237
 44.699
 45.8585
 48.9285
 48.9285
 44.0908
 44.0908
 47.2758
 47.2758
 47.1593
 44.7884
 48.1975
 47.4447
 44.0114
 45.111
 44.7102
 44.2832
 47
 50.5173
 52.6593
 45.7602
 45.0444
 48.0104
 44.4297
 45.9239
 42.9069
 42.9069
 43.4856
 43.4856
 46.6583
 44.0568
 46.1952
 50.7445
 45.5631
 46.7012
 53.9444
 45.4533
 47.8121
 48.7442
 48.5901
 45.2769
 42.7083
 47.0532
 44.5197
 48.1248
 44.0454
 41.7133
 44.3283
 44.3283
 55.5518
 55.5518
 44.8776
 49.1935
 49.1935
 46.4327
 44.2493
 34.7994
 37.51
 37.51
 37.51
