 455.664
 8.544
 8.544
 8.544
 13.0767
 7.07107
 0
 9.27362
 9.48683
 11.0905
 12.5698
 12.5698
 13.0767
 11.3578
 12.0416
 11.3137
 12.1655
 10.5357
 10.4403
 9.69536
 10.9545
 8.7178
 12.9615
 12.2066
 7.74597
 13
 8.83176
 12.1244
 11.5326
 8.88819
 9.53939
 9.53939
 10.4881
 10.3923
 11.2694
 12.2066
 10.4881
 10.3441
 10.4403
 8.66025
 8.83176
 9.53939
 11.2694
 12.083
 10.3923
 9.64365
 8.66025
 9.05539
 7.81025
 8.66025
 9.53939
 6.9282
 10.4403
 12.1655
 9.53939
 11.2694
 13.0384
 10.4881
 11.4455
 9.53939
 12.9615
 8.66025
 8.66025
 9.53939
 12.1655
 9.53939
 11.225
 9.53939
 10.3923
 8.66025
 12.8062
 6.9282
 9.53939
 6.9282
 12.1655
 9.53939
 10.4403
 7.87401
 11.3137
 8.77496
 11.3137
 10.4403
 12.1244
 10.1489
 13.6748
 12.2882
 7
 8.66025
 11.3578
 10.5357
 8.94427
 12.2882
 8.66025
 11.0905
 6.9282
 13
 16.8226
 10.3923
 10.4881
 11.4455
 11.4455
 12.2882
 10.4403
 12.1655
 10.4881
 12.9615
 11.4018
 12.49
 10.4403
 12.0416
 13.0767
 9.05539
 9.05539
 12.1655
 10.8167
 8.12404
 9.84886
 12.2066
 9.32738
 8.60233
 9
 9.84886
 8.7178
 13.2288
 13.2288
 12.3693
 11.3137
 12.1244
 11.7898
 11.7473
 9.05539
 10.4403
 11.2694
 10.6301
 11.6619
 11.2694
 11.3137
 11.8322
 14.9666
 9.8995
 11.7898
 11.7898
 11.7898
 10.3923
 14.7309
 11.0905
 14.8661
 14.8661
 14.7648
 11.4018
 12.083
 10.4881
 10.4881
 16.3401
 13.6015
 11.5758
 9.59166
 9.59166
 9.38083
 10.583
 10.3923
 14.3178
 0
 10.0995
 14.3527
 10.3923
 11.2694
 11.4891
 11.3137
 11.0454
 9.79796
 8.77496
 11.7898
 12.8841
 11.7473
 11.7473
 12.2882
 10.0499
 11.6619
 12.9615
 12.9615
 7.14143
 12.8452
 10.4403
 14.7986
 8.60233
 14.8997
 8.60233
 9.84886
 15.0997
 15.0997
 8.544
 16.0935
 14.3527
 11.7473
 11.7473
 9.32738
 11.0905
 12.49
 10.4403
 13.1529
 12.083
 14.7648
 10.5357
 9.74679
 11.5326
 8.60233
 16
 11.0454
 13.4164
 12.1244
 15.3948
 11.7898
 11.3137
 13.5277
 14.4914
 12.8841
 13.5647
 10.3923
 12.8062
 13
 14.4222
 14.8661
 10.583
 11.8322
 12.53
 14.7986
 14
 12.3288
 12.3288
 14.7309
 13.2288
 12
 14.5258
 15.1327
 15.4919
 6
 13.5647
 12.3288
 12.8452
 12.8452
 9.32738
 11.5758
 11.0905
 11.0905
 12.9228
 9.11043
 14.1774
 6.16441
 14.0712
 12.4097
 12.4097
 12.4097
 13.4536
 13.7113
 13.7113
 10.3923
 11.7047
 14.1067
 14.1067
 14.1067
 12.9228
 13.5277
 13.5277
 13.5277
 13.5277
 11.7898
 3.4641
 3.4641
 13.5277
 14.2127
 14.2127
 14.2127
 15.4272
 14.2478
 14.2478
 11.7898
 11.7047
 8.06226
 11.7898
 14.0712
 14.0712
 12.49
 16.5227
 16.5227
 11.7898
 15.4272
 11.7047
 14.7986
 11.1803
 15.9374
 17.1756
 12.2474
 12.49
 15.4596
 15.1327
 16
 13
 16.1555
 11.0905
 14.7309
 13.6748
 13.5647
 14.2478
 12.083
 15.4596
 14.1067
 15.6205
 14.8997
 15.1987
 13.6748
 14.4568
 10.4403
 12.3693
 14.7648
 14.8997
 13.5277
 14.7309
 15.3948
 12.8062
 14.7309
 12.3288
 14.7986
 13.0384
 15.3297
 12.9228
 16.0935
 16
 14.8997
 14.4568
 13.5277
 14.7648
 11.7047
 13.4907
 16.5529
 13.4907
 16.6132
 12.3288
 17.2047
 12.8841
 16.5529
 13.5647
 11.6619
 15.9687
 15.4596
 14.1421
 15.9687
 14.1067
 14.3875
 14.2127
 15.3623
 14.4914
 13.4907
 14.8997
 13.4907
 13.5647
 14.7648
 11.6619
 15.4919
 11.6189
 15.9687
 12.3288
 12.2882
 14.1421
 15.9687
 14.6969
 15.4272
 15.3623
 13.7113
 15.5885
 14.1774
 17.2047
 17.088
 16.5227
 15.906
 16.5529
 15.9374
 11.6619
 17.7764
 12.49
 16
 13.6382
 15.906
 13.0384
 16.6733
 14.1421
 13.5647
 16.1245
 12.2474
 14.4568
 11.0905
 13.5647
 14.1421
 15.6205
 16
 16.8226
 12.8841
 14.1067
 14.7648
 13.4907
 14.2478
 12.8841
 15.9374
 15.3297
 17.7482
 17.7764
 13
 15.4272
 11.7898
 13.0767
 11.6189
 12.3288
 12.2474
 14.1774
 13.5647
 14.7648
 11
 16.5529
 9.84886
 12.4499
 16.1245
 11.7473
 14.8661
 11.0905
 16
 8.94427
 17.2337
 14.1421
 9.16515
 14.9666
 33.7935
 14.4568
 14.4222
 16.1864
 13.5647
 15.9687
 15.0997
 14.1067
 11.1803
 13.5277
 13.4907
 16.5227
 15.9374
 10.3923
 8.66025
 33.9264
 12.2882
 14.0712
 31.9687
 17.8045
 20.2731
 26.7582
 24.5764
 15.9374
 27.1293
