 2.44949
 5.38516
 9.48683
 5.65685
 4.89898
 4.24264
 4.24264
 6.63325
 2.82843
 0
 7.28011
 1.73205
 2.44949
 7.34847
 6.9282
 2.44949
 6.9282
 3.31662
 2
 3.4641
 3.4641
 3.74166
 5.74456
 4.24264
 3.74166
 6.16441
 2.82843
 5.19615
 5.38516
 5.47723
 3.74166
 6
 4.24264
 6.85565
 3.74166
 7
 4.12311
 5.38516
 6
 5.47723
 3.60555
 8.60233
 4.24264
 4.24264
 5
 6.55744
 2.44949
 7.81025
 3.74166
 6.9282
 6.245
 5.74456
 6.245
 6.16441
 6
 6.55744
 3
 6.85565
 6.245
 5.65685
 7.34847
 6.7082
 4.24264
 7.34847
 5.2915
 6.16441
 5.47723
 5
 7.07107
 6.7082
 6.9282
 6.48074
 6.55744
 6.32456
 6.16441
 6.245
 1.73205
 6.9282
 4.3589
 7.07107
 6
 6
 5.38516
 7.14143
 7.34847
 7
 7.14143
 7.81025
 7.4162
 7.48331
 6.9282
 7.14143
 6.245
 6.9282
 6.55744
 7.34847
 13.8564
 6.9282
 6.9282
 3
 3
 6.9282
 6.9282
 5.47723
 12.1655
 6.9282
 6.08276
 7.81025
 6.9282
 7.07107
 6.9282
 6.08276
 7
 5.38516
 6.9282
 7.81025
 6.9282
 6.16441
 6.08276
 0
 7.81025
 6.9282
 6.08276
 6.9282
 6.9282
 7.34847
 7.81025
 5.19615
 6.9282
 7.74597
 7
 6.9282
 7.07107
 7.74597
 6.9282
 6.9282
 7.34847
 8.60233
 6.16441
 7.74597
 8.12404
 5.09902
 5.19615
 6.9282
 7.81025
 6.9282
 6.48074
 4.24264
 6.9282
 6.245
 6.85565
 5.19615
 4.24264
 7.74597
 7.93725
 6.9282
 4.3589
 3.4641
 6.08276
 6.9282
 6
 6.9282
 0
 6.9282
 7.14143
 6.9282
 6.08276
 8.66025
 7.87401
 6.9282
 6
 6.9282
 8.66025
 7.81025
 7.74597
 7.81025
 8.66025
 7.74597
 6.08276
 6.9282
 1.41421
 7.74597
 7.81025
 7.74597
 7.14143
 5.09902
 10.3923
 8.77496
 6.08276
 6
 2.44949
 7.81025
 10.3441
 6.9282
 7.74597
 1.73205
 8.94427
 7.74597
 6.08276
 6.08276
 8.66025
 7.68115
 6.9282
 6.9282
 0
 7.81025
 7.4162
 7.74597
 6.9282
 8.66025
 9.59166
 7.74597
 6.9282
 7
 7.4162
 8.66025
 7.81025
 9.79796
 7.93725
 7.74597
 7.81025
 8.7178
 9
 6.9282
 7.74597
 7.81025
 7.81025
 6.9282
 6.9282
 7.81025
 6.08276
 9.27362
 6.9282
 7.07107
 6.9282
 11.225
 6
 7.74597
 8.66025
 7.07107
 1.73205
 8.12404
 6.08276
 6.9282
 2.44949
 7.74597
 7.93725
 6.9282
 5.19615
 7.81025
 10.3923
 2.44949
 2.44949
 7.81025
 10.3923
 1.73205
 1.73205
 7.81025
 8.77496
 1.73205
 6.08276
 8.66025
 6.9282
 1.73205
 6.08276
 7.81025
 6.9282
 4.24264
 4.24264
 7.81025
 7.07107
 2.44949
 6
 6.9282
 9.53939
 2.44949
 8
 7.74597
 2.44949
 8.77496
 6.9282
 5.09902
 8.66025
 8.66025
 4.24264
 7.81025
 7.81025
 7.87401
 8.66025
 7.81025
 9.48683
 7.81025
 7.74597
 6.9282
 7.81025
 7.74597
 7
 6.9282
 7.81025
 7.81025
 7.74597
 8
 8.66025
 6.9282
 9.48683
 7
 8.66025
 8.66025
 7.81025
 8.66025
 8.77496
 10.3923
 6.9282
 7.81025
 6.9282
 7.81025
 6.9282
 6.9282
 8.66025
 6.9282
 9.48683
 7
 7.81025
 7.74597
 7.81025
 7.87401
 7.81025
 9.53939
 8.66025
 7.93725
 6.9282
 9.53939
 7.81025
 6.9282
 10.3923
 6.9282
 7
 6.08276
 10.3923
 7.87401
 9.53939
 8.66025
 7.87401
 8.66025
 9.48683
 7.81025
 9.53939
 8.66025
 7
 7.81025
 7.34847
 7.87401
 6.9282
 10.3923
 6.9282
 6.08276
 7.81025
 6.08276
 7.81025
 8.66025
 7.74597
 6.9282
 8.66025
 8.66025
 7.74597
 7.74597
 7.81025
 9.53939
 7.74597
 8.66025
 6.85565
 7.81025
 6.85565
 6.08276
 7.81025
 9.53939
 6.85565
 7.93725
 8.66025
 8.66025
 7.74597
 7.74597
 6.08276
 7.81025
 6.85565
 7.07107
 9.48683
 8.7178
 7.81025
 7.81025
 6.9282
 8.66025
 7.74597
 9.53939
 7.74597
 7.81025
 7.74597
 6.9282
 8.60233
 7.81025
 8.66025
 7.81025
 6.08276
 7.81025
 6.08276
 6.9282
 7.74597
 7.74597
 6.9282
 6.9282
 6.08276
 6.08276
 4.24264
 8.66025
 7.74597
 7
 6.9282
 7.81025
 10.3441
 7.81025
 7.81025
 7.74597
 6
 7.74597
 5.19615
 6.08276
 6
 6.245
 6.9282
 6.9282
 7.74597
 9.48683
 7.81025
 6.9282
 6.9282
 6.9282
 5.19615
 5.19615
 1.73205
 6.08276
 6.85565
 7.74597
 6.9282
 6
 1.73205
 6.9282
 6.08276
 6.85565
 3.87298
 7.28011
 8.544
 7.34847
 6.245
 7.81025
 7.81025
