 455.664
 9.64365
 18.1934
 8.48528
 8.66025
 7.4162
 0
 9.84886
 8.83176
 3.4641
 12.4499
 6.245
 6.245
 13.5647
 11.4018
 4.79583
 13.1909
 4.89898
 5.47723
 8.60233
 8.544
 9.64365
 9.64365
 8.12404
 9.64365
 9.84886
 8.18535
 12
 10.4403
 9.84886
 8.88819
 11.6189
 10.7703
 13.1529
 8.88819
 13.1529
 10.0499
 10.0499
 11.2694
 11.7898
 8.66025
 15.4919
 7.34847
 7.68115
 11.6189
 13.6748
 8.24621
 14.7648
 10.4403
 12.8452
 11.5326
 11.3137
 10.1489
 8.12404
 11.8322
 13.7477
 7
 13.5277
 10.8628
 12.0416
 13.1909
 12.0416
 7.93725
 13.5647
 8.48528
 12.9228
 12.8062
 12.0416
 14.8997
 13.5647
 13.8564
 12.4097
 11.7898
 11.3137
 11.7898
 11.7473
 6.55744
 14.1421
 10.4403
 14.0712
 11.8322
 13.1909
 10.6771
 13.7113
 11.2694
 13.1909
 14.1067
 15.5885
 14.3178
 15.1658
 13.8924
 14.1067
 12.4097
 7.14143
 12.9228
 14.3178
 14.1067
 14.8661
 14
 8.18535
 8.18535
 13.8924
 13
 11.6189
 12.1655
 14.7309
 12.6491
 14.7986
 13.8924
 13.4907
 15.5885
 13.1909
 14.8324
 12.3693
 13.9284
 16.4621
 13.9284
 12.4097
 13.1529
 0
 14.7986
 13.8924
 14.7986
 14.1067
 14.7648
 14.4914
 14.7648
 11.2694
 13.1529
 14.8324
 14.0357
 13.8924
 13.1909
 14.7648
 13.0384
 13.0384
 14.5258
 16.4621
 10.4881
 14.7986
 14.2829
 13.0384
 10.3923
 13.8924
 15.6525
 13.8924
 12.0416
 9.53939
 13.9284
 13.4164
 14.0357
 12.1244
 9.48683
 14.6969
 15.6205
 13.0384
 9.69536
 9.53939
 13.1529
 13.9284
 11.2694
 13.9284
 13.9284
 13.9284
 14.1774
 13.9284
 13.0384
 17.3494
 15.3297
 14.7309
 12.1655
 14.7309
 16.7929
 16.4924
 14.6969
 7.81025
 16.4924
 14.7309
 12.2882
 14.7648
 5.09902
 14.7648
 16.4621
 14.7309
 14.1067
 7.81025
 19.0526
 17.6635
 13
 12.083
 6.08276
 15.7162
 19.8997
 13.8924
 14.7309
 6.85565
 16
 14.7309
 13.1149
 13
 17.4642
 14.8324
 14.7309
 13.8924
 5.09902
 15.8114
 15.1658
 14.7986
 13.8564
 17.3494
 17.0587
 14.7309
 13.8924
 14.8324
 15
 18.303
 15.6205
 17.8606
 14.9332
 14.7986
 14.8324
 16.5831
 19.1833
 14.7309
 14.7648
 15.7162
 15.6844
 13.8924
 13.8924
 15.6525
 13
 17.8885
 13.8924
 14.5258
 13.8564
 19.1311
 7.81025
 14.7986
 15.6525
 14.1421
 4.3589
 15.0997
 13.4907
 14.7309
 5.19615
 14.7648
 15.7797
 13.8924
 8.66025
 15.6205
 18.2209
 4.24264
 4.24264
 15.7162
 18.303
 6.08276
 6.08276
 15.6205
 16.5529
 6.9282
 11.3137
 15.6525
 13.8924
 6.85565
 13.8924
 15.6525
 14.7309
 6.9282
 11.3137
 17.3781
 14.1067
 5.19615
 10.3923
 13.9642
 19.9249
 6
 15.3623
 14.7309
 7.74597
 16.1864
 15.6205
 6.9282
 16.4924
 16.4924
 6.08276
 15.6844
 14.8661
 15.7797
 16.5529
 16.4621
 18.2483
 17.3781
 14.7986
 13.8924
 16.5227
 16.4317
 15.6844
 14.7648
 16.5831
 15.7162
 13.8924
 16.6733
 16.4621
 14.7986
 17.3781
 15.843
 16.4924
 19.1311
 15.843
 19.105
 17.4929
 18.2483
 13.9642
 15.6844
 13.9642
 18.2483
 13.9284
 13.9284
 19.105
 14.9666
 16.5227
 15.6525
 14.7986
 15.6205
 15.6844
 16.5529
 14.7986
 19.1311
 15.748
 16
 14.7648
 17.3494
 15.5885
 14.7309
 19.105
 13.9284
 16.6132
 13.9284
 18.2483
 14.8324
 17.3494
 15.6205
 14.8661
 16.5227
 16.5529
 15.9687
 18.3303
 16.5529
 14.8661
 15.6525
 15.1327
 19.1311
 13.8564
 18.2209
 13.1149
 13.0384
 15.7162
 13.8924
 15.7162
 16.4924
 15.6525
 14.7309
 16.4924
 16.4924
 14.7648
 14.8997
 15.6525
 17.4069
 14.7648
 18.2209
 13.0384
 16.5227
 13
 12.9615
 15.6844
 17.3781
 13.8564
 14.9332
 18.2209
 17.3494
 15.5885
 17.3205
 13.0384
 16.4924
 13.8564
 13.1149
 16.5227
 17.6352
 15.5885
 15.843
 13.0384
 16.4924
 14.7986
 18.2757
 14.7309
 16.4621
 13.8924
 15.6205
 15.6525
 15.5885
 16.4621
 15.5885
 12.1655
 18.303
 12.2066
 13.8203
 15.6844
 15.1327
 13.9284
 14.7986
 13.1909
 13.8924
 9.59166
 16.4924
 14.6969
 14.7648
 14.7309
 16.4924
 19.0526
 18.2483
 15.6205
 16.5529
 12.083
 14.7309
 10.4403
 11.3137
 12.2066
 10.7238
 13.0384
 13.9642
 15.5885
 17.3494
 16.5227
 13.8924
 14.7309
 13.8924
 11.3137
 11.2694
 6.9282
 12.1655
 13
 14.7648
 13.9284
 12.3288
 7.07107
 13.8924
 13.0767
 13
 9.05539
 11.5326
 15.6205
 15.6205
 14.5258
 14.8661
 14.8661
