 13.8924
 9.84886
 13.8924
 10.583
 11.6619
 13.8924
 0
 10.8628
 8.12404
 7.34847
 12.3288
 11.7898
 8.48528
 15.6525
 14
 6.55744
 12.3693
 11.3137
 9.21954
 12.8062
 9.69536
 13.2288
 8.88819
 8.18535
 12.8452
 6.78233
 8.77496
 8
 15.6205
 12.6491
 9.79796
 9.69536
 10.583
 11.3137
 9.79796
 11.0905
 13.1909
 12.8062
 11.2694
 14
 11.0454
 13.2288
 10.3923
 11.7898
 9.53939
 12.083
 15.5242
 11.0454
 10.0995
 14.3178
 8.66025
 12.4499
 7.93725
 9.74679
 9.53939
 11.0454
 14.7309
 13.7113
 15.9687
 10.4881
 14.3178
 14.0712
 10.8167
 10.4403
 13.4907
 14.3178
 14.2127
 14.5602
 11.6619
 12.083
 9.84886
 11.225
 11.5758
 12.1244
 9.79796
 12.7671
 14.8997
 9.74679
 16.6132
 9.64365
 15.1327
 14.8324
 12.0416
 11.7898
 14.8661
 16.6132
 11.5326
 13.2665
 14.7986
 10.5357
 9.21954
 11.7898
 11.4018
 12.4499
 10.3923
 9.84886
 17.1464
 12.3288
 17.2337
 15.9374
 0
 13.1909
 16.5831
 17.1172
 8.18535
 11.3137
 16.7332
 14.1421
 16.6132
 13.0384
 11.4455
 14.0357
 8.48528
 14.3527
 13.5277
 7.4162
 14.2829
 14.1067
 17.7764
 11.0905
 12.8452
 15.5885
 12.5698
 15.6525
 7.81025
 10.4403
 13.7477
 10.198
 15.9687
 11.3137
 9.16515
 15.843
 12.1655
 13.1909
 15.9687
 8.544
 12
 14.2127
 13.4907
 15.6525
 8.94427
 6.245
 7.61577
 11.0454
 11.4455
 15.1987
 14.7309
 7.34847
 13.8203
 15.9374
 7.81025
 16.1245
 8
 13
 13.8924
 15.4596
 12.9615
 8.48528
 13.8203
 15.843
 9.16515
 15.4919
 0
 16.7332
 17.8045
 8.66025
 15.5885
 13.4907
 12.7671
 15.6205
 10.4403
 11.0905
 14.1067
 13.0767
 14.7648
 14.7648
 12.1244
 11.6619
 15.6205
 9.64365
 8.66025
 10.4403
 12.0416
 15.1327
 9.84886
 12.1244
 13.7113
 13.2288
 15.8745
 11.6619
 12
 10.4403
 12.2474
 11.7047
 14.3875
 8.48528
 13.5277
 9.64365
 13.1529
 15.4596
 13.7113
 13.8924
 10.3923
 15.1327
 15.1327
 10.0499
 12.9615
 14.4222
 14.3875
 10.583
 13.9642
 13.5277
 13.7113
 14.4222
 15.906
 11.7898
 14
 15.9687
 12.49
 13.1909
 13.1909
 14.0357
 14.6969
 12.1244
 14.7648
 11.7898
 9.94987
 11.3137
 14.3527
 15.4272
 14.2127
 13.1909
 14.0357
 12.4499
 11
 12.2882
 10.3923
 12.2882
 13.0384
 11.6619
 9.16515
 13.9642
 13.9642
 12.083
 6.7082
 14.2829
 12.0416
 13.7477
 8.544
 17.2047
 10.0995
 8.60233
 0
 14.7309
 14.3178
 9.16515
 9.16515
 15.5885
 11.8322
 9.79796
 9.69536
 14.1067
 13.0767
 8
 8.544
 14.6969
 13.9642
 10.4403
 8.24621
 11.0454
 14.4222
 9.16515
 9.16515
 14.2127
 13.8564
 6.78233
 18.3848
 13.0767
 9.16515
 15.6525
 11.3137
 9.21954
 12.8841
 11.6189
 6.9282
 16.5529
 17.8326
 14.3527
 18.2209
 14.2829
 15
 14.1067
 13.2288
 14.3178
 14.8997
 15.9374
 11
 14.3875
 13.4536
 11.4018
 10.4403
 13.8564
 13.9284
 15.5242
 10.4403
 15.6525
 12.8841
 15.5563
 14.9666
 14.8997
 14.3527
 15.6525
 13.8564
 13.9642
 12.8452
 13.7113
 16.3707
 19.4936
 14.7309
 11.2694
 12.8841
 16.4924
 12.2066
 12.7671
 16.3095
 15.1658
 15.4272
 16.3095
 14.7648
 18.735
 14
 16.4621
 14.3178
 14.4568
 16.1555
 15.2643
 13.5277
 10.6771
 14.7986
 10.3923
 14.3527
 13.8564
 12.3693
 13.2288
 17.6918
 16.5227
 14.1067
 19.7737
 12.2882
 18.2209
 12.7671
 15.9374
 11.0905
 13.2288
 15.5242
 17.1172
 14.0712
 7.28011
 15.6844
 9.53939
 15.906
 15.0665
 10.6771
 15.9687
 18.1934
 15.9687
 14.8324
 17.088
 13.6748
 15
 11.4018
 16.7631
 13.2665
 12.4499
 14.4568
 12.3288
 11.3137
 8.88819
 13.9284
 4.58258
 15.906
 10.6301
 13.1909
 13.5277
 16.4317
 17.7482
 14.9332
 16.8523
 13.1149
 18.7083
 15.1327
 16.7332
 13.6015
 16.8523
 14.3527
 16.7033
 8.12404
 10.1489
 17.5214
 9.32738
 14.4914
 8.12404
 14.0357
 9.27362
 11.4455
 13.2665
 13.8564
 18.4391
 11.2694
 13.9642
 12.4097
 10.9087
 13.1909
 14.2127
 13.9642
 12.3288
 13.1909
 15.3623
 8.18535
 11
 12.3693
 8.24621
 13.6015
 13.6015
 13.1149
 13
 14.3875
 15.9687
 15.9687
 10.5357
 13
 12.083
 11.6189
 11.6619
 15.0997
 14.8324
 15.1327
 12.1655
 14.2829
 16.3707
 11.7898
 20.9762
 17.8326
 6.9282
 21.7025
 18.0555
 27.6225
 15
 6
 6
 12
 14.3178
 16.0935
 16.0935
 16.0935
