 458.334
 26.4575
 12.1244
 13.8924
 13.8924
 34.4238
 0
 34.7419
 43.9773
 43.9773
 46.0543
 7.93725
 7.93725
 47.7493
 0
 10.0995
 38.6005
 12.7671
 15.1987
 22.561
 22.561
 30.315
 24.1454
 24.1454
 34.7707
 11
 11
 10.4403
 10.4403
 10.4403
 11.5326
 39.6232
 36.5377
 20.445
 18.0831
 16.2788
 21.3073
 8.06226
 26.096
 42.0476
 7.93725
 27.2213
 6.9282
 18.9209
 29.9666
 35.3553
 20.8806
 20.9045
 27.1477
 41.7253
 13.2288
 40.2616
 9.69536
 9.48683
 15.1987
 21.0476
 6.32456
 7.68115
 22
 9.79796
 39.5854
 42.4146
 42.4146
 33.2866
 24.2899
 33.2716
 20.6155
 33.5708
 25.318
 40.4969
 23.7908
 40.9268
 8.544
 24
 8.66025
 27.7849
 5.19615
 16.6433
 22.3383
 12.083
 39.0128
 43.1509
 43.1509
 43.1509
 8.88819
 25.1396
 30.3315
 24.5561
 43.0465
 45.3321
 28.4956
 19.799
 44.7325
 44.7325
 39.3065
 39.3065
 7.74597
 28.7054
 6.9282
 18.0831
 0
 29.7321
 7.81025
 27
 27
 11.1355
 41.4246
 8.7178
 7.74597
 40.9512
 18.5203
 40.8412
 17.4069
 17.4069
 11.2694
 22.0907
 22.0907
 21.7715
 7.81025
 0
 28.9828
 8.66025
 8.66025
 40.8044
 16.6433
 41.9047
 22.7596
 22.7596
 8.66025
 18.6011
 10.0995
 10.6771
 10.6771
 36.0971
 7.74597
 7.74597
 9.64365
 31.3528
 19.8494
 12.3693
 12.3693
 12.3693
 12.3693
 14.7986
 30.7571
 9.48683
 26.9258
 26.9258
 9.32738
 40.694
 40.694
 8.66025
 8.66025
 12.8841
 43.9659
 9.59166
 9.59166
 9.59166
 45.1664
 11.2694
 14.3178
 32.619
 0
 36.428
 23.2164
 23.2164
 8.66025
 29.1033
 34.6121
 10.3923
 10.3923
 10.3923
 48.8365
 14.1067
 11.2694
 0
 42.8952
 22.9129
 8.7178
 6.08276
 6.08276
 22.2486
 38.5616
 11.2694
 8.06226
 8.06226
 31.305
 24.1247
 7.81025
 18.303
 18.303
 23.388
 20.8327
 27.4408
 11.3578
 11.3578
 23.7065
 22.1585
 39.281
 7.87401
 21.9317
 39.975
 3.4641
 12.2474
 12.2474
 35.4401
 22.4722
 17.2916
 8.77496
 33.2716
 15.8114
 25.1794
 9.59166
 27.037
 41.7373
 16.4924
 12.1655
 47.676
 13.4164
 15.3623
 12.1244
 44.6878
 14.8324
 8.544
 9.53939
 38.2623
 12.6095
 12.6095
 7.87401
 27.8388
 20.8087
 8.88819
 7.81025
 6.9282
 22.1811
 15.1327
 15.1327
 34.6843
 13.5647
 7.74597
 6
 36.5103
 6.08276
 10.9545
 4.24264
 4.24264
 33.9117
 12.1655
 6
 23.5372
 34.7419
 4.24264
 4.24264
 41.7612
 20.8327
 5.74456
 0
 47.2229
 18.6279
 5.19615
 10.3441
 44.8665
 8.88819
 5.47723
 6.08276
 41.9762
 41.9762
 5.38516
 0
 30.5941
 23.8118
 4.24264
 0
 35.4824
 13.8924
 7.34847
 44.7437
 11.0454
 5.47723
 27.4226
 27.4226
 5.38516
 39.0768
 6.16441
 7.68115
 32.7109
 24.5561
 20.9762
 41.1704
 14.9332
 49.5076
 44.7549
 44.7549
 44.7549
 39.1024
 23.8747
 30.1828
 39.95
 10.9545
 40.8901
 40.8901
 34.8138
 34.8138
 14.7309
 35.2846
 23.2164
 28.688
 47.2758
 13.1529
 51.1859
 1.73205
 49.99
 49.99
 37.4299
 21.095
 27.5862
 28.2843
 48.7852
 2.44949
 40.3113
 40.3113
 31.257
 31.257
 35.4824
 10.6771
 20.8806
 33.0151
 46.8508
 1.73205
 48.7134
 6.245
 49.3153
 13.6015
 22.1585
 42.7434
 28.9137
 27.8209
 27.8209
 0
 37.8153
 37.8153
 37.8153
 37.3497
 37.3898
 10.5357
 26.9444
 20.8327
 43.4626
 12.8452
 50.5964
 50.5964
 48.4458
 17.088
 40.7799
 20.9762
 38.8844
 31.3847
 31.3847
 0
 37.4299
 37.4299
 37.4299
 30.4467
 33.9559
 9.84886
 26.0384
 14.5258
 46.7654
 46.7654
 52.2303
 52.2303
 48.621
 48.621
 23.7065
 38.3145
 33.0454
 23.4307
 34.7419
 5.38516
 5.38516
 5.38516
 5.38516
 5.38516
 25.671
 6
 21.5407
 19.105
 42.4264
 42.4264
 52.3163
 52.3163
 49.1732
 49.1732
 45.0111
 26.5707
 27.8388
 26.5518
 26.5518
 9
 28.7576
 28.7576
 28.7576
 28.7576
 28.7576
 28.7576
 20.9762
 8.12404
 41.7253
 41.7253
 54.9636
 54.9636
 40.9145
 40.9145
 50.1099
 50.1099
 28.8964
 28.8964
 7.93725
 7.93725
 7.93725
 1.41421
 1.41421
 1.41421
 1.41421
 1.41421
 1.41421
 13.6748
 27.6225
 0
 35.6931
 35.6931
 40.1497
 36.647
 31.4643
 19.975
 5.19615
 2.82843
 0
 0
 27.6406
 27.6406
 44.4635
 44.4635
 0
 0
 0
 7.81025
 7.74597
 7.74597
 7.74597
 30.6594
 0
 0
 0
 0
