 26.7395
 11.2694
 26.9072
 20.9045
 21.4709
 13.8924
 0
 13.5647
 19.799
 19.799
 22.7376
 14.3527
 14.7309
 24.5967
 24.5967
 13.2288
 12.9228
 15.1658
 12.1655
 23.4307
 17.3494
 24
 0
 8.48528
 19.4936
 11
 3
 13.1909
 20.025
 21.7715
 13.6748
 17.5214
 19.5448
 22.9347
 17.2337
 19.799
 19.8242
 20.0998
 15.3623
 25.7099
 13.8564
 8.66025
 12.9615
 19.6469
 10.6771
 16.7033
 28.0179
 18.1384
 27.2213
 20.3715
 13.1149
 17.6918
 13
 13.4536
 4.24264
 21.4243
 19.9499
 23.4094
 28.3549
 14
 23.7487
 27.1293
 8.12404
 17.3494
 32.187
 21.9089
 29.1376
 20.7364
 14.9332
 17.5784
 14.7648
 17.4356
 13.8564
 6.9282
 13.2288
 23.3238
 19.1311
 19.5192
 29.8998
 15.5885
 28.3373
 25.219
 7.74597
 7.74597
 19.105
 28.3373
 12.6095
 17.9165
 25.1992
 18.2483
 16.4924
 13.0384
 22.561
 2.44949
 17.2627
 12.2474
 4.89898
 22.6053
 6.9282
 19.1833
 0
 21.1187
 6.9282
 28.7576
 3.31662
 16.7332
 27.6043
 7.14143
 6.85565
 22.0227
 8.66025
 21.9545
 6.85565
 16.4924
 6.9282
 2.23607
 21.7256
 25.3574
 6.9282
 6.9282
 18.6011
 5.19615
 5.19615
 27.258
 3.87298
 22.5832
 14.1421
 14.1421
 6.32456
 3
 10.4403
 6.08276
 6.08276
 18.4391
 5.19615
 5.19615
 13.0384
 23.1084
 18.6815
 7.4162
 7.4162
 7.4162
 7.4162
 11.7473
 20.8806
 3.4641
 27.2029
 27.2029
 19.1572
 28.0179
 28.0179
 5.19615
 5.19615
 10.3923
 23.8747
 4.3589
 4.3589
 4.3589
 26.0768
 5.19615
 9.84886
 27.8029
 0
 25.7488
 30.545
 30.545
 2.44949
 20.9523
 15.6525
 4.24264
 4.24264
 4.24264
 30.7571
 17
 5.19615
 5.19615
 22.4499
 8.48528
 3.4641
 9.8995
 9.8995
 6.9282
 20.347
 4.24264
 11.2694
 11.2694
 21.166
 10.4403
 2.64575
 16.7033
 16.7033
 10.3923
 19.1572
 20.025
 4.24264
 4.24264
 10.4881
 7.68115
 20.2978
 2.64575
 12.4097
 21.7256
 8.66025
 5.19615
 5.19615
 15.1327
 10.4403
 15.5885
 1.73205
 18.5742
 13.3791
 24.9199
 0
 21.6795
 28.8444
 13.9284
 3.4641
 27.9643
 10.7238
 16.4924
 3.4641
 26.4575
 13.9642
 8
 1.41421
 24.1454
 10.7238
 13.8564
 0
 23.388
 23.388
 13.1529
 0
 14.0357
 20.6398
 18.9473
 18.9473
 14.8997
 7.4162
 12.6491
 13.9284
 19.4422
 13.1529
 6.7082
 11.0905
 14.2478
 17.5499
 14
 10.4403
 30
 17.5784
 12.49
 0
 27.6586
 21
 12.7279
 12.7279
 26.9629
 20.8567
 12.8062
 10.8167
 27.0924
 10.9087
 9.32738
 10.0995
 26.4197
 17
 9.8995
 9.8995
 19.8494
 31.8591
 12.49
 12.49
 23.9792
 20.8087
 11.8322
 31.4484
 10.3923
 11.6619
 8.66025
 7.74597
 9.38083
 18.412
 10.0995
 10.1489
 22.561
 30.8058
 19.1311
 28.4077
 13.1149
 26.7582
 26.533
 8.83176
 16.4924
 24.6982
 33.0606
 19.4165
 30.0998
 15.4596
 25
 11.3137
 14.8324
 10.0995
 17.3494
 18.735
 33.0606
 23
 28.8791
 17.9165
 26.2488
 13.1149
 29.5635
 13.4536
 23.9374
 21.9773
 20.8806
 33.8378
 34.9714
 18.0278
 20.8327
 10.583
 11.2694
 10.4403
 16.3707
 18.2483
 26.1916
 26.0768
 30.0998
 16.4012
 28.688
 12.1655
 28.3725
 14.7309
 24.2693
 28.7924
 23.8328
 21.9545
 21.9545
 19.3132
 16.8523
 12.6491
 11.225
 16.5529
 13.7477
 18.735
 23.7065
 21.7256
 29.0345
 15.5563
 26.2869
 13.0384
 28.8444
 17.5499
 22.7596
 30.8383
 34.0441
 21
 21
 16.6733
 18.5472
 11.4891
 10.5357
 12.2882
 20.8567
 18.1934
 7.48331
 19.5448
 29.5296
 15.0997
 27.7489
 27.7489
 30.133
 14.8997
 30.3645
 20.2731
 20.9762
 18.3848
 16.5529
 17.1172
 17.1172
 14.0712
 14.0712
 10.5357
 13.1149
 17.5214
 24.1039
 21.7715
 29.3769
 11.7898
 29.189
 29.189
 28.178
 12.0416
 31.1127
 27.4044
 21.1424
 9.64365
 9.64365
 20.3224
 7
 12
 12
 11.6189
 11.6189
 13.7477
 24.4949
 12.9615
 30.3974
 30.3974
 21.4243
 13.7113
 19.9499
 20.2731
 34.6987
 34.6987
 19.5192
 19.5192
 21.1896
 21.1896
 21.1896
 15.4919
 15.4919
 10.3923
 10.3923
 11.6619
 11.6619
 19.1572
 6.7082
 6.7082
 10.8167
 13.0767
 15.1327
 16.8226
 21.4476
 20.567
 17.8606
 12.083
 11.5758
 11.5758
 10.583
 10.583
 17.8885
 17.8885
 17.8885
 16.4012
 22.8035
 13.4907
 13.4907
 13.8924
 13.8924
 20.8327
 20.8327
 32.665
 32.665
 32.665
