 31.686
 12
 34.6266
 9.79796
 18.5742
 22.5389
 22.5389
 16.3401
 35.0428
 35.0428
 45.0555
 13.1149
 17.1172
 48.0729
 48.0729
 13.6015
 36.3456
 14.8661
 14.3875
 20.9762
 23.1517
 24.2899
 27.8927
 20.8327
 28.3549
 18.3303
 25.1992
 12.8452
 28.8964
 45.4863
 15.3948
 38.6005
 23.388
 13.4907
 23.8328
 19.5959
 24.5561
 14.6969
 25.3574
 37.51
 13.5647
 30.8545
 15.2643
 24.3105
 32.2645
 28.8964
 16.3095
 17.1464
 12.3693
 37.1753
 20.2237
 35.4824
 17.8885
 17.4069
 27.8209
 19.0263
 11.6619
 14.7986
 21.1187
 19.0263
 33.7935
 39.95
 24.0624
 39.0128
 26.1534
 27.0185
 21.4709
 30.8221
 24.0416
 37.108
 22.4054
 35.3836
 18.6279
 33.9117
 20.8567
 20.9045
 15.3623
 22.1585
 20.9284
 22.4054
 37.3363
 44.2267
 24.1247
 24.1247
 18.6011
 26.7582
 33.0606
 17.3494
 40.5463
 40.5339
 27.037
 24.2899
 39.975
 39.975
 36.1801
 26.5141
 34.3074
 23.388
 32.4191
 20.0749
 0
 25.1396
 33.0757
 23.7908
 40.05
 19.8494
 41.5331
 44.5646
 34.9571
 43.0697
 26.4575
 39.3446
 36.2629
 21.7715
 34.6266
 41.7732
 27.6586
 24.6577
 40.694
 40.694
 25.1992
 39.064
 39.064
 39.598
 37.7094
 41.1461
 24.454
 24.454
 36.3043
 33.0606
 26.9258
 36.9865
 36.9865
 32.0312
 37.1483
 37.1483
 25.5343
 26.9815
 26.5141
 37.1349
 37.1349
 37.1349
 37.1349
 31.0966
 27.6406
 34.4384
 24.5561
 24.5561
 17.2047
 41.8927
 41.8927
 42.7434
 42.7434
 30.3315
 45.5082
 33.5559
 0
 0
 40.5709
 38.1838
 25.7682
 27.6043
 0
 27.074
 25.7682
 25.7682
 34.7994
 28.3549
 40.2492
 39.8497
 39.8497
 39.8497
 36.5103
 25.3377
 36.7967
 0
 32.7414
 32.8024
 36.0278
 27.5862
 0
 31.4166
 36.8375
 41.5572
 32.0936
 0
 28.9482
 30.315
 39.0128
 26.8887
 0
 31.8904
 28.2312
 32
 42.4146
 0
 28.7924
 29.1719
 46.422
 36.3043
 28.1957
 44.5197
 33.2265
 36.8375
 0
 39.3446
 28.2135
 31.3688
 40.8656
 26.4764
 22.1133
 30.7734
 47.7179
 26.4764
 34.6121
 20.9523
 43.6921
 35
 26
 27
 43.4396
 33.1964
 24.4745
 31.9061
 41.9285
 31.4006
 27.4226
 28
 40.7554
 27.6948
 28.9482
 23.0217
 34.3948
 22.3159
 30.2655
 26.5895
 26.5895
 45.1664
 32.6803
 25.3377
 8.83176
 44.6766
 27.7669
 36.2077
 8.60233
 34.2053
 40
 24.3516
 11.2694
 26.2679
 27.037
 7.87401
 7.87401
 35.1852
 24.5967
 11.8322
 0
 36.8782
 23.388
 9.64365
 27.0555
 32.5883
 35.5809
 11.4455
 28.9482
 34.4529
 32.0624
 11.3137
 11.3137
 32.0624
 24.8998
 8.83176
 8.83176
 39.3192
 25.5539
 11.4018
 44.1588
 31.5119
 11.6189
 44.4747
 36.1801
 9.53939
 42.7317
 35.0428
 11.3137
 29.3939
 24.3516
 29.5466
 34.5832
 31.4643
 35.2562
 35.0428
 33.5857
 29.5973
 31.1127
 23.7908
 33.2866
 40.7185
 28.688
 46.7333
 30.0998
 46
 37.108
 30.8707
 39.7115
 25.1197
 25.8457
 40.1622
 27.8029
 38.5616
 36.1801
 36.2353
 31.5119
 35.0999
 30.692
 32.7109
 29.9165
 45.3542
 28.3725
 51.7107
 37.6298
 46.5833
 38.2099
 42.4617
 30.4467
 24.8596
 31.3688
 36.8646
 35.0999
 44.1248
 36.318
 37.5766
 32.1559
 28.9828
 27.8388
 37.1887
 30.6757
 30.6757
 25.318
 51.1566
 35.4542
 39.0512
 49.2443
 40.0749
 30.282
 33.9411
 26.4008
 36.8646
 30.692
 44.2832
 36.0555
 30.8058
 32.6343
 33.9411
 25.5734
 38.3536
 36.8646
 0
 30.7083
 30.7083
 38.2492
 35.242
 46.1844
 31.4802
 31.4802
 44.4972
 27.4591
 38.3145
 36.1109
 35.7211
 35.7211
 42.3674
 31.0805
 25.5734
 36.4829
 35.0286
 33.5261
 33.5261
 28.3019
 0
 33.8378
 0
 38.1969
 37.921
 31.9061
 34.5254
 26.6458
 31.9531
 35.9861
 46.3573
 46.3573
 47.697
 37.9078
 25.5734
 27.6225
 33.5559
 43.566
 43.566
 28.8791
 28.8791
 33.8821
 0
 39.8372
 0
 33.4365
 28.2312
 35.5106
 30.7571
 30.7571
 53.5537
 31.1288
 55.9196
 27.2029
 39.2046
 39.2046
 35.2987
 35.2987
 27.6586
 27.6586
 27.6586
 27.7128
 0
 37.3229
 0
 34.9714
 34.9714
 29.2062
 47.4131
 47.4131
 46.076
 42.1663
 51.5946
 46.6905
 32.8024
 33.3467
 27.4591
 33.5708
 38.2361
 38.2361
 40.7185
 40.7185
 47.7493
 47.7493
 0
 40.2741
 40.2741
 32.1403
 36.4829
 36.4829
 36.4829
 30.1164
 30.1164
 46.9361
 0
 0
