 458.334
 12.6491
 12.6491
 12.6491
 32.6803
 20.8327
 0
 17.1464
 28.8271
 28.8271
 34.4238
 34.4238
 24.8193
 34.2345
 34.2345
 19.0263
 22.6053
 21.4243
 11
 29.3939
 25.2785
 30.692
 13.9642
 7.34847
 26.7395
 19.4936
 6.85565
 19.0526
 30.5778
 30.6757
 19.0526
 26.533
 29.1719
 28.2666
 26.0768
 25.8844
 26.533
 23.0434
 23.7487
 34.1614
 15.4596
 18.2483
 17.1464
 29.4788
 20.9762
 25.0599
 33.2114
 24.3311
 31.749
 29.1204
 17.8885
 24.5764
 13.5647
 19.7737
 7.34847
 28.2312
 22.891
 24.0832
 33.8231
 15.9687
 35.805
 35.8608
 35.8608
 26.9629
 38.6523
 30.6431
 34.9714
 29.189
 23.1301
 26.2869
 23.0651
 24.3721
 17.5784
 13.8564
 19.6977
 29.5296
 23.3452
 24.1454
 36.2767
 16.3707
 39.0384
 35.0428
 10.583
 10.583
 18.5472
 34.4093
 19.6214
 23.4094
 35.1568
 28.7402
 23.8747
 19.1311
 31.257
 9.8995
 23.9792
 19.1311
 21.7025
 28.3196
 16.4012
 26.4575
 26.4575
 27.4773
 16.4012
 36.3318
 9.53939
 17.8885
 38.6005
 18.4662
 15.906
 33.9411
 9.21954
 31.0161
 14.9666
 17.088
 15.9687
 5.91608
 31.1448
 33.2866
 14.4568
 14.4568
 25.7876
 13.2288
 13.2288
 40.4722
 40.4722
 34.9714
 21.166
 21.166
 17.2047
 10.0995
 16.1555
 16.5529
 16.5529
 29
 15.6205
 15.6205
 17.8326
 33.5708
 29.5127
 17.2047
 17.2047
 0
 0
 21.4243
 33.7935
 14.2478
 37.5233
 0
 28.2843
 38.9102
 38.9102
 13.4907
 0
 16.7929
 37.4566
 14.9332
 14.9332
 0
 35.1994
 14.7648
 19.5192
 38.5746
 0
 35.2278
 41.2795
 41.2795
 12.8841
 29.4788
 27
 14.8997
 14.8997
 14.8997
 42.5793
 22.2486
 15.4272
 0
 34.7563
 18.6011
 14.9332
 19.0263
 0
 13.8924
 33.2415
 14.2127
 23.9792
 23.9792
 34.4819
 16.7332
 11.7047
 30.0832
 0
 17.2627
 31.5278
 33.2415
 15.2971
 0
 15.5242
 15.3623
 32.187
 12.8841
 19.799
 33.8083
 16.6733
 14.7648
 14.7648
 26.7769
 15.9687
 31.0966
 12.8452
 30.3809
 16.4012
 40.0874
 11.7047
 30.133
 42.3792
 21.8632
 15.9687
 41.5331
 16.2481
 25.2587
 14.7648
 40.8167
 17.5784
 11.5758
 12.2474
 36.3043
 19.2873
 23.0868
 12.9228
 34.641
 35.9861
 16.7033
 12.49
 21.3776
 33.2866
 28.688
 28.688
 28.0535
 14.7986
 18.6279
 18.6279
 28.6531
 18.3303
 12.3693
 12.3693
 26.4008
 26.7021
 21.5639
 14.3527
 43.1509
 28.9137
 28.9137
 28.9137
 41.1339
 29.9666
 29.9666
 29.9666
 38.6005
 32.6803
 32.6803
 32.6803
 40.0375
 12.1244
 12.1244
 12.1244
 39.9625
 27.2947
 10.1489
 0
 32.5423
 44.2832
 44.2832
 0
 39.4081
 29.1548
 29.1548
 43.1972
 14.7986
 13.5647
 19.2614
 13.4164
 13.4164
 30.7083
 21.095
 21.095
 33.2265
 45.5302
 28.6531
 43.2319
 21.1896
 42.72
 43.715
 13
 25.6905
 39.9625
 45.0888
 35.2136
 43.1045
 28.3196
 35.7491
 19.7737
 27.6948
 14
 28.4429
 30.8545
 46.2493
 35.8329
 44.3058
 27.8029
 41.4608
 14.0357
 43.9886
 21.095
 36.2905
 34.5832
 34.0147
 46.6369
 49.5782
 25.1992
 32.8786
 12.1655
 22.2486
 18.303
 29.4109
 31.3209
 35.4824
 42.1426
 46.1086
 21.4476
 43.1741
 11.7898
 43.1741
 23.9374
 36.5787
 44.8442
 37.1887
 37.7227
 37.7227
 28.7228
 26.5895
 14.7648
 14.7309
 26.9444
 29.4958
 28.9137
 37.4032
 32.5883
 43.1161
 26.0384
 40.5216
 12.4097
 43.1741
 29.0861
 37.5233
 42.5793
 47.4236
 35.6791
 35.6791
 26.9815
 29.2062
 13
 17.5784
 23.7065
 34.2053
 31.305
 22.1811
 30.5123
 44.8999
 18.3848
 43.3705
 43.3705
 47.3498
 28.8444
 45.5192
 36.2629
 37.0945
 33.5261
 26.9258
 29.1376
 29.1376
 15.1987
 15.1987
 13
 24.1868
 29.6985
 37.8946
 27.8209
 44.9555
 15.5885
 43.6692
 43.6692
 41.7493
 25.5539
 45.6946
 42.0951
 36.1663
 22.383
 22.383
 29.7825
 20.347
 14.7986
 14.7986
 13
 13
 27.1477
 40.8656
 20.8567
 45.2106
 45.2106
 33.8821
 19.9499
 29.9666
 29.1204
 48.5283
 48.5283
 34.2491
 34.2491
 32.4808
 32.4808
 32.4808
 27
 27
 13.1529
 13.1529
 23.1948
 23.1948
 33.8083
 20.8806
 20.8806
 25.807
 45.0666
 29.2062
 30.7896
 36.1939
 33.0454
 27.0555
 17.6635
 15.6205
 15.6205
 24.1661
 24.1661
 33.9706
 33.9706
 33.9706
 24.8395
 56.542
 22.383
 23.622
 23.9165
 23.9165
 40.0625
 40.0625
 57.1489
 57.1489
 57.1489
