 458.334
 15.6525
 36.8239
 23.1084
 25.923
 20.9284
 0
 15.1987
 28.3901
 28.3901
 35.1283
 14.7309
 15.4272
 37.6032
 37.6032
 11.2694
 25.5734
 16
 7.93725
 25.318
 22.7816
 29.1548
 10.8628
 1.41421
 27.037
 15.1987
 6.08276
 15.6205
 28.7054
 31.4802
 14.9332
 29.1376
 27.8747
 26.7769
 21
 23.8537
 23.3024
 18.5742
 21.3073
 34.7707
 11.7047
 23.8956
 13
 23.2809
 22.2711
 28.0179
 28.9137
 26.4386
 28.8444
 32.9545
 16.6433
 28.9137
 12.2882
 13.5647
 8.7178
 26
 17.8885
 21.2132
 30.133
 11.6619
 34.1614
 37.4032
 2.44949
 30.3315
 33.8231
 31.3688
 31.4484
 28.3373
 25.671
 30.8058
 20.8327
 29.4958
 15.3297
 17.9165
 16.8226
 28.6531
 18.1934
 26
 31.9531
 19.0263
 37.7227
 37.7094
 8.12404
 8.12404
 15.1658
 32.1559
 26.0576
 27.9464
 35.9583
 32.7261
 24.6982
 17.3494
 34.1467
 7.81025
 28.7054
 17.8885
 17.3781
 30.282
 20.8806
 20.8806
 20.8806
 26.4764
 20
 30.7896
 8.7178
 17.8885
 37.7624
 21.7715
 20.8087
 34.8138
 9.69536
 34.7994
 15.1658
 14.7648
 20.8567
 14.7986
 33.8821
 30.133
 20.0499
 20.0499
 28.6705
 19.2094
 19.2094
 38.223
 11.4455
 34.9857
 19.1572
 19.1572
 19.105
 12.1244
 17.1756
 18.5472
 18.5472
 30.3645
 18.2483
 18.2483
 17.1172
 33.1512
 21.0713
 20.9762
 20.9762
 20.9762
 20.9762
 23.2594
 27.313
 17.3781
 30.8707
 30.8707
 19.8494
 38.7814
 38.7814
 17.3494
 17.3494
 10.4403
 38.223
 17.4356
 17.4356
 17.4356
 38.5616
 19.1311
 19.3907
 33.4066
 33.4066
 36.9053
 34.641
 34.641
 15.6844
 32.28
 28.1603
 19.0788
 19.0788
 19.0788
 43.1856
 20.4939
 19.8997
 19.8997
 37.1349
 19.5448
 15.6844
 14.9332
 14.9332
 15.1658
 34.6266
 19.0788
 19.7737
 19.7737
 32.8481
 17.9165
 15.6525
 24.3105
 24.3105
 17.1464
 28.2489
 29.6816
 19.0788
 19.0788
 15.5563
 13.1909
 33.0908
 15.6525
 18.0555
 34.7707
 8.88819
 19.105
 19.105
 30.4138
 16.3095
 24.3311
 15.6525
 31.8434
 15.6525
 33.2716
 14.8324
 29.4788
 39.6358
 20.4695
 19.0788
 41.7732
 14.4222
 22.8254
 18.2483
 39.6989
 14.7648
 10.0995
 16.4924
 35.0571
 15.5885
 19.6469
 14.7986
 31.9374
 30.0998
 14.4222
 14.7986
 14.7309
 28.3725
 22.9129
 22.9129
 29.5466
 12.7671
 14.1421
 17.8885
 33.8969
 14.7309
 10.3923
 15.5242
 22.383
 32.311
 14.9332
 17.8885
 36.9459
 31.496
 16.2788
 16.2788
 39.6106
 27.4591
 18.3576
 0
 40.6571
 27.9464
 19.2354
 9.27362
 39.7115
 5.47723
 15.9687
 8.88819
 38.9102
 25.1992
 15.9687
 15.9687
 31.1127
 36.3731
 17.088
 17.088
 34.6266
 24.3311
 17.8885
 43.8292
 9.74679
 18.9209
 24.8596
 9.64365
 15.6205
 34.2637
 13.7113
 16.0312
 32.0468
 36.4417
 25.5539
 40.1497
 19.6723
 42.3084
 41.2553
 8.18535
 21.587
 36.9865
 40.2865
 30.4302
 41.9285
 20.5183
 39.7115
 13
 31.241
 9.32738
 21.5174
 34.0734
 37.7359
 31.4006
 43.5316
 19.5448
 43.1277
 6
 44.7325
 16.6733
 36.1663
 26.4764
 31.496
 40.6325
 46.7333
 17.1464
 35.6651
 6.48074
 26.9444
 9.21954
 30.7896
 22.6936
 30.2985
 35.2562
 45.0333
 10.583
 41.2674
 3
 42.7902
 20.2731
 30.7571
 42.0476
 33.0606
 32.5423
 32.5423
 17.9165
 31.7175
 6.16441
 8
 31.273
 29.1548
 20.4939
 32.0468
 25.632
 40.5586
 17.4929
 40.1995
 4.47214
 44.6542
 23.9374
 37.6962
 33.9706
 42.7668
 30.8869
 30.8869
 18.1934
 34.8855
 6
 12.2474
 28.6705
 30.7246
 22.891
 19.6469
 21.0238
 43.1741
 6.08276
 44.2606
 44.2606
 43.9773
 19.2873
 34.9285
 33.5112
 32.3265
 25.9037
 31.257
 19.3132
 19.3132
 3.74166
 3.74166
 3.4641
 22.4277
 20
 31.6386
 20.9045
 39.7869
 9.16515
 41.833
 41.833
 42.5793
 22.1811
 43.2551
 33.4813
 30.8221
 22.8254
 22.8254
 21.0476
 21.9773
 7.93725
 7.93725
 2.44949
 2.44949
 15.1987
 31.3528
 14.4568
 37.921
 37.921
 35.8608
 10.8628
 33.8821
 20.8567
 45.607
 45.607
 30.133
 30.133
 22.9565
 22.9565
 22.9565
 16.3707
 16.3707
 2.23607
 2.23607
 10.8628
 10.8628
 22.2486
 15.748
 15.748
 23.7065
 21.6795
 32.2335
 33.1964
 29.5296
 28.1957
 16.4924
 4.3589
 5.19615
 5.19615
 19.8494
 19.8494
 32.0468
 32.0468
 32.0468
 18.412
 33.5559
 16.1245
 16.1245
 5.38516
 5.38516
 32.6497
 0
 45.5851
 45.5851
 0
