 33.9117
 18.2483
 33.0606
 14.7309
 21.7945
 29.5973
 29.5973
 20.025
 39.1152
 0
 49.558
 21.7715
 23.6643
 54.1295
 54.1295
 22.4944
 50
 23.1948
 22.891
 22.9129
 28.4077
 26.3249
 41.2795
 30.5778
 30.1496
 28.2666
 36.973
 26.096
 29.4109
 49.4469
 28
 47.244
 27.1846
 19.0788
 32.249
 22.561
 32.6343
 20.0998
 36.0278
 40.3856
 26.1725
 42.5088
 28.775
 32.619
 43.7264
 40.9023
 24.2281
 23.4307
 21.4476
 47.0213
 28.6531
 44.2719
 34.4238
 35.2562
 41.1825
 26.4197
 28.6531
 21.8174
 29.9666
 23.6008
 44.5309
 43.9659
 42.5793
 48.8876
 29.4958
 22.8035
 29.8664
 40.4228
 20.8327
 46.1628
 24.7184
 44.7102
 26.096
 47.55
 36.5377
 30.0333
 34.6699
 24.3105
 34.2491
 34.2491
 48.7237
 51
 38.5097
 38.5097
 37.1753
 37.4433
 34.7419
 19.1572
 50.5668
 50.2693
 28.7402
 34.5398
 41.8091
 41.8091
 48.9796
 41.4849
 41.4849
 32.9848
 45.4423
 22.8254
 0
 22.4054
 22.4054
 37.3898
 55.4346
 21.0238
 50.3686
 50.3686
 48.0625
 50.1896
 44.587
 42.638
 51.1762
 45.0777
 38.2492
 58
 22.9565
 40.0874
 42.4382
 0
 19.105
 19.105
 19.105
 45.8258
 51.1566
 47.8226
 28.0357
 28.0357
 54.754
 39.5727
 35.8748
 49.558
 0
 47.0532
 47.0532
 0
 43.715
 38.092
 44.7325
 44.9222
 44.9222
 44.9222
 44.9222
 40.4969
 23.8747
 46.0326
 41.3038
 41.3038
 26.9815
 51.7397
 51.7397
 69.7782
 69.7782
 51.0979
 54.0648
 44.7325
 0
 0
 40.0375
 49.163
 49.163
 40.8779
 0
 20.6155
 36.973
 36.973
 47.8121
 22.1133
 53.9351
 51.3809
 51.3809
 51.3809
 39.4842
 31.8748
 47.3181
 0
 33.121
 39.2938
 46.9468
 43
 0
 38.0263
 49.9099
 53.3385
 51.4296
 51.4296
 41.1947
 38.4448
 51.264
 25.2982
 0
 41.4367
 32.8177
 46.3357
 51.6527
 51.6527
 51.6527
 38.1969
 55.263
 47.244
 42.0951
 51.2348
 52.7447
 45.7602
 0
 43.5316
 43.8748
 52.9339
 49.5984
 24.4131
 40.4351
 45.5082
 52.3355
 20.0749
 42.4382
 38.5227
 57.9396
 44.2719
 42.1426
 30.4138
 51.5558
 34.9428
 41.7493
 49.558
 48.7442
 50.1199
 42.5676
 49.1935
 52.259
 37.3898
 46.7226
 40.8779
 43.6234
 38.3536
 46.7654
 28.5832
 28.5832
 56.9473
 43.8178
 39.3573
 22.1359
 54.2218
 42.391
 58.643
 23.8956
 55.2449
 40.8044
 37.6563
 26.4575
 42.72
 24.3516
 25.04
 25.04
 46.6905
 28.6705
 28.7402
 0
 43.1741
 26.1343
 33.0151
 41.4729
 31.8748
 54.8179
 29.9165
 42.7083
 49.3862
 51.3809
 28.7402
 28.7402
 45.8803
 42.6497
 20.8806
 20.8806
 54.074
 23.4521
 29.1548
 47.8748
 39.724
 28.8444
 56.5774
 59.0085
 26.8328
 40.1123
 58.6515
 28.775
 21.9773
 41.5812
 34.7419
 44.238
 36.0416
 44.4747
 34.0147
 57.7581
 51.788
 31.1609
 42.4971
 35.2846
 53.2447
 27.6225
 47.4868
 38.223
 52.1728
 61.327
 56.1338
 34.7994
 40.0874
 46.465
 45.1885
 37.081
 39.5095
 46.9255
 32.619
 52.5262
 55.9196
 51.303
 35.8469
 45.5851
 53.3667
 28.0357
 57.9914
 55.1453
 50.5272
 63.2456
 34.0588
 56.1694
 41.1461
 51.4684
 43.4856
 39.5601
 39.2683
 54.7083
 54.7083
 55.3353
 53.3479
 44.2945
 56.4181
 32.6037
 32.6037
 26.9444
 56.3471
 49.0408
 64.0781
 49.9199
 36.565
 52.7731
 50.6754
 58.5662
 40.4846
 35.6791
 34.5977
 56.6833
 28.6705
 55.6776
 53.9815
 45.1885
 53.0754
 38.2623
 0
 29.5635
 29.5635
 56.542
 62.8013
 48.9285
 53.1131
 55.0545
 64.5601
 32.5423
 38.4448
 45.1885
 37.2827
 37.2827
 60.2495
 55.8211
 47.8226
 37.3229
 38.1314
 54.037
 54.037
 27.7849
 0
 45.4863
 0
 0
 0
 0
 0
 30.1496
 39.5854
 48.6621
 49.295
 49.295
 64.1015
 64.1327
 64.1327
 47.0319
 49.2341
 51.4684
 51.4684
 25.2389
 25.2389
 43.8634
 0
 0
 0
 0
 42.4382
 41.7013
 43.1045
 43.1045
 52.792
 57.3498
 73.7631
 53.066
 57.1664
 57.1664
 51.303
 51.303
 25.04
 25.04
 25.04
 33.3167
 0
 0
 0
 0
 0
 0
 0
 0
 45.3211
 64.9846
 62.7774
 62.7774
 50.6557
 40.8289
 33.2866
 53.4603
 63.0793
 63.0793
 63.561
 63.561
 57.0877
 57.0877
 57.0877
 52.3068
 52.3068
 44.0227
 57.1752
 57.1752
 57.1752
 49.5076
 0
 49.7594
 0
 0
