 25.5539
 6.08276
 26.3629
 7.74597
 8.66025
 1.41421
 1.41421
 1.73205
 26.096
 26.096
 25.5343
 9.32738
 4.69042
 32.45
 32.45
 8.83176
 22.6716
 7.93725
 14.0357
 10.3923
 4.79583
 7.4162
 13.5647
 14.8324
 5.2915
 3.74166
 14.7986
 6
 6.9282
 22
 4.3589
 21.1424
 11.3137
 9.38083
 1.41421
 5.38516
 3.4641
 7.4162
 7.34847
 17.5499
 8.66025
 17.4069
 11.225
 2.44949
 16.5227
 7.87401
 13.0384
 3.60555
 13.8924
 19.4422
 3.4641
 21.9089
 6.78233
 6.63325
 11.6619
 6.9282
 13.9642
 9.79796
 11.3578
 7.14143
 11.6189
 20.2731
 19.1311
 19.3907
 14.7648
 14.4914
 12.3693
 7.34847
 7.34847
 19.8242
 0
 21.9317
 7.4162
 15.7162
 8.12404
 9.53939
 10.4403
 2.82843
 12.8841
 2.44949
 17.3205
 24.5561
 14.7309
 14.7309
 12.6095
 8.88819
 16.8226
 7.81025
 16.7033
 21.7486
 5.19615
 7.14143
 26.3629
 28.8444
 19.6214
 8.60233
 23.8956
 8.24621
 21.9545
 0
 0
 2.44949
 21.1187
 8.66025
 22.561
 8.77496
 21.166
 23.6643
 23.2164
 25.8263
 16.0312
 25.2389
 15.6525
 12.2474
 21.9545
 22.6274
 18.1108
 8.18535
 22.9565
 22.9565
 9.48683
 24.0208
 24.0208
 19.1833
 20.025
 22.3607
 5.47723
 5.47723
 21.5174
 19.2614
 11.225
 18.735
 18.735
 15.9687
 22
 22
 10.7703
 10.5357
 1.73205
 20.0499
 20.0499
 20.0499
 20.0499
 13.2665
 2.44949
 20.2978
 8
 8
 6.55744
 19.2354
 19.2354
 24.4336
 24.4336
 17.8606
 25.1595
 21.4476
 21.4476
 21.4476
 25.807
 21.4942
 14.8997
 6.9282
 0
 15.7162
 7.4162
 7.4162
 20.0499
 9.48683
 20.9762
 23.8328
 23.8328
 23.8328
 23.7908
 6.16441
 21.4709
 21.4709
 23.7065
 15.4919
 21.8861
 12.7671
 12.7671
 13.8924
 20.567
 22.3383
 12.1244
 12.1244
 10.9545
 12.3693
 22.6274
 7.34847
 7.34847
 11.3137
 3.4641
 10.3923
 24
 24
 10.4403
 15.2315
 24
 21.0238
 11.7898
 27.037
 19.3907
 21.6795
 21.6795
 22.9783
 11.225
 6.9282
 22.6274
 11.6189
 8.24621
 7.81025
 24.454
 5.19615
 19.5448
 7.34847
 23.9583
 23.3666
 12.6095
 6.08276
 24.0416
 23.0651
 13.2288
 18.6815
 22.7596
 16.4924
 12.8062
 9
 24.3311
 7.34847
 5.19615
 11.0905
 20.0998
 9.79796
 5.09902
 7.28011
 7.28011
 23.8328
 19.2614
 10.8628
 19.6723
 26.7395
 11
 23.7276
 18.412
 10.4881
 24.1247
 10.4403
 17.8326
 7.34847
 12.4499
 22.2261
 22.2261
 18.9473
 0
 19.0526
 0
 22.6053
 0
 21.5639
 12.9615
 22.6053
 24.454
 20.8567
 14.2127
 19.2873
 9.48683
 18.4391
 18.4391
 9.69536
 6.55744
 20.2485
 20.2485
 14.7309
 6.63325
 23.9583
 24.8596
 17.9165
 22.1359
 27.5862
 21.4476
 20.8806
 26.9815
 15.9687
 20.9045
 10.8167
 8.18535
 6
 14.8997
 13.1149
 23.7065
 23.5797
 23.388
 8
 16.8226
 10.3923
 10.0995
 20.199
 8.48528
 25.3969
 16.2788
 27.258
 24.0832
 10.0499
 23.4734
 8.60233
 6.55744
 20.8567
 12.8062
 25.632
 25.3574
 27.5318
 15.1327
 17.3494
 4.24264
 9.74679
 8.60233
 27.4408
 14.6969
 32.5115
 25.632
 29.189
 20.2485
 22.9347
 7.93725
 0
 8.83176
 21.4942
 19.6977
 25.6905
 27.2397
 25.5343
 12.2474
 4.24264
 17.4642
 11.0454
 8.12404
 8.12404
 12.2882
 34.1614
 22.1585
 24.0624
 30.5778
 22.4054
 10.4403
 9.21954
 5.47723
 18.7617
 11.1355
 25.1992
 25.6905
 22
 9.69536
 18.3576
 4.24264
 16.5227
 12.9615
 12.9615
 12.2882
 28.6531
 25.2389
 21.0238
 25.3377
 9.21954
 10.5357
 20.8087
 10.4881
 21.4476
 23.622
 26.8142
 26.8142
 22.9783
 11.2694
 6.9282
 18.3303
 12
 10.0499
 28.7924
 11.6619
 11.6619
 25.0799
 25.0799
 25.219
 14.1067
 11.0905
 9.21954
 10.3923
 16.6433
 20.6882
 26.1151
 26.1151
 25.2389
 15.6525
 18.2483
 4.24264
 9.27362
 22.561
 22.561
 9.84886
 26.3439
 22.891
 22.891
 25.3377
 25.3377
 12.53
 5.09902
 13.5647
 13.8924
 13.8924
 30.1496
 15.1987
 33.7343
 7.34847
 20.9045
 20.9045
 15.3297
 15.3297
 7.93725
 7.93725
 7.93725
 11.3137
 11.3137
 24.4745
 24.4745
 17.5499
 17.5499
 6.48074
 24.3516
 24.3516
 24.2074
 14.7986
 28.4956
 29.6816
 10.3923
 7.93725
 14.6969
 22.1811
 22.9565
 22.9565
 18.3848
 18.3848
 25.2587
 25.2587
 25.2587
 25.2587
 25.2587
 13.4536
 14.3178
 14.3178
 14.3178
 8.12404
 0
 26.5518
 26.5518
 0
