 27.4408
 12.0416
 31.5119
 23.6432
 22
 18.2757
 18.2757
 13.7113
 22.891
 22.891
 30.0666
 14.3875
 14.1774
 31.9218
 31.9218
 13.1529
 19.6977
 16.5529
 10.3923
 23.3666
 19.799
 25.7488
 7
 5.2915
 22.3159
 12.8452
 0
 14
 23.5797
 26.7955
 13.7113
 23.2594
 22.2036
 23.388
 18.5472
 20.2485
 20.3715
 17.8606
 16.7929
 29.5466
 11.7898
 16.7332
 13.1529
 22.383
 15.6525
 21.5174
 27.4955
 21.7025
 27.2213
 27.1477
 13.7477
 23.388
 11.2694
 12.9228
 4.24264
 22.2261
 18.5472
 20.8567
 28.3549
 11.7898
 28.3019
 32.1248
 4.24264
 23.9792
 33.4813
 25
 30.3974
 23.4307
 18.8149
 23.6643
 16.6733
 23.8328
 12.8062
 13.0767
 14.1774
 25.7682
 18.5203
 22.2036
 31.289
 15.4919
 33.5112
 31.289
 5.47723
 5.47723
 15.3297
 28.8964
 19.1833
 22.1359
 29.4618
 24.7184
 19.8242
 13.2665
 27.8927
 8.18535
 22.7156
 12.9228
 17.6918
 25.4165
 13.9284
 18.6011
 18.6011
 22.561
 13.8924
 28
 8.66025
 15.6205
 32.7719
 14.8324
 13.8564
 28.7402
 5.19615
 27.9285
 9.11043
 13.9284
 13.8924
 6.245
 27.6043
 26.7955
 13.0384
 13.0384
 23.3024
 12.2882
 12.2882
 32.6497
 4.24264
 28.4253
 15.6525
 15.6525
 13
 5.09902
 12.3288
 11.7898
 11.7898
 24.1661
 12.1244
 12.1244
 13.0384
 27.2764
 18.4932
 14.2478
 14.2478
 14.2478
 14.2478
 17.3205
 23.3666
 10.4403
 28.3725
 28.3725
 18.2209
 32.7719
 32.7719
 10.4403
 10.4403
 6.9282
 31.3688
 11.3137
 11.3137
 11.3137
 31.8591
 12.1655
 14.4568
 30.315
 0
 31.0483
 31.4802
 31.4802
 8.7178
 25.7876
 21.9545
 11.2694
 11.2694
 11.2694
 37.3363
 16.8226
 12.9615
 12.9615
 29.9333
 13.6748
 9.59166
 10.4403
 10.4403
 9.74679
 26.8142
 12.1244
 14.1774
 14.1774
 26.4953
 11.6189
 8.7178
 19.6469
 19.6469
 11.8322
 22.5167
 24.5967
 12.1244
 12.1244
 10.4403
 8.06226
 26.2298
 8.7178
 12.8062
 27.9285
 4.3589
 12.1655
 12.1655
 22.7156
 10.4881
 19
 8.66025
 24.8193
 12.7279
 28.3901
 7.81025
 24.5764
 32.8329
 14.7309
 11.4018
 34.9857
 10.0499
 19
 11.2694
 32.6343
 10.9545
 5.19615
 9.48683
 29.0517
 10.8628
 15.4919
 7.81025
 27.258
 26.2298
 9.32738
 7.81025
 12.8452
 24.1247
 18.3848
 18.3848
 22.561
 6.7082
 11
 15.4919
 26.9258
 12.8452
 3.74166
 13.2665
 17.2047
 24.6982
 13.1149
 14.7648
 33.0757
 25.3574
 14.6629
 14.6629
 33.7046
 23.0651
 14
 0
 33.4365
 24.1661
 14.3875
 8.24621
 33.9853
 5.47723
 11
 6.63325
 32.2955
 19.9499
 13.5647
 13.5647
 24.0416
 33.0757
 14.7648
 14.7648
 29.4109
 20.2237
 14.3178
 37.8946
 6.85565
 14
 17.5214
 3.4641
 13.7113
 26.7208
 8.48528
 14.3178
 26.5895
 33.1059
 21.166
 34.1174
 14.3875
 34.5543
 32.619
 4.24264
 17.9165
 29.7321
 35.7351
 24.0416
 35.5949
 16.0312
 32.2335
 10.4881
 22.5389
 5.19615
 17.9444
 26.8887
 34.5977
 26.8142
 34.9714
 16.5529
 33.4515
 5.47723
 37.7094
 13.4536
 29.8664
 23.3238
 24.3516
 37.108
 40.8779
 14.8997
 27.8209
 1.73205
 18.2757
 6.08276
 23.3666
 19.0526
 27.3861
 30.0832
 37.5633
 10.8628
 34.6121
 5.47723
 35.7911
 16.2788
 26.8514
 35.6511
 27.6948
 25.0998
 25.0998
 16.5227
 24.8395
 4.24264
 5.19615
 24.2899
 21.4709
 18.9209
 27.6586
 21.9773
 34.6266
 14.7648
 33.0606
 7
 34.9428
 19.799
 30.8545
 31.9374
 38.1051
 25.219
 25.219
 15.6205
 27.1293
 4.69042
 8.66025
 20.9284
 24.8596
 19.4422
 13.2288
 19.105
 36.8917
 8.60233
 35.3836
 35.3836
 36.1939
 16.4621
 32.2955
 26.5895
 26.4197
 21.6795
 24.2693
 15.748
 15.748
 7
 7
 4.89898
 16.1245
 17.8606
 27.037
 19.975
 33.8378
 7.14143
 35.3977
 35.3977
 35.7211
 16.5529
 36.8511
 29.8664
 25.5147
 16.8226
 16.8226
 20
 14.3527
 5.47723
 5.47723
 5.83095
 5.83095
 13.1529
 27.2764
 11.2694
 34.4093
 34.4093
 28.1069
 10.5357
 26.096
 19.9499
 39.975
 39.975
 24
 24
 20.9045
 20.9045
 20.9045
 13.8924
 13.8924
 4.69042
 4.69042
 10.3923
 10.3923
 19.8494
 11.5326
 11.5326
 17.0294
 16.0935
 24.4131
 24.5561
 24.8395
 23.3452
 15.748
 7.93725
 7.87401
 7.87401
 14.9332
 14.9332
 25.2785
 25.2785
 25.2785
 16.3095
 27.8029
 13.2665
 14.2478
 10.3441
 10.3441
 27.2397
 27.2397
 38.092
 38.092
 0
