 24.2074
 13.1909
 24.8193
 23.4094
 30.3645
 21.0238
 21.0238
 17.4642
 29.189
 29.189
 35.426
 25.3377
 24.1454
 35.8469
 35.8469
 18.4391
 23.7065
 19.3907
 9.16515
 28.0357
 24.6577
 30.2985
 14.5258
 6.48074
 26.2107
 18.2757
 6.85565
 17.8885
 30.4302
 30.692
 19.0788
 26.533
 29.8831
 27.1477
 25.632
 24.3311
 25.2982
 20.2978
 22.6274
 34.8281
 13.4907
 19.2873
 16
 27.9643
 21.2838
 26.2488
 32.573
 22.8035
 30.8869
 29.9666
 16.5831
 25.4558
 13.7113
 18.303
 7.81025
 27.5862
 21.0476
 21.4476
 32.6037
 14.2127
 35.4542
 35.7211
 6.08276
 28.0891
 37.4166
 30.1828
 33.7787
 28.1069
 23.6643
 27.4408
 21.7025
 25.318
 17.8606
 13.9284
 20.2978
 30.1164
 22.3607
 23.3666
 36.2215
 16.6433
 39.5348
 36.5103
 10.8167
 10.8167
 17.2916
 33.3617
 20.0749
 23.3666
 34.5832
 29.8329
 22.8035
 19.0263
 31.289
 8.544
 24.5357
 18.0831
 21.1896
 28.8617
 16.7332
 26.4008
 26.4008
 27.258
 16.6733
 36.3043
 7.81025
 17.1172
 39.0896
 18.6011
 15.906
 33.4664
 8
 31.5595
 15.2315
 14.8324
 15.1658
 5.91608
 31.0966
 31.3847
 15.1327
 15.1327
 24.0208
 13.5277
 13.5277
 40.2244
 8.24621
 34.8281
 19.4165
 19.4165
 16.7929
 10.7238
 15.4596
 16.5529
 16.5529
 29.0861
 15.4919
 15.4919
 16.8523
 33.2866
 29.5804
 17.2047
 17.2047
 17.2047
 17.2047
 19.0788
 31.9687
 15.2315
 36.9188
 36.9188
 26.9629
 39.3827
 39.3827
 14.7309
 14.7309
 14.0357
 37.0135
 14.7648
 14.7648
 14.7648
 36.0139
 14.4222
 17.1464
 38.2753
 38.2753
 34.4238
 40.2616
 40.2616
 11.3578
 28.8444
 26.8514
 15.843
 15.843
 15.843
 42.2256
 20.1742
 15.1327
 15.1327
 34.9571
 16.8226
 14.7986
 18.2209
 18.2209
 13.0767
 33.3766
 14.3875
 24.1247
 24.1247
 34.2637
 14.4222
 12.083
 31.4643
 31.4643
 15.1658
 31.1288
 33.2866
 14.8661
 14.8661
 14.7309
 15.1327
 32.7414
 13.7113
 17.3494
 33.9411
 15.1327
 14
 14
 27.2764
 15.4596
 31.5595
 11.0905
 30.0832
 16.6433
 40.4969
 11.7898
 29.5973
 43.715
 20.2978
 15.1327
 41.2432
 15.8745
 23.8537
 14.8997
 40.5093
 17.8606
 11.6189
 11.2694
 37.5366
 18.412
 20.2978
 14.2478
 36.1663
 35.8469
 16.3707
 10.9545
 18.5742
 33.1964
 28.3196
 28.3196
 29.4788
 14.3527
 18.5742
 12.53
 29.3258
 17.4069
 12.0416
 13.1909
 25.5734
 27.258
 21.5639
 12.0416
 42.5088
 28.9655
 12.7671
 12.7671
 42.5911
 29.3598
 11.3137
 11.3137
 39.5348
 30.348
 12.0416
 8.30662
 41.5692
 11.5326
 9.32738
 6.7082
 40.7431
 26.5895
 10.583
 10.583
 32.7109
 42.9302
 13.5647
 13.5647
 38.4578
 28.6356
 11.7473
 43.1277
 14.1067
 11.0905
 19.4422
 12.0416
 12
 32.7414
 18.2209
 11.7898
 33.3766
 43.9431
 27.4591
 42.45
 21.3542
 41.9166
 42.3674
 11.7898
 26.0576
 39.4081
 44.7325
 35.9722
 43.2435
 28.5657
 36.6197
 19.1833
 27.7849
 13.2665
 28.775
 31.0483
 46.2061
 34.6121
 44.4185
 24.6171
 42.45
 12.2474
 45.7821
 18.735
 38.2753
 34.5688
 34.2491
 46.9894
 51.1566
 22.7816
 34.3948
 9.8995
 24.454
 16.4924
 31.1609
 31.8277
 35.4824
 43.3935
 45.7602
 18.5742
 44.1248
 9.05539
 45.3431
 24.4745
 36.428
 43.9886
 37.5233
 37.8418
 37.8418
 27.9106
 28.7924
 13.8564
 14.2829
 27.8209
 29.7153
 29.2233
 39.3827
 29.5296
 44.8999
 23.5797
 42.8836
 12.083
 43.9431
 29.5804
 38.4057
 41.6413
 48.5386
 36.318
 36.318
 26.533
 30.4795
 12.3288
 17.2627
 23.8956
 33.7343
 29.5635
 23.6432
 27.6406
 46.4435
 15.8114
 43.2435
 43.2435
 45.793
 27.9464
 45.4753
 36.6606
 37.054
 34.1906
 28.2489
 27.6406
 27.6406
 13.8924
 13.8924
 12.3693
 26.0384
 29.5127
 39.3954
 26.9444
 45.4753
 14.7309
 45.31
 45.31
 44.8107
 26.3818
 46.1411
 40.4228
 35.9722
 22.2036
 22.2036
 28.9137
 22.1811
 13.5277
 13.5277
 10.4881
 10.4881
 26.8887
 40.9512
 19.2873
 46.1952
 46.1952
 36.2767
 17.3781
 33.0303
 28.4253
 48.6724
 48.6724
 34.4384
 34.4384
 30.3809
 30.3809
 30.3809
 24.5764
 24.5764
 10.4403
 10.4403
 23.3666
 23.3666
 33.4365
 22.9347
 22.9347
 26.8142
 45.1885
 32.1248
 31.305
 35.3412
 33.2716
 23.8747
 14.9666
 14.8324
 14.8324
 25.1992
 25.1992
 34.1467
 34.1467
 34.1467
 24.8395
 56.5243
 21.7715
 22.6053
 22.3383
 22.3383
 39.7492
 39.7492
 56.9737
 56.9737
 56.9737
