 458.334
 12.083
 12.083
 25.318
 30.3645
 19.1311
 0
 19.0526
 25.318
 25.318
 29.8831
 21.5174
 20.8567
 30.4138
 30.4138
 18.4391
 18.6815
 19.6214
 13.5277
 27.7128
 22.5167
 29.6142
 9.53939
 6.245
 24.4336
 18.3576
 3.4641
 16.9115
 27.7849
 29.1204
 17.9165
 26.096
 27.8388
 27.2764
 24.3105
 24.6577
 25.9422
 22.2486
 22.561
 33.2866
 16.6433
 16.4924
 15.1658
 25.5539
 17.5499
 23.3452
 32.7109
 25.593
 29.95
 26.4197
 19
 21.0238
 15.1658
 18.5472
 5
 26.2298
 24.1454
 25.2389
 34.0294
 15.4272
 32.4191
 34.2783
 6
 24.3105
 37.5766
 28.7402
 33.3766
 26.4386
 22.0907
 22.7376
 21.4009
 21.7256
 17.088
 10.4403
 19.6469
 28.8617
 22.9347
 24.5764
 35.426
 19.1833
 36.1525
 32.5883
 11.2694
 11.2694
 20.8087
 34.5543
 19.7737
 25.5147
 31.9061
 25.1992
 24.1247
 17.1464
 27.7849
 9.84886
 22.5389
 17.9165
 16.1245
 26.7955
 17.1172
 25.04
 0
 26.5141
 12.8841
 35.4683
 8.7178
 20.025
 36.565
 18.412
 12.2882
 30
 10.6771
 29.8998
 14.3527
 19.5704
 19.5704
 5.65685
 30.4138
 33.2415
 11.6619
 0
 25.5147
 12
 0
 37.1887
 8.24621
 29.9333
 21.2603
 0
 14.3875
 8.83176
 15.9374
 15.9687
 0
 27.6948
 12.2882
 0
 16.7332
 31.496
 27.1662
 27.1662
 0
 0
 0
 0
 31.8748
 13.5647
 34.641
 0
 26.096
 37.7094
 0
 11.6619
 0
 16.5831
 31.6702
 12.9615
 0
 0
 33.8526
 13.5277
 13.5277
 36.9324
 0
 33.7491
 40.9634
 0
 12.3288
 28.7576
 24.8395
 12.3288
 12.3288
 12.3288
 38.704
 22.6274
 15.3948
 0
 31.3688
 17.4356
 11.8322
 17.3205
 0
 13.8203
 28.8791
 13.5647
 20.3224
 0
 31.496
 17.2627
 11.0454
 27.1293
 0
 17.2916
 28.7054
 30.2655
 15.3623
 0
 14.9332
 13.8924
 28.8964
 11.6189
 18.6815
 28.9137
 14.7648
 14.2127
 0
 23.6854
 16.3095
 27.9106
 12.2474
 27.6948
 18.3576
 37.6829
 10.4881
 29.5635
 39.37
 21.1187
 14.1421
 36.9459
 16.1864
 25.2389
 12.2474
 36.7967
 18.1108
 12.1244
 8.66025
 33.9411
 17.5784
 21.1896
 11.1355
 33.2415
 32.665
 16.0312
 10.4403
 20.567
 30.3809
 27.0185
 0
 23.4094
 13.0384
 17.6918
 17.6918
 25.5734
 25.5734
 11.5326
 11.5326
 23.388
 24.0624
 20.4939
 20.4939
 41.3038
 26.096
 26.096
 26.096
 38.092
 29.6311
 29.6311
 29.6311
 34.641
 31.5436
 31.5436
 8.18535
 37.51
 12.8452
 12.8452
 6.48074
 36.8782
 25.7876
 25.7876
 25.7876
 29.5466
 41.2916
 41.2916
 41.2916
 35.0856
 27.8029
 27.8029
 38.3275
 14.3527
 14.3527
 15.9374
 12.1655
 12.1655
 27.5862
 19.105
 19.105
 31.4802
 42.8719
 27.8568
 39.3319
 20.1742
 37.5233
 38.6264
 12.2474
 24.2487
 35.9861
 41.845
 32.619
 38.092
 27.8209
 31.9061
 19.0788
 22.8473
 14.4914
 26.1725
 27.6586
 43.1509
 33.9117
 39.37
 26.4386
 36.0139
 15.1327
 40.5956
 20.8087
 33.8378
 31.6544
 30.7246
 44.317
 45.618
 23.8537
 27.8209
 12.8062
 19
 17.4642
 26.5518
 29.4788
 34.8425
 39.598
 40.5709
 22.9347
 38.9487
 14.0712
 39.9124
 22.8692
 34.3948
 42.0119
 33.2866
 35.4401
 35.4401
 29.1204
 22.8473
 15.9374
 14.5258
 22.5832
 24.7184
 28
 34.3074
 32.1403
 39.0128
 25.671
 36.5377
 14.3875
 39.281
 26.6271
 33.7935
 40.2368
 44
 33.1059
 33.1059
 26.9258
 25.2587
 13.9284
 16.7033
 19.0788
 30.5123
 27.6043
 18.6011
 28.0357
 40.5956
 18.7883
 37.921
 37.921
 41.821
 26.4197
 42.8602
 32.619
 33.7787
 31.4166
 22.891
 27.8029
 27.8029
 16.6733
 16.6733
 12.8841
 22.2711
 27.258
 34.7563
 28.4429
 40.4846
 16.2788
 39.5095
 39.5095
 37.7227
 22.5167
 41.4246
 37.921
 32.28
 16.6132
 16.6132
 28.7054
 17.1756
 15.6205
 15.6205
 13.5647
 13.5647
 25.1595
 38.223
 20.2485
 41.0366
 41.0366
 30.6431
 19.5704
 26.3439
 27.7849
 45.3211
 45.3211
 30.8383
 30.8383
 30.4467
 30.4467
 30.4467
 24.5561
 24.5561
 13.1909
 13.1909
 21.7945
 21.7945
 30.5778
 16.8523
 16.8523
 21.0238
 42.0357
 25.219
 25.2587
 31.5278
 31.1448
 24.4745
 18.2483
 15.6525
 15.6525
 20.7364
 20.7364
 29.1719
 29.1719
 29.1719
 22.8254
 52.9245
 21.7715
 21.9773
 23.4307
 23.4307
 37.2961
 37.2961
 52.7826
 52.7826
 52.7826
