 10.6771
 5.47723
 6.9282
 1.73205
 14.5602
 18.2209
 18.2209
 8.88819
 34.3802
 34.3802
 42.1307
 17.1464
 17.2337
 46.7012
 46.7012
 17.9165
 35.8329
 15.6525
 25.02
 3.4641
 12.2882
 15.5885
 26.9815
 23.7276
 23.3666
 14.1421
 23.516
 15.1658
 23.3452
 40.1248
 18
 37.3631
 22.8473
 8
 14.0712
 12.6095
 11.2694
 11.0905
 18.9473
 33.8083
 19.6214
 28.8097
 25.318
 15.9687
 32.2335
 25.5343
 5.19615
 12.7671
 3.60555
 37.081
 17.6918
 35.8748
 21.7945
 20.9523
 25.3772
 13.9284
 15.3623
 11.225
 8
 23.8118
 27
 38.7298
 35.9583
 35.426
 5.19615
 28.178
 9.32738
 23.7065
 20.7123
 35.2136
 15.6525
 35.6651
 21.7945
 32.0156
 22.2261
 17.5784
 17.9165
 15.6525
 7.81025
 21.8174
 28.3725
 39.9625
 32.8024
 32.8024
 20.2485
 12.083
 33.4216
 19.975
 33.2114
 38.092
 18.9737
 26.9258
 40.05
 53.5257
 35.4542
 29.0689
 37.6431
 18.1108
 33.2415
 22.1811
 22.1811
 14.9666
 33.8378
 14.7309
 39.9625
 24.3105
 32.573
 37.4299
 35.7071
 39.975
 33.8526
 39.3065
 33.9559
 26.9629
 31.5911
 39.1024
 31.9374
 14.3527
 34.5543
 0
 21.4709
 36.6606
 36.6606
 29.5296
 35.6371
 36.9053
 21
 21
 35.7491
 32.8786
 28.2489
 35.6791
 35.6791
 30.7896
 33.0908
 33.0908
 26.096
 21.4709
 21.8403
 29.5973
 29.5973
 29.5973
 29.5973
 26.4197
 19.1833
 33.0303
 17.088
 17.088
 21.3776
 32.6956
 32.6956
 41.8569
 41.8569
 37.7624
 44.2493
 31.273
 31.273
 31.273
 41.9643
 34.7851
 29.1719
 16.4621
 0
 29.0172
 16.4924
 16.4924
 30.4467
 24.5357
 35.4119
 37.4166
 37.4166
 37.4166
 36.9594
 21.3073
 33
 0
 37.081
 22.891
 32.1714
 31.8591
 0
 28.0713
 33.5261
 40
 28.2489
 0
 24.4745
 25.7294
 39.4081
 29.4618
 0
 26.9629
 20.8087
 26.3629
 40.8656
 0
 27.8209
 37.4032
 38.1838
 33.0757
 28.1425
 44.833
 40.1871
 33.0454
 0
 42.2374
 25.8844
 28.7576
 39.3573
 30.3974
 19.8494
 21.6795
 42.7317
 22.8692
 32.6956
 21.4942
 39.975
 38.4838
 29.4109
 23.4734
 39.975
 38.1314
 31.8591
 38.7556
 41.821
 31.3528
 31.607
 29.6816
 41.1461
 22.5389
 21.7256
 29.5466
 29.5804
 23.7487
 25.2785
 24.6982
 24.6982
 41.5572
 40.0874
 26.4764
 7.34847
 45.0555
 25.807
 43.7379
 8.48528
 34
 42.2019
 23.388
 7.14143
 17.8885
 32.5115
 8.18535
 8.18535
 35.8608
 20.0499
 10.5357
 0
 37.855
 20.9762
 8.77496
 27.5862
 37.7359
 44.3847
 11.7473
 28.4253
 33.9264
 30.1662
 8.12404
 8.12404
 27.2947
 16.6433
 7.93725
 7.93725
 31.607
 24.8797
 10.4403
 42.2256
 39.8623
 10.4881
 43.5201
 42.3792
 10.4403
 44.6654
 39.0512
 10.6771
 30.8383
 15.6525
 25.1992
 32.0312
 33.2866
 40.8167
 38.8973
 41.0366
 29.7321
 34.4238
 17.2916
 28.3549
 36.8646
 28.1247
 44.3621
 36.8239
 45.913
 45.4973
 32.0312
 43.4511
 17.088
 24.4949
 35.0571
 28.8271
 42.6263
 46.5081
 41.6533
 36.6606
 35.0856
 25.7294
 28.5832
 20.2978
 44.1588
 32.9545
 53.0754
 47.5395
 46.7974
 41.7852
 45.5741
 32.6956
 20.8087
 25.0998
 38.6005
 37.1483
 44.3283
 48.734
 43.5431
 34.8568
 26.0192
 30.6105
 32.6803
 25.6515
 25.6515
 30.4795
 51.6236
 43.6005
 46.2277
 49.6588
 45.0999
 31.0805
 28.8617
 24.3105
 35.6791
 38.1051
 43.3935
 51.7397
 40.0749
 30.7246
 35.6791
 18.2483
 34.8281
 32.7261
 32.7261
 33.8231
 46.1086
 47.9583
 43.5775
 46.6583
 30.6757
 32.0468
 41.9643
 28.2843
 39.0128
 50.5767
 48.9183
 48.9183
 32.0156
 32.0156
 17.2916
 37.0675
 27.6043
 32.2645
 52.3259
 30.7734
 30.7734
 46.3033
 46.3033
 47.4868
 36.8646
 33.541
 30.5123
 23.388
 34.4964
 42.6263
 32.3419
 32.3419
 37.8682
 42.8019
 32.7567
 21.4709
 29.95
 41.2916
 41.2916
 24.8395
 42.6497
 43.2204
 43.2204
 47.8539
 47.8539
 38.2492
 26.1151
 31.5753
 31.3847
 31.3847
 47.9062
 33.0303
 51.1273
 52.7826
 27.6586
 0
 33.9853
 33.9853
 25.2587
 25.2587
 25.2587
 25.2587
 0
 49.9199
 0
 40.8289
 40.8289
 31.1769
 43.6692
 0
 45.2659
 38.4968
 39.6611
 51.1762
 31.496
 26.7582
 34.6554
 42.7902
 48.2597
 48.2597
 40.3113
 40.3113
 37.3229
 37.3229
 0
 0
 0
 31.7805
 35.0143
 35.0143
 35.0143
 35.0143
 0
 0
 0
 0
