 458.334
 18.5742
 29.1548
 29.1548
 29.1548
 29.1548
 0
 0
 0
 0
 0
 0
 0
 0
 0
 0
 24.1661
 24.1661
 24.1661
 24.1661
 24.1661
 24.1661
 24.1661
 24.1661
 24.1661
 24.1661
 24.1661
 24.1661
 24.1661
 30.6594
 30.6594
 27.4044
 27.4044
 27.4044
 27.4044
 27.4044
 27.4044
 27.4044
 27.4044
 27.4044
 27.4044
 22.5832
 22.5832
 22.5832
 21.8632
 28.2489
 28.2489
 27.9464
 33.3167
 33.3167
 33.3167
 33.3167
 33.3167
 33.3167
 33.3167
 29.4449
 29.4449
 27.1846
 27.1846
 17.8606
 17.8606
 17.8606
 17.8606
 28.6182
 28.6182
 31.8119
 31.8119
 31.8119
 26.5707
 28.8097
 28.8097
 27.8747
 27.8747
 15.6844
 15.6844
 15.6844
 15.6844
 27.6586
 27.6586
 19.6214
 19.6214
 38.223
 38.223
 38.223
 38.223
 38.223
 24.0208
 27.8029
 27.8029
 27.8029
 27.1293
 19.6977
 19.6977
 10.4403
 29.1204
 29.1204
 21.1896
 30.7246
 21.4476
 21.4476
 0
 0
 18.2757
 18.2757
 11.7473
 11.7473
 11.7473
 22.9129
 19
 35.2987
 35.2987
 33.0757
 17.2047
 17.2047
 20.9523
 9.64365
 32.0468
 32.0468
 18.2483
 18.2483
 30.0666
 19.1572
 19.1572
 19.1572
 10.7703
 35.4119
 35.4119
 35.4119
 18.3303
 18.3303
 19.6977
 20.6882
 20.6882
 33.2566
 17.088
 17.088
 17.088
 36.4692
 36.4692
 21.166
 21.166
 21.166
 21.166
 22.9347
 35.0286
 18.2757
 18.2757
 18.2757
 30.545
 30.545
 30.545
 17.4356
 17.4356
 17.4356
 37.5899
 16.0312
 16.0312
 16.0312
 16.0312
 16.7033
 21.5407
 21.5407
 21.5407
 21.5407
 21.5407
 21.5407
 16.3095
 34.9857
 30.7083
 17.4356
 17.4356
 17.4356
 46.0109
 46.0109
 17.4069
 17.4069
 37.1483
 21.4709
 16.7332
 20.8567
 20.8567
 15.906
 34.7275
 15.9374
 23.1084
 23.1084
 23.1084
 18.4932
 15.5563
 15.5563
 15.5563
 19.975
 19.975
 19.975
 15.6844
 15.6844
 18.4391
 16.8226
 16.8226
 15.9687
 21.0238
 21.0238
 21.0238
 15.9374
 15.9374
 29.1376
 19
 19
 15.6205
 15.6205
 15.6205
 40.3113
 14.8324
 31.0966
 45.0333
 45.0333
 16.8226
 16.8226
 17.5499
 26.7955
 14.7309
 14.7309
 14.7309
 13.2665
 12.0416
 38.833
 38.833
 38.833
 15.6525
 37.8286
 37.8286
 37.8286
 14.4222
 14.4222
 14.4222
 30.2985
 30.2985
 30.2985
 30.2985
 19.3649
 17.8885
 33.7491
 33.7491
 33.7491
 16.1245
 27.6586
 31.0644
 21.8403
 17.9165
 44.5758
 36.2767
 16.7631
 16.7631
 16.7631
 33.7787
 15.9374
 15.9374
 15.9374
 34.176
 17.7764
 17.7764
 17.7764
 17.7764
 12.9228
 12.9228
 12.9228
 12.9228
 14.9332
 0
 34.0588
 34.0588
 16.3707
 0
 0
 30.5287
 15.4919
 46.6369
 46.6369
 17.1756
 24.0208
 24.0208
 14.8997
 35.1852
 35.1852
 14.1067
 35.8608
 46.7974
 31.8119
 46.1411
 24.1247
 24.1247
 24.1247
 12.8062
 27.313
 27.313
 27.313
 27.313
 27.313
 27.7849
 39.3827
 39.3827
 28.8617
 28.8617
 28.8617
 35.7351
 47.9583
 47.9583
 47.9583
 28.0357
 28.0357
 13
 13
 22.8692
 22.8692
 22.8692
 22.8692
 48.1975
 48.1975
 24.0416
 24.0416
 24.0416
 25.2982
 25.2982
 25.2982
 25.2982
 36.8239
 43.8178
 43.8178
 20
 20
 13.0767
 13.0767
 26.096
 26.096
 47.9687
 47.9687
 47.9687
 47.9687
 47.9687
 47.9687
 47.9687
 47.9687
 47.9687
 47.9687
 47.9687
 47.9687
 47.9687
 47.9687
 47.9687
 47.9687
 47.9687
 47.9687
 47.9687
 47.9687
 44.317
 44.317
 44.317
 44.317
 44.317
 31.3528
 31.3528
 31.3528
 27.4773
 27.4773
 27.4773
 27.4773
 27.4773
 27.4773
 27.4773
 27.4773
 0
 0
 0
 0
 0
 0
 0
 31.8591
 31.8591
 31.8591
 31.8591
 31.8591
 31.8591
 31.8591
 31.8591
 31.8591
 31.8591
 31.8591
 31.8591
 31.8591
 0
 0
 0
 0
 0
 0
 0
 0
 0
 0
 0
 0
 0
 0
 0
 0
 22.5389
 22.5389
 22.5389
 22.5389
 22.5389
 22.5389
 22.5389
 22.5389
 0
 0
 0
 0
 0
 0
 0
 0
 0
 0
 0
 0
 0
 0
 0
 0
 0
 0
 0
 0
 0
 0
 0
 0
 0
 0
 0
 0
 0
 0
 0
 0
 0
 0
 0
 0
 0
 0
 43.1972
 0
 0
