 48.518
 46.9361
 51.7107
 65.7799
 55.3263
 26.1916
 56.116
 73.0411
 57.2538
 70.6753
 53.7959
 65.1767
 50.4282
 65.0922
 47.8226
 63.1744
 45.2106
 61.3596
 48.518
 61.0328
 43.7607
 56.5862
 52.4976
 34.7994
 31.7962
 46.594
 31.7175
 24.2074
 45.9021
 37.7889
 52.5167
 25.4362
 50.951
 40.2244
 40.2244
 24.6779
 40.8044
 57.3149
 94.2497
 94.2497
 55.857
 41.9166
 91.0604
 91.0604
 45.1553
 53.2259
 24.2693
 24.2693
 47.833
 86.9885
 86.9885
 63.4271
 52.792
 84.605
 36.7015
 53.3948
 33.9411
 83.3307
 45.31
 37.6962
 38.8587
 46.7012
 38.3406
 50.7839
 44.5084
 37.4433
 58.6771
 47.2969
 35.609
 62.8411
 42.391
 56.8595
 38.4318
 58.3781
 39.4968
 59.279
 41.7852
 64.8999
 48.6724
 64.5058
 49.4975
 55
 46.7547
 54.2125
 48.8467
 58.3695
 47.8957
 60.9508
 52.1632
 67.2086
 53.0943
 41.4246
 62.2415
 61.6279
 41.7013
 62.554
 44.0227
 64.3894
 47.9479
 51.0098
 64.8074
 51.1762
 59.9333
 57.81
 54.4977
 58.8643
 25.2785
 63.616
 49.7293
 55.3534
 69.383
 62.3538
 46.4112
 60.05
 37.3497
 57.7495
 35.2562
 60.7701
 38.4838
 59.8582
 40.3237
 47.655
 56.1427
 45.793
 53.376
 53.6097
 58.66
 63.9296
 51.8073
 71.6519
 52.6973
 66.2344
 58.2323
 67.1789
 54.037
 68.2862
 46.465
 70.2496
 44.5309
 68.6586
 51.1762
 61.3759
 53.5724
 57.28
 58.2752
 52.2207
 59.716
 53.7401
 65.2763
 54.626
 68.9638
 54.8635
 62.4099
 66.7233
 56.4092
 66.7383
 52.2685
 68.1175
 42.0833
 45.8476
 65.9394
 58.7878
 48.9183
 51.3907
 53.301
 55.848
 57.0526
 63.0317
 53.768
 54.7266
 70.4557
 63.6946
 57.0877
 67.1193
 58.3952
 59.2959
 68.593
 53.5257
 70.4698
 68.0808
 46.5725
 61.6441
 49.8698
 54.9454
 53.6097
 55.5608
 53.1977
 54.0093
 57.1139
 62.8967
 53.8145
 51.0979
 53.2635
 50.5964
 55.4707
 56.5685
 49.2037
 83.678
 43.6348
 51.2055
 89.7162
 49.0408
 32.2335
 28.1069
 40.0125
 32.0312
 30.8058
 30.7896
 33.8083
 36.973
 32.1403
 32.1403
 24.779
 34.7994
 27.2764
 26.0192
 28.8791
 26
 29.1204
 22.8254
 30.4631
 30.8545
 27.7849
 31.607
 27.0185
 21.0476
 23.7697
 22.5389
 24.2487
 28.9482
 30.315
 31.8748
 36.6742
 35.1283
 0
 0
 0
 0
 0
 0
 0
 0
 0
 0
 34.9571
 34.4819
 31.1769
 36.0694
 29.3769
 35.4824
 38.1314
 38.1314
 38.1314
 0
 0
 0
 0
 0
 0
 0
 0
 0
 0
 0
 0
 0
 0
 0
 0
 0
 0
 0
 0
 0
 0
 0
 0
 0
 0
 0
 0
 0
 0
 0
 0
 0
 0
 0
 0
 0
 0
 0
 5.19615
 5.19615
 0
 0
 0
 0
 3.87298
 3.87298
 3.87298
 3.87298
 3.87298
 3.87298
 3.87298
 3.16228
 3.16228
 3.31662
 3.31662
 3.31662
 3.31662
 3.31662
 3.31662
 3.31662
 0
 0
 0
 0
 0
 3.31662
 3.31662
 3.31662
 3.31662
 3.31662
 3.31662
 3.31662
 3.31662
 3.31662
 3.31662
 3.31662
 3.31662
 3.31662
 3.31662
 3.31662
 3.31662
 3.31662
 3.31662
 3.31662
 3.31662
 3.31662
 3.31662
 3.31662
 4.47214
 4.47214
 4.47214
 4.47214
 4.47214
 0
 0
 0
 0
 0
 0
 5.2915
 5.2915
 0
 0
 0
 0
 0
 0
 0
 10.583
 10.583
 10.583
 10.583
 0
 0
 0
 0
 4.24264
 4.24264
 4.24264
 4.24264
 4.24264
 4.24264
 4.24264
 0
 0
 0
 0
 0
 0
 0
 0
 4.3589
 4.3589
 4.3589
 4.3589
 4.3589
 4.3589
 4.3589
 4.3589
 4.3589
 4.3589
 0
 0
 0
 0
 0
 0
 0
 0
 0
 0
 0
 0
 0
 0
 0
 0
 0
 0
 3.74166
 3.74166
 3.74166
 3.74166
 0
 0
 0
 0
 3.60555
 3.60555
 3.60555
 3.60555
 3.4641
 3.4641
 3.4641
 3.4641
 3.60555
 3.60555
 3.60555
 3.60555
 3.16228
 4.89898
 4.89898
 4.89898
 4.89898
 0
 0
 0
 0
 0
 0
 0
 0
 0
 0
 0
 2
 0
 0
 0
 0
 0
 0
 0
 0
 0
 1.41421
 1.41421
 1.41421
 1.41421
 1.41421
 1.41421
 1.41421
 1.41421
 1.41421
 1.41421
 1.41421
 1.41421
 1.41421
 0
 0
 0
 0
 0
 0
 0
 0
 0
 0
 0
 0
 0
 0
 0
 0
 0
 0
 0
 0
 0
 0
 0
 0
 0
 0
 0
 0
 0
 0
 0
 0
 0
 0
 0
 0
 0
 0
 0
 0
 0
 0
 0
 0
 0
 0
 0
 0
 0
 1
 0
 0
 0
 0
 0
 0
 0
 0
 0
 0
 0
 0
 0
 0
 0
 0
 0
 0
 0
 0
 0
 0
 0
 0
 0
 0
 0
 0
 0
 0
 0
 0
 0
 0
 0
 1
 1
 0
 0
 0
 0
 0
 0
 0
 0
 0
 0
 0
 0
 0
 0
 0
 0
 0
 0
 0
 0
 0
 0
 0
 0
 0
 0
 0
 0
 0
 0
 1
 0
 0
 0
 0
 0
 0
 0
 0
 0
 0
 0
 0
 0
 0
 0
 0
 0
 0
 0
 0
 0
 0
 0
 0
 0
 0
 0
 0
 0
 0
 0
 0
 0
 1
 0
 0
 0
 0
 0
 0
 0
 0
 0
 0
 0
 0
 0
 0
 0
 0
 0
 0
 0
 0
 0
 0
 0
 0
 0
 0
 0
 0
 0
 0
 0
 0
 0
 0
 0
 0
 0
 0
 0
 0
 0
 0
 0
 0
 0
 0
 0
 0
 0
 0
 0
 0
 0
 0
 0
 0
 0
 0
 0
 0
 0
 0
 0
 0
 0
 0
 0
 0
 0
 0
 0
 0
 0
 0
 0
 0
 0
 0
 0
 0
 0
 0
 0
 0
 0
 0
 0
 0
 0
 0
 0
 0
 0
 0
 0
 0
 0
 0
 0
 0
 0
 0
 0
 0
 0
 0
 0
 0
 0
 0
 0
 0
 0
 0
 0
 0
 0
 0
 0
 0
 0
 0
 0
 0
 0
 0
 0
 0
 0
 0
 0
 0
 0
 0
 0
 0
 0
 0
 0
 0
 0
 0
 0
 0
 0
 0
 0
 13.8924
 13.8924
 13.8924
 0
 0
 0
 0
 0
