 72.8629
 0
 0
 0
 0
 0
 0
 0
 0
 0
 0
 0
 0
 0
 0
 0
 0
 0
 0
 0
 0
 0
 0
 0
 0
 0
 0
 37.7889
 68.3008
 42.5088
 71.9931
 39.6737
 60.3158
 42.4264
 78.0128
 41.1461
 47.0744
 66.2948
 74.7262
 42.107
 72.2288
 55.4797
 71.6031
 42.5793
 61.2372
 72.7942
 42.1782
 68.3447
 63.8122
 66.9776
 45.5192
 78.6257
 67.8454
 66.3023
 47.4868
 71.5751
 52.144
 64.405
 72.2219
 57.0877
 38.8587
 70.7319
 38.3406
 64.9153
 61.4573
 37.4433
 64.3739
 64.6684
 35.609
 66.9179
 63.4035
 74.4648
 62.857
 75.7034
 58.9491
 79.3662
 53.8516
 84.6404
 56.8946
 82.9759
 61.0164
 83.678
 66.4831
 77.0584
 67.4685
 70.9718
 69.7137
 66.2193
 70.1213
 69.606
 72.0278
 71.2461
 78.2624
 77.6402
 68.2422
 84.0536
 62.0886
 86.4349
 53.9259
 54.5619
 89.3644
 72.8148
 87.3785
 82.4379
 68.1469
 76.5898
 76.5898
 74.3303
 73.4234
 76.6225
 71.9861
 80.7465
 68.4032
 75.04
 65.1383
 78.7528
 58.4637
 64.6684
 50.5272
 83.8093
 47.1593
 49.1121
 83.7078
 62.0403
 78.9557
 68.8912
 73.2735
 68.3667
 72.7049
 72.6223
 77.8396
 83.1865
 79.8311
 83.5284
 79.3851
 89.174
 74.5654
 95.1052
 64.0312
 92.9032
 54.9363
 91.4549
 56.285
 80.7651
 58.5918
 70.0428
 73.5595
 69.0724
 69.152
 74.29
 70.278
 76.3086
 75.6769
 82.0427
 78.4283
 88.6059
 63.8201
 90.5594
 72.7805
 59.439
 90.7634
 91.0439
 52.3546
 55.4346
 79.4166
 76.3413
 71.1618
 66.6108
 72.1734
 74.8999
 69.7567
 77.9359
 79.3473
 79.8311
 80.8146
 83
 90.598
 79.7872
 93.2684
 94.2178
 71.4983
 72.4431
 60.349
 53.1601
 79.9187
 57.4456
 68.6513
 59.4306
 63.6475
 62.153
 67.5204
 71.3162
 62.3859
 72.5259
 68.0074
 75.9605
 72.6361
 70.9577
 71.7983
 74.5654
 77.0454
 76.7854
 59.6741
 46.6154
 65.7343
 35.9722
 56.4624
 46.7547
 26.096
 38.1838
 35.4965
 35.4965
 38.5746
 32.4962
 30.2324
 37.8946
 41.1096
 46.9894
 50.9215
 49.99
 55.3082
 54.5711
 57.6281
 58.3781
 57.8014
 49.3356
 47.7598
 36.9324
 40.398
 24.96
 33.0303
 28.2489
 34.5109
 33.6006
 0
 0
 0
 0
 0
 0
 0
 0
 0
 0
 49.4672
 62.5859
 58.2065
 55.7943
 37.6829
 39.8372
 37.3631
 37.3631
 37.3631
 0
 0
 0
 0
 0
 0
 0
 0
 0
 0
 0
 0
 0
 0
 0
 0
 0
 0
 0
 0
 0
 0
 0
 0
 0
 4.89898
 2.82843
 2.82843
 2.82843
 2.82843
 2.82843
 2.82843
 2.82843
 2.82843
 2.82843
 0
 0
 0
 0
 0
 0
 0
 0
 0
 0
 3.87298
 3.87298
 0
 0
 0
 0
 0
 3.16228
 3.16228
 3.31662
 3.31662
 3.31662
 2.23607
 2.23607
 2.23607
 3.31662
 3.31662
 0
 0
 0
 0
 3.31662
 4.3589
 4.3589
 4.3589
 4.3589
 4.3589
 4.3589
 4.3589
 3.60555
 3.60555
 3.60555
 3.60555
 3.60555
 3.60555
 3.60555
 3.60555
 3.60555
 3.60555
 3.60555
 3.60555
 3.60555
 0
 0
 4.47214
 4.47214
 6.78233
 4.47214
 4.47214
 0
 0
 0
 0
 0
 0
 5.2915
 5.2915
 5.2915
 0
 0
 0
 0
 6.08276
 6.08276
 10.583
 10.583
 10.583
 10.583
 10.583
 0
 0
 0
 0
 4
 0
 0
 0
 0
 0
 0
 0
 0
 0
 0
 0
 0
 0
 4.3589
 4.3589
 0
 0
 0
 0
 0
 0
 0
 0
 0
 0
 0
 0
 0
 0
 0
 0
 0
 0
 0
 0
 0
 0
 0
 0
 0
 0
 3.74166
 3.74166
 3.74166
 0
 0
 0
 0
 0
 3.60555
 3.60555
 0
 0
 3.4641
 0
 0
 0
 3.60555
 3.60555
 3.60555
 3.60555
 3.16228
 4.89898
 4.89898
 4.89898
 4.89898
 0
 0
 0
 0
 0
 0
 0
 0
 0
 0
 0
 2
 0
 0
 0
 0
 2
 2
 2
 2
 2
 1.41421
 1.41421
 1.41421
 1.41421
 0
 0
 0
 0
 0
 1.41421
 1.41421
 1.41421
 1.41421
 1.41421
 1.41421
 1.41421
 1.41421
 1.41421
 1.41421
 1.41421
 1.41421
 0
 0
 0
 0
 0
 0
 0
 0
 0
 0
 0
 0
 0
 0
 0
 0
 0
 0
 0
 0
 0
 0
 0
 0
 0
 0
 0
 0
 0
 0
 0
 0
 0
 0
 0
 0
 0
 0
 0
 0
 0
 0
 0
 0
 0
 0
 0
 0
 0
 0
 0
 0
 0
 0
 0
 0
 0
 0
 0
 0
 0
 0
 0
 0
 0
 0
 0
 0
 0
 0
 0
 0
 0
 0
 0
 0
 0
 1
 1
 0
 1
 1
 1
 1
 0
 0
 0
 0
 0
 0
 0
 0
 0
 0
 0
 0
 0
 0
 0
 0
 0
 0
 0
 0
 0
 0
 0
 0
 0
 1
 0
 0
 0
 0
 0
 0
 0
 0
 0
 0
 0
 0
 0
 0
 0
 0
 0
 0
 0
 0
 0
 0
 0
 0
 0
 0
 0
 0
 0
 0
 0
 0
 0
 1
 0
 0
 1
 1
 0
 0
 0
 0
 0
 0
 0
 0
 0
 0
 0
 0
 0
 0
 0
 0
 1
 1
 0
 0
 0
 0
 0
 0
 0
 0
 0
 0
 0
 0
 0
 0
 0
 0
 0
 0
 0
 0
 0
 0
 0
 0
 0
 0
 0
 1
 0
 0
 0
 0
 0
 0
 0
 0
 0
 0
 0
 0
 0
 0
 0
 0
 0
 0
 0
 0
 0
 0
 0
 0
 0
 0
 0
 0
 0
 0
 1
 1
 1
 1
 0
 0
 0
 0
 0
 0
 0
 0
 0
 0
 0
 0
 0
 0
 0
 0
 0
 0
 0
 0
 0
 0
 0
 0
 0
 0
 0
 0
 0
 0
 0
 0
 0
 0
 0
 0
 0
 0
 0
 0
 0
 0
 0
 0
 0
 0
 0
 0
 2
 2
 0
 0
 0
 0
 0
 0
 0
 0
 0
 0
 0
 0
 0
 8.7178
 8.7178
 8.7178
 0
 0
 0
 0
 0
