 29.3598
 31.7805
 27.313
 27.074
 27.0185
 51.3323
 26.4386
 29.0345
 26.1916
 29.1548
 22.2711
 35.0428
 17.9722
 30.6105
 15.5563
 30.1993
 14.4222
 26.4764
 13.2288
 27.0924
 10.0995
 22.6716
 14.1774
 4.3589
 5.19615
 45.7821
 3.4641
 46.7119
 48.6724
 2.44949
 18.6815
 48.7852
 15.6525
 0
 0
 47.7703
 2.44949
 17.6068
 17.6068
 3.16228
 21.5174
 7.28011
 7.28011
 40.9023
 9.84886
 43.0233
 42.5911
 42.5911
 13.2288
 13.2288
 39.9124
 27.7128
 14.3178
 14.3178
 36.3318
 15.6205
 39.7492
 39.7492
 15.2971
 39.7115
 39.7115
 16.2788
 16.2788
 15.6844
 7.34847
 7.34847
 18.2483
 13.8564
 13.8564
 17.8045
 34.9428
 21.5174
 35.9861
 22.0454
 15.4272
 21.8861
 15
 21.4009
 15.906
 22.7596
 14.7309
 23.4947
 17.5784
 17.72
 18.1659
 20.025
 18.6815
 19.3391
 18.0555
 20.664
 19.5192
 19.1833
 21.7945
 22.2261
 31.1929
 21.4942
 17.2337
 24.3311
 29.7993
 15.4919
 22.5389
 16.6733
 23.6008
 20.1246
 18.3576
 20.1246
 17.8606
 20.6882
 19
 18
 20.6398
 17.1756
 10.198
 14.8324
 7.81025
 13.8924
 5.56776
 13.784
 6.16441
 12.6886
 34
 6.78233
 12.0416
 8.66025
 13.6382
 12.9228
 15.2315
 16.8819
 15.5885
 16.8226
 16.7332
 18.0831
 18.3576
 19.6214
 17.8606
 20.199
 16.5227
 19.5192
 17.088
 19.9499
 17.088
 14.1421
 16.4012
 12.8062
 11
 11.0454
 12.6095
 12.9615
 12.3288
 12.9228
 12.9228
 14.1067
 13.3417
 15.1327
 12.083
 11.6619
 12.2066
 13.3041
 33.3916
 11.7898
 9.79796
 8.77496
 9.48683
 7.54983
 8.18535
 5.09902
 9.11043
 7.54983
 5.74456
 7
 9
 10.0499
 9.32738
 11.0454
 8.18535
 6.7082
 12.083
 6.85565
 10.1489
 10.6771
 5.91608
 9.38083
 4
 3.31662
 5.09902
 0
 3.16228
 1.41421
 0
 0
 2.44949
 2.23607
 1
 4.12311
 1.73205
 4.79583
 7.48331
 7.48331
 10.3441
 9.64365
 9.64365
 11.4018
 13.1529
 13.8203
 15.1327
 16.7631
 19.0263
 20.347
 20.664
 21.3776
 24.5357
 24.5357
 27.6225
 29.2062
 29.0689
 31.1448
 30.7409
 30.133
 32.8481
 31.3209
 32.9242
 29.0861
 26.5895
 29.5804
 30.6594
 27.2947
 28.6705
 25.8844
 29.2404
 24.7386
 30.2655
 23.7065
 30.9193
 26.5895
 0
 0
 0
 0
 0
 0
 0
 0
 0
 0
 19.8746
 25.7488
 23.7908
 11.8743
 24.0832
 14.3178
 22.9565
 22.9565
 22.9565
 0
 0
 0
 0
 0
 0
 0
 0
 0
 0
 0
 0
 0
 0
 0
 0
 0
 0
 0
 0
 0
 0
 0
 0
 0
 0
 0
 0
 0
 0
 0
 0
 0
 0
 0
 0
 0
 0
 0
 0
 0
 0
 0
 0
 0
 0
 0
 0
 0
 0
 0
 0
 0
 0
 0
 0
 0
 0
 0
 0
 0
 0
 0
 0
 0
 0
 0
 0
 0
 0
 0
 0
 0
 0
 0
 0
 0
 0
 0
 0
 0
 0
 0
 0
 0
 0
 0
 0
 0
 0
 0
 0
 0
 0
 0
 0
 0
 0
 0
 0
 0
 0
 0
 0
 0
 0
 0
 0
 0
 0
 0
 0
 0
 0
 0
 0
 0
 0
 0
 0
 0
 0
 0
 0
 0
 0
 0
 0
 0
 0
 0
 0
 0
 0
 0
 0
 0
 0
 0
 0
 0
 0
 0
 0
 0
 0
 0
 0
 0
 0
 0
 0
 0
 0
 0
 0
 0
 0
 0
 0
 0
 0
 0
 0
 0
 0
 0
 0
 0
 0
 0
 0
 0
 0
 0
 0
 0
 0
 0
 0
 0
 0
 0
 0
 0
 0
 0
 0
 0
 0
 0
 0
 0
 0
 0
 0
 0
 0
 0
 0
 0
 0
 0
 0
 0
 0
 0
 0
 0
 0
 0
 0
 0
 0
 0
 0
 0
 0
 0
 0
 0
 0
 0
 0
 0
 0
 0
 0
 0
 0
 0
 0
 0
 0
 0
 0
 0
 0
 0
 0
 0
 0
 0
 0
 0
 0
 0
 0
 0
 0
 0
 0
 0
 0
 0
 0
 0
 0
 0
 0
 0
 0
 0
 0
 0
 0
 0
 0
 0
 0
 0
 0
 0
 0
 0
 0
 0
 0
 0
 0
 0
 0
 0
 0
 0
 0
 0
 0
 0
 0
 0
 0
 0
 0
 0
 0
 0
 0
 0
 0
 0
 0
 0
 0
 0
 0
 0
 0
 0
 0
 0
 0
 0
 0
 0
 0
 0
 0
 0
 0
 0
 0
 0
 0
 0
 0
 0
 0
 0
 0
 0
 0
 0
 0
 0
 0
 0
 0
 0
 0
 0
 0
 0
 0
 0
 0
 0
 0
 0
 0
 0
 0
 0
 0
 0
 0
 0
 0
 0
 0
 0
 0
 0
 0
 0
 0
 0
 0
 0
 0
 0
 0
 0
 0
 0
 0
 0
 0
 0
 0
 0
 0
 0
 0
 0
 0
 0
 0
 0
 0
 0
 0
 0
 0
 0
 0
 0
 0
 0
 0
 0
 0
 0
 0
 9.43398
 0
 10.4403
 10.4403
 10.4881
 0
 0
 0
 0
 0
 0
 0
 0
 0
 0
 0
 0
 0
 0
 0
 0
 0
 0
 0
 0
 0
 0
 0
 0
 0
 0
 0
 0
 0
 0
 0
 0
 0
 0
 0
 0
 0
 0
 0
 0
 0
 0
 0
 0
 0
 0
 0
 0
 0
 0
 0
 0
 0
 0
 0
 0
 0
 1
 0
 0
 0
 0
 0
 0
 0
 0
 0
 0
 0
 0
 0
 0
 0
 0
 0
 0
 0
 0
 0
 0
 0
 0
 0
 0
 0
 0
 0
 0
 0
 0
 0
 0
 0
 0
 0
 0
 0
 0
 0
 0
 0
 0
 0
 0
 0
 0
 0
 0
 0
 0
 0
 0
 0
 0
 29.6816
 31.1609
 28.4253
