 36.2215
 34.3657
 35.7631
 49.224
 34.6987
 49.051
 32.1559
 45.9783
 26.8701
 41.7493
 24.0624
 35.9305
 22.2935
 35.4542
 18.8944
 35.5809
 15.1658
 26.0192
 14.4222
 25.9808
 12.4499
 23.2379
 23.0651
 12.2882
 12.3693
 17.72
 9.05539
 2.64575
 19.8997
 5.65685
 24.3516
 4
 18.0555
 4.79583
 4.79583
 1.41421
 10.6301
 24.4131
 24.4131
 1.41421
 27.9106
 11.4455
 11.4455
 2.44949
 12.9228
 28.2135
 3.74166
 3.74166
 13.6748
 13.6748
 5.74456
 32.8938
 14.9332
 14.9332
 7.54983
 19.8746
 11.0905
 11.0905
 18.2757
 8.83176
 38.8587
 21.8861
 38.3406
 22.3383
 10.8628
 37.4433
 24.4336
 14.5258
 14.5258
 24.96
 16.6733
 26.4386
 15.0665
 25.6125
 15.906
 23.8118
 15.8745
 26
 16.6433
 24.98
 16.4012
 26.0384
 18.6279
 23.8747
 19.0263
 24.2487
 19.0526
 25.2389
 18.0278
 26.4575
 18.6548
 19.6977
 26.5895
 26.5141
 18
 23
 18.6011
 22.7816
 18.8149
 17.0587
 24.5967
 18.2483
 25.1396
 27.2213
 19.0263
 27.1293
 19.5704
 27.313
 18.7083
 17.8326
 27.1662
 24.3311
 10.247
 19.7737
 10.7238
 19.1833
 7.93725
 18.1108
 7.68115
 18.6815
 8.3666
 9.43398
 17.2047
 11.3137
 20.3224
 15.0333
 22.7596
 24.454
 16
 25.9615
 16.8819
 25.8457
 17.4642
 26.8701
 17.2627
 26.3818
 18.2209
 26.096
 17.2916
 26.1916
 18.1384
 24.3311
 17.9722
 22.7596
 18
 16.8819
 22.6495
 17.2916
 23.2809
 15.0665
 24.779
 17.9444
 22.1133
 21.8861
 16.0935
 20.1742
 14.4914
 20.347
 13.1909
 12.7279
 19.4422
 19.4165
 12.8841
 11.8322
 18.3848
 12.7671
 19.3132
 20.2731
 14.0357
 14.8997
 20.9762
 22.5832
 15.5242
 22.2261
 16.9115
 17.1756
 23.3452
 16.7033
 19.9499
 22.2486
 17
 21.0238
 10.4881
 13.4907
 14.9332
 12.083
 13.4536
 11
 12.3288
 13.0767
 8.88819
 9
 11.4455
 3.31662
 9
 5
 2.64575
 2.64575
 0
 0
 0
 0
 4.58258
 6
 5.09902
 10.1489
 8
 10
 12.0416
 11.9164
 14.4914
 14.4914
 17.3494
 17.3205
 19.6723
 17.3781
 19.6723
 19.8494
 20.9284
 20.347
 21.095
 17
 12.8452
 19.3132
 17.7482
 14.4914
 17.5784
 13.784
 17.1172
 15.2643
 17.2916
 11.6189
 17.1464
 13.6015
 0
 0
 0
 0
 0
 0
 0
 0
 0
 0
 6.78233
 13.4164
 11.5758
 1
 11.8322
 4.58258
 9.84886
 9.84886
 9.84886
 0
 0
 0
 0
 0
 0
 0
 0
 0
 0
 0
 0
 0
 0
 0
 0
 0
 0
 0
 0
 0
 0
 0
 0
 0
 0
 0
 0
 0
 0
 0
 0
 0
 0
 0
 0
 0
 0
 0
 0
 0
 0
 0
 0
 0
 0
 0
 0
 0
 0
 0
 0
 0
 0
 0
 0
 0
 0
 0
 0
 0
 0
 0
 0
 0
 0
 0
 0
 0
 0
 0
 0
 0
 0
 0
 0
 0
 0
 0
 0
 0
 0
 0
 0
 0
 0
 0
 0
 0
 0
 0
 0
 4.24264
 4.24264
 4.24264
 10.583
 10.583
 10.583
 10.583
 10.583
 10.583
 10.583
 10.583
 10.583
 10.583
 10.583
 10.583
 10.583
 10.583
 10.583
 10.583
 10.583
 10.583
 10.583
 10.583
 10.583
 10.583
 10.583
 10.583
 10.583
 10.583
 10.583
 10.583
 10.583
 4.3589
 4.3589
 4.3589
 4.3589
 4.3589
 4.3589
 4.3589
 4.3589
 4.69042
 4.69042
 4.69042
 4.69042
 4.69042
 4.69042
 4.69042
 4.69042
 4.69042
 4.69042
 4.69042
 4.69042
 4.69042
 4.69042
 4.69042
 4.69042
 4.69042
 4.69042
 4.69042
 4.69042
 4.69042
 4.69042
 4.69042
 4.69042
 4.69042
 4.69042
 4.69042
 4.69042
 3.31662
 3.31662
 3.31662
 3.31662
 0
 0
 0
 0
 3.31662
 3.31662
 3.31662
 3.31662
 3.60555
 3.60555
 3.60555
 3.60555
 3.16228
 3.16228
 3.16228
 3.16228
 3.16228
 3.16228
 3.16228
 3.16228
 3.16228
 3.16228
 3.16228
 3.16228
 3.16228
 3.16228
 3.16228
 3.16228
 3.16228
 3.16228
 3.16228
 3.16228
 3.16228
 5.65685
 5.65685
 5.65685
 5.65685
 5.65685
 5.65685
 5.65685
 5.65685
 5.65685
 0
 0
 0
 0
 0
 0
 0
 0
 0
 3.31662
 3.31662
 3.31662
 3.31662
 3.31662
 3.31662
 3.31662
 3.31662
 3.31662
 3.31662
 3.31662
 3.31662
 3.31662
 3.31662
 3.31662
 3.31662
 3.31662
 3.31662
 3.31662
 3.31662
 3.31662
 3.31662
 3.31662
 3.31662
 3.31662
 3.31662
 3.31662
 3.31662
 3.31662
 3.31662
 3.31662
 3.31662
 3.31662
 3.31662
 3.31662
 3.31662
 0
 0
 0
 0
 0
 0
 0
 0
 0
 0
 0
 0
 0
 0
 0
 0
 0
 0
 0
 0
 0
 0
 0
 0
 0
 0
 0
 0
 0
 0
 0
 0
 0
 0
 0
 0
 0
 0
 0
 0
 0
 0
 0
 0
 0
 0
 0
 14.4222
 14.4222
 14.4222
 14.4222
 14.4222
 14.4222
 0
 0
 0
 0
 0
 0
 0
 0
 0
 0
 0
 0
 0
 0
 0
 0
 0
 0
 0
 0
 0
 0
 0
 0
 0
 0
 0
 0
 0
 0
 0
 0
 0
 1
 1
 1
 1
 1
 1
 1
 1
 1
 1
 1
 1
 1
 1
 1
 1
 1
 1
 1
 1
 1
 1
 0
 0
 0
 0
 0
 0
 0
 0
 0
 0
 0
 0
 0
 0
 0
 0
 0
 1
 1
 1
 1
 1
 1
 1
 1
 1
 1
 1
 1
 1
 1
 1
 1
 1
 1
 1
 1
 1
 1
 1
 1
 1
 1
 1
 1
 1
 1
 1
 1
 1
 0
 0
 0
 0
 0
 0
 0
 0
 0
 0
 0
 0
 0
 0
 0
 0
 0
 0
 0
 0
 0
 0
 0
 0
 0
 0
 0
 0
 0
 0
 0
 0
 0
 0
 0
 0
 1
 8.7178
 1
 1
 1
 1
 0
 0
 0
 0
 0
 0
 0
 0
 0
 0
 0
 0
 0
 0
 0
 0
 0
 0
 0
 0
 0
 0
 0
 0
 0
 0
 0
 1
 1
 1
 1
 1
 1
 1
 1
 1
 1
 1
 0
 1
 0
 0
 0
 0
 0
 0
 0
 0
 0
 0
 0
 0
 0
 0
 0
 0
 0
 0
 0
 0
 0
 0
 0
 0
 0
 0
 0
 0
 0
 0
 0
 0
 0
 1
 1
