 52.0673
 0
 0
 0
 0
 0
 35.1283
 46.2601
 31.3528
 39.5854
 18.5742
 28.1425
 18.9209
 25.2785
 19.2354
 28.6356
 28.6531
 32.4037
 30.2159
 38.1314
 27.5318
 32.6956
 37.8021
 24.8596
 21.8861
 31.7017
 19.6469
 5.65685
 28.3901
 16.0312
 27.1662
 7.74597
 22.2261
 9.21954
 9.21954
 7.28011
 5.56776
 24.1039
 24.1039
 10.9087
 19.3907
 8.42615
 8.42615
 6.85565
 15.1658
 20.2237
 9.69536
 9.69536
 20.2237
 20.2237
 11
 30.4467
 31.1929
 31.1929
 10.0499
 33.3467
 0
 0
 33.2265
 4.79583
 38.8587
 33.1662
 38.3406
 34.8138
 19.975
 37.4433
 32.1248
 26.1343
 35.609
 26.6083
 26.2488
 21.7486
 25.7294
 20.6882
 27.037
 30.0998
 25.2785
 41.0122
 23.1084
 42.4028
 15.1658
 40.8901
 9.69536
 39.3446
 13.5647
 39.7744
 16.6733
 36.7287
 26.3059
 32.9393
 31.7962
 30.8221
 26.2869
 25.1197
 28.2312
 28.4781
 27.6406
 38.6264
 28.688
 27.2947
 45.0666
 20.6155
 44.2267
 42.5558
 15.3623
 41.4729
 25.2785
 40.5956
 20.4206
 27.2213
 39.0384
 26.5141
 26.0768
 20.0749
 22.1811
 25.8844
 21.3073
 33.8821
 21.095
 38.3927
 22.0681
 18.6815
 38.5746
 14.8997
 35.9861
 10.198
 39.0768
 39.1408
 13.6382
 37.2156
 21.3542
 30.9839
 28.4077
 27.037
 35.609
 32.5883
 33.5261
 43.795
 29.3598
 47.1593
 29.2404
 41.9404
 28.5132
 39.8372
 23.5372
 16.5529
 37.7757
 10.7703
 37.4433
 14.4914
 37.4166
 19.1311
 28.688
 24.6171
 27.4044
 31.7017
 31.6386
 38.8458
 28.9828
 25.4951
 42.6732
 38.9358
 28.8964
 29.1719
 34.1174
 23.3666
 36.3593
 35.5387
 18.1108
 12.53
 33.8378
 27.4591
 19.3132
 25.2785
 26.7582
 30.6105
 29.4618
 29.7489
 37.5766
 43.3359
 28.178
 38.7943
 25.7876
 26.4953
 32.2335
 28.8097
 30.6594
 18.6548
 25.9808
 24.5561
 7.48331
 7.07107
 16.2788
 11.6189
 9.8995
 11.9164
 14.3178
 14.3178
 18.4662
 13.3417
 13.3417
 20.347
 10.4881
 7.81025
 15.2315
 5.38516
 6.78233
 6
 2.64575
 2
 0
 0
 9.94987
 4.12311
 21.9545
 12.8841
 19.3132
 22.6274
 13.1149
 14.1774
 5.65685
 8.7178
 1
 2.23607
 2.82843
 0
 1.41421
 1
 1.73205
 0
 3.60555
 2.23607
 4.3589
 5.19615
 0
 0
 0
 0
 0
 0
 0
 0
 0
 0
 6.78233
 7
 7.28011
 13.0384
 2.23607
 11.3137
 3.87298
 0
 0
 0
 0
 0
 0
 0
 0
 0
 0
 0
 0
 0
 0
 0
 0
 0
 0
 0
 0
 0
 0
 0
 0
 0
 0
 0
 0
 0
 0
 0
 0
 0
 0
 0
 0
 0
 0
 0
 0
 0
 0
 0
 0
 0
 0
 0
 0
 0
 0
 0
 0
 0
 0
 0
 0
 0
 0
 0
 0
 0
 0
 0
 0
 0
 0
 0
 0
 0
 0
 0
 0
 0
 0
 0
 0
 0
 0
 0
 0
 0
 0
 0
 0
 0
 0
 0
 0
 0
 0
 0
 0
 0
 0
 0
 0
 0
 0
 0
 0
 0
 0
 0
 0
 0
 0
 0
 0
 0
 0
 0
 0
 0
 0
 0
 0
 0
 0
 0
 0
 0
 0
 0
 0
 0
 0
 0
 0
 0
 0
 0
 0
 0
 0
 0
 0
 0
 0
 0
 0
 0
 0
 0
 0
 0
 0
 0
 0
 0
 0
 0
 0
 0
 0
 0
 0
 0
 0
 0
 0
 0
 0
 0
 0
 0
 0
 0
 0
 0
 0
 0
 0
 0
 0
 0
 0
 0
 0
 0
 0
 0
 0
 0
 0
 0
 0
 0
 0
 0
 0
 0
 0
 0
 0
 0
 0
 0
 0
 0
 0
 0
 0
 0
 0
 0
 0
 0
 0
 0
 0
 0
 0
 0
 0
 0
 0
 0
 0
 0
 0
 0
 0
 0
 0
 0
 0
 0
 0
 0
 0
 0
 0
 0
 0
 0
 0
 0
 0
 0
 0
 0
 0
 0
 0
 0
 0
 0
 0
 0
 0
 0
 0
 0
 0
 0
 0
 0
 0
 0
 0
 0
 0
 0
 0
 0
 0
 0
 0
 0
 0
 0
 0
 0
 0
 0
 0
 0
 0
 0
 0
 0
 0
 0
 0
 0
 0
 0
 0
 0
 0
 0
 0
 0
 0
 0
 0
 0
 0
 0
 0
 0
 0
 0
 0
 0
 0
 0
 0
 0
 0
 0
 0
 0
 0
 0
 0
 0
 0
 0
 0
 0
 0
 0
 0
 0
 0
 0
 0
 0
 0
 0
 0
 0
 0
 0
 0
 0
 0
 0
 0
 0
 0
 0
 0
 0
 0
 0
 0
 0
 0
 0
 0
 0
 0
 0
 0
 0
 0
 0
 0
 0
 0
 0
 0
 0
 0
 0
 0
 0
 0
 0
 0
 0
 0
 0
 0
 0
 0
 0
 0
 0
 0
 0
 0
 0
 0
 0
 0
 0
 0
 0
 0
 0
 0
 0
 0
 0
 0
 0
 0
 0
 0
 0
 0
 0
 0
 0
 0
 0
 0
 0
 0
 0
 0
 0
 0
 0
 0
 0
 0
 0
 0
 0
 0
 0
 0
 0
 0
 0
 0
 0
 0
 0
 0
 0
 0
 0
 0
 0
 0
 0
 0
 0
 0
 0
 0
 0
 0
 0
 0
 0
 0
 0
 0
 0
 0
 0
 0
 0
 0
 0
 0
 0
 0
 0
 0
 0
 0
 0
 0
 0
 0
 0
 0
 0
 0
 0
 0
 0
 0
 0
 0
 0
 0
 0
 0
 0
 0
 0
 0
 0
 0
 0
 0
 0
 0
 0
 0
 0
 0
 0
 0
 0
 0
 0
 0
 0
 0
 0
 0
 0
 0
 0
 0
 0
 0
 0
 0
 0
 0
 0
 0
 0
 0
 0
 0
 0
 0
