 59.4475
 0
 0
 0
 48.9694
 78.6702
 46.669
 44.2154
 39.9124
 45.6837
 32.2335
 42.638
 21.4709
 31.8277
 21.4243
 30.8221
 31.4802
 38.9102
 31.4802
 40.6448
 29.6311
 37.0675
 41.6773
 19.3391
 44.6878
 45.7821
 24.4336
 13.6015
 31.6386
 23.7697
 38.4057
 9.38083
 35.7071
 22.1811
 22.1811
 17.8326
 11.3137
 39.281
 39.281
 40.4228
 23.9165
 12.49
 12.49
 9.64365
 15.6844
 27.7489
 8
 8
 31.8748
 31.8748
 15.2971
 32.4346
 33.4813
 33.4813
 21.0713
 43.0233
 21.5174
 21.5174
 17.0294
 22.7376
 38.8587
 38.833
 38.3406
 38.6911
 28.4429
 37.4433
 46.2169
 26.6458
 35.609
 36.3593
 30.8221
 26.7395
 35.9861
 27.074
 23.9792
 34.4819
 22.2036
 46.6369
 35.5387
 42.8836
 32.249
 35.8748
 23.3666
 33.0757
 23.6008
 38.2884
 36.4555
 45.7275
 36.606
 39.2683
 32.9697
 35.4401
 33.1059
 27.0185
 31.1929
 31.8748
 31.5595
 45.8258
 33.9853
 36.4966
 43.9886
 27.4226
 49.3153
 27.0924
 28.6356
 26.0768
 25.2785
 48.1248
 35.9305
 38.3275
 41.6173
 33.3766
 28.3549
 19.3132
 21.4942
 25.04
 18.868
 38.7814
 24.454
 39.5348
 26.8328
 28.7228
 40.2119
 22.7816
 29.8831
 31.4166
 35.8748
 49.3255
 27
 42.8252
 37.1753
 30.3315
 36.8375
 26.9072
 34.6987
 31.3369
 27.8927
 48.0416
 27.313
 46.6798
 33.6749
 43.7836
 39.2428
 31.225
 37.2693
 23.1733
 45.5412
 23.5584
 44.7549
 32.0312
 33.3617
 38.4448
 30.3645
 19.8997
 37.51
 25.1396
 34.9285
 42.5323
 33.3916
 33.7639
 43.4741
 40.694
 32.8481
 32.2335
 39.5095
 31.5595
 40.7799
 40.7676
 23.3024
 15.2643
 34.7994
 24.3311
 23.0651
 20.0499
 41.7253
 38.8973
 23.5797
 39.3319
 43.1277
 47.2969
 41.9404
 42.5676
 10.247
 35.1852
 48.2597
 33.541
 35.7071
 52.9434
 32.1092
 28.8964
 12.3693
 9.69536
 14.3527
 18.1659
 7.48331
 8.66025
 27.6043
 27.6043
 20.025
 21.4709
 21.4709
 22.9347
 8.06226
 7.2111
 13.8203
 13.8203
 13.8203
 11.1803
 0
 3.4641
 7.07107
 7.07107
 4.58258
 0
 9.74679
 15.0997
 19.975
 6.48074
 17.6068
 4.12311
 0
 9.59166
 13.0384
 8
 3.87298
 3.87298
 3.87298
 3.87298
 3.87298
 4.79583
 3.4641
 10.0995
 2.64575
 3.60555
 0
 0
 0
 0
 0
 0
 0
 0
 0
 0
 17.4929
 9.16515
 1
 3
 3
 13.8924
 11.9164
 11.9164
 11.9164
 0
 0
 0
 0
 0
 0
 0
 0
 0
 0
 0
 0
 0
 0
 0
 5.56776
 5.56776
 5.56776
 5.56776
 5.56776
 3.31662
 3.31662
 3.31662
 3.31662
 3.31662
 3.31662
 3.31662
 3.31662
 3.31662
 3.31662
 3.31662
 3.31662
 3.31662
 3.31662
 2.82843
 0
 0
 0
 0
 0
 3.16228
 3.16228
 0
 0
 0
 0
 0
 0
 0
 0
 0
 0
 3.16228
 6.08276
 3.31662
 3.31662
 3.31662
 2.23607
 2.23607
 5.65685
 5.65685
 0
 0
 0
 0
 0
 3.31662
 3.31662
 3.31662
 3.31662
 3.31662
 3.31662
 3.31662
 3.31662
 3.60555
 3.60555
 3.60555
 3.60555
 3.60555
 3.60555
 3.60555
 3.60555
 3.60555
 3.60555
 3.60555
 3.60555
 0
 0
 0
 4.47214
 4.47214
 4.47214
 4.47214
 0
 0
 0
 0
 0
 0
 0
 5.2915
 5.2915
 0
 0
 0
 0
 0
 6.08276
 5.91608
 5.91608
 5.91608
 0
 0
 0
 0
 0
 0
 4.24264
 4
 0
 0
 0
 4.3589
 4.3589
 0
 0
 0
 0
 0
 0
 0
 10.247
 4.3589
 4.3589
 4.3589
 4.3589
 4.3589
 4.3589
 4.3589
 4.3589
 4.3589
 4.3589
 0
 0
 0
 0
 0
 0
 0
 7.2111
 7.2111
 7.2111
 7.2111
 7.2111
 7.2111
 7.2111
 0
 0
 0
 6.63325
 3.74166
 3.74166
 3.74166
 3.74166
 0
 6.32456
 6.32456
 6.245
 3.60555
 3.60555
 3.60555
 5.91608
 3.4641
 3.4641
 3.4641
 2.23607
 3.60555
 0
 0
 0
 3.16228
 3.16228
 3.16228
 0
 0
 0
 0
 0
 0
 0
 0
 0
 0
 0
 0
 0
 0
 0
 0
 0
 0
 0
 0
 0
 0
 1.73205
 1.41421
 1.41421
 1.41421
 0
 0
 0
 0
 0
 0
 1.41421
 1
 1
 1
 1
 1
 1
 1
 1
 1
 1
 1
 0
 0
 0
 1
 0
 0
 0
 0
 0
 0
 0
 0
 0
 0
 0
 0
 0
 0
 0
 0
 0
 0
 0
 0
 0
 0
 0
 0
 0
 0
 0
 0
 0
 0
 0
 0
 0
 0
 0
 0
 0
 0
 0
 0
 0
 0
 0
 0
 0
 0
 0
 0
 0
 0
 0
 0
 0
 0
 0
 0
 0
 0
 0
 0
 0
 0
 0
 0
 0
 1
 0
 0
 0
 0
 0
 0
 0
 1
 0
 0
 1
 1
 1
 0
 0
 0
 0
 0
 0
 0
 0
 0
 0
 0
 2.23607
 2.23607
 2.23607
 1
 1
 1
 2.64575
 1
 0
 0
 0
 1
 0
 0
 0
 1
 0
 0
 0
 0
 1.41421
 1.41421
 0
 0
 0
 0
 0
 0
 0
 0
 0
 0
 0
 0
 0
 0
 0
 0
 1.41421
 1.41421
 0
 0
 0
 0
 0
 0
 0
 0
 0
 0
 0
 0
 0
 0
 0
 0
 0
 0
 0
 0
 0
 0
 0
 0
 0
 0
 0
 0
 0
 0
 0
 0
 0
 0
 0
 0
 0
 0
 0
 0
 0
 0
 0
 0
 0
 0
 0
 0
 0
 0
 0
 0
 0
 0
 0
 0
 0
 0
 0
 0
 0
 0
 0
 0
 0
 0
 1.41421
 1.41421
 0
 0
 0
 0
 0
 0
 0
 0
 0
 0
 0
 0
 0
 0
 0
 0
 0
 0
 0
 0
 0
 0
 0
 0
 0
 0
 0
 0
 0
 0
 0
 0
 0
 0
 0
 0
 0
 0
 0
 0
 0
 0
 0
 0
 0
 1
 0
 0
 0
 0
 0
 0
 0
 1
 0
 0
 0
 0
 0
 0
 0
 1
 0
 0
 0
 0
 0
 0
 0
 0
 0
 0
 0
 0
 2
 0
 0
 0
 0
 0
 0
 0
 0
 0
 0
 0
 0
 0
 30.3974
 30.3974
 1
 1
 0
 0
 0
 0
 0
