 59.2959
 0
 0
 0
 0
 0
 0
 0
 0
 0
 0
 0
 46.5188
 61.0819
 44.6206
 61.4736
 45.5631
 60.9016
 48.4768
 61.5955
 46.6476
 60.3573
 61.8385
 46.2601
 43.1509
 58.0689
 40.7799
 24.779
 54.2218
 39.4588
 56.8946
 25.7876
 47.833
 40.0749
 40.0749
 29.1204
 37.9342
 55.6058
 90.4986
 90.4986
 53.2071
 39.5601
 88.2156
 88.2156
 42.1189
 53.4696
 33.0303
 33.0303
 47.7389
 83.1144
 37.3497
 65.9773
 53.4322
 81.4371
 36.4417
 56.6657
 34.4819
 80.3866
 56.2939
 33.2566
 38.8587
 56.1427
 38.3406
 59.338
 43.0116
 37.4433
 60.3656
 46.9468
 35.609
 60.9918
 49.8899
 56.3205
 46.6154
 56.1516
 48.9081
 58.7282
 46.8402
 65.3835
 49.0408
 67.4166
 48.4768
 68.6222
 46.0217
 63.7417
 45.4313
 65.7267
 46.3573
 65.1767
 50.1597
 64.1483
 52.0769
 54.3599
 60.8687
 58.5406
 53.8238
 61.2127
 55.2811
 64.7302
 53.591
 55.0818
 69.2604
 49.8197
 73.7021
 70.5195
 47.7074
 71.2671
 25.2785
 72.9863
 49.0816
 55.1906
 68.3667
 60.6548
 49.95
 53.4228
 49.7695
 56.7098
 49.4571
 61.0655
 49.8999
 63.7024
 50.309
 48.9183
 67.4166
 45.3762
 68.8259
 46.3033
 71.5192
 73.9324
 49.8297
 69.5126
 51.7107
 64.0156
 57.4543
 61.6847
 56.0625
 67.164
 58.7537
 70.6116
 58.9746
 74.1485
 61.3188
 74.0608
 62.1208
 70.5479
 56.3028
 50.9706
 70.7672
 47.2123
 73.089
 52.9434
 68.4178
 54.4702
 61.5224
 58.7792
 58.5406
 64.039
 52.6498
 69.2243
 57.7148
 57.81
 69.4046
 71.5122
 57.7321
 59.5903
 68.6294
 55.4707
 70.6612
 71.6659
 50.3686
 49.8297
 69.527
 63.0397
 54.2955
 57.8014
 58.5406
 61.2699
 66.1816
 62.3057
 70.0714
 72.3049
 61.9274
 72.4224
 61.8951
 60.3904
 68.3667
 61.7657
 66.9029
 54.4977
 65.6201
 62.0967
 45.5412
 44.587
 53.6004
 48.8672
 45.5192
 50.2892
 49.366
 84.1903
 48.8467
 50.3587
 89.3141
 51.5267
 44.833
 43.382
 49.1325
 41.3521
 45.4533
 44.3734
 38.3145
 37.8286
 41.4849
 41.4849
 23.9165
 35.1141
 15.9687
 25.1794
 19.3649
 20.1742
 24.3721
 23.388
 30.3974
 31.3209
 36.4966
 32.2025
 37.4967
 34.1321
 36.9053
 34.6987
 34.6554
 36.7151
 38.6652
 39.37
 35.2136
 33.6006
 0
 0
 0
 0
 0
 0
 0
 0
 0
 0
 42.5088
 39.2683
 43.6807
 47.4868
 38.7298
 46.5403
 45.0222
 45.0222
 45.0222
 0
 0
 0
 0
 0
 0
 0
 0
 0
 0
 0
 0
 0
 0
 0
 0
 0
 0
 0
 0
 0
 0
 0
 0
 0
 0
 0
 0
 0
 0
 0
 0
 0
 0
 0
 0
 0
 0
 0
 0
 0
 0
 0
 0
 0
 0
 0
 3
 3
 3
 3
 3
 0
 0
 0
 0
 0
 0
 0
 0
 0
 0
 0
 0
 0
 0
 0
 0
 0
 0
 0
 0
 0
 0
 0
 0
 0
 0
 0
 0
 0
 0
 0
 0
 0
 0
 0
 0
 0
 0
 0
 0
 0
 0
 0
 0
 0
 0
 0
 0
 0
 0
 0
 0
 0
 0
 0
 0
 0
 12.2066
 12.2066
 12.2066
 12.2066
 12.2066
 1.41421
 1.41421
 1.41421
 1.41421
 0
 0
 0
 0
 0
 0
 0
 0
 0
 0
 0
 0
 0
 0
 0
 0
 0
 0
 0
 0
 0
 0
 0
 0
 0
 0
 0
 0
 0
 0
 0
 0
 0
 0
 0
 0
 0
 0
 0
 0
 0
 0
 0
 0
 0
 0
 0
 0
 0
 0
 0
 0
 0
 0
 0
 0
 0
 0
 0
 0
 0
 0
 0
 0
 0
 0
 0
 0
 0
 0
 0
 0
 0
 0
 0
 0
 0
 0
 0
 0
 0
 0
 0
 0
 0
 0
 0
 0
 0
 0
 0
 0
 0
 0
 0
 0
 0
 0
 0
 0
 0
 0
 0
 0
 0
 0
 0
 0
 0
 0
 0
 0
 0
 0
 0
 0
 0
 0
 0
 0
 0
 0
 0
 0
 0
 0
 0
 0
 0
 0
 0
 0
 0
 0
 0
 0
 0
 0
 0
 0
 0
 0
 0
 0
 0
 0
 0
 0
 0
 0
 0
 0
 0
 0
 0
 0
 0
 0
 0
 0
 0
 0
 0
 0
 0
 0
 0
 0
 0
 0
 0
 0
 0
 0
 0
 0
 0
 0
 0
 0
 0
 0
 0
 0
 0
 0
 0
 0
 0
 0
 0
 0
 0
 0
 0
 0
 0
 0
 0
 0
 0
 0
 0
 0
 0
 0
 0
 0
 0
 0
 0
 0
 0
 0
 0
 0
 0
 0
 0
 0
 0
 0
 0
 0
 0
 0
 0
 0
 0
 0
 0
 0
 0
 0
 0
 0
 0
 0
 0
 0
 0
 0
 0
 0
 0
 0
 0
 0
 0
 0
 0
 0
 0
 0
 0
 0
 0
 0
 0
 0
 0
 0
 0
 0
 0
 0
 0
 0
 0
 0
 0
 0
 0
 0
 0
 0
 0
 0
 0
 0
 0
 0
 0
 0
 0
 0
 0
 0
 0
 0
 0
 0
 0
 0
 0
 0
 0
 0
 0
 0
 0
 0
 0
 0
 0
 0
 0
 0
 0
 0
 0
 0
 0
 0
 0
 0
 0
 0
 0
 0
 0
 0
 0
 0
 0
 0
 0
 0
 0
 0
 0
 0
 0
 0
 0
 0
 0
 0
 0
 0
 0
 0
 0
 0
 0
 0
 0
 0
 0
 0
 0
 0
 0
 0
 0
 0
 0
 0
 0
 0
 0
 0
 0
 0
 0
 0
 0
 0
 0
 0
 0
 0
 0
 0
 0
 0
 0
 0
 0
 0
 0
 0
 0
 0
 0
 0
 0
 0
 0
 0
 0
 0
 0
 0
 0
 0
 0
 0
 0
 0
 0
 0
 0
 0
 0
 0
 0
 28.4253
