 65.7951
 0
 0
 0
 0
 26.1916
 66.6408
 86.0116
 66.3551
 80.5667
 63.1744
 77.3886
 59.8164
 74.2563
 62.0403
 75.7166
 60.663
 76.3872
 61.6928
 75.8947
 52.1632
 69.4982
 68.695
 49.8297
 47.1487
 65.307
 46.7547
 36.0832
 64.9538
 53.507
 68.942
 36.1109
 69.383
 55.254
 79.9125
 35.2704
 53.8238
 70.9859
 77.2593
 38.1707
 70.3704
 54.4426
 74.0675
 42.9767
 57.2538
 70.6895
 45.913
 71.7426
 62.1048
 71.7008
 52.8678
 79.8624
 64.9153
 69.0941
 51.2738
 65.0615
 51.9423
 67.1937
 64.591
 53.3667
 38.8587
 68.695
 38.3406
 73.2462
 56.3826
 37.4433
 77.6273
 59.0678
 35.609
 78.905
 57.4108
 73.2325
 56.8419
 72.0555
 62.49
 69.1303
 63.2535
 76.8049
 67.1193
 74.081
 63.0079
 72.4293
 65.4828
 77.408
 62.49
 79.5236
 55.848
 85.6388
 66.4831
 83.9405
 62.498
 59.2959
 77.7046
 74.9266
 62.3939
 72.6223
 68.0441
 72.5741
 69.8284
 73.9865
 77.9744
 69.9214
 74.263
 80.7837
 70.6612
 84.9235
 84.9235
 89.3588
 57.0789
 69.685
 90.3604
 80.7341
 54.4059
 76.7203
 54.6077
 66.4003
 55.9017
 64.405
 60.3573
 70.7178
 65.0769
 68.4105
 71.9444
 61.5467
 78.3964
 67.335
 82.7406
 90.3272
 60.9672
 92.6067
 55.5518
 83.1745
 73.6953
 78.5748
 63.3561
 73.0137
 63.8279
 90.8295
 66.7233
 79.4544
 72.4224
 75.04
 77.2593
 80.486
 75.9539
 67.9191
 86.3829
 65.2074
 88.6059
 57.3847
 90.824
 74.8398
 78.5684
 76.7203
 61.709
 70.5691
 57.6715
 88.3799
 63.3719
 68.2129
 76.0066
 71.1758
 73.0685
 73.9121
 79.3347
 76.922
 84.5695
 89.9222
 71.9236
 67.5944
 92.1792
 87.4185
 56.3471
 83.7138
 79.0633
 71.5612
 73.2393
 60.918
 91.4112
 77.2269
 67.8012
 71.7426
 74.8198
 77.9744
 76.974
 81
 80.8332
 75.4652
 83.8689
 85.9767
 69.1375
 58.3952
 80.5171
 46.9468
 74.1418
 59.95
 68.3959
 70.2638
 46.4435
 73.7089
 73.2188
 52.7826
 46.076
 51.8556
 49.2341
 57.9741
 54
 60.1747
 58.0345
 60.7124
 60.6795
 99.6243
 99.6243
 58.5833
 39.5854
 40.5832
 44.4185
 28.5832
 31.749
 18.3848
 52.7636
 51.9038
 101.143
 101.143
 101.143
 101.143
 101.143
 101.143
 52.9811
 54.8544
 57.1664
 59.6657
 61.0819
 58.7622
 58.7622
 58.7622
 58.7622
 58.7622
 58.7622
 58.7622
 58.7622
 58.7622
 58.7622
 58.7622
 40.0125
 40.9878
 47.5605
 56.9122
 56.3028
 62.514
 64.2651
 64.2651
 64.2651
 64.2651
 64.2651
 64.2651
 64.2651
 64.2651
 64.2651
 64.2651
 64.2651
 64.2651
 64.2651
 64.2651
 64.2651
 64.2651
 64.2651
 64.2651
 64.2651
 64.2651
 64.2651
 64.2651
 64.2651
 64.2651
 64.2651
 64.2651
 64.2651
 64.2651
 64.2651
 64.2651
 64.2651
 64.2651
 64.2651
 64.2651
 64.2651
 64.2651
 64.2651
 64.2651
 64.2651
 64.2651
 64.2651
 64.2651
 64.2651
 64.2651
 64.2651
 64.2651
 64.2651
 64.2651
 64.2651
 64.2651
 64.2651
 64.2651
 64.2651
 64.2651
 64.2651
 64.2651
 64.2651
 64.2651
 64.2651
 64.2651
 64.2651
 64.2651
 64.2651
 64.2651
 64.2651
 64.2651
 64.2651
 64.2651
 64.2651
 64.2651
 64.2651
 64.2651
 64.2651
 64.2651
 64.2651
 64.2651
 64.2651
 64.2651
 64.2651
 64.2651
 64.2651
 64.2651
 64.2651
 64.2651
 64.2651
 64.2651
 64.2651
 64.2651
 64.2651
 64.2651
 64.2651
 64.2651
 64.2651
 64.2651
 64.2651
 64.2651
 64.2651
 64.2651
 64.2651
 64.2651
 64.2651
 64.2651
 64.2651
 64.2651
 64.2651
 64.2651
 64.2651
 64.2651
 64.2651
 64.2651
 64.2651
 64.2651
 64.2651
 64.2651
 64.2651
 64.2651
 64.2651
 64.2651
 64.2651
 64.2651
 64.2651
 64.2651
 64.2651
 64.2651
 64.2651
 64.2651
 64.2651
 64.2651
 64.2651
 64.2651
 64.2651
 64.2651
 64.2651
 64.2651
 64.2651
 64.2651
 64.2651
 64.2651
 64.2651
 64.2651
 64.2651
 64.2651
 64.2651
 64.2651
 64.2651
 64.2651
 64.2651
 64.2651
 64.2651
 64.2651
 64.2651
 64.2651
 64.2651
 64.2651
 64.2651
 64.2651
 64.2651
 64.2651
 64.2651
 64.2651
 64.2651
 64.2651
 64.2651
 64.2651
 64.2651
 64.2651
 64.2651
 64.2651
 64.2651
 64.2651
 64.2651
 64.2651
 64.2651
 64.2651
 64.2651
 64.2651
 64.2651
 64.2651
 64.2651
 64.2651
 64.2651
 64.2651
 64.2651
 64.2651
 64.2651
 64.2651
 64.2651
 64.2651
 64.2651
 64.2651
 64.2651
 64.2651
 64.2651
 64.2651
 64.2651
 64.2651
 64.2651
 64.2651
 64.2651
 64.2651
 64.2651
 64.2651
 64.2651
 64.2651
 64.2651
 64.2651
 64.2651
 64.2651
 64.2651
 64.2651
 64.2651
 64.2651
 64.2651
 64.2651
 64.2651
 64.2651
 64.2651
 64.2651
 64.2651
 64.2651
 64.2651
 64.2651
 64.2651
 64.2651
 64.2651
 64.2651
 64.2651
 64.2651
 64.2651
 64.2651
 64.2651
 64.2651
 64.2651
 64.2651
 64.2651
 64.2651
 64.2651
 64.2651
 64.2651
 64.2651
 64.2651
 64.2651
 64.2651
 64.2651
 64.2651
 64.2651
 64.2651
 64.2651
 64.2651
 64.2651
 64.2651
 64.2651
 64.2651
 64.2651
 64.2651
 64.2651
 64.2651
 64.2651
 64.2651
 64.2651
 64.2651
 64.2651
 64.2651
 64.2651
 64.2651
 64.2651
 64.2651
 64.2651
 64.2651
 64.2651
 64.2651
 64.2651
 64.2651
 64.2651
 64.2651
 64.2651
 64.2651
 64.2651
 64.2651
 64.2651
 64.2651
 64.2651
 64.2651
 64.2651
 64.2651
 64.2651
 64.2651
 64.2651
 64.2651
 64.2651
 64.2651
 64.2651
 64.2651
 64.2651
 64.2651
 64.2651
 64.2651
 64.2651
 64.2651
 64.2651
 64.2651
 14.4222
 1
 1
 1
 1
 0
 0
 0
 0
 1
 1
 1
 1
 0
 0
 0
 0
 1
 1
 1
 1
 1
 1
 1
 1
 0
 0
 0
 0
 0
 0
 0
 0
 0
 0
 0
 0
 0
 0
 1
 0
 0
 0
 0
 0
 1
 1
 1
 1
 1
 1
 0
 1
 1
 1
 1
 1
 1
 1
 0
 0
 0
 0
 1
 1
 1
 1
 1
 1
 1
 1
 1
 1
 0
 0
 0
 0
 0
 0
 0
 0
 0
 0
 0
 0
 0
 0
 0
 0
 0
 0
 0
 0
 0
 0
 0
 0
 0
 0
 1
 1
 1
 1
 0
 0
 0
 0
 0
 0
 0
 0
 0
 0
 0
 0
 0
 0
 0
 0
 0
 0
 0
 0
 0
 0
 0
 0
 0
 0
 1
 1
 1
 1
 1
 1
 1
 1
 1
 1
 1
 1
 1
 1
 1
 1
 1
 1
 1
 1
 1
 1
 0
 0
 0
 0
 0
 1
 0
 0
 0
 0
 0
 0
 0
 0
 0
 0
 0
 1
 1
 1
 1
 1
 1
 1
 1
 1
 0
 0
 0
 0
 0
 0
 0
 0
 0
 0
 0
 0
 0
 1
 1
 1
 1
 1
 1
 1
 1
 1
 0
 0
 0
 0
 0
 0
 1
 1
 1
 1
 1
 1
 1
 1
 0
 0
 0
 0
 0
 0
 0
 0
 0
 0
 0
 0
 0
 0
 1
