 36.0971
 35.5809
 37.6829
 49.5076
 36.8375
 50.7839
 30.3315
 44.6206
 27.3313
 43.382
 23.0651
 36.1663
 21.2603
 34
 18.6548
 32.3419
 15.843
 26.6833
 16.0312
 27.4591
 13.9284
 23.9165
 23.5584
 11.4891
 10.9545
 19
 7.61577
 2.44949
 18.4932
 4.69042
 22.1133
 3.87298
 17.7482
 4.69042
 4.69042
 1
 8.06226
 22.4944
 22.4944
 1
 25.8263
 10.4403
 10.4403
 2.23607
 12.7279
 27.1293
 3.31662
 3.31662
 13.4907
 13.4907
 5.83095
 33.4963
 16.4012
 16.4012
 7.61577
 20.2731
 9.84886
 9.84886
 18.6815
 10.198
 38.8587
 21.4476
 38.3406
 20.8567
 11.4891
 37.4433
 23.3238
 14.8997
 35.609
 25.02
 16.5529
 24.4745
 15.4272
 24.6374
 16.1245
 24.4949
 16.2173
 26.7021
 16.9706
 27.3313
 16.2788
 26.5707
 18.3848
 24.2281
 19.6469
 25.632
 19.0526
 25.7876
 18.9473
 27.1293
 20.199
 20.0749
 27.2764
 26.3249
 16.6433
 24.3721
 16.9411
 25.318
 17.7764
 16.7033
 27.8209
 18.0555
 27.5318
 27.6043
 19.4936
 27.4955
 25.2785
 28
 19.5192
 19.6723
 27.8209
 24.8395
 13.6382
 20.9762
 10
 20.8806
 7.74597
 20.7605
 7.54983
 21.5407
 7.54983
 8.18535
 20.7123
 10.9087
 21.6564
 14.0712
 23.388
 25.02
 16.5831
 26.533
 17.5214
 26.6083
 18.0555
 27.5136
 18.7083
 27
 18.6011
 28.3019
 17.5214
 28.5832
 18.303
 26.8328
 18.4391
 25.632
 17.6635
 15.6844
 23.7908
 15.2971
 22.9347
 14.6287
 25.219
 16.5529
 22.5389
 22.6936
 16.5227
 22.0227
 15.9374
 22.891
 14.3178
 13.7477
 22.5167
 20.664
 13.0767
 12.2066
 19.4679
 13.1529
 20.3715
 21.3073
 15.1658
 15.5885
 22.0907
 22.7596
 16.1555
 23.3238
 17.2627
 18.5203
 24.4745
 18.5472
 22.8035
 23.4947
 16.9411
 23.0868
 12.3288
 13.5647
 17.5784
 13.0767
 14.2829
 11.2694
 12.4097
 13.1149
 9.11043
 8.12404
 12.3693
 3.31662
 8.94427
 5.91608
 3.4641
 3.4641
 1.41421
 1
 1
 2.64575
 3.87298
 5.38516
 1.73205
 9.27362
 6.55744
 9.43398
 11.3137
 12.1655
 13.9284
 13.9284
 17.6918
 17.72
 19.975
 17.8326
 20
 19.3907
 20.347
 19.799
 19.8242
 17.4642
 12.4499
 18.1384
 16.5529
 14.2127
 16.4317
 13.5647
 16.8819
 15.0665
 17.0587
 11.4018
 17
 14.2829
 0
 0
 0
 0
 0
 0
 0
 0
 0
 0
 6.85565
 12.7671
 10.8167
 0
 12.0416
 3.16228
 10.198
 10.198
 10.198
 0
 0
 0
 0
 0
 0
 0
 0
 0
 0
 0
 0
 0
 0
 0
 0
 0
 0
 0
 0
 0
 0
 0
 0
 0
 0
 0
 0
 0
 0
 0
 0
 0
 0
 0
 0
 0
 0
 0
 0
 0
 0
 0
 0
 0
 0
 0
 0
 0
 0
 0
 0
 0
 0
 0
 0
 0
 0
 0
 0
 0
 0
 0
 0
 0
 0
 0
 0
 0
 0
 0
 0
 0
 0
 0
 0
 0
 0
 0
 0
 0
 0
 0
 0
 0
 0
 0
 0
 0
 7.61577
 7.61577
 7.61577
 7.61577
 7.61577
 4.24264
 4.24264
 4.24264
 4.24264
 4.24264
 4.24264
 4.24264
 4.24264
 4.24264
 4.24264
 4.24264
 4.24264
 4.24264
 4.24264
 4.24264
 4.24264
 4.24264
 4.24264
 4.24264
 4.24264
 4.24264
 4.24264
 4.24264
 4.24264
 4.24264
 4.24264
 4.24264
 4.24264
 4.24264
 4.24264
 4.24264
 4.24264
 4.24264
 4.24264
 4.24264
 4.24264
 4.24264
 4.24264
 4.69042
 4.69042
 4.69042
 4.69042
 4.69042
 4.69042
 4.69042
 4.69042
 4.69042
 4.69042
 4.69042
 4.69042
 4.69042
 4.69042
 4.69042
 4.69042
 4.69042
 4.69042
 4.69042
 4.69042
 4.69042
 4.69042
 4.69042
 4.69042
 4.69042
 4.69042
 4.69042
 4.69042
 3.31662
 3.31662
 3.31662
 3.31662
 0
 0
 0
 0
 3.31662
 3.31662
 3.31662
 3.31662
 3.60555
 3.60555
 3.60555
 3.60555
 3.16228
 3.16228
 3.16228
 3.16228
 3.16228
 3.16228
 3.16228
 3.16228
 3.16228
 3.16228
 3.16228
 3.16228
 3.16228
 3.16228
 3.16228
 3.16228
 3.16228
 3.16228
 3.16228
 3.16228
 3.16228
 5.65685
 5.65685
 5.65685
 5.65685
 5.65685
 5.65685
 5.65685
 5.65685
 5.65685
 0
 0
 0
 0
 0
 0
 0
 0
 0
 3.31662
 3.31662
 3.31662
 3.31662
 3.31662
 3.31662
 3.31662
 3.31662
 3.31662
 3.31662
 3.31662
 3.31662
 3.31662
 3.31662
 3.31662
 3.31662
 3.31662
 3.31662
 3.31662
 3.31662
 3.31662
 3.31662
 3.31662
 3.31662
 3.31662
 3.31662
 3.31662
 3.31662
 3.31662
 3.31662
 3.31662
 3.31662
 3.31662
 3.31662
 3.31662
 3.31662
 0
 0
 0
 0
 0
 0
 0
 0
 0
 0
 0
 0
 0
 0
 0
 0
 0
 0
 0
 0
 0
 0
 0
 0
 0
 0
 0
 0
 0
 0
 0
 0
 0
 0
 0
 0
 0
 0
 0
 0
 0
 0
 0
 0
 0
 0
 0
 0
 0
 0
 0
 0
 0
 0
 0
 0
 0
 0
 0
 0
 0
 0
 0
 0
 0
 0
 0
 0
 0
 0
 0
 0
 0
 0
 0
 0
 0
 0
 0
 0
 0
 0
 0
 0
 0
 0
 0
 0
 0
 0
 0
 0
 0
 0
 0
 0
 0
 0
 0
 0
 0
 0
 0
 0
 0
 0
 0
 0
 0
 0
 0
 0
 0
 0
 0
 0
 0
 0
 0
 1
 1
 1
 1
 1
 1
 1
 1
 1
 1
 1
 1
 1
 1
 1
 1
 1
 1
 1
 1
 1
 1
 1
 1
 1
 1
 1
 1
 1
 1
 1
 1
 1
 1
 1
 1
 1
 1
 1
 0
 0
 0
 0
 0
 0
 0
 0
 0
 0
 0
 0
 0
 0
 0
 0
 0
 0
 0
 0
 0
 0
 0
 0
 0
 0
 0
 0
 0
 0
 0
 0
 0
 0
 0
 0
 1
 1
 1
 1
 1
 1
 0
 0
 0
 0
 0
 0
 0
 0
 0
 0
 0
 0
 0
 0
 0
 0
 0
 0
 0
 0
 0
 1
 1
 1
 1
 1
 1
 1
 1
 1
 1
 1
 1
 1
 1
 1
 1
 1
 1
 1
 0
 0
 0
 0
 0
 0
 0
 0
 0
 0
 0
 0
 0
 0
 0
 0
 0
 0
 0
 0
 0
 0
 0
 0
 0
 0
 0
 0
 0
 0
 0
 0
 0
 0
 1
