 29.3598
 31.7805
 39.7869
 52.5357
 27.0185
 26.1916
 27.313
 41.3884
 26.3818
 42
 21.6333
 35.0428
 17.5214
 31.1288
 15.906
 29.7658
 15
 27.5862
 14.1774
 27.6586
 11.4455
 22.8035
 14.3527
 4.69042
 5.09902
 11.6189
 4.3589
 6.63325
 16.6733
 3.31662
 18.8944
 7.07107
 15.8114
 0
 0
 3.4641
 2.23607
 16.4621
 42.4971
 1
 21.8632
 6.63325
 42.5441
 0
 9.8995
 24.6779
 0
 0
 13.6015
 13.6015
 5.19615
 28.6007
 14.6629
 14.6629
 36.3318
 16
 8.88819
 8.88819
 14.2127
 39.7115
 39.7115
 16.7631
 16.7631
 16.3707
 7.68115
 7.68115
 18.9737
 14.6969
 14.6969
 18.1659
 14.6287
 21.8632
 13.8924
 22.6936
 14.5945
 22.561
 15.1658
 23.2379
 16.0935
 23.2809
 16.0624
 23.7697
 17.7482
 18.0555
 18.6815
 19.3391
 18.1934
 19.6469
 18.4391
 21.6795
 19.8494
 17.3494
 22.6495
 21.9089
 14.5945
 22.6274
 15.906
 24.6982
 16.4012
 15.6844
 24.2281
 17.3494
 24.6171
 20.3961
 18.8414
 20.2978
 18.3848
 21.0238
 18.868
 19.2094
 21.6564
 17.8606
 10.7238
 15.2971
 8
 14.5258
 5.83095
 15.0997
 6.32456
 13.2288
 6.9282
 6.16441
 12.8062
 9.16515
 14
 12.9228
 15.5563
 17.2337
 15.748
 17.6352
 17.3494
 18.3848
 18.0555
 20.4695
 18.4932
 20.9523
 15.7797
 20.4695
 14.7309
 20.7364
 15.3948
 15.7162
 16.7033
 13.2665
 11.4455
 11.7898
 13.2288
 12.3288
 13.0384
 13.4536
 13.8203
 14
 13.784
 14.7309
 12.5698
 12.4097
 12.6491
 14.1774
 11.4455
 9.27362
 11.3578
 11.1803
 7.74597
 6.7082
 8.83176
 5.47723
 10.247
 8.06226
 6.245
 7.2111
 9.69536
 10.5357
 9.69536
 11.2694
 9.27362
 7.87401
 12.2066
 7.28011
 11.4891
 11.2694
 6.40312
 10.8628
 4.12311
 3.87298
 5.38516
 0
 3.74166
 1
 1.73205
 0
 2.23607
 2.23607
 0
 2.82843
 1.41421
 3.4641
 6.9282
 6.9282
 9.79796
 9.21954
 9.21954
 11.1803
 12.6491
 13.5277
 14.1067
 16.6132
 17.8885
 19.2354
 20.347
 21.0713
 24.3721
 24.3721
 26.4575
 28.1957
 28.8097
 30.0666
 29.6479
 29.8998
 32.573
 32.1092
 31.8904
 28.8617
 26.3629
 28.5832
 29.5973
 27.1846
 27.6948
 25.7488
 29.1033
 25.4951
 30.1662
 23.6008
 30.0666
 26.5518
 0
 0
 0
 0
 0
 0
 0
 0
 0
 0
 19.0526
 25.7876
 23.0217
 11.9164
 24.2281
 14.3875
 22.2935
 22.2935
 22.2935
 0
 0
 0
 0
 0
 0
 0
 0
 0
 0
 0
 0
 0
 0
 0
 0
 0
 0
 0
 0
 0
 0
 0
 0
 0
 0
 0
 0
 0
 0
 0
 0
 0
 0
 0
 0
 0
 0
 0
 0
 0
 0
 0
 0
 0
 0
 0
 0
 0
 0
 0
 0
 0
 0
 0
 0
 0
 0
 0
 0
 0
 0
 0
 0
 0
 0
 0
 0
 0
 0
 0
 0
 0
 0
 0
 0
 0
 0
 0
 0
 0
 0
 0
 0
 0
 0
 0
 0
 0
 0
 0
 0
 0
 0
 0
 0
 0
 0
 0
 0
 0
 0
 0
 0
 0
 0
 0
 0
 0
 0
 0
 0
 0
 0
 0
 0
 0
 0
 0
 0
 0
 0
 0
 0
 0
 0
 0
 0
 0
 0
 0
 0
 0
 0
 0
 0
 0
 0
 0
 0
 0
 0
 0
 0
 0
 0
 0
 0
 0
 0
 0
 0
 0
 0
 0
 0
 0
 0
 0
 0
 0
 0
 0
 0
 0
 0
 0
 0
 0
 0
 0
 0
 0
 0
 0
 0
 0
 0
 0
 0
 0
 0
 0
 0
 0
 0
 0
 0
 0
 0
 0
 0
 0
 0
 0
 0
 0
 0
 0
 0
 0
 0
 0
 0
 0
 0
 0
 0
 0
 0
 0
 0
 0
 0
 0
 0
 0
 0
 0
 0
 0
 0
 0
 0
 0
 0
 0
 0
 0
 0
 0
 0
 0
 0
 0
 0
 0
 0
 0
 0
 0
 0
 0
 0
 0
 0
 0
 0
 0
 0
 0
 0
 0
 0
 0
 0
 0
 0
 0
 0
 0
 0
 0
 0
 0
 0
 0
 0
 0
 0
 0
 0
 0
 0
 0
 0
 0
 0
 0
 0
 0
 0
 0
 0
 0
 0
 0
 0
 0
 0
 0
 0
 0
 0
 0
 0
 0
 0
 0
 0
 0
 0
 0
 0
 0
 0
 0
 0
 0
 0
 0
 0
 0
 0
 0
 0
 0
 0
 0
 0
 0
 0
 0
 0
 0
 0
 0
 0
 0
 0
 0
 0
 0
 0
 0
 0
 0
 0
 0
 0
 0
 0
 0
 0
 0
 0
 0
 0
 0
 0
 0
 0
 0
 0
 0
 0
 0
 0
 0
 1.41421
 1.41421
 1.41421
 1.41421
 0
 0
 0
 0
 0
 0
 0
 1
 0
 0
 0
 0
 0
 0
 0
 0
 0
 0
 0
 0
 0
 0
 0
 0
 0
 0
 0
 0
 0
 0
 0
 0
 0
 0
 0
 0
 0
 0
 0
 0
 0
 0
 0
 0
 0
 0
 0
 0
 0
 0
 0
 0
 0
 0
 0
 0
 0
 0
 0
 0
 0
 0
 0
 0
 0
 0
 0
 0
 0
 0
 0
 0
 0
 0
 0
 0
 0
 0
 0
 0
 0
 0
 0
 0
 0
 0
 0
 0
 0
 0
 0
 0
 0
 0
 0
 0
 0
 0
 0
 0
 0
 0
 0
 0
 0
 0
 0
 0
 0
 0
 0
 0
 0
 0
 0
 0
 0
 0
 0
 0
 0
 0
 0
 0
 0
 0
 0
 0
 0
 0
 0
 0
 0
 0
 0
 0
 0
 0
 0
 0
 0
 0
 0
 0
 0
 0
 0
 0
 0
 0
 0
 0
 0
 0
 9.48683
 55.5788
 55.5788
 55.5788
 55.5788
 55.5788
 55.5788
 55.5788
 55.5788
