 37.9078
 36.565
 35.1568
 47.7389
 38.2361
 26.1916
 26.4386
 29.0345
 24.96
 29.1548
 20.6882
 35.0428
 16.4012
 30.5614
 14.7986
 29.3087
 13
 26.1151
 13
 26.0768
 40.2244
 22.4722
 41.6773
 42
 44.6878
 45.7821
 45.3431
 46.7119
 48.6724
 2.23607
 43.2897
 48.7852
 15.4919
 0
 0
 47.7703
 4.12311
 19.9249
 19.9249
 40.4228
 22.3159
 7.48331
 7.48331
 40.9023
 10.4403
 23.4734
 42.5911
 42.5911
 11.7047
 11.7047
 39.9124
 28.1957
 13.6015
 13.6015
 36.3318
 39.5601
 39.7492
 39.7492
 40.0999
 39.7115
 39.7115
 38.833
 38.833
 38.1182
 5.74456
 5.74456
 36.5513
 40.1995
 40.1995
 35.8469
 34.9428
 35.0999
 35.9861
 21.4942
 37.2559
 22.2261
 36.2629
 21.2368
 36.1939
 22.7376
 35.1141
 35.8748
 17.5499
 35.4824
 17.1464
 34.8855
 18.5742
 20.1494
 14.6629
 19.5959
 17.2916
 18.868
 19.975
 20.6882
 31.1929
 20.6155
 29.9833
 21.6102
 29.7993
 28.8097
 23.1733
 27.4226
 27.0555
 27.0924
 27.1293
 26.0768
 16.6433
 24.7184
 16.9706
 15.2971
 19.799
 17.8045
 8.3666
 14
 32.7261
 13.784
 34
 12.7671
 34.8138
 12.0416
 34
 33.0757
 11.0454
 31.749
 12.8452
 31.4166
 28.6531
 27.6948
 12.8841
 17.5214
 16.3707
 26.5707
 16.7033
 19.5704
 16.5529
 19.8494
 27.8927
 29.0345
 27.313
 19.6977
 28.0891
 14.6629
 30.5941
 13.4907
 30.0333
 29.4788
 12.3288
 11.9164
 30.5941
 10.9087
 13.6748
 13.0767
 12.8062
 14.1774
 31.7175
 13.3041
 32.0156
 13.6382
 33.3916
 33.7639
 12.0416
 11.225
 38.1838
 38.0789
 39.5095
 36.428
 36.2077
 35.8887
 7.14143
 8.48528
 36
 14.7986
 7.4162
 15.1987
 6.9282
 7.14143
 15.3297
 7.28011
 39.5474
 38.9615
 5.74456
 11.3578
 3.60555
 4.12311
 5.74456
 1
 3.16228
 2.23607
 1.41421
 1.41421
 1
 2
 1
 4.24264
 0
 0
 7.4162
 7.4162
 9.43398
 8.83176
 8.83176
 10.8167
 12.3693
 12.3693
 13.8203
 17.0587
 17.5214
 17.5214
 19.0788
 19.7484
 22.8473
 22.8473
 22.8473
 27.6406
 27.6406
 27.6406
 27.6406
 27.6406
 29.3598
 27.9821
 29.4279
 28.2312
 20.3715
 27.9464
 25.3772
 26.4953
 27.8029
 25.9615
 25.9615
 22.2261
 22.2261
 18.5472
 18.5472
 24
 0
 0
 0
 0
 0
 0
 0
 0
 0
 0
 16.4012
 16.4012
 23.7697
 23.7697
 24.8596
 9.16515
 9.16515
 9.16515
 9.16515
 0
 0
 0
 0
 0
 0
 0
 0
 0
 0
 0
 0
 0
 0
 0
 0
 0
 0
 0
 0
 0
 0
 0
 0
 0
 0
 0
 0
 0
 0
 0
 0
 0
 0
 0
 0
 0
 0
 0
 0
 0
 0
 0
 0
 0
 0
 0
 3
 0
 0
 0
 0
 0
 0
 0
 0
 0
 0
 0
 0
 0
 0
 0
 0
 0
 0
 0
 0
 0
 0
 0
 0
 0
 0
 0
 0
 0
 16.2481
 16.2481
 0
 0
 0
 0
 0
 0
 0
 0
 0
 0
 0
 0
 0
 0
 0
 0
 0
 0
 0
 0
 0
 0
 0
 0
 0
 0
 0
 0
 0
 0
 12.2066
 0
 9.79796
 1
 8.94427
 1.41421
 0
 0
 0
 0
 0
 0
 0
 0
 0
 0
 0
 0
 0
 0
 0
 0
 0
 0
 0
 0
 0
 0
 0
 0
 0
 0
 0
 0
 0
 0
 0
 0
 0
 0
 0
 0
 0
 0
 9.79796
 0
 0
 0
 9.38083
 0
 0
 0
 0
 0
 0
 0
 0
 0
 0
 0
 0
 0
 0
 0
 0
 0
 0
 0
 0
 0
 0
 0
 0
 0
 2.44949
 0
 0
 0
 0
 0
 0
 0
 0
 0
 0
 0
 0
 0
 0
 0
 0
 0
 0
 0
 0
 0
 0
 0
 0
 0
 0
 0
 4.24264
 0
 4.24264
 0
 0
 0
 0
 0
 0
 0
 0
 0
 0
 0
 0
 0
 0
 0
 0
 0
 0
 0
 0
 0
 0
 0
 0
 0
 0
 0
 0
 0
 0
 0
 0
 0
 0
 0
 0
 0
 0
 0
 0
 0
 0
 0
 0
 0
 0
 0
 0
 0
 0
 0
 0
 0
 0
 0
 0
 0
 0
 0
 0
 0
 0
 0
 0
 0
 0
 0
 0
 0
 0
 0
 0
 0
 0
 0
 0
 0
 0
 0
 0
 0
 0
 0
 0
 0
 0
 0
 0
 0
 0
 0
 0
 0
 0
 0
 0
 0
 0
 0
 0
 0
 0
 0
 0
 0
 0
 0
 0
 0
 0
 0
 0
 0
 0
 0
 0
 0
 0
 0
 0
 0
 0
 0
 0
 0
 0
 0
 0
 0
 0
 0
 0
 0
 0
 0
 0
 0
 0
 0
 0
 0
 0
 0
 0
 0
 0
 0
 0
 0
 0
 0
 0
 0
 0
 0
 0
 0
 0
 0
 0
 0
 0
 0
 0
 0
 0
 0
 0
 0
 0
 0
 0
 0
 0
 0
 0
 0
 0
 0
 0
 0
 0
 0
 0
 0
 0
 0
 0
 0
 0
 9.43398
 0
 10.4403
 0
 10.4881
 0
 12.5698
 0
 0
 0
 0
 0
 0
 0
 0
 0
 0
 0
 0
 0
 0
 0
 0
 0
 0
 0
 0
 0
 0
 0
 0
 0
 0
 0
 0
 0
 0
 0
 0
 0
 0
 0
 0
 0
 0
 0
 0
 0
 0
 0
 0
 0
 0
 0
 0
 0
 0
 0
 0
 0
 2.64575
 0
 1
 0
 0
 0
 0
 0
 0
 0
 0
 0
 0
 0
 0
 0
 0
 0
 0
 0
 0
 0
 0
 0
 0
 0
 0
 0
 0
 0
 0
 0
 0
 0
 0
 0
 0
 0
 0
 0
 0
 0
 0
 0
 0
 0
 0
 0
 0
 0
 0
 0
 0
 0
 0
 0
 0
 0
 32.3265
 29.6816
 31.1609
 28.4253
