 40.9878
 38.7427
 43.589
 55.0636
 45.0111
 51.5558
 29.6142
 41.4488
 27.2213
 42.638
 23.1517
 34.9857
 19.0263
 31.1929
 15.7797
 30.4302
 17.3781
 28.2489
 15.4919
 28.1247
 11.1355
 23.6643
 15.0333
 7.2111
 6.55744
 12.4097
 5
 4.89898
 19.1833
 3.74166
 20.5426
 5.56776
 16.6733
 2.23607
 2.23607
 2.64575
 4.79583
 18.8149
 18.8149
 4.89898
 22.5389
 9.11043
 9.11043
 1
 11.225
 24.7386
 1.73205
 1.73205
 14.3178
 14.3178
 5.83095
 29.4618
 15.3623
 15.3623
 6.55744
 16.6433
 9.59166
 9.59166
 15.7162
 9.05539
 9.05539
 17.4642
 17.4642
 16.9115
 10.0995
 10.0995
 19.6723
 15.5563
 15.5563
 19.7231
 15.2643
 21.7486
 15.6205
 23.388
 15.4596
 23.2594
 16.0312
 23.622
 16.1245
 24.5967
 16.0935
 24.4949
 18.3848
 19.5959
 19.3391
 22.561
 19.0263
 22.891
 19.105
 24.5764
 20.5426
 19.7484
 24.8596
 23.4094
 15.4596
 23.3238
 18.6011
 27.8927
 18.2757
 16.5227
 24.7588
 17.2916
 24.8193
 21.9773
 19.3391
 21.8632
 19.3907
 24.2281
 20.4206
 20.5426
 22.8692
 18.5472
 13.784
 15.843
 10.3923
 14.9332
 7.61577
 15.5242
 8.88819
 13.6015
 8.7178
 7.87401
 15.5563
 9.8995
 15.5242
 13.784
 18.7883
 20.445
 16.6132
 17.8606
 18.1934
 19.0788
 18.7617
 21.7486
 19.2094
 22.3607
 18.3303
 20.567
 18.1108
 21.3073
 17.1464
 18.0278
 18.3576
 14.5258
 12.8452
 12.53
 13.784
 13.1909
 14.1774
 14.2127
 15.0665
 16.4317
 14.5258
 17.8606
 13.1149
 13.4164
 13.2288
 14.3527
 12.1655
 11.7898
 12.6491
 12.3288
 11.1803
 10.1489
 11.0454
 6
 11.7473
 8.48528
 7.87401
 8.77496
 12.6095
 12
 10.3923
 12.8841
 10.9087
 10.2956
 14.6629
 9.69536
 13
 13.6015
 7.74597
 12.083
 5
 6.16441
 6.16441
 2.82843
 4.24264
 0
 1.73205
 1.41421
 1.41421
 1.41421
 0
 1
 1
 2.82843
 6.40312
 6.40312
 9.27362
 8.48528
 8.48528
 10.3923
 12.1244
 12.8841
 13.3791
 15.8114
 17.1464
 18.6011
 19.5448
 20.2978
 22.7816
 22.7816
 25.8263
 27.4408
 27.2764
 29.3598
 28.9482
 27.4955
 29.3598
 28.7054
 29.4109
 25.5734
 24.8395
 26.9258
 27.1477
 25.5343
 25.1794
 24.1247
 26.5707
 22.9347
 29.3428
 21.9545
 28.3549
 24.8395
 0
 0
 0
 0
 0
 0
 0
 0
 0
 0
 17.2916
 22.2486
 21.2132
 9.32738
 21.4709
 13.4536
 19.5192
 19.5192
 19.5192
 0
 0
 0
 0
 0
 0
 0
 0
 0
 0
 0
 0
 0
 0
 0
 0
 0
 0
 0
 0
 0
 0
 0
 0
 0
 0
 0
 0
 0
 0
 0
 0
 0
 0
 0
 0
 0
 0
 0
 0
 0
 0
 0
 0
 0
 0
 0
 0
 0
 0
 0
 0
 0
 0
 0
 0
 0
 0
 0
 0
 0
 0
 0
 0
 0
 0
 0
 0
 0
 0
 0
 0
 0
 0
 0
 0
 0
 0
 0
 0
 0
 0
 0
 0
 0
 0
 0
 0
 0
 0
 0
 0
 0
 0
 0
 0
 0
 0
 0
 0
 0
 0
 0
 0
 0
 0
 0
 0
 0
 0
 0
 0
 0
 0
 0
 0
 0
 0
 0
 0
 0
 0
 0
 0
 0
 0
 0
 0
 0
 0
 0
 0
 0
 0
 0
 0
 0
 0
 0
 0
 0
 0
 0
 0
 0
 0
 0
 0
 0
 0
 0
 0
 0
 0
 0
 0
 0
 0
 0
 0
 0
 0
 0
 0
 0
 0
 0
 0
 0
 0
 0
 0
 0
 0
 0
 0
 0
 0
 0
 0
 0
 0
 0
 0
 0
 0
 0
 0
 0
 0
 0
 0
 0
 0
 0
 0
 0
 0
 0
 0
 0
 0
 0
 0
 0
 0
 0
 0
 0
 0
 0
 0
 0
 0
 0
 0
 0
 0
 0
 0
 0
 0
 0
 0
 0
 0
 0
 0
 0
 0
 0
 0
 0
 0
 0
 0
 0
 0
 0
 0
 0
 0
 0
 0
 0
 0
 0
 0
 0
 0
 0
 0
 0
 0
 0
 0
 0
 0
 0
 0
 0
 0
 0
 0
 0
 0
 0
 0
 0
 0
 0
 0
 0
 0
 0
 0
 0
 0
 0
 0
 0
 0
 0
 0
 0
 0
 0
 0
 0
 0
 0
 0
 0
 0
 0
 0
 0
 0
 0
 0
 0
 0
 0
 0
 0
 0
 0
 0
 0
 0
 0
 0
 0
 0
 0
 0
 0
 0
 0
 0
 0
 0
 0
 0
 0
 0
 0
 0
 0
 0
 0
 0
 0
 0
 0
 0
 0
 0
 0
 0
 0
 0
 0
 0
 0
 0
 0
 0
 0
 0
 0
 0
 0
 0
 0
 0
 0
 0
 0
 0
 0
 0
 0
 0
 0
 0
 0
 0
 0
 0
 0
 0
 0
 0
 0
 0
 0
 0
 0
 0
 0
 0
 0
 0
 0
 0
 0
 0
 0
 0
 0
 0
 0
 0
 0
 0
 0
 0
 0
 0
 0
 0
 0
 0
 0
 0
 0
 0
 0
 0
 0
 0
 0
 0
 0
 0
 0
 0
 0
 0
 0
 0
 0
 0
 0
 0
 0
 0
 0
 0
 0
 0
 0
 0
 0
 0
 0
 0
 0
 0
 0
 0
 0
 0
 0
 0
 0
 0
 0
 0
 0
 0
 0
 0
 0
 0
 0
 0
 0
 0
 0
 0
 0
 0
 0
 0
 0
 0
 0
 0
 0
 0
 0
 0
 0
 0
 0
 0
 0
 0
 0
 0
 0
 0
 0
 0
 0
 0
 0
 0
 0
 0
 0
 0
 0
 0
 0
 0
 0
 0
 0
 0
 0
 0
 0
 0
 0
 0
 0
 0
 0
 0
 0
 0
 0
 0
 0
 0
 0
 0
 0
 0
 0
 1
 0
 28.4253
