 48.3529
 46.2709
 43.3013
 59.397
 40.7676
 63.6082
 39.8497
 45.0777
 38.3797
 38.7943
 30.6431
 39.4588
 26.8328
 34.8568
 23.8747
 33.8083
 21.5174
 27.1293
 21.1187
 33.0151
 22.4722
 33.5857
 36
 22.3159
 24.1247
 25.807
 19.3649
 3.31662
 28.7924
 15.4272
 32.619
 3
 27.0185
 15.5242
 15.5242
 6.78233
 18.6279
 33.1813
 33.1813
 14.8661
 33.3467
 18.7083
 18.7083
 9.79796
 20.9045
 32.8177
 7
 7
 21.0713
 21.0713
 8.30662
 32.4037
 23.0651
 23.0651
 15.3297
 30.4302
 18.2757
 18.2757
 29.5127
 17.7764
 38.8587
 30.5941
 38.3406
 32.0156
 17.1464
 37.4433
 34.9714
 21.3542
 35.609
 33.7639
 24.2074
 33.7046
 22.561
 32.1714
 23.4521
 30.282
 20.445
 35.3412
 25.318
 35.5246
 24.5967
 38.1576
 28.688
 36.1248
 27.5318
 37.229
 25.3574
 36.3731
 23.3452
 39.9375
 26
 27.4591
 33.0757
 33.1662
 28.2135
 30.1496
 27.4591
 32.8481
 27.3313
 28.1247
 34.1028
 30.8545
 38.1182
 39.1535
 27.1109
 39.8999
 25.2785
 40.398
 25.671
 26.6833
 39.7618
 33.0151
 19.105
 25.8457
 20.0998
 24.9199
 20.1742
 26.4953
 19.3132
 26.6083
 18.7883
 19.6977
 31.1609
 23.0651
 32.311
 25.3377
 39.2683
 36.5924
 22.561
 36.0416
 26.2107
 37.4032
 26.7395
 35.9722
 28.2135
 35.819
 30.5123
 35.1852
 28.5832
 33.6749
 27.0185
 37.3229
 27.8747
 34.6266
 29.1376
 26.7208
 35.6371
 23
 33.6303
 23.3452
 38.0526
 26.4197
 31.4166
 30.692
 24.6577
 29.8664
 26.4764
 30.9354
 26.0768
 26.0192
 30.4959
 33.0454
 26.1725
 23.0434
 31.1769
 23.9792
 32.218
 32.311
 25.3969
 22.4054
 31.749
 34.3802
 26.9629
 30.0167
 28.688
 28.8097
 32.0936
 29.6311
 29.3769
 32.665
 41.9404
 32.7872
 11.7047
 23.9792
 25.219
 23.4094
 24.6982
 21.0238
 24.3105
 22.4054
 16
 17.72
 24.2281
 14.8324
 16.4012
 15.8745
 16.7631
 16.7631
 13.9284
 10.0995
 10.0995
 10.8167
 7.4162
 5.74456
 8.48528
 6
 1.41421
 2.82843
 0
 0
 0
 0
 5.47723
 6.16441
 8.77496
 6.63325
 9.05539
 7.34847
 8.42615
 7.4162
 10.1489
 3.31662
 1
 5.65685
 3.87298
 4.79583
 8
 5
 3.16228
 7.48331
 4.24264
 1.41421
 4.12311
 1.41421
 0
 0
 0
 0
 0
 0
 0
 0
 0
 0
 7
 0
 1.41421
 5.56776
 1
 10.3441
 3.87298
 3.87298
 3.87298
 0
 0
 0
 0
 0
 0
 0
 0
 0
 0
 0
 0
 0
 0
 0
 0
 0
 0
 0
 0
 0
 0
 0
 0
 0
 0
 0
 0
 0
 0
 0
 0
 0
 0
 0
 0
 0
 0
 0
 0
 0
 0
 0
 0
 0
 0
 0
 0
 0
 0
 0
 0
 3.16228
 3.16228
 3.16228
 3.16228
 3.16228
 7.54983
 7.54983
 10.198
 10.198
 8.42615
 8.42615
 8.42615
 3.4641
 3.4641
 0
 0
 0
 0
 0
 0
 0
 0
 0
 0
 0
 0
 0
 0
 0
 0
 0
 0
 0
 0
 4.3589
 9.32738
 9.32738
 7.61577
 7.61577
 7.61577
 4.24264
 4.24264
 4.24264
 10.583
 10.583
 10.583
 10.583
 10.583
 4.3589
 4.3589
 4.3589
 4.3589
 4.69042
 4.69042
 4.69042
 4.69042
 4.69042
 4.69042
 4.69042
 4.69042
 4.69042
 4.69042
 4.69042
 9.48683
 9.48683
 7.4162
 7.4162
 9.69536
 9.69536
 9.69536
 9.69536
 9.69536
 4.3589
 4.3589
 4.3589
 12
 12
 12
 12
 12
 4.69042
 4.69042
 4.69042
 4.69042
 4.69042
 4.69042
 4.69042
 4.69042
 4.69042
 4.69042
 4.47214
 4.47214
 4.47214
 4.47214
 3.87298
 3.87298
 3.87298
 3.87298
 3.87298
 3.87298
 3.87298
 3.87298
 3.87298
 3.87298
 0
 0
 0
 0
 3.31662
 3.31662
 3.31662
 3.31662
 0
 0
 0
 0
 3.31662
 3.31662
 3.31662
 3.31662
 3.60555
 3.60555
 3.60555
 3.60555
 3.16228
 7.81025
 7.81025
 7.81025
 3.16228
 3.16228
 3.16228
 3.16228
 3.16228
 3.16228
 3.16228
 3.16228
 3.16228
 3.16228
 3.16228
 3.16228
 3.16228
 3.16228
 3.16228
 3.16228
 3.16228
 5.65685
 5.65685
 5.65685
 5.65685
 5.65685
 5.65685
 5.65685
 5.65685
 5.65685
 0
 0
 0
 3.60555
 1.41421
 1.41421
 1.41421
 1.41421
 1.41421
 3.31662
 3.31662
 3.31662
 3.31662
 3.31662
 3.31662
 3.31662
 3.31662
 3.31662
 3.31662
 3.31662
 3.31662
 3.31662
 3.31662
 3.31662
 3.31662
 3.31662
 3.31662
 3.31662
 3.31662
 2.82843
 2.82843
 2.82843
 2.82843
 2.82843
 2.82843
 2.82843
 2.82843
 2.82843
 2.82843
 2.82843
 1
 1
 1
 1
 0
 0
 0
 0
 0
 0
 0
 0
 0
 0
 0
 0
 0
 0
 0
 0
 0
 1
 1
 1
 1
 1
 1
 1
 1
 1
 1
 1
 1
 1
 1
 1
 1
 1
 1
 1
 1
 1
 1
 1
 1
 1
 1
 1
 1
 1
 1
 0
 14.4222
 14.4222
 14.4222
 14.4222
 14.4222
 14.4222
 0
 0
 0
 0
 0
 0
 16.0312
 0
 0
 0
 0
 0
 0
 0
 0
 0
 0
 0
 0
 0
 0
 0
 0
 0
 0
 0
 0
 0
 0
 0
 0
 0
 0
 1
 1
 1
 1
 1
 1
 1
 1
 1
 1
 1
 1
 1
 1
 1
 1
 1
 1
 1
 1
 1
 1
 0
 0
 1
 1
 1
 1
 1
 1
 1
 1
 1
 1
 0
 0
 0
 1
 1
 1
 1
 1
 1
 1
 1
 1
 1
 1
 1
 1
 1
 1
 1
 1
 1
 1
 1
 1
 1
 1
 1
 1
 1
 1
 1
 1
 1
 1
 1
 1
 1
 1
 0
 0
 0
 0
 0
 1
 0
 0
 0
 0
 0
 0
 0
 0
 0
 0
 0
 0
 0
 0
 0
 0
 0
 0
 0
 0
 0
 0
 0
 0
 0
 0
 0
 0
 0
 0
 1
 8.7178
 1
 1
 1
 1
 0
 0
 0
 0
 0
 0
 0
 0
 0
 0
 0
 0
 0
 0
 0
 0
 0
 0
 0
 0
 0
 0
 0
 0
 0
 0
 0
 1
 1
 1
 1
 1
 1
 1
 1
 1
 1
 1
 0
 1
 0
 0
 0
 0
 0
 0
 0
 1
 1
 1
 1
 1
 1
 1
 1
 1
 0
 0
 0
 0
 0
 0
 0
 0
 0
 0
 0
 1
 1
 1
 0
 0
 0
 1
 1
