 29.3598
 31.7805
 36.7015
 49.5379
 27.0185
 47.7389
 27.8388
 41.3521
 24.454
 41.5572
 20.3224
 35.5809
 17.6635
 31.3528
 15.4272
 28.0891
 13.7113
 27.7128
 13.7113
 26.9629
 11.3578
 19.6723
 15.5563
 3.4641
 3.87298
 12.6886
 4.12311
 7.87401
 15.4919
 2
 18.412
 6.9282
 15.6844
 0
 0
 4.47214
 3
 16.4012
 16.4012
 1
 21.9773
 6.85565
 6.85565
 2.82843
 8.60233
 24.3926
 1
 1
 13.2665
 13.2665
 4.12311
 28.2489
 14.7309
 14.7309
 6.32456
 16.2173
 8.18535
 8.18535
 12.53
 9.8995
 9.8995
 15.5885
 15.5885
 14.5602
 7.2111
 7.2111
 17.3494
 13.3417
 13.3417
 18.4391
 13.4536
 19.3907
 10.6301
 20.567
 11.7047
 22.0454
 13.6382
 23.5797
 15.4272
 23.2379
 15.906
 21.2603
 17.8885
 18.0555
 17.9722
 18.6815
 19.5959
 19.799
 16.7332
 20.5183
 16.7929
 15.8114
 21.4942
 22.6936
 12.3288
 22.6274
 14.6629
 23.622
 15.5242
 15.5242
 23.9165
 16.1864
 22.7156
 20.567
 15.7797
 20.6398
 25.2785
 22.1585
 16.6433
 16.4621
 21.166
 19.3391
 9.69536
 15.2971
 5.91608
 15.1987
 3
 15.1327
 4.69042
 14.0712
 6.08276
 6.08276
 14.2127
 6.40312
 14.7986
 9.11043
 16.6733
 18.3303
 13.8203
 19
 15.9374
 20.1742
 16.6132
 20.9284
 14.6287
 20.7605
 13.3041
 22.2036
 12.2066
 21.6564
 11.6189
 18.735
 12.8452
 15.6844
 11.3137
 10.5357
 15.1327
 11
 14.5258
 12
 14.2829
 13.2288
 14.7986
 15.4272
 12.2474
 14.5258
 10.7703
 15.5885
 7.93725
 6.78233
 14.0712
 13.7113
 6.78233
 5.83095
 12.0416
 6.16441
 11.9164
 10.2956
 7.14143
 7.14143
 12.7671
 13.0384
 10.4403
 13.7113
 10.198
 9.53939
 14.7309
 8.88819
 14.0357
 14.6969
 7.61577
 13.8564
 5.74456
 5.09902
 7.68115
 2.82843
 5.09902
 0
 2.44949
 2.23607
 0
 1.41421
 0
 3.16228
 0
 2.82843
 6.40312
 6.40312
 9.32738
 7.81025
 7.81025
 9.74679
 11.4891
 13.1529
 12.6886
 16.1555
 15.7797
 18.0555
 19.0788
 19.7484
 22.2711
 22.2711
 25.318
 26.9444
 27.6406
 28.8444
 28.4781
 27.9643
 28.9828
 30.0666
 28.2312
 27.7489
 23.622
 25.7876
 25.1595
 24.454
 24.1247
 24.7588
 26.3818
 24.5357
 27.4408
 22.6274
 28.1957
 25.5734
 0
 0
 0
 0
 0
 0
 0
 0
 0
 0
 15.6525
 21.5639
 20.4939
 10.3441
 20.8806
 12.8452
 19.8242
 0
 0
 0
 0
 0
 0
 0
 0
 0
 0
 0
 0
 0
 0
 0
 0
 0
 0
 0
 0
 0
 0
 0
 0
 0
 0
 0
 0
 0
 0
 0
 0
 0
 0
 0
 0
 0
 0
 0
 0
 0
 0
 0
 0
 0
 0
 0
 0
 0
 0
 0
 0
 0
 0
 0
 0
 0
 0
 0
 0
 0
 0
 0
 0
 0
 0
 0
 0
 0
 0
 0
 0
 0
 0
 0
 0
 0
 0
 0
 0
 0
 0
 0
 0
 0
 0
 0
 0
 0
 0
 0
 0
 0
 0
 0
 0
 0
 0
 0
 0
 0
 0
 0
 0
 0
 0
 0
 0
 0
 0
 0
 0
 0
 0
 0
 0
 0
 0
 0
 0
 0
 0
 0
 0
 0
 0
 0
 0
 0
 0
 0
 0
 0
 0
 0
 0
 0
 0
 0
 0
 0
 0
 0
 0
 0
 0
 0
 0
 0
 0
 0
 0
 0
 0
 0
 0
 0
 0
 0
 0
 0
 0
 0
 0
 0
 0
 0
 0
 0
 0
 0
 0
 0
 0
 0
 0
 0
 0
 0
 0
 0
 0
 0
 0
 0
 0
 0
 0
 0
 0
 0
 0
 0
 0
 0
 0
 0
 0
 0
 0
 0
 0
 0
 0
 0
 0
 0
 0
 0
 0
 0
 0
 0
 0
 0
 0
 0
 0
 0
 0
 0
 0
 0
 0
 0
 0
 0
 0
 0
 0
 0
 0
 0
 0
 0
 0
 0
 0
 0
 0
 0
 0
 0
 0
 0
 0
 0
 0
 0
 0
 0
 0
 0
 0
 0
 0
 0
 0
 0
 0
 0
 0
 0
 0
 0
 0
 0
 0
 0
 0
 0
 0
 0
 0
 0
 0
 0
 0
 0
 0
 0
 0
 0
 0
 0
 0
 0
 0
 0
 0
 0
 0
 0
 0
 0
 0
 0
 0
 0
 0
 0
 0
 0
 0
 0
 0
 0
 0
 0
 0
 0
 0
 0
 0
 0
 0
 0
 0
 0
 0
 0
 0
 0
 0
 0
 0
 0
 0
 0
 0
 0
 0
 0
 0
 0
 0
 0
 0
 0
 0
 0
 0
 0
 0
 0
 0
 0
 0
 0
 0
 0
 0
 0
 0
 0
 0
 0
 0
 0
 0
 0
 0
 0
 0
 0
 0
 0
 0
 0
 0
 0
 0
 0
 0
 0
 0
 0
 0
 0
 0
 0
 0
 0
 0
 0
 0
 0
 0
 0
 0
 0
 0
 0
 0
 0
 0
 0
 0
 0
 0
 0
 0
 0
 0
 0
 0
 0
 0
 0
 0
 0
 0
 0
 0
 0
 0
 0
 0
 0
 0
 0
 0
 0
 0
 0
 0
 0
 0
 0
 0
 0
 0
 0
 0
 0
 0
 0
 0
 0
 0
 0
 0
 0
 0
 0
 0
 0
 0
 0
 0
 0
 0
 0
 0
 0
 0
 0
 0
 0
 0
 0
 0
 0
 0
 0
 0
 0
 0
 0
 0
 0
 0
 0
 0
 0
 0
 0
 0
 0
 0
 0
 0
 0
 0
 0
 0
 0
 0
 0
 0
 0
 0
 0
 0
 0
 0
 0
 0
 0
 0
 0
 0
 0
 0
 0
 0
 0
 0
 0
 0
 0
 0
 0
 0
 0
 0
 0
 0
 0
 0
 0
 0
 0
 0
 0
 0
 0
 0
