 43.0349
 41.9285
 46.2493
 50.5866
 43.1393
 54.2771
 38.9358
 60.0833
 37.2425
 56.7627
 33.8526
 49.0918
 36.8103
 48.8876
 33.121
 47.5815
 31.241
 42.7902
 31.8748
 43.7721
 31.1609
 44.1814
 45.6837
 28.7576
 28.7402
 39.4335
 23.388
 7.81025
 36.4829
 20.347
 39.8497
 7.61577
 33.4066
 21.8174
 21.8174
 13.0767
 28.8097
 40.3361
 40.3361
 15.7797
 45.2438
 31.5119
 31.5119
 14.7986
 33.1662
 45.8367
 14.5945
 14.5945
 32.1092
 32.1092
 17.8326
 51.4684
 37.2693
 82.3408
 82.3408
 39.2938
 24.4336
 24.4336
 40.1995
 24.0416
 38.8587
 40.6325
 38.3406
 37.2425
 25.5539
 37.4433
 42.0238
 30.2655
 35.609
 44.9222
 33.3467
 45.5302
 32.573
 45.7821
 32.3265
 45.5631
 29.2575
 46.9787
 31.6544
 47.8435
 33.3467
 47.8748
 34.9714
 47.3709
 35.3836
 47.1275
 34.8855
 43.0465
 35.1141
 49.295
 36.9053
 36.8103
 50.2991
 48.3115
 37.4032
 45.6727
 35
 45.618
 33.7935
 33.1059
 48.1352
 37
 53.619
 52.0961
 40.4722
 50.6853
 25.2785
 50.6656
 36.7831
 37.5899
 51.817
 49.5177
 32.3728
 44.6654
 29.8496
 42.5441
 29.7153
 42.391
 28.9137
 44.2493
 26.3818
 27.0555
 46.2601
 33.1361
 47.9062
 36.1801
 49.689
 47.9687
 38.5097
 52.8678
 37.7359
 53.2541
 40.8167
 54.5161
 41.6053
 50.6261
 41.3159
 51.8073
 41.0609
 56.3116
 38.4708
 50.5074
 35.6791
 50.1498
 39.4462
 38.3667
 49.8999
 40.025
 49.1427
 38.0657
 50.3885
 36.7423
 49.8096
 50.2693
 39.9875
 49.2849
 39.7744
 50.1896
 37.1349
 36.2491
 51.1175
 48.4974
 35.7071
 34.7131
 47.9479
 37.3898
 47.8957
 50.7937
 38.5227
 39.1408
 49.3255
 50.7642
 39.8999
 51.9615
 41.1461
 44.2719
 51.8845
 42.45
 47.7808
 52.7257
 40.3856
 50.7149
 38.6394
 38.4318
 46.1411
 36.1109
 43.9204
 34.8425
 41.4729
 41.2189
 34.4093
 32.4962
 40.3237
 30.05
 38.2753
 36.0971
 29.3428
 79.1707
 79.1707
 79.1707
 84.7762
 84.7762
 84.7762
 84.7762
 84.7762
 84.7762
 84.7762
 84.7762
 84.7762
 84.7762
 84.7762
 106.471
 106.471
 106.471
 106.471
 106.471
 106.471
 106.471
 106.471
 106.471
 106.471
 106.471
 106.471
 106.471
 106.471
 106.471
 106.471
 106.471
 106.471
 106.471
 106.471
 106.471
 106.471
 106.471
 106.471
 106.471
 106.471
 106.471
 106.471
 106.471
 106.471
 106.471
 106.471
 106.471
 106.471
 106.471
 106.471
 106.471
 106.471
 106.471
 106.471
 106.471
 106.471
 106.471
 106.471
 106.471
 106.471
 106.471
 106.471
 106.471
 106.471
 106.471
 106.471
 106.471
 106.471
 106.471
 106.471
 106.471
 106.471
 106.471
 106.471
 106.471
 106.471
 106.471
 106.471
 106.471
 106.471
 106.471
 106.471
 106.471
 106.471
 106.471
 106.471
 106.471
 106.471
 106.471
 106.471
 106.471
 106.471
 106.471
 106.471
 106.471
 106.471
 106.471
 106.471
 106.471
 106.471
 106.471
 106.471
 106.471
 106.471
 106.471
 106.471
 106.471
 106.471
 106.471
 106.471
 106.471
 106.471
 106.471
 106.471
 106.471
 106.471
 106.471
 106.471
 106.471
 106.471
 106.471
 106.471
 106.471
 106.471
 106.471
 106.471
 106.471
 106.471
 106.471
 106.471
 106.471
 106.471
 106.471
 106.471
 106.471
 106.471
 106.471
 106.471
 106.471
 106.471
 106.471
 106.471
 106.471
 106.471
 106.471
 106.471
 106.471
 106.471
 106.471
 106.471
 106.471
 106.471
 106.471
 106.471
 106.471
 106.471
 106.471
 106.471
 106.471
 106.471
 106.471
 106.471
 106.471
 106.471
 106.471
 106.471
 106.471
 106.471
 106.471
 106.471
 106.471
 106.471
 106.471
 106.471
 106.471
 106.471
 106.471
 106.471
 106.471
 106.471
 106.471
 106.471
 106.471
 106.471
 106.471
 106.471
 106.471
 106.471
 106.471
 106.471
 106.471
 106.471
 106.471
 106.471
 106.471
 106.471
 106.471
 106.471
 106.471
 106.471
 106.471
 106.471
 106.471
 106.471
 106.471
 106.471
 106.471
 106.471
 106.471
 106.471
 106.471
 106.471
 106.471
 106.471
 106.471
 106.471
 106.471
 106.471
 106.471
 106.471
 106.471
 106.471
 106.471
 106.471
 106.471
 106.471
 106.471
 106.471
 106.471
 106.471
 106.471
 106.471
 106.471
 106.471
 106.471
 106.471
 106.471
 106.471
 106.471
 106.471
 106.471
 106.471
 106.471
 106.471
 106.471
 106.471
 106.471
 106.471
 106.471
 106.471
 106.471
 106.471
 106.471
 106.471
 106.471
 106.471
 106.471
 106.471
 106.471
 106.471
 106.471
 106.471
 106.471
 106.471
 106.471
 106.471
 106.471
 106.471
 106.471
 106.471
 106.471
 106.471
 106.471
 106.471
 106.471
 106.471
 106.471
 106.471
 106.471
 106.471
 106.471
 106.471
 106.471
 106.471
 106.471
 106.471
 106.471
 106.471
 106.471
 106.471
 106.471
 106.471
 106.471
 106.471
 106.471
 106.471
 106.471
 106.471
 106.471
 106.471
 106.471
 106.471
 106.471
 106.471
 106.471
 106.471
 106.471
 106.471
 106.471
 129.996
 129.996
 129.996
 129.996
 129.996
 129.996
 129.996
 129.996
 129.996
 129.996
 129.996
 129.996
 129.996
 129.996
 129.996
 129.996
 129.996
 129.996
 129.996
 129.996
 129.996
 129.996
 129.996
 129.996
 129.996
 129.996
 129.996
 129.996
 129.996
 129.996
 129.996
 129.996
 129.996
 129.996
 129.996
 129.996
 129.996
 129.996
 129.996
 129.996
 129.996
 129.996
 129.996
 129.996
 129.996
 129.996
 129.996
 129.996
 129.996
 129.996
 129.996
 129.996
 129.996
 129.996
 129.996
 129.996
 129.996
 129.996
 129.996
 129.996
 129.996
 129.996
 129.996
 129.996
 129.996
 129.996
 129.996
 129.996
 129.996
 129.996
 129.996
 129.996
 129.996
 129.996
 129.996
 129.996
 129.996
 129.996
 129.996
 129.996
 129.996
 129.996
 129.996
 129.996
 129.996
 129.996
 129.996
 129.996
 129.996
 129.996
 129.996
 129.996
 129.996
 129.996
 129.996
 129.996
 129.996
 129.996
 129.996
 129.996
 129.996
 129.996
 129.996
 129.996
 129.996
 129.996
 129.996
 129.996
 129.996
 129.996
 129.996
 129.996
 129.996
 129.996
 129.996
 129.996
 129.996
 129.996
 129.996
 129.996
 129.996
 129.996
 129.996
 129.996
 129.996
 129.996
 129.996
 129.996
 129.996
 129.996
 129.996
 129.996
 129.996
 129.996
 129.996
 129.996
 129.996
 129.996
 129.996
 129.996
 129.996
 129.996
 129.996
 129.996
 129.996
 129.996
 129.996
 129.996
 129.996
 129.996
 129.996
 129.996
 129.996
 129.996
 129.996
 129.996
 129.996
 129.996
 129.996
 129.996
 129.996
 129.996
 129.996
 129.996
 129.996
 129.996
 129.996
 129.996
 129.996
 129.996
 129.996
 129.996
 129.996
 129.996
 129.996
 129.996
 129.996
 129.996
 129.996
 129.996
 129.996
 129.996
 129.996
 129.996
 129.996
 129.996
 129.996
 129.996
 129.996
 129.996
 129.996
 129.996
 129.996
 129.996
 129.996
 129.996
 129.996
 129.996
 129.996
 129.996
 129.996
 129.996
 129.996
 129.996
 129.996
 129.996
 129.996
 129.996
 129.996
 129.996
 129.996
 129.996
 129.996
 129.996
 129.996
 129.996
 129.996
 129.996
 129.996
 129.996
 129.996
 129.996
 129.996
 129.996
 129.996
 129.996
 129.996
 129.996
 129.996
 129.996
 129.996
 129.996
 129.996
 129.996
 129.996
 129.996
 129.996
 129.996
 129.996
 129.996
 129.996
 129.996
 129.996
 129.996
 129.996
 129.996
 129.996
 129.996
 129.996
 129.996
 129.996
 129.996
 129.996
 129.996
 129.996
 129.996
 129.996
 129.996
 129.996
 129.996
 129.996
 129.996
 129.996
 129.996
 129.996
 129.996
 129.996
 129.996
 129.996
 129.996
 129.996
 129.996
 129.996
