 63.0793
 0
 0
 0
 0
 0
 46.3249
 46
 30.9516
 29.1548
 23.6643
 25
 22.6053
 22.2711
 21.166
 31
 36.973
 45.9783
 40.1871
 50.4381
 29.0517
 38.8844
 33.1361
 16.1555
 14
 25.923
 20.6398
 19.9499
 31.6386
 30.2324
 36.5924
 20
 45.4643
 16.4621
 16.4621
 14.0357
 7.2111
 28.8097
 28.8097
 7.54983
 23.8537
 7.87401
 7.87401
 15.4919
 17.0294
 26.0192
 21.8403
 21.8403
 32.9697
 32.9697
 7.2111
 30
 41.0366
 88.9775
 88.9775
 88.9775
 88.9775
 85.9128
 85.9128
 85.9128
 38.8587
 28.2489
 38.3406
 41.4126
 32.9545
 37.4433
 40.0999
 32.7872
 35.609
 33.4216
 30.0333
 24.5561
 22.9565
 27
 30.9677
 38.7814
 38.1182
 49.1935
 27.8927
 50.04
 18.9473
 34.0588
 12.4097
 30.8058
 15.748
 39.4081
 22.2486
 47.7703
 24.2693
 40.2741
 40.8412
 34.2491
 34.9142
 28.2135
 21.0713
 37.2961
 31.273
 49.2138
 42.6732
 41.7612
 54.0833
 29.8329
 42.8719
 34.2345
 20.2731
 38.8844
 25.2785
 49.2747
 22.2935
 42.5676
 50.636
 32.28
 31.5753
 28.0891
 19.5704
 38.1838
 13.4907
 44.9778
 21.3073
 44.5982
 36.756
 33.8083
 36.7423
 23.4094
 27.1662
 17.8885
 35.7911
 47.5289
 20.8806
 51.4587
 35.5106
 38.2884
 41.5692
 37.5366
 40.2865
 44.0114
 25.2982
 53.8609
 25.219
 51.6043
 33.2265
 34.5543
 43.4051
 27.5136
 37.6829
 30.8383
 34.8712
 19.0526
 48.6826
 22.4722
 48.7442
 33.5708
 39.0896
 34
 40.2492
 46.3249
 36.4692
 50.8626
 20.025
 17.9722
 47.5815
 35.7071
 30.2159
 44.0568
 23.3452
 34.8712
 30.8383
 42.3438
 25.865
 21.5407
 50.319
 42.19
 27.9464
 35.4824
 41.8569
 41.6893
 45.0777
 37.4833
 48.2908
 49.5379
 18.5472
 39.2938
 19.8746
 34.176
 21.587
 45.1442
 24.7588
 29.1719
 36.1525
 39.8246
 19.4165
 16.7033
 27.4591
 25.9615
 20.8087
 26.9815
 28.8444
 28.8444
 24.6171
 27.8568
 71.2461
 25.3377
 7.14143
 3.87298
 11.7898
 6.32456
 3.60555
 2.44949
 14.2829
 3.74166
 4.24264
 4.24264
 2.44949
 11.6189
 11.0454
 1
 9.53939
 11.8322
 0
 0
 7.93725
 4.12311
 7.74597
 9.79796
 3.16228
 11.6189
 10.3923
 12.7671
 9.94987
 0
 2
 11.5758
 10.3923
 9.64365
 0
 0
 0
 0
 0
 0
 0
 0
 0
 0
 10.3923
 10.7238
 2.82843
 2.82843
 6.7082
 1
 8.77496
 8.77496
 8.77496
 0
 0
 0
 0
 0
 0
 0
 0
 0
 0
 0
 0
 0
 0
 0
 0
 0
 0
 0
 0
 0
 0
 0
 0
 0
 0
 0
 0
 0
 0
 0
 0
 0
 0
 0
 0
 0
 0
 0
 0
 0
 0
 0
 5.09902
 5.09902
 3.87298
 3.87298
 0
 0
 0
 0
 0
 3.16228
 3.16228
 3.16228
 3.16228
 3.16228
 3.16228
 3.16228
 3.16228
 3.16228
 3.16228
 0
 0
 0
 0
 3.31662
 3.31662
 3.31662
 3.31662
 3.31662
 3.31662
 3.31662
 3.31662
 3.31662
 3.31662
 3.31662
 3.31662
 3.31662
 3.31662
 3.31662
 3.31662
 3.31662
 3.31662
 3.31662
 3.31662
 3.31662
 3.31662
 3.31662
 4.47214
 4.47214
 4.47214
 4.47214
 4.47214
 0
 0
 0
 0
 0
 2.82843
 2.82843
 2.82843
 2.82843
 2.82843
 0
 0
 0
 0
 5.91608
 5.91608
 5.91608
 5.91608
 0
 0
 0
 0
 0
 0
 4
 4
 4
 4
 4
 4
 0
 0
 0
 0
 0
 0
 0
 0
 4.3589
 4.3589
 4.3589
 4.3589
 4.3589
 4.3589
 4.3589
 7.34847
 4.89898
 4.89898
 4.89898
 0
 0
 0
 0
 0
 0
 0
 0
 0
 0
 0
 0
 0
 0
 0
 0
 0
 3.74166
 3.74166
 3.74166
 3.74166
 0
 0
 0
 0
 3.60555
 3.60555
 3.60555
 3.60555
 3.4641
 3.4641
 3.4641
 3.4641
 3.60555
 3.60555
 3.60555
 5.2915
 3.16228
 3.16228
 2.82843
 2.82843
 2.82843
 2.82843
 2.82843
 2.82843
 0
 0
 0
 0
 0
 0
 0
 0
 0
 0
 0
 0
 0
 0
 0
 0
 0
 0
 1.41421
 1.41421
 1.41421
 1.41421
 1.41421
 1.41421
 1.41421
 1.41421
 1.41421
 1.41421
 1.41421
 1.41421
 1.41421
 1.41421
 1.41421
 1.41421
 1.41421
 1.41421
 0
 0
 0
 0
 0
 2.44949
 2.44949
 2.44949
 2.44949
 2.44949
 2.44949
 0
 0
 0
 0
 0
 0
 0
 0
 0
 0
 0
 0
 0
 0
 0
 0
 0
 0
 0
 0
 0
 0
 0
 0
 0
 0
 0
 0
 0
 0
 0
 0
 0
 1
 1
 1
 1
 1
 1
 0
 0
 0
 0
 0
 0
 0
 0
 0
 0
 0
 0
 0
 0
 0
 0
 0
 0
 0
 0
 0
 0
 0
 0
 0
 0
 0
 0
 0
 0
 0
 0
 0
 0
 0
 2.23607
 0
 0
 0
 0
 0
 0
 0
 0
 0
 0
 0
 0
 0
 0
 0
 0
 0
 0
 0
 0
 0
 0
 0
 0
 0
 0
 0
 0
 0
 0
 0
 0
 0
 0
 0
 0
 0
 0
 0
 0
 0
 0
 0
 0
 0
 0
 0
 0
 0
 1.41421
 1.41421
 1.41421
 1.41421
 0
 0
 0
 0
 0
 0
 1
 1
 0
 0
 0
 0
 0
 0
 0
 0
 0
 0
 0
 0
 0
 0
 0
 0
 0
 0
 0
 0
 0
 0
 0
 0
 0
 0
 0
 0
 0
 0
 0
 0
 0
 0
 0
 0
 0
 0
 0
 0
 0
 0
 0
 0
 0
 0
 0
 0
 0
 0
 0
 0
 0
 0
 0
 0
 0
 0
 0
 0
 0
 0
 0
 0
 0
 0
 0
 0
 0
 0
 0
 0
 0
 0
 0
 0
 0
 0
 0
 0
 0
 0
 0
 0
 0
 0
 0
 0
 0
 0
 0
 0
 0
 0
 0
 0
 0
 0
 0
 0
 0
 0
 0
 1
 0
 0
 0
 0
 0
 0
 0
 0
 0
 0
 0
 0
 0
 0
 0
 1
 0
 0
 0
 0
 0
 0
 0
 0
 0
 0
 0
 0
 0
 0
 0
 0
 0
 0
 0
 0
 0
 0
 0
 0
 0
 0
 30.3974
 42.5793
 42.5793
 42.5793
 0
 0
 0
 0
 0
