 39.3954
 38.3014
 48.9592
 51.817
 41.6893
 26.1916
 42.2729
 62.1208
 39.8873
 56.1961
 36.3868
 50.5371
 38.7556
 51.817
 34.8712
 49.7695
 31.3209
 41.7971
 32.218
 42.3674
 31.0966
 43.1972
 43.4626
 28.775
 27.3861
 37.0405
 21.8861
 9.38083
 34.322
 20.6155
 39.4462
 9.32738
 33.1361
 22.6936
 22.6936
 14.4222
 28
 41.8569
 41.8569
 16.0935
 45.0777
 30.7083
 30.7083
 15
 32.218
 46.3681
 14.3527
 14.3527
 31.1127
 31.1127
 19.5448
 49.5177
 34.9285
 83.8153
 83.8153
 38.4708
 24.5153
 24.5153
 38.5746
 24.4949
 38.8587
 39.6611
 38.3406
 39.6611
 25.1197
 37.4433
 41.6053
 29.7489
 35.609
 44.2945
 32.7719
 44.2832
 30.692
 45.0444
 31.7805
 43.9204
 29.5635
 45.2769
 32.1403
 46.1411
 32.6803
 46.3357
 36.1663
 45.7165
 36.5787
 46.4004
 34.9142
 43.1856
 32.909
 47.7912
 35.5246
 35.7491
 48.9387
 48.3115
 35.7351
 44.6654
 33.9706
 43.7721
 33.1361
 34.7851
 46.3897
 38.6782
 49.6991
 50.7543
 40.8167
 49.4874
 25.2785
 49.1019
 35.2278
 35.2136
 50.3289
 48.0416
 29.5296
 42.5088
 28.3196
 41.1947
 28.2312
 40.2492
 27.2764
 40.939
 26.5707
 27.8029
 44.2719
 32.3728
 46.076
 35.6371
 48.2804
 46.5403
 37.921
 52.2877
 36.318
 52.2015
 39.2173
 53.5537
 39.37
 50.2991
 39.3065
 48.6826
 39.2173
 53.619
 37.4967
 48.3839
 35.0571
 48.2183
 39.6106
 38.092
 47.8121
 39.8623
 46.9361
 38.4838
 48.3942
 36.1386
 48.1352
 48.7442
 38.3797
 47.613
 36.2491
 47.5289
 34.7994
 34.4529
 48.1768
 46.7226
 34.6987
 32.8329
 45.7165
 35.5106
 46.1628
 48.0104
 37.6962
 38.3406
 48.7545
 50.1298
 39.0512
 50.6458
 39.4462
 41.2311
 50.7642
 40.8779
 45.2659
 50.1099
 39.1535
 48.1975
 37.9737
 36.9053
 43.1972
 35.5668
 40.9756
 34.5254
 40.8779
 40.7554
 34.9571
 32.3265
 39.9875
 29.9833
 38.3145
 35.9861
 28.2843
 77.9679
 77.9679
 77.9679
 81.2219
 81.2219
 81.2219
 81.2219
 81.2219
 81.2219
 81.2219
 81.2219
 81.2219
 81.2219
 81.2219
 107.079
 107.079
 107.079
 107.079
 107.079
 107.079
 107.079
 107.079
 107.079
 107.079
 107.079
 107.079
 107.079
 107.079
 107.079
 107.079
 107.079
 107.079
 107.079
 107.079
 107.079
 107.079
 107.079
 107.079
 107.079
 107.079
 107.079
 107.079
 107.079
 107.079
 107.079
 107.079
 107.079
 107.079
 107.079
 107.079
 107.079
 107.079
 107.079
 107.079
 107.079
 107.079
 107.079
 107.079
 107.079
 107.079
 107.079
 107.079
 107.079
 107.079
 107.079
 107.079
 107.079
 107.079
 107.079
 107.079
 107.079
 107.079
 107.079
 107.079
 107.079
 107.079
 107.079
 107.079
 107.079
 107.079
 107.079
 107.079
 107.079
 107.079
 107.079
 107.079
 107.079
 107.079
 107.079
 107.079
 107.079
 107.079
 107.079
 107.079
 107.079
 107.079
 107.079
 107.079
 107.079
 107.079
 107.079
 107.079
 107.079
 107.079
 107.079
 107.079
 107.079
 107.079
 107.079
 107.079
 107.079
 107.079
 107.079
 107.079
 107.079
 107.079
 107.079
 107.079
 107.079
 107.079
 107.079
 107.079
 107.079
 107.079
 107.079
 107.079
 107.079
 107.079
 107.079
 107.079
 107.079
 107.079
 107.079
 107.079
 107.079
 107.079
 107.079
 107.079
 107.079
 107.079
 107.079
 107.079
 107.079
 107.079
 107.079
 107.079
 107.079
 107.079
 107.079
 107.079
 107.079
 107.079
 107.079
 107.079
 107.079
 107.079
 107.079
 107.079
 107.079
 107.079
 107.079
 107.079
 107.079
 107.079
 107.079
 107.079
 107.079
 107.079
 107.079
 107.079
 107.079
 107.079
 107.079
 107.079
 107.079
 107.079
 107.079
 107.079
 107.079
 107.079
 107.079
 107.079
 107.079
 107.079
 107.079
 107.079
 107.079
 107.079
 107.079
 107.079
 107.079
 107.079
 107.079
 107.079
 107.079
 107.079
 107.079
 107.079
 107.079
 107.079
 107.079
 107.079
 107.079
 107.079
 107.079
 107.079
 107.079
 107.079
 107.079
 107.079
 107.079
 107.079
 107.079
 107.079
 107.079
 107.079
 107.079
 107.079
 107.079
 107.079
 107.079
 107.079
 107.079
 107.079
 107.079
 107.079
 107.079
 107.079
 107.079
 107.079
 107.079
 107.079
 107.079
 107.079
 107.079
 107.079
 107.079
 107.079
 107.079
 107.079
 107.079
 107.079
 107.079
 107.079
 107.079
 107.079
 107.079
 107.079
 107.079
 107.079
 107.079
 107.079
 107.079
 107.079
 107.079
 107.079
 107.079
 107.079
 107.079
 107.079
 107.079
 107.079
 107.079
 107.079
 107.079
 107.079
 107.079
 107.079
 107.079
 107.079
 107.079
 107.079
 107.079
 107.079
 107.079
 107.079
 107.079
 107.079
 107.079
 107.079
 107.079
 107.079
 107.079
 107.079
 107.079
 107.079
 107.079
 107.079
 107.079
 107.079
 107.079
 107.079
 107.079
 107.079
 107.079
 107.079
 107.079
 107.079
 107.079
 107.079
 107.079
 107.079
 107.079
 107.079
 107.079
 107.079
 107.079
 107.079
 107.079
 107.079
 107.079
 107.079
 107.079
 107.079
 107.079
 107.079
 107.079
 107.079
 107.079
 107.079
 107.079
 107.079
 107.079
 107.079
 107.079
 107.079
 107.079
 107.079
 107.079
 107.079
 107.079
 107.079
 107.079
 107.079
 107.079
 107.079
 107.079
 107.079
 107.079
 107.079
 107.079
 107.079
 107.079
 107.079
 107.079
 107.079
 107.079
 107.079
 107.079
 107.079
 107.079
 107.079
 107.079
 107.079
 107.079
 107.079
 107.079
 107.079
 107.079
 107.079
 107.079
 107.079
 107.079
 107.079
 107.079
 107.079
 107.079
 107.079
 107.079
 107.079
 107.079
 107.079
 107.079
 107.079
 107.079
 107.079
 107.079
 107.079
 107.079
 107.079
 107.079
 107.079
 107.079
 107.079
 107.079
 107.079
 107.079
 107.079
 107.079
 107.079
 107.079
 107.079
 107.079
 107.079
 107.079
 107.079
 107.079
 107.079
 107.079
 107.079
 107.079
 107.079
 107.079
 107.079
 107.079
 107.079
 107.079
 107.079
 107.079
 107.079
 107.079
 107.079
 107.079
 107.079
 107.079
 107.079
 107.079
 107.079
 107.079
 107.079
 107.079
 107.079
 107.079
 107.079
 107.079
 107.079
 107.079
 107.079
 107.079
 107.079
 107.079
 107.079
 107.079
 107.079
 107.079
 107.079
 140.716
 140.716
 140.716
 140.716
 140.716
 140.716
 140.716
 140.716
 140.716
 140.716
 140.716
 140.716
 140.716
 140.716
 140.716
 140.716
 140.716
 140.716
 140.716
 140.716
 140.716
 140.716
 140.716
 140.716
 140.716
 140.716
 140.716
 140.716
 140.716
 140.716
 140.716
 140.716
 140.716
 140.716
 140.716
 140.716
 140.716
 140.716
 140.716
 140.716
 140.716
 140.716
 140.716
 140.716
 140.716
 140.716
 140.716
 140.716
 140.716
 140.716
 140.716
 140.716
 140.716
 140.716
 140.716
 140.716
 140.716
 140.716
 140.716
 140.716
 140.716
 140.716
 140.716
 140.716
 140.716
 140.716
 140.716
 140.716
 140.716
 140.716
 140.716
 140.716
 140.716
 140.716
 140.716
 140.716
 140.716
 140.716
 140.716
 140.716
 140.716
 140.716
 140.716
 140.716
 140.716
 140.716
 140.716
 140.716
 140.716
 140.716
 140.716
 140.716
 140.716
 140.716
 140.716
 140.716
 140.716
 140.716
 140.716
 140.716
 140.716
 140.716
 140.716
 140.716
 140.716
 140.716
 140.716
 140.716
 140.716
 140.716
 140.716
 140.716
 140.716
 140.716
 140.716
 140.716
 140.716
 140.716
 140.716
 140.716
 140.716
 140.716
 140.716
 140.716
 140.716
 140.716
 140.716
 140.716
 140.716
 140.716
 140.716
 140.716
 140.716
 140.716
 140.716
 140.716
 140.716
 140.716
 140.716
 140.716
 140.716
 140.716
 140.716
 140.716
 140.716
 140.716
