 35.0999
 35.819
 39.2301
 47.8644
 39.4335
 52.9717
 30.0167
 44.8776
 26.4764
 46.0217
 20.8327
 32.7109
 19.6214
 31.9374
 17.4069
 31.9061
 16.8819
 28.6705
 16.8523
 29.1204
 15.3948
 24.5764
 24.0416
 10.3923
 9.53939
 19.4165
 7.4162
 3.60555
 18.7083
 6.08276
 21.3307
 4.47214
 17.3205
 5.2915
 5.2915
 0
 7.81025
 22.1585
 22.1585
 1
 25.1794
 11.4455
 11.4455
 1
 13.4907
 26.0576
 2.64575
 2.64575
 15.4596
 15.4596
 4.47214
 32.078
 20.2731
 20.2731
 8.77496
 20.6882
 8.12404
 8.12404
 19.105
 8.42615
 38.8587
 20
 38.3406
 20.2485
 13.1149
 37.4433
 22.4054
 15.906
 15.906
 23.9583
 16.7332
 24.3311
 14.9666
 24.4949
 16.9411
 25.9615
 16.1864
 28.4077
 15.2971
 28.9137
 15.7797
 27.7128
 14.6629
 24.7184
 17.6635
 26.1916
 16.3095
 27.1293
 20.6398
 27.8209
 21.5639
 18.8944
 26.2488
 25
 16.4621
 25.593
 16.8523
 26.3818
 17.088
 17.2047
 31.0644
 17.72
 30.7571
 28.8964
 18.303
 28.0179
 25.2785
 29.4958
 17.4929
 19.5192
 29.3087
 25.632
 16
 20.9284
 9.21954
 22.3607
 8.06226
 23.1733
 7.81025
 23.8747
 7.81025
 8.48528
 23.8956
 11.3137
 22.9565
 11.8743
 24
 25.6515
 16.1245
 27.1662
 18.1108
 28.3019
 19.7737
 28.0179
 20.9762
 28.5307
 19.799
 29.8496
 16.1864
 31.8277
 16.5529
 28.2312
 16.9411
 26.9629
 17.2916
 14.9332
 24.3105
 14.2127
 23.2594
 14.4914
 24.8596
 15.2971
 23.388
 23.3666
 17.088
 24.2487
 18.1934
 25.02
 15.2315
 14.0357
 26.4764
 22.7596
 14.2127
 13.4164
 20.4939
 14.4222
 21.5639
 22.4944
 15.0333
 14.1774
 23.1301
 24.1868
 16.6132
 24.0624
 17.0587
 19.8746
 25.8457
 19.7737
 25.0799
 25.5539
 16.9706
 24.1454
 14.2478
 13.6382
 19.5704
 13.1909
 16.0624
 10.4403
 14.3527
 14.1067
 7.61577
 6.63325
 12.49
 5.09902
 8.18535
 6.16441
 3.4641
 3.4641
 3.16228
 2.82843
 2.82843
 4.3589
 3.16228
 4.79583
 0
 7.81025
 5.19615
 8.88819
 11.6189
 11.5326
 13.2288
 13.2288
 17.0294
 17.1464
 19.4422
 18.1659
 20.3224
 19.8746
 19.9499
 19.3391
 19.2094
 17.0587
 12.9228
 16
 13.6748
 13.9642
 15.2971
 13.3791
 15.8745
 14.8324
 16.8523
 12
 16.8226
 15.0333
 0
 0
 0
 0
 0
 0
 0
 0
 0
 0
 6.9282
 11.1803
 10.0499
 0
 11.4891
 2.44949
 9.64365
 9.64365
 9.64365
 0
 0
 0
 0
 0
 0
 0
 0
 0
 0
 0
 0
 0
 0
 0
 0
 0
 0
 0
 0
 0
 0
 0
 0
 0
 0
 0
 0
 0
 0
 0
 0
 0
 0
 0
 0
 0
 0
 0
 0
 0
 0
 0
 0
 0
 0
 0
 0
 0
 0
 0
 0
 0
 0
 0
 0
 0
 0
 0
 0
 0
 0
 0
 0
 0
 0
 0
 0
 0
 0
 0
 0
 0
 0
 0
 0
 0
 0
 0
 0
 0
 0
 0
 0
 0
 0
 0
 0
 0
 0
 0
 0
 0
 0
 4.24264
 4.24264
 4.24264
 4.24264
 4.24264
 4.24264
 4.24264
 4.24264
 4.24264
 4.24264
 4.24264
 4.24264
 4.24264
 4.24264
 4.24264
 4.24264
 4.24264
 4.24264
 4.24264
 4.24264
 4.24264
 4.24264
 4.24264
 4.24264
 4.24264
 4.24264
 4.24264
 4.24264
 4.24264
 4.24264
 4.24264
 4.24264
 4.24264
 4.24264
 4.24264
 4.24264
 4.24264
 4.24264
 4.69042
 4.69042
 4.69042
 4.69042
 4.69042
 4.69042
 4.69042
 4.69042
 4.69042
 4.69042
 4.69042
 4.69042
 4.69042
 4.69042
 4.69042
 4.69042
 4.69042
 4.69042
 4.69042
 4.69042
 4.69042
 4.69042
 4.69042
 4.69042
 4.69042
 4.69042
 4.69042
 4.69042
 4.69042
 4.69042
 4.69042
 4.69042
 4.69042
 4.69042
 4.69042
 4.69042
 4.69042
 4.69042
 4.69042
 4.69042
 3.60555
 3.60555
 3.60555
 3.60555
 3.16228
 3.16228
 3.16228
 3.16228
 3.16228
 3.16228
 3.16228
 3.16228
 3.16228
 3.16228
 3.16228
 3.16228
 3.16228
 3.16228
 3.16228
 3.16228
 3.16228
 3.16228
 3.16228
 3.16228
 3.16228
 3.16228
 3.16228
 3.16228
 3.16228
 3.16228
 3.16228
 3.16228
 3.16228
 3.16228
 0
 0
 0
 0
 0
 0
 0
 0
 0
 3.31662
 3.31662
 3.31662
 3.31662
 3.31662
 3.31662
 3.31662
 3.31662
 3.31662
 3.31662
 3.31662
 3.31662
 3.31662
 3.31662
 3.31662
 3.31662
 3.31662
 3.31662
 3.31662
 3.31662
 3.31662
 3.31662
 3.31662
 3.31662
 3.31662
 3.31662
 3.31662
 3.31662
 3.31662
 3.31662
 3.31662
 3.31662
 3.31662
 3.31662
 3.31662
 3.31662
 0
 0
 0
 0
 0
 0
 0
 0
 0
 0
 0
 0
 0
 0
 0
 0
 0
 0
 0
 0
 0
 0
 0
 0
 0
 0
 0
 0
 0
 0
 0
 0
 0
 0
 0
 0
 0
 0
 0
 0
 0
 0
 0
 0
 0
 0
 0
 0
 0
 0
 0
 0
 0
 0
 1
 1
 1
 1
 1
 16.0312
 16.0312
 16.0312
 16.0312
 16.0312
 16.0312
 16.0312
 16.0312
 16.0312
 16.0312
 16.0312
 16.0312
 16.0312
 0
 0
 0
 0
 0
 0
 0
 0
 0
 0
 0
 0
 0
 0
 0
 0
 0
 0
 0
 0
 0
 0
 0
 0
 0
 0
 0
 0
 0
 0
 0
 0
 0
 0
 0
 0
 0
 0
 0
 0
 0
 0
 0
 0
 0
 0
 0
 1
 0
 0
 0
 0
 0
 0
 0
 0
 0
 0
 0
 0
 0
 0
 0
 0
 0
 0
 0
 0
 0
 0
 0
 0
 0
 0
 0
 1
 1
 1
 1
 1
 1
 1
 1
 1
 1
 1
 1
 1
 1
 1
 1
 1
 0
 0
 0
 0
 0
 0
 0
 0
 0
 0
 0
 0
 0
 0
 0
 0
 0
 0
 0
 0
 0
 0
 0
 0
 0
 0
 0
 0
 0
 0
 0
 0
 1
 1
 1
 1
 0
 0
 0
 0
 0
 0
 0
 0
 0
 0
 0
 0
 0
 0
 0
 0
 0
 0
 0
 0
 0
 1
 1
 1
 1
 1
 1
 1
 1
 1
 1
 1
 1
 1
 1
 1
 1
 1
 1
 1
 0
 0
 0
 0
 0
 0
 0
 0
 0
 0
 0
 0
 0
 0
 0
 0
 0
 0
 0
 0
 0
 0
 0
 0
 0
 0
 0
 0
 0
 0
 0
 0
 0
 0
 1
