 48.3011
 44.2832
 28.7054
 33.0151
 28.6705
 28.6705
 37.3631
 41.1218
 41.1947
 34.641
 43.4856
 45.5192
 40.3856
 42.3674
 44.7325
 44.0114
 43.8862
 47.7284
 44.8665
 47.1275
 39.7366
 48.4045
 50.2991
 42.1307
 40.5832
 51.0196
 42.2729
 39.8623
 50.5964
 48.6621
 49.6991
 40.9512
 53.0094
 50.5074
 37.2961
 36.524
 46.2277
 49.0408
 36.9594
 39.4462
 46.0326
 43.5201
 36.9459
 44.8665
 43.8748
 44.7437
 45.4973
 35.3695
 47.0532
 34.3074
 49.5278
 48.6724
 44.7325
 34.6266
 42.4617
 46.1844
 43.8634
 35.0286
 49.7293
 45.3652
 0
 0
 0
 0
 43.6005
 0
 0
 43.1625
 43.1625
 55.6417
 41.7133
 49.5782
 45.0111
 47.55
 49.97
 43.2204
 50.2096
 49.5177
 53.0283
 46.0326
 47.3075
 49.1528
 51.3225
 56.4535
 44.8888
 57.4108
 39.6106
 61.1882
 48.0625
 57.3934
 41.0731
 43.1277
 52.1344
 50.448
 49.6185
 47.0213
 56.285
 46.3357
 56.4801
 58.2323
 47.1593
 53.0377
 46.8935
 57.3149
 52.345
 62.3779
 62.3779
 64.591
 39.6232
 52.4214
 62.6179
 55.6866
 40.2119
 55.9643
 48.4355
 44.0341
 52.8772
 41.7732
 58.643
 47.8539
 62.1932
 61.7495
 51.0196
 50.547
 60.7042
 55.4527
 64.2962
 68.5565
 44.8999
 66.9179
 37.9605
 55.6597
 55.8301
 50.6754
 42.6732
 44.4747
 46.7547
 64.0078
 55.6147
 48.7134
 62.7216
 50.8035
 64.7688
 60.2163
 60.025
 53.9073
 68.2569
 50.9706
 70.0643
 42.9651
 67.9853
 62.153
 56.6039
 53.8702
 48.0625
 46.3465
 41.1704
 67.0075
 51.4781
 59.5063
 50.4579
 51.1371
 66.0227
 65.1537
 63.4192
 63.4823
 70.1213
 71.9653
 57.376
 53.563
 70.5975
 63.5216
 39.724
 59.6406
 65.437
 53.3854
 47.3814
 43.4396
 69.9214
 53.3198
 54.7814
 50.9804
 66.5357
 69.419
 62.6977
 70.3207
 71.2039
 65.2457
 74.4043
 73.2735
 61.4492
 52.4976
 68.0074
 42.3792
 65.9773
 53.8331
 66.6108
 29.7825
 45.3762
 73.0205
 73.0205
 50.7839
 51.0979
 60.2661
 50.705
 70.9648
 63.5059
 75.5778
 73.7496
 73.3008
 77.9487
 77.9487
 56.5155
 76.9675
 59.925
 59.1777
 65.1153
 50.03
 52.2972
 38.0789
 75.2064
 70.1498
 70.1498
 53.3292
 49.1833
 55.7943
 63.7495
 65.9545
 74.0135
 74.793
 79.1202
 74.054
 79.6304
 73.8715
 54.7723
 73.0342
 66.3777
 61.1555
 48.6313
 56.5774
 47.8435
 55.4166
 52.6498
 69.0145
 48.239
 52.3163
 60.4318
 59.6909
 71.8679
 69.3974
 76.7398
 75.6769
 77.923
 74.0405
 69.5557
 73.8444
 57.1314
 66.106
 56.5155
 56.745
 48.6621
 50.5371
 59.0424
 53.9907
 51.3907
 50.774
 48.8979
 61.3514
 72.2703
 61.8547
 79.4229
 72.7324
 78.7782
 75.743
 76.2889
 73.8715
 69.5054
 55.8211
 71.4773
 64.9692
 77.2593
 71.4703
 41.497
 75.5778
 71.0985
 64.4127
 64.4127
 58.3781
 72.7942
 51.225
 76.1512
 47.244
 47.244
 75.505
 75.505
 79.177
 57.5934
 76.7138
 76.7138
 67.2904
 79.3977
 62.9047
 51.672
 78.4156
 41.1461
 41.1461
 71.7356
 71.7356
 71.7356
 46.6369
 71.0211
 55.5248
 55.5248
 79.7872
 79.7872
 83.0301
 67.1342
 75.5579
 73.7564
 73.7564
 72.6017
 88.9326
 72.2011
 91.5696
 67.1714
 64.9153
 62.3699
 79.1328
 51.3225
 62.0484
 41.7493
 51.3517
 69.2243
 59.5147
 59.5147
 67.3869
 54.7905
 68.4763
 55.4437
 66.8506
 77.3951
 74.3102
 74.3102
 78.0577
 91.815
 91.815
 94.9421
 94.9421
 94.9421
 62.8729
 90.2275
 64.6761
 80.05
 80.05
 52.469
 52.469
 78.4283
 52.6213
 44.2154
 65.8331
 65.8331
 65.8331
 65.8331
 62.0403
 86.1104
 56.4712
 56.4712
 62.2575
 62.2575
 62.4099
 62.4099
 73.1163
 73.4439
 54.69
 70.1926
 70.1926
 46.8935
 46.8935
 76.2693
 66.6258
 60.3158
 60.3158
 78.4219
 53.7587
 78.3326
 78.3326
 76.4853
 54.827
 90.3604
 55.5698
 73.1779
 88.2496
 60.4235
 82.6136
 45.8476
 45.8476
 78.2113
 78.2113
 60.4566
 66.0606
 66.0606
 44.3734
 73.7496
 60.5475
 60.5475
 75.8683
 53.9073
 53.535
 77.1946
 77.1946
 52.5452
 84.729
 49.6286
 49.6286
 62.1772
 48.1041
 67.1342
 67.1342
 56.0803
 73.253
 76.1774
 76.1774
 75.591
 75.591
 77.0195
 77.0195
 63.5374
 87.1149
 72.0278
 72.0278
 88.6059
 51.5364
 51.264
 51.264
 51.264
 64.0859
 56.7274
 85.4342
 85.4342
 82.2557
 70.406
 59.0593
 72.3326
 83.7675
 43.5775
 43.5775
 70.214
 70.214
 77.026
 77.026
 77.026
 77.026
 69.5773
 55.6507
 55.6507
 54.909
 50.02
 57.8705
 59.5231
 59.5231
 64.9461
 78.5939
 59.3633
 49.163
 47.2546
 80.4487
 75.4188
 37.3898
 0
 0
 0
 0
 0
 0
 0
 0
 0
 0
 0
 0
 0
 0
 0
 0
 0
 0
 0
 0
 0
 0
 0
 0
 0
 0
 0
 0
 0
 49.8999
 49.8999
 49.8999
 61.7576
 45.6289
 58.4551
 51.6817
 51.6817
 51.6817
 76.961
 67.4463
 57.9137
 57.9137
 54.5069
 80.7094
 56.542
 56.542
 75.8485
 48.0937
 48.0937
 48.0937
 73.6342
 49.4368
 49.4368
 49.4368
 49.4368
 49.4368
 49.4368
 74.0675
 42.9185
 42.9185
 42.9185
 42.9185
 81.6027
 81.6027
 81.6027
 48.7032
 56.5685
 88.7694
 67.9412
 64.7997
 50.6162
 50.6162
 84.7998
 48.7545
 77.5564
 77.5564
 77.5564
 81.9695
 60.9918
 70.6682
 70.6682
 79.278
 79.278
 79.278
 79.278
 56.0535
 43.6578
 54.3415
 54.3415
 54.3415
 54.3415
 54.3415
 54.3415
 54.3415
 67.9926
 67.9926
 67.9926
 67.9926
 53.9907
 53.9907
 53.9907
 49.0408
 45.6618
 47.592
 47.592
 47.592
 78.905
 67.6979
 67.6979
 67.6979
 47.5605
 71.5472
 41.1218
 41.1218
 49.8397
 49.7996
 49.7996
 49.7996
 58.1636
 56.1338
 87.7439
 87.7439
 87.7439
 87.7439
 66.6108
 102.845
 102.845
 102.845
 102.845
 102.845
 60.5558
 68.0074
 56.4978
 81.7313
 81.7313
 81.7313
 73.0342
 65.6201
 76.7007
 76.7007
 53.7494
 77.4145
 77.4145
 46.1952
 46.1952
 59
 59
 77.3046
 65.192
 49.98
 71.3372
 52.2972
 49.0306
 56.921
 70.1142
 70.1142
 70.1142
 50.02
 64.6916
 61.4573
 50.309
 91.4768
 48.0416
 53.9259
 53.9259
 65.307
 45.0999
 69.5414
 54.4059
 38.9743
 78.886
 50.6261
 43.0929
 51.6817
 75.1133
 44.4972
 45.8367
 57.4195
 47.4658
 48.6621
 55.6058
 57.9741
 57.9741
 57.9741
 55.1996
 48.6724
 48.6724
 62.1611
 64.5988
 64.8922
 63.4823
 61.8547
 77.3175
 55.4076
 55.4076
 69.6132
 58.1979
 70.4202
 53.9166
 82.4864
 82.4864
 58.7452
 50.04
 36.647
 57.3411
 52.7447
 46.9787
 63.7495
 63.7495
 33.5708
 45.2106
 77.6338
 77.6338
 55.9643
 50.636
 70.1926
 60.0833
 35.2136
 35.2136
 45.5741
 58.6345
 35.4965
 76.6681
 51.4296
 58.8473
 58.8473
 48.9796
 62.7296
 33.8969
 61.0328
 61.0328
 48.6313
 0
 0
 0
 0
 42.1426
 35.4401
 59.8331
 59.8331
 57.2101
 44.9444
 34.0734
 51.643
 52.792
 73.6817
 73.6817
 32.9848
 59.4222
 63.0872
 80.3057
 80.3057
 31.6386
 63.4902
 63.8514
 49.5177
 50.4381
 50.4381
 33.4963
 59.2284
 59.2284
 69.3325
 58.7878
 69.5989
 74.7797
 31.0322
 71.4143
 54.5619
 55.8301
 48.8979
 48.8979
 32.9242
 81.9878
 81.9878
 105.797
 58.6003
 58.6003
 32.9242
 54.231
 70.4131
 63.7495
 66.5507
 66.5507
 54.4243
 31.1769
 55.6327
 79.2338
 63.1823
 63.1823
 58.6515
 31.9374
 31.9374
 51.6914
 59.338
 80.5792
 50.3885
 50.3885
 47.2758
 51.0392
 73.9053
 45.5082
 43.9204
 59.649
 43.0233
 69
 62.1369
 51.7397
 61.0164
 61.0164
 59.3464
 59.3464
