 37.3765
 36.9594
 23.4094
 26.9444
 22.3159
 22.3159
 42.4264
 47.2123
 43.359
 40.2741
 44.4635
 48.0729
 43.3935
 43.4166
 46.422
 46.6583
 43.7493
 48.3529
 46.8081
 47.833
 41.1218
 46.9468
 54.7357
 42.8369
 40.9634
 53.8702
 41.9762
 41.9881
 46.1736
 49.5883
 48.4458
 43.566
 52.6878
 52.915
 43.4281
 38.1838
 49.1935
 52.4786
 42.332
 33.3317
 47.8853
 45.3982
 42.3084
 42.0476
 46.5188
 46.4543
 44.0114
 40.0125
 47.8539
 39.1791
 47.0319
 50.6754
 50.04
 39.1918
 45.5412
 48.4252
 42.8719
 38.6523
 49.5681
 45.8148
 45.8148
 52.1728
 52.1728
 56.701
 46.4543
 46.4543
 58.0172
 44.4185
 44.4185
 59.2368
 42.1307
 51.643
 41.2674
 49.2443
 47.7493
 47.4131
 47.8539
 53.1507
 51.0098
 49.5681
 47.5815
 48.6929
 47.2969
 58.3352
 44.6878
 57.4804
 37.4166
 62.9762
 47.4025
 59.3464
 42.332
 40.0125
 52.8867
 51.7204
 47.8226
 50.5866
 51.4198
 45.0888
 52.2111
 57.4369
 53.3667
 52.6308
 49.7092
 59.9416
 52.9056
 64.2962
 64.2962
 66.0757
 38.1051
 49.2037
 67.587
 62.1852
 40.6079
 61.2862
 44.486
 52.2972
 49.5379
 49.1833
 53.1413
 57.0964
 57.3585
 60.5805
 56.701
 51.9808
 64.3428
 54.9181
 65.2533
 70.5124
 46.7012
 74.7596
 40.2989
 64.0937
 55.0454
 57.1839
 44.3283
 51.8266
 45.5412
 70.5833
 49.548
 58.1206
 57.8014
 58.2409
 60.0333
 68.0147
 63.0872
 55.4437
 74.9266
 53.0566
 75.6307
 45.913
 75.9276
 59.0678
 64.0312
 59.0169
 48.7647
 57.9655
 44.4747
 74.7395
 51.3615
 57.4108
 63.3325
 59.1861
 63.7417
 64.3584
 69.6132
 70.8308
 75.08
 82.5772
 64.1327
 61.1065
 79.6053
 75.5116
 48.1664
 71.5122
 68.6804
 61.2454
 59.6406
 51.3225
 79.1202
 63.671
 60.8605
 59.9917
 71.6868
 73.3894
 72.4431
 78.2879
 78.7972
 75.3591
 83.6002
 84.5991
 72.2426
 63.3325
 80.9382
 52.0865
 74.4849
 65.1997
 74.8933
 37.5899
 55.7853
 82.5409
 34.4384
 63.3956
 58.2752
 65.2533
 62.7057
 75.1532
 72.7461
 80.9012
 78.3709
 81.0309
 84.664
 84.664
 66.8356
 86.0814
 71.232
 70.2922
 75.8815
 61.79
 64.4438
 50.5668
 82.7103
 77.5177
 77.5177
 61.7981
 61.9112
 66.0379
 70.8096
 73.6207
 81.3449
 79.4481
 87.8408
 81.7374
 89.5489
 84.1903
 66.6708
 83.6002
 75.7166
 73.1847
 60.7124
 68.7677
 61.5061
 61.7414
 56.8595
 79.1138
 57.4021
 64.0234
 69.2026
 66.3777
 78.7528
 76.8375
 84.113
 79.4229
 86.0814
 81.9146
 82.8432
 84.4571
 65.4905
 78.8543
 68.8477
 69.8284
 56.9298
 63.2614
 65.192
 64.622
 56.9034
 62.57
 56.5066
 69.8642
 79.3032
 66.6183
 87.1493
 75.2861
 86.9655
 78.6575
 84.4453
 84.4512
 81.3019
 65.7799
 78.5939
 77.324
 85.8254
 74.3034
 56.0268
 85.1763
 79.1012
 77.4016
 77.4016
 68.7095
 79.511
 60.8194
 84.4808
 51.0392
 51.0392
 79.9187
 79.9187
 83.4805
 67.4092
 84.2852
 84.2852
 80.0812
 89.5321
 71.0352
 65.4294
 87.7724
 55.6507
 55.6507
 79.0949
 79.0949
 79.0949
 56.5509
 79.4166
 63.4192
 63.4192
 84.7644
 84.7644
 89.7218
 71.4283
 79.6618
 78.4283
 78.4283
 76.3282
 96.1717
 82.6257
 103.933
 78.4219
 75.5712
 68.0735
 99.0707
 64.1093
 67.8159
 52.1057
 60.4979
 78.2176
 68.913
 68.913
 75.9473
 63.4271
 80.3057
 67.9191
 72.9315
 80.963
 80.5295
 80.5295
 84.7231
 102.352
 102.352
 95.121
 95.121
 95.121
 76.7789
 98.3514
 70.4273
 93.8989
 93.8989
 65.3605
 65.3605
 90.5538
 59.975
 58.1034
 77.4016
 77.4016
 77.4016
 77.4016
 69.9142
 93.322
 69.606
 69.606
 70.484
 70.484
 70.5053
 70.5053
 81.1788
 84.4334
 62.7296
 71.5961
 71.5961
 59.3127
 59.3127
 76.9545
 73.13
 71.6868
 71.6868
 77.8139
 70.7884
 82.2314
 82.2314
 86.0116
 67.513
 94.4299
 65.7647
 83.6421
 95.2208
 75
 96.4572
 56.6127
 56.6127
 94.8947
 94.8947
 66.4154
 76
 76
 59.8665
 80.343
 67.9485
 67.9485
 81.8963
 67.6831
 70.4344
 86.0872
 86.0872
 63.5059
 93.9787
 60.3738
 60.3738
 70.3847
 59.9583
 70.0785
 70.0785
 64.2962
 81.1234
 77.7882
 77.7882
 79.925
 79.925
 81.388
 81.388
 76.4722
 91.4877
 82.6438
 82.6438
 92.957
 68.0955
 63.0476
 63.0476
 63.0476
 78.924
 66.106
 97.355
 97.355
 98.2141
 77.6015
 73.7631
 88.6961
 91.0659
 56.3294
 56.3294
 76.4461
 76.4461
 84.947
 84.947
 84.947
 84.947
 87.023
 66.4906
 66.4906
 64.0078
 59.1861
 69.1375
 69.3614
 69.3614
 71.8053
 91.2743
 63.914
 69.1737
 60.959
 85.2408
 76.3086
 47.8853
 47.8853
 78.2304
 69.6204
 79.2906
 79.2906
 76.7007
 79.0633
 88.5325
 88.5325
 69.282
 67.1789
 94.7312
 62.8013
 97.1185
 69.0362
 68.2202
 68.2202
 83.5763
 65.5973
 90.471
 90.471
 106.278
 106.278
 85.1058
 94.9789
 78.2304
 78.2304
 80
 83.9345
 59.2284
 59.2284
 59.2284
 63.0555
 60.1664
 68.6731
 65.2917
 65.2917
 65.2917
 83.2766
 78.2752
 66.053
 66.053
 68.2788
 82.6499
 65.437
 65.437
 77.5629
 58.4808
 58.4808
 58.4808
 75.5447
 55.2811
 55.2811
 55.2811
 55.2811
 55.2811
 55.2811
 83.0361
 46.465
 46.465
 46.465
 46.465
 87.7269
 87.7269
 87.7269
 62.8411
 64.8768
 93.1773
 77.3369
 74.7997
 58.2237
 58.2237
 91.6242
 60.7536
 89.5879
 89.5879
 89.5879
 92.5905
 68.9275
 81.8352
 81.8352
 91.9402
 91.9402
 91.9402
 91.9402
 68.9565
 49.7996
 63.5374
 63.5374
 63.5374
 82.7466
 82.7466
 82.7466
 82.7466
 77.5113
 69.3542
 69.3542
 69.3542
 57.3672
 57.3672
 57.3672
 59.607
 58.2323
 61.5061
 61.5061
 61.5061
 85.1939
 68.0221
 68.0221
 68.0221
 60.5062
 73.4098
 48.8057
 48.8057
 65.238
 58.2065
 58.2065
 58.2065
 68.884
 63.6632
 94.2284
 94.2284
 94.2284
 94.2284
 72.9931
 107.056
 65.1153
 65.1153
 65.1153
 65.1153
 64.792
 78.905
 63.561
 87.1493
 87.1493
 87.1493
 84.3742
 71.3583
 84.4926
 84.4926
 62.538
 89.0898
 89.0898
 60.3738
 60.3738
 66.0303
 66.0303
 92.3742
 76.7203
 56.5332
 79.4418
 62.458
 59.1354
 71.3232
 82.6317
 82.6317
 82.6317
 57.5934
 70.278
 70.278
 63.3877
 63.3877
 58.0689
 57.6975
 57.6975
 72.1388
 59.7662
 81.9268
 64.3661
 51.8459
 90.3881
 61.0082
 56.9034
 58.3181
 90.4434
 57.4978
 59.1016
 66.9552
 62.3378
 63.0397
 64.3351
 66.7083
 66.7083
 66.7083
 64.9076
 57.1489
 57.1489
 67.6166
 73.4507
 79.7935
 70.5762
 72.808
 85.6446
 61.7495
 61.7495
 83.9285
 71.4913
 80.3181
 58.6515
 90.0111
 90.0111
 69.8856
 66.3928
 37.4166
 70.3989
 57.5847
 59.4306
 79.555
 79.555
 34.7563
 59.0169
 93.2523
 93.2523
 63.6946
 60.0999
 85.9011
 72.7049
 36.5513
 36.5513
 61.79
 66.0757
 35.242
 35.242
 59.3212
 69.217
 69.217
 51.9904
 79.3158
 33.9117
 70.3918
 70.3918
 60.075
 60.075
 58.1636
 58.1636
 58.1636
 51.3128
 34.7563
 63.4744
 63.4744
 60.0333
 61.1719
 33.8821
 61.8304
 56.7274
 85.8371
 85.8371
 85.8371
 60.05
 74.9066
 86.9368
 86.9368
 86.9368
 63.5767
 71.4843
 62.0242
 59.127
 59.127
 33.8378
 69.6348
 69.6348
 77.5951
 67.8086
 75.9144
 83.0723
 34.7419
 81.8963
 65.7875
 60.1914
 56.648
 56.648
 34.7419
 34.7419
 34.7419
 34.7419
 68.8404
 68.8404
 36.4829
 68.8912
 71.7287
 73.9932
 80.206
 80.206
 67.0075
 34.2637
 70.0571
 93.0269
 77.2593
 77.2593
 74.4513
 35.7351
 35.7351
 62.153
 72.5948
 95.5301
 67.1118
 67.1118
 58.6771
 61.9112
 88.3742
 58.3438
 59.5903
 68.3008
 57.4021
 84.8351
 70.8025
 59.0678
 71.2881
 71.2881
 74.0405
 74.0405
