 43.9659
 40.0874
 33.0151
 35.4542
 29.1376
 0
 0
 0
 46.3141
 46.3141
 48.0416
 48.0416
 47.2758
 45.4753
 47.9583
 49.2037
 48.6621
 51.3517
 49.8096
 49.98
 49.98
 47.8121
 47.8121
 47.8121
 47.8121
 47.8121
 47.8121
 47.8121
 47.8121
 51.2055
 51.2055
 51.2055
 53.9444
 54.461
 42.5911
 42.5911
 50.06
 51.8363
 40.5093
 40.5093
 48.1664
 47.3181
 40.694
 40.694
 47.8748
 47.9375
 47.9375
 38.8201
 50.8331
 37.9473
 37.9473
 51.643
 52.4976
 37.9737
 37.9737
 37.9737
 37.9737
 37.108
 37.108
 37.108
 37.108
 37.108
 37.108
 37.108
 51.1762
 51.1762
 51.1762
 51.1762
 51.1762
 51.1762
 51.1762
 51.1762
 51.1762
 52.0865
 52.0865
 49.94
 49.94
 55.6327
 55.6327
 51.4587
 51.4587
 51.4587
 48.1144
 48.1144
 47.4131
 47.4131
 39.7618
 65.6658
 51.8363
 64.3428
 46.0109
 40.4475
 57.9396
 55.0454
 55.0454
 54.4426
 54.4426
 52.1344
 52.1344
 52.1344
 55.2992
 55.2992
 55.2992
 55.2992
 55.2992
 55.2992
 55.2992
 55.2992
 42.4971
 54.461
 70.5549
 63.0714
 45.9891
 63.1981
 63.1981
 53.7308
 53.7308
 51.9711
 51.9711
 58.66
 58.66
 58.66
 61.1146
 61.1146
 66.8581
 66.8581
 66.8581
 66.8581
 50.5569
 75.0533
 44
 44
 56.9649
 59.6322
 47.634
 55.2268
 55.2268
 55.2268
 55.2268
 59.8415
 59.8415
 60.8687
 60.8687
 68.8259
 68.8259
 68.8259
 75.5976
 54.6077
 54.6077
 50.3686
 77.1622
 61.9274
 65.8179
 62.7694
 62.7694
 58.2323
 58.2323
 75.5645
 75.5645
 75.5645
 63.9609
 60.1581
 60.1581
 60.1581
 60.1581
 60.1581
 60.1581
 60.1581
 65.437
 61.8628
 61.8628
 73.2393
 51.6817
 69.5485
 72.2496
 64.4127
 59.397
 53.535
 53.535
 53.535
 62.57
 60.8358
 72.2703
 74.8465
 72.2011
 80.05
 79.5047
 73.8309
 83.4686
 83.4686
 72.9315
 66.1362
 80.0875
 56.0625
 75.8617
 75.8617
 75.9078
 36.9865
 55.9553
 82.668
 34.5109
 63.6867
 58.4893
 58.4893
 63.1189
 75.6902
 72.2496
 72.2496
 77.3499
 80.635
 84.5754
 84.5754
 84.5754
 86.2264
 86.2264
 86.2264
 86.2264
 86.2264
 64.7225
 50.5866
 82.7285
 80.2309
 80.2309
 62.5859
 60.1082
 66.9627
 73.3008
 75.0666
 75.0666
 77.7496
 77.7496
 78.2815
 78.2815
 83.5883
 67.8307
 83.7377
 78.4219
 78.4219
 62.9841
 62.9841
 62.6339
 62.857
 58.2838
 81.7374
 56.7979
 56.7979
 71.5052
 71.5052
 81.8352
 72.6292
 72.6292
 77.8974
 85.2467
 82.6015
 84.113
 84.113
 84.113
 84.113
 84.113
 72.1249
 72.1249
 72.1249
 66.2193
 64.5988
 56.8771
 62.6339
 62.6339
 72.3533
 83.0542
 83.0542
 86.8907
 86.8907
 86.8907
 86.8907
 86.8907
 86.8907
 86.8907
 86.8907
 77.4468
 79.5676
 79.5676
 79.5676
 79.5676
 87.7553
 87.7553
 87.7553
 87.7553
 87.7553
 87.7553
 87.7553
 87.7553
 87.7553
 87.7553
 79.1581
 79.1581
 79.1581
 79.1581
 83.7437
 83.7437
 83.7437
 83.7437
 83.7437
 83.7437
 83.7437
 83.7437
 83.7437
 83.7437
 83.7437
 83.7437
 83.7437
 83.7437
 83.7437
 83.7437
 83.7437
 83.7437
 83.7437
 83.7437
 83.7437
 83.7437
 83.7437
 83.7437
 97.9847
 97.9847
 101.059
 101.059
 101.059
 101.059
 102.049
 66.9925
 71.3302
 71.3302
 61.1392
 61.1392
 61.1392
 61.1392
 77.8781
 77.8781
 77.8781
 77.8781
 77.8781
 77.8781
 92.5257
 92.5257
 92.5257
 92.5257
 92.5257
 92.5257
 92.5257
 92.5257
 75.9473
 75.9473
 75.9473
 75.9473
 75.9473
 67.3201
 67.3201
 67.3201
 60.0167
 80.181
 75.776
 75.776
 75.776
 75.776
 75.776
 75.776
 75.776
 75.776
 75.776
 75.776
 75.776
 75.776
 83.0241
 83.0241
 83.0241
 83.0241
 83.0241
 83.0241
 83.0241
 83.0241
 83.0241
 73.6682
 73.6682
 73.6682
 73.6682
 73.6682
 73.6682
 73.6682
 73.6682
 73.6682
 84.4689
 84.4689
 84.4689
 84.4689
 84.4689
 84.4689
 84.4689
 84.4689
 84.4689
 84.4689
 79.3284
 79.3284
 79.3284
 79.3284
 79.3284
 79.3284
 79.3284
 79.3284
 79.3284
 86.093
 86.093
 86.093
 86.093
 86.093
 86.093
 86.093
 86.093
 86.093
 86.093
 86.093
 86.093
 86.093
 86.093
 86.093
 86.093
 86.093
 86.093
 86.093
 86.093
 86.093
 86.093
 86.093
 86.093
 86.093
 86.093
 86.093
 86.093
 86.093
 86.093
 86.093
 86.093
 86.093
 86.093
 86.093
 86.093
 86.093
 86.093
 86.093
 86.093
 86.093
 86.093
 86.093
 86.093
 86.093
 86.093
 86.093
 86.093
 86.093
 86.093
 86.093
 86.093
 86.093
 86.093
 86.093
 86.093
 86.093
 86.093
 86.093
 86.093
 86.093
 86.093
 86.093
 86.093
 86.093
 86.093
 86.093
 86.093
 86.093
 86.093
 86.093
 86.093
 86.093
 86.093
 86.093
 86.093
 86.093
 86.093
 86.093
 86.093
 86.093
 86.093
 86.093
 86.093
 86.093
 86.093
 86.093
 86.093
 86.093
 86.093
 86.093
 86.093
 66.5582
 66.5582
 66.5582
 66.5582
 66.5582
 66.5582
 66.5582
 66.5582
 66.5582
 66.5582
 66.5582
 66.5582
 67.3276
 67.3276
 67.3276
 60.9426
 60.9426
 60.9426
 60.9426
 60.9426
 60.9426
 60.9426
 60.9426
 60.9426
 60.9426
 60.9426
 45.6946
 0
 0
 0
 0
 0
 0
 0
 0
 0
 0
 0
 0
 0
 0
 0
 0
 0
 0
 0
 0
 0
 0
 0
 0
 0
 0
 0
 49.5278
 49.5278
 0
 0
 0
 0
 0
 0
 0
 0
 0
 0
 0
 0
 0
 0
 0
 0
 0
 0
 0
 0
 0
 0
 0
 0
 0
 0
 0
 0
 0
 0
 0
 0
 0
 0
 0
 0
 0
 0
 0
 0
 0
 0
 0
 0
 0
 0
 0
 0
 0
 0
 0
 0
 0
 0
 0
 0
 0
 0
 0
 0
 0
 0
 0
 0
 0
 0
 0
 0
 0
 0
 0
 0
 0
 0
 0
 0
 0
 0
 0
 0
 0
 0
 0
 0
 0
 0
 0
 0
 0
 0
 0
 0
 0
 0
 0
 0
 0
 0
 0
 0
 0
 0
 0
 0
 0
 0
 0
 0
 0
 0
 0
 0
 0
 0
 0
 40.1248
 40.1248
 40.1248
 40.1248
 40.1248
 0
 37.6563
 37.6563
 37.6563
 0
 0
 0
 0
 0
 39.1408
 0
 0
 0
 39.064
 39.064
 39.064
 39.064
 0
 0
 0
 36.565
 36.565
 0
 0
 0
 0
 0
 0
 0
 39.1024
 39.1024
 0
 0
 0
 35.6651
 35.6651
 35.6651
 35.6651
 0
 35.7071
 35.7071
 35.7071
 35.7071
 0
 34.8425
 34.8425
 74.9667
 74.9667
 74.9667
 74.9667
 36.4966
 36.4966
 0
 0
 0
 0
 0
 36.5513
 36.5513
 36.5513
 36.5513
 36.5513
 0
 35.6791
 35.6791
 0
 0
 0
 0
 38.7169
 38.7169
 38.7169
 38.7169
 38.7169
 0
 0
 35.6511
 35.6511
 35.6511
 35.6511
 0
 0
 37.4166
 0
 0
 0
 0
 0
 0
 0
 0
 0
 0
 0
 0
 0
 0
 0
 0
 0
 0
 0
 0
