 31.0966
 27.4773
 20.8327
 30.3809
 24.2074
 24.2074
 27.9464
 25.8844
 29.1376
 23.9165
 29.2916
 28.3019
 22.9783
 25.4362
 29.5466
 28.178
 29.6479
 33.7491
 29.8496
 32.311
 27.6225
 31.1127
 33.7046
 30.1164
 28.4956
 35.4683
 33.3167
 28.6705
 37.6962
 38.1576
 33.8083
 28.4429
 38.8587
 36.2905
 24.1454
 25.5734
 26.2107
 32.3574
 23.4521
 29.5466
 26.1151
 23.4734
 23.4307
 38.1445
 24.0624
 25.219
 37.1753
 21.6102
 29.9833
 20.2731
 38
 29.6816
 27.6225
 21.587
 32.1559
 28.6531
 28.7576
 21.5639
 31.1127
 29.2746
 0
 36.1386
 0
 45.0777
 31.305
 0
 41.2189
 28.8617
 0
 35.8608
 26.9629
 28.688
 31.496
 26.3629
 40.0874
 24.5153
 42.0119
 30.3974
 39.6358
 26.9258
 30.4302
 31.1127
 31.273
 37.7359
 27.2029
 40.4475
 21.1424
 47.8539
 33.4365
 37.0405
 26.0768
 27.5862
 28.8097
 26.5895
 33.1512
 27.6043
 44.3734
 26.9815
 43.3013
 44.2945
 29.8496
 35.2846
 26.4008
 38.1182
 30.1662
 44.3058
 0
 47.7808
 20.664
 34.4529
 41.6053
 32.2025
 24.0208
 32.0468
 30.692
 24.2074
 35.8887
 22
 43.3935
 26.9444
 48.1768
 45.7056
 29.1204
 29.7825
 36.9459
 31.1609
 42.4382
 48.6313
 23.3452
 42.2847
 20.3715
 30.4302
 34.0147
 24.0624
 22.7156
 23.3024
 28.3373
 41.4005
 35.1994
 23.516
 47.0425
 29.1719
 48.4149
 38.4838
 38.8973
 30.545
 46.2169
 25.318
 47.7912
 21.7256
 43.6578
 40.7063
 29.6816
 26.4197
 25.02
 22.1133
 20.0749
 40.7185
 31.5119
 40.8412
 25.1992
 25.8263
 49.1732
 46.6798
 37
 41.1218
 47.5289
 47.0532
 33.8969
 29.5635
 44.8999
 36.6742
 17.088
 32.4808
 41.7732
 27.8568
 22.9783
 22.4944
 46.0217
 25.4362
 32.9697
 25.2587
 44.7437
 48.6621
 36.9324
 48.9183
 46.3573
 40.8656
 49.7494
 46.8615
 35.1852
 29.3598
 40.1871
 20.347
 37.0675
 26.0576
 40.5463
 9
 22.1359
 47.697
 11.7898
 22.7816
 25.8263
 35.0571
 24.5153
 49.0204
 37.6829
 49.9199
 51.2835
 46.3897
 50.892
 15.8745
 30.3974
 48.7442
 33.4813
 29.5973
 35.1994
 25.5343
 25.318
 13.2665
 47.0319
 43.2435
 43.2435
 26.3818
 24.2074
 33.0757
 37.2559
 43.9431
 48.7442
 53.535
 52.1728
 52.1728
 51.7011
 45.5961
 27
 45.1664
 35
 34.2929
 25.1992
 27
 21.4243
 28.3901
 25.6125
 39.7115
 22.9347
 25.2587
 33.8231
 37.108
 47.0106
 47.9896
 51.3323
 55.1362
 50.03
 52.9056
 43.4626
 46
 25.923
 37.921
 33.0454
 30.7409
 20.8567
 20.8327
 32.1714
 26.0768
 26.4197
 23.7065
 24.0416
 33.4365
 45.5631
 37.6165
 54.5436
 51.1859
 50.5767
 54.2402
 50.9804
 46.8828
 42.5676
 24.5764
 42.0951
 38.4968
 50.319
 43.9204
 20.2731
 46.5403
 46.1844
 37.2961
 37.2961
 30.7896
 45.8258
 28.3549
 49.7795
 31.0966
 31.0966
 52.1536
 52.1536
 55.7136
 26.6271
 50.8232
 50.8232
 37.8814
 37.8814
 31.5436
 27.0555
 50.9804
 17.8045
 0
 43.4626
 0
 0
 22.6936
 22.6936
 29.6142
 29.6142
 52.144
 52.144
 52.144
 42.9535
 54.9454
 47.085
 0
 48.9694
 61.1964
 45.1331
 59.8749
 39.7618
 36.4692
 32.665
 76.7007
 28.688
 31.9061
 18.412
 20.9284
 41.2068
 34.4238
 34.4238
 39.95
 30.282
 42.6263
 27.7849
 41.9762
 65.7723
 45.8585
 0
 0
 0
 0
 0
 0
 0
 34.4384
 61.3188
 33.0908
 51.3517
 51.3517
 30.1164
 30.1164
 30.1164
 34.3366
 22.7376
 43.6463
 43.6463
 43.6463
 0
 31.305
 39.3192
 32.6956
 32.6956
 41.5812
 41.5812
 34.5688
 34.5688
 53.1225
 42.0833
 28.178
 47.244
 47.244
 19.2094
 0
 0
 36.524
 33.3017
 0
 0
 32.4808
 52.3259
 52.3259
 47.5395
 28.1603
 63.8436
 26.9072
 41.821
 57.576
 36.8511
 53.3292
 21.5407
 21.5407
 48.9796
 48.9796
 35.0428
 55.4527
 55.4527
 16.5529
 48.9387
 31.9687
 31.9687
 53.3479
 26.0576
 47.8017
 50.6162
 50.6162
 25.6515
 55.5158
 22.6053
 0
 30.2985
 20.347
 20.347
 0
 29.1376
 44.7996
 55.4256
 55.4256
 54.0555
 54.0555
 48.9183
 0
 33.9411
 61.3596
 46.7119
 0
 0
 24.5561
 24.5561
 0
 0
 39.3827
 29.2233
 55.2721
 55.2721
 50.448
 42.7551
 38.7943
 47.4974
 59.2706
 24.8998
 24.8998
 43.4166
 43.4166
 50.2394
 50.2394
 50.2394
 50.2394
 67.0448
 28.8964
 28.8964
 23.4307
 24.5357
 26.3249
 36.2629
 0
 33.8378
 51.0098
 37.1887
 33.0151
 20.567
 49.689
 54.827
 13.1149
 0
 38.2361
 27.9106
 54.4243
 54.4243
 34.5832
 45.5412
 55.109
 55.109
 28.7054
 26.1916
 62.2896
 27.8209
 59.8415
 31.1769
 35.327
 35.327
 49.2341
 27.7128
 52.1249
 52.1249
 67.6018
 67.6018
 53.8331
 52.6403
 45.1664
 45.1664
 45.3542
 44.4072
 28.931
 28.931
 28.931
 45.6946
 19.2873
 31.1288
 27.7489
 0
 0
 48.7134
 38.092
 30.1496
 0
 32.6037
 57.55
 36.6606
 36.6606
 54.8452
 26.0576
 26.0576
 26.0576
 54.3047
 30.05
 0
 0
 0
 0
 0
 46.2709
 46.2709
 46.2709
 46.2709
 46.2709
 46.2709
 46.2709
 46.2709
 20.9284
 31.0322
 31.0322
 46.744
 38.1314
 27.9643
 27.9643
 58.112
 26.096
 50.9804
 50.9804
 50.9804
 49.6588
 35.4824
 42.6732
 42.6732
 52.5738
 52.5738
 52.5738
 52.5738
 25.4362
 24.8998
 31.4006
 31.4006
 31.4006
 51.3615
 51.3615
 51.3615
 51.3615
 40.2244
 46.7012
 46.7012
 0
 29.5296
 29.5296
 29.5296
 23.4094
 25.671
 25.1595
 25.1595
 25.1595
 49.0714
 39.5348
 39.5348
 39.5348
 25.1794
 53.7773
 19.6723
 19.6723
 37.4433
 26.096
 26.096
 26.096
 35.7631
 33.541
 45.2438
 0
 0
 0
 40.9512
 84.7526
 84.7526
 84.7526
 84.7526
 84.7526
 40.9756
 48.9387
 30.2655
 60.1581
 60.1581
 60.1581
 41.9047
 44.3734
 49.5379
 49.5379
 26.533
 46.7333
 46.7333
 23.388
 22.5389
 27.6043
 27.6043
 52.3832
 40.0625
 26.533
 43.3359
 28.0179
 21.9089
 32.4654
 54.5527
 54.5527
 54.5527
 25.7876
 38.2492
 41.497
 31.3528
 48.1768
 26.9815
 32.311
 32.311
 38.4578
 25.7099
 49.6991
 30.3315
 17.8326
 56.1427
 24.8596
 24.6171
 28.0357
 46.0543
 23.3666
 20.8806
 31.9218
 26.3818
 20.1494
 31.7175
 32.8177
 32.8177
 0
 28.4253
 25.4165
 25.4165
 37.229
 38.3667
 40.1871
 37.8946
 35.8469
 53.7866
 35
 0
 46.0543
 36.1248
 40.4228
 40.4228
 59.8415
 59.8415
 29.7321
 32.7414
 17.4356
 34.2053
 33.2566
 25.632
 45.0444
 45.0444
 14.2478
 24.0832
 49.3153
 49.3153
 32.619
 30.2985
 40.5709
 34.9428
 17.8606
 17.8606
 29.7153
 36.8511
 17.1756
 55.254
 27.4044
 32.6956
 32.6956
 30.692
 48.1352
 13.9642
 36.3318
 0
 24.3516
 24.3516
 47.0744
 47.0744
 47.0744
 47.0744
 15.5563
 41.2674
 41.2674
 38.3536
 22.2036
 15.1658
 27.2397
 36.8917
 54.3967
 54.3967
 15.1658
 43.7035
 40.0375
 51.9615
 51.9615
 14.3875
 40.5093
 44.4072
 30.692
 20.9762
 0
 13.2288
 40.8901
 40.8901
 46.8081
 31.0483
 41.2916
 50.7445
 14.8324
 47.4342
 31.607
 38.3927
 23
 23
 14.5945
 58.4209
 58.4209
 38.1969
 34.8425
 34.8425
 16.6132
 34.2637
 56.107
 40.025
 46.1086
 46.1086
 31.1127
 14.7648
 33.2866
 46.0869
 48.7545
 48.7545
 40.0625
 15.9374
 15.9374
 27.6043
 44.7661
 54.8544
 29.4449
 29.4449
 22.9129
 30.7246
 51.0196
 25.807
 19.3132
 31.5436
 21.7945
 50.8429
 37.3765
 32.8786
 34.4238
 34.4238
 40.0375
 0
