 23.7065
 1.73205
 25.0599
 17.2916
 28.3373
 28.3373
 28.4781
 45.9021
 34.1028
 44.4747
 44.4747
 47.5079
 47.4131
 50.4083
 43.3935
 51.672
 35.0143
 43.0697
 36.2905
 38.092
 22.5389
 33.0151
 33.0151
 30.6268
 30.6268
 30.6268
 22.6274
 28.3725
 33.8674
 30.282
 30.5287
 33.9117
 34.5688
 35.6791
 21.9317
 17.5784
 45.299
 34.7563
 22.2486
 22.2486
 48.2079
 45.0555
 22.2486
 33.8969
 45.9021
 48.1768
 37.8682
 21.4709
 34.4674
 22.1359
 37.8946
 49.3862
 36.2767
 23.6854
 33.9411
 22.2486
 37.5233
 22.5832
 47.5815
 40.9878
 0
 0
 0
 34.8281
 31.4802
 0
 31.9218
 34.2783
 0
 44.317
 26.9072
 48.6004
 48.6004
 49.1833
 39.0896
 43.7264
 43.2435
 33.0303
 31.6702
 32.665
 34.6121
 34.6121
 43.5316
 44.317
 46.7012
 42.6263
 32.665
 39.8999
 32.0624
 45.8694
 32.8329
 23.8328
 47.0425
 51.1371
 51.1371
 48.5283
 38.5876
 35.2846
 36.524
 37.9078
 36.8917
 36.8917
 24.9199
 24.9199
 48.6313
 48.6313
 0
 41.7133
 33.4515
 33.0908
 48.9285
 49.7996
 26.7769
 59.8415
 33.2114
 46.4435
 38.3014
 31.4166
 37.6298
 34.2783
 39.1024
 39.8372
 31.7175
 40.8656
 40.8656
 40.8656
 47.8539
 41.1218
 45.2217
 50.0899
 36.8782
 54.4243
 38.923
 54.4426
 30.8383
 48.6518
 48.6518
 43.4166
 43.4166
 36.1386
 41.8091
 31.3688
 38.3145
 38.3145
 39.7115
 46.6583
 41.7493
 49.8397
 44.3283
 44.3283
 57.7668
 37.054
 50.1896
 58.438
 25.2785
 51.4296
 23.1084
 46.1736
 46.1736
 46.1736
 36.1801
 30.5287
 42.2729
 41.821
 41.821
 46.1844
 45.618
 49.5782
 52.192
 61.6685
 57.81
 65.3911
 45.0444
 67.2161
 38.5487
 35.4401
 55.1725
 21.9545
 48.7237
 32.7872
 32.7872
 29.2062
 65.238
 43.6463
 43.6463
 47.4552
 46.3573
 46.3573
 52.1153
 57.7754
 64.3584
 62.0242
 69.2532
 43.6463
 72.298
 59.1016
 43.1509
 27.1846
 28.3549
 52.8961
 26.1534
 31.8748
 38.2099
 59.203
 35.7071
 35.7071
 35.7071
 49.93
 57.7495
 57.5847
 53.8609
 53.8609
 50.3389
 59.2199
 62.2174
 58.2666
 70.7884
 53.2447
 57.6628
 39.7744
 52.9811
 44.2267
 44.2267
 28.1069
 31.8434
 31.8434
 31.8434
 31.8434
 31.8434
 60.5723
 54.4243
 49.5782
 58.8558
 57.9741
 53.4977
 69.7925
 71.1266
 68.0074
 52.4214
 63.9687
 52.0288
 34.2345
 22
 48.6518
 24.1454
 36.1386
 48.9285
 54.0555
 54.0555
 76.4526
 52.4118
 87.1493
 57.6715
 45.2327
 61.8628
 69.2532
 58.6856
 66.3626
 64.0703
 65.8179
 41.0122
 52.4404
 34.9571
 30.249
 20.9523
 29.3769
 35.819
 35.819
 35.819
 66.0833
 55.4346
 80.2745
 58.3352
 58.3352
 51.8363
 70.6329
 62.1772
 59.6657
 68.8404
 69.4262
 70.4131
 66.8356
 46.2601
 53.3385
 48.4768
 47.5395
 47.5395
 47.5395
 47.5395
 47.5395
 57.6455
 55.9911
 55.9911
 55.9911
 55.9911
 55.9911
 59.4222
 55.9464
 55.9464
 59.9333
 74.7262
 65.8407
 67.164
 52.2111
 40.5216
 0
 0
 0
 0
 22.8473
 22.8473
 47.3814
 0
 0
 0
 0
 0
 0
 0
 0
 40.2989
 86.0988
 52.144
 95.687
 61.1228
 74.9733
 56.285
 56.285
 64.1249
 61.563
 43.3935
 53.9259
 49.3052
 50.5866
 50.5866
 34.5977
 48.2804
 54.111
 55.2359
 55.2359
 55.2359
 75.2728
 75.2728
 87.7496
 92.5041
 92.5041
 92.5041
 92.5041
 92.5041
 56.1783
 64.3584
 57.9396
 75.0999
 75.0999
 68.9275
 68.9275
 84.8705
 84.8705
 50.547
 77.666
 77.666
 77.666
 77.666
 63.0476
 63.0476
 63.0476
 63.0476
 63.0476
 63.0476
 44.6766
 0
 0
 0
 27.7489
 63
 63
 32.1092
 0
 0
 0
 0
 0
 0
 0
 0
 0
 0
 0
 0
 0
 49.8598
 63.1902
 72.581
 69.0072
 29.7321
 0
 0
 0
 0
 0
 0
 37.7624
 37.7624
 36.2905
 36.2905
 58.2409
 36.9459
 76.5833
 46.0977
 0
 40.7063
 61.7495
 61.7495
 61.7495
 64.2962
 29.3087
 33.9264
 0
 0
 0
 0
 0
 0
 0
 0
 0
 46.6583
 72.0139
 72.0139
 72.0139
 72.0139
 39.2938
 33.7935
 0
 0
 0
 0
 0
 0
 0
 0
 0
 0
 0
 0
 0
 47.5289
 47.5289
 52.6688
 52.6688
 52.6688
 52.6688
 92.3526
 92.3526
 92.3526
 50.1199
 37.1483
 59.5819
 59.5819
 59.5819
 64.4981
 59.5147
 59.5147
 59.5147
 33.3017
 71.6659
 61.2862
 36.0971
 0
 0
 48.9183
 51.449
 51.449
 42.7785
 49.6387
 57.5326
 57.5326
 50.7839
 43.2551
 72.111
 72.111
 61.709
 63.3877
 63.3877
 63.3877
 63.3877
 63.4114
 63.4114
 63.4114
 95.8019
 95.8019
 58.0431
 79.9687
 52.144
 52.144
 56.701
 83.4566
 83.4566
 83.4566
 83.4566
 78.7274
 36.2353
 63.9375
 63.9375
 63.9375
 63.9375
 70.5549
 70.5549
 70.5549
 70.5549
 63.5846
 60.8605
 60.8605
 60.8605
 64.9384
 64.9384
 64.9384
 64.9384
 54.5802
 54.5802
 54.5802
 54.5802
 54.5802
 54.5802
 54.5802
 54.5802
 19.4165
 19.4165
 0
 0
 0
 0
 0
 0
 0
 0
 0
 0
 0
 0
 0
 41.3159
 76.9415
 76.9415
 76.9415
 64.8922
 36.6742
 58.9491
 58.9491
 58.9491
 58.9491
 58.9491
 58.9491
 64.3195
 16.5227
 28.8444
 0
 0
 0
 0
 0
 0
 49.3964
 49.3964
 0
 0
 47.8957
 47.8957
 0
 0
 0
 36.9594
 36.9594
 36.9594
 36.9594
 58.532
 58.532
 58.532
 46.2061
 49.4065
 49.4065
 0
 0
 28.1957
 0
 0
 35.6371
 35.6371
 64.7843
 64.7843
 64.7843
 64.7843
 52.1728
 64.5755
 64.5755
 64.5755
 64.5755
 64.5755
 44.2493
 74.9533
 37.4032
 60.7783
 60.7783
 60.7783
 64.9153
 64.9153
 57.5152
 57.5152
 51.4296
 49.7996
 49.7996
 32.8329
 32.8329
 64.2729
 64.2729
 83.0662
 83.0662
 83.0662
 70.3918
 70.3918
 35.2562
 35.2562
 78.6448
 78.6448
 78.6448
 42.5676
 57.6108
 57.6108
 66.5658
 66.5658
 66.5658
 47.8121
 47.8121
 68.8912
 66.8281
 66.8281
 66.8281
 44.5309
 40.4104
 49.1427
 40.1746
 29.7321
 48.6107
 30.0666
 31.8748
 31.8748
 44.1248
 35.4965
 35.4824
 35.4824
 0
 0
 39.064
 36.7831
 36.7831
 48.3322
 47.4552
 76.8505
 76.8505
 41.2553
 59.649
 59.649
 59.649
 82.994
 82.994
 60.597
 54.6992
 54.6992
 54.6992
 65.3146
 65.3146
 29.6816
 34.7707
 17.9165
 17.9165
 17.9165
 0
 30.8383
 30.8383
 60.2744
 60.2744
 50.4381
 50.5668
 63.3482
 63.3482
 31.305
 0
 0
 0
 32.1559
 79.2969
 52.1632
 52.1632
 52.1632
 43.5316
 69.5414
 30.4302
 30.4302
 0
 0
 0
 27.9464
 0
 0
 26.0576
 31.305
 34.5688
 34.5688
 31.209
 31.209
 27.8568
 44.0795
 27.4408
 56.4801
 56.4801
 27
 36.9459
 36.9459
 74.7596
 74.7596
 26.9815
 26.9815
 60.5805
 56.7891
 56.7891
 56.7891
 30.5614
 30.5614
 30.5614
 71.3162
 71.3162
 71.3162
 67.0671
 27.9106
 27.9106
 27.9106
 21.3307
 21.3307
 21.3307
 27.8209
 71.4073
 71.4073
 71.4073
 71.4073
 71.4073
 31.8434
 31.8434
 31.8434
 50.1298
 74.1215
 74.1215
 74.1215
 27.8568
 27.8568
 50.7937
 74.4782
 74.4782
 74.4782
 29.6311
 0
 0
 0
 0
 0
 0
 0
 0
 0
 0
 39.7744
 44.0227
 44.0227
 44.0227
 46.0652
 46.0652
 49.9199
 0
 0
 0
