 27.7849
 28.2843
 17.6635
 16.4621
 14.9666
 14.9666
 9.21954
 9.21954
 5.47723
 8.66025
 4.24264
 4.89898
 4.89898
 3.4641
 15.6205
 6.245
 1.73205
 1.41421
 2.44949
 6.9282
 22.3159
 26.1151
 36.4829
 29.8496
 33.8674
 39.1408
 31.3688
 1.73205
 32.2955
 21.4476
 21.7945
 3.31662
 14.7986
 16.7033
 16.5529
 20.0998
 8.83176
 5.38516
 15.6525
 29.6311
 1.41421
 0
 15.6525
 34.7419
 7.2111
 6.85565
 24.2074
 15.6844
 1.73205
 18.2483
 20.7605
 11
 3
 17.3781
 7.93725
 19.2354
 0
 17.3781
 32.9545
 16.3095
 0
 35.0571
 0
 33
 5.09902
 0
 25.1595
 5.74456
 0
 15.8745
 16.7332
 1.41421
 29.5973
 17.0587
 35.4542
 22.2036
 29.189
 7.81025
 18.4391
 9.8995
 3.4641
 27.6406
 0
 33.7639
 20.2237
 33.7935
 24
 29.7321
 3.4641
 19.0788
 9.53939
 23.0868
 2.44949
 13.1909
 34.7131
 25.318
 41.4488
 17.4929
 31.4006
 23.7276
 11.3578
 6.245
 24.98
 35.1426
 13.0384
 38.923
 0
 34.7419
 29.4618
 6.85565
 23.2594
 0
 14.3875
 17.4069
 24.2281
 25.8844
 35.8608
 7.93725
 42.0119
 13.0767
 35.7351
 24.0624
 23.0868
 2.44949
 35.2704
 15.3948
 40.0625
 36.2905
 29.4109
 25.6515
 35.0999
 0
 6
 17.4356
 16
 32.0312
 27.55
 4.24264
 38.5876
 13.4907
 48.7545
 27.9643
 33.8378
 37.8286
 21.0238
 2.82843
 44.6542
 19.4679
 36.2767
 35.2987
 24.8998
 2.23607
 3
 16.6733
 17.4356
 30.0998
 7.93725
 3
 32.4191
 44.5533
 14.7648
 27.9821
 48.2286
 29.5466
 36.0139
 1.73205
 46.2169
 39.3319
 1.73205
 28.3901
 26.8328
 10.5357
 37.4566
 21.6795
 1.73205
 11.4018
 32.7109
 25.2785
 1.73205
 17.088
 35.609
 12.1655
 48.6313
 48.3425
 39.1535
 27.9821
 45.9783
 16.8819
 35.0571
 27.2764
 14.7986
 36.8782
 19.0263
 40.5709
 27.0555
 34.4819
 4.24264
 19.2354
 26.7955
 0
 6.7082
 24.4745
 27.6225
 42.6028
 25.5343
 54.4794
 43.4511
 54.1295
 51.643
 26.4008
 44.4972
 15.6205
 0
 29.5296
 25.5734
 2.82843
 26.1151
 37.1618
 38.3275
 41.509
 3
 2.44949
 2.44949
 25.02
 27
 33.0908
 35.6931
 51.2152
 51.449
 58.5747
 49.4773
 41.9643
 32.5269
 25.2389
 2.23607
 19.2873
 21.4476
 32.8938
 46.5403
 37.3229
 37.4566
 21.1187
 28.7054
 9.53939
 15.4596
 22.5389
 41.5211
 41.7253
 39.6737
 59.4222
 48.0208
 59.9917
 32.0156
 33.9559
 25.1992
 20.8327
 6.245
 18.2209
 35.7351
 37
 13.8924
 29.2233
 19.1833
 26.9258
 30.6757
 28.3373
 28.2843
 35.6511
 42.6028
 46.1519
 30.8058
 65.1306
 21.3307
 59.7578
 31.5911
 8.60233
 19.9499
 49.9099
 49.9099
 49.9099
 0
 41.3159
 50.01
 1.73205
 4.24264
 4.89898
 4.89898
 17.3205
 17.3205
 33.8378
 0
 0
 0
 0
 0
 0
 4.79583
 44.699
 0
 0
 0
 23.4734
 0
 9.53939
 50.3984
 50.3984
 5
 0
 0
 11.0905
 11.0905
 32.2335
 32.2335
 32.2335
 32.2335
 32.2335
 57.8533
 68.0147
 59.5651
 59.5651
 59.5651
 72.3326
 38.8716
 50.7642
 17.2627
 21.0476
 5.09902
 5.09902
 51.7011
 32.6803
 48.5386
 39.2301
 3.4641
 27.8209
 27.8209
 29.4958
 36.0832
 22.1133
 35.1568
 58.3267
 58.3267
 59.9667
 59.9667
 57.6715
 57.6715
 57.6715
 78.5493
 78.5493
 78.5493
 78.5493
 78.5493
 78.5493
 78.5493
 78.5493
 53.2635
 53.2635
 53.2635
 53.2635
 52.5452
 48.8979
 0
 0
 0
 31.3369
 1.41421
 2.44949
 2.44949
 2.44949
 2.44949
 26.7955
 26.7955
 26.7955
 26.7955
 35.2846
 63.498
 63.498
 35.7771
 0
 0
 46.7119
 3.31662
 0
 0
 0
 0
 0
 0
 0
 0
 3.4641
 13.9642
 31.8434
 36.1109
 0
 36.2491
 0
 31.6386
 31.6386
 50.8134
 46.9787
 46.9787
 36.8917
 44.8442
 0
 0
 45.2106
 17.1172
 17.1172
 39.3319
 0
 15.3297
 2.23607
 37.6298
 0
 28.8271
 39.0384
 39.0384
 0
 39.8121
 50.5569
 74.6458
 74.6458
 59.8247
 59.8247
 55.6687
 55.6687
 55.6687
 74.2496
 74.2496
 74.2496
 50.4083
 9.64365
 4.69042
 0
 0
 35.8329
 51.6624
 2.44949
 0
 38.3275
 41.2916
 58.643
 30.6268
 47.4342
 58.8048
 58.8048
 58.8048
 58.8048
 41.4849
 0
 0
 0
 0
 13.9642
 0
 36.0555
 37.081
 3.4641
 0
 0
 29.189
 3
 3
 3
 40.5463
 43.9431
 62.474
 16.1864
 0
 49.5984
 33.9559
 62.2575
 62.2575
 62.2575
 41.7971
 77.8845
 77.8845
 77.8845
 77.8845
 84.0476
 84.0476
 84.0476
 84.0476
 84.0476
 84.0476
 38.2623
 46.6905
 0
 0
 0
 0
 36.1525
 34.4384
 0
 0
 5.74456
 42.8486
 22.7596
 0
 0
 0
 0
 6.32456
 6.32456
 0
 0
 0
 20.0749
 0
 0
 39.0896
 0
 0
 0
 0
 40.4599
 0
 0
 47.2017
 63.1902
 63.1902
 63.1902
 63.1902
 63.1902
 63.1902
 65.169
 65.169
 65.169
 65.169
 65.169
 65.169
 65.169
 65.169
 65.169
 65.169
 65.169
 65.169
 65.169
 32.6956
 0
 0
 2.44949
 43
 43
 0
 0
 38.7427
 26.9629
 26.9629
 41.2916
 0
 0
 0
 4.24264
 9.11043
 9.11043
 0
 0
 0
 0
 0
 0
 1.41421
 1.41421
 0
 0
 3.4641
 3.4641
 3.4641
 0
 0
 34.641
 34.641
 0
 4.24264
 0
 0
 0
 0
 0
 38.9487
 38.9487
 41.6533
 48
 0
 0
 4.24264
 0
 0
 0
 0
 0
 33.9559
 33.9559
 8.544
 0
 0
 0
 48.7237
 48.7237
 19.9499
 19.9499
 19.9499
 0
 2.44949
 33.2566
 2.44949
 2.44949
 2.44949
 0
 0
 3.74166
 28.7228
 16.8523
 0
 39.5601
 7.68115
 22.5832
 65.192
 65.192
 65.192
 65.192
 61.563
 61.563
 61.563
 21.7025
 21.7025
 21.7025
 4.24264
 4.24264
 0
 0
 0
 7.87401
 7.87401
 13.4164
 7.93725
 37.9078
 2.44949
 1.41421
 1.41421
 6
 19.8494
 3
 3
 7.81025
 0
 41.9762
 0
 0
 0
 0
 0
 6.7082
 6.7082
 37.6696
 56.6657
 36.8646
 45.9565
 6.48074
 6.48074
 30.9839
 0
 0
 6.9282
 0
 0
 0
 0
 2.23607
 2.23607
 9.53939
 3.74166
 3.74166
 15.4272
 48.9592
 48.9592
 9.53939
 50.3686
 50.3686
 50.3686
 61.7495
 38.2361
 1.73205
 3.74166
 13
 0
 0
 31.5436
 16.4924
 62.6339
 62.6339
 62.6339
 62.6339
 62.6339
 81.1419
 81.1419
 81.1419
 81.1419
 81.1419
 81.1419
 76.857
 76.857
 76.857
 76.857
 76.857
 37.9473
 37.9473
 4.58258
 1.41421
 13.8924
 40.1995
 38.0657
 64.591
 64.591
 64.591
 36.0139
 4.47214
 20.8806
 0
 13.8564
 15.6844
 15.6844
 42.9884
 40.7431
 0
 16.6733
 3.31662
 0
 0
 0
 23.4947
 69.606
 69.606
 37.51
 20.6155
 1.73205
 5.09902
 5.09902
 12.4097
 12.4097
 0
 12.9615
 1.73205
 1.73205
 1.73205
 1.73205
 1.73205
 37.4032
 42.72
 0
 0
 1.73205
 26.0576
 0
 0
 0
 0
 0
 0
 6
 6
 36.8375
 56.7979
 56.7979
 56.7979
 42.6028
 54.4426
 54.4426
 40.1871
 40.1871
 36.2905
 73.641
 73.641
 36.0416
 8.544
 0
 0
 0
