 29.4618
 25.2982
 19.2873
 28.8444
 29.4788
 0
 25.807
 24.8797
 27.2213
 24.8797
 27.9821
 27.2397
 23.4734
 22.9565
 27.2397
 27.2764
 30.3315
 36.6333
 30.7083
 34.1906
 21.7715
 26.9444
 29.0517
 25.02
 22.7596
 31.209
 27.8209
 26.9444
 33.8821
 33.8526
 30.4302
 28.0357
 36.5787
 32.5576
 21.4009
 23.4094
 26.1151
 29.1204
 20.347
 25.5539
 25.318
 23.8747
 19.5448
 33.5559
 26.533
 24.8998
 33.2114
 18.412
 31.8748
 16.7332
 33.8969
 30.3315
 32.0312
 17.9165
 28.8444
 26.9815
 27.4044
 17.8885
 28.4781
 29.5296
 0
 32.2645
 0
 37.9473
 31.6386
 0
 37.4166
 29.6985
 0
 34.5977
 25.1794
 29.0689
 28.2489
 28.9137
 36.3043
 29.5127
 36.1525
 31.6228
 35.6791
 28.0357
 30.315
 28.4429
 29.2746
 34.7707
 27.7128
 36.9053
 24.0208
 43.4626
 33.5559
 36.1386
 27.6406
 24.3926
 28.8271
 28.0357
 29.7658
 32.0312
 39.5474
 30.8383
 40.0874
 39.975
 32.311
 31.4166
 25.1992
 33.0757
 30.7246
 39.6106
 0
 43.2897
 27.0555
 34.4529
 40.1746
 32.9242
 24.8596
 36.1663
 28.2843
 29.5127
 32.3883
 26.3059
 39.3954
 30.692
 43.6807
 41.7253
 27.8747
 29.1548
 34.2929
 32.9848
 37.3898
 45.3211
 27.074
 40.3609
 26.096
 31.305
 34.4674
 27.4773
 24.5357
 28.9137
 25.2587
 42.1545
 30.7896
 26.4764
 41.3521
 26.9072
 45.1442
 34.6121
 36.606
 30
 41.8808
 29.0345
 44
 26.0768
 42.6497
 39.0896
 30.5614
 29.5466
 23.4947
 28.1957
 21.4709
 40.9634
 29.6985
 36.6606
 29.1204
 24.454
 43.1856
 43.1741
 35.1426
 41.3884
 42.8602
 44
 34.641
 35.0571
 43.5775
 38.2623
 24.1247
 36.8782
 39.9875
 30.5287
 28.2666
 20
 46.2061
 27.7128
 29.9666
 23.5584
 39.4588
 43.8748
 35.2704
 46.1302
 43.6807
 41.328
 45.1553
 45.288
 37.855
 35.0286
 41.7971
 26.2869
 39.7618
 31.305
 40.0874
 10.4403
 20.8327
 47.0319
 13.2288
 22.5389
 24.3105
 32.7261
 24.7386
 44.317
 33.9117
 44.8107
 45.9674
 45.2438
 46.1519
 9.38083
 31.9531
 48.6415
 38.4057
 30.348
 39.8246
 30.8221
 32.0468
 22.1811
 45.3431
 42.5441
 42.5441
 25.1595
 24.454
 29.5635
 34.3948
 40.3485
 44.0114
 47.3075
 48.0729
 46.7547
 50.4876
 44.7325
 28.2843
 46.1519
 39.3319
 39.3573
 32.0936
 34.4819
 28.2312
 24.3516
 22.3607
 41.1704
 20.0499
 28.0357
 30.8383
 33.121
 42.0476
 43.2204
 46.6047
 49.0306
 48.0937
 49.163
 45.111
 46
 25.923
 43.8064
 37.51
 37.47
 24.1039
 23.2809
 30.3974
 23.4947
 20.8567
 22.7156
 21.7945
 30.7083
 41.5211
 34.9142
 50.5173
 45.0888
 49.0612
 47.1805
 47.4447
 46.8402
 44.7437
 24.8797
 38.4578
 43.359
 46.8615
 39.0512
 29.5296
 46.9361
 43.4626
 40.8044
 40.8044
 28.8097
 42.6028
 25.1794
 47.3286
 21.9089
 21.9089
 46.6262
 46.6262
 49.7192
 24.3926
 48.0937
 0
 39.7115
 48.6518
 30.3315
 34.2053
 49.548
 24.9399
 0
 42.6966
 0
 0
 19.1311
 40.4846
 27.7849
 27.7849
 49.5076
 0
 48.9285
 38.5876
 48.2079
 43.2204
 0
 43.1741
 54.5161
 43.4741
 55.6327
 42.1545
 36.4555
 30.1496
 55.5788
 35
 32.5576
 26.0576
 19.105
 40.8901
 29.8998
 29.8998
 34.4529
 27.8209
 39.2683
 27.6043
 38.5876
 49.94
 39.3827
 0
 0
 0
 0
 0
 0
 0
 36.565
 59.649
 29.5635
 53.3198
 53.3198
 36.5513
 0
 0
 33.9411
 30.6431
 49.224
 49.224
 49.224
 0
 33.3017
 37.4032
 38.1707
 0
 15.1327
 0
 35.5949
 0
 25.2389
 45.607
 26.9258
 41.1825
 41.1825
 20.6398
 0
 49.2037
 34.9285
 39
 0
 0
 39.2683
 47.8121
 0
 46.3141
 30.3974
 59.8247
 29.4788
 41.1825
 54.6992
 42.9535
 54.074
 18.5472
 0
 0
 0
 33.4216
 35.4824
 35.4824
 18.7083
 43.4166
 29.5973
 29.5973
 48.5592
 27.4773
 57.3672
 49.0714
 0
 21.9089
 54.1018
 23.0217
 0
 27.7669
 18.2757
 38.5746
 0
 27.7489
 39.6989
 50.3686
 50.3686
 49
 49
 45.1774
 0
 35.426
 57.5847
 45.3872
 0
 0
 26.7208
 25.8844
 0
 0
 44.3734
 27.9285
 54.3783
 54.3783
 51.9615
 39.6232
 40.5216
 52.3259
 54.4151
 30.0167
 30.0167
 41.4246
 41.4246
 47.833
 47.833
 0
 0
 0
 30.348
 30.348
 25.5147
 22.5832
 27.4044
 42.19
 0
 30.545
 52.1249
 32.4346
 33.0454
 19.1572
 45.0555
 50.1498
 16.0935
 0
 35.6371
 29.6985
 48.949
 48.949
 35.8887
 43.8292
 49.366
 49.366
 29.95
 27.5862
 58.0345
 32.5269
 58.2666
 32.2645
 33.0757
 33.0757
 46.6583
 31.1288
 52.7257
 52.7257
 72.7393
 72.7393
 50.6853
 54.2771
 42.7902
 42.7902
 45.1221
 44.2493
 21.7715
 21.7715
 21.7715
 44.3734
 22.2036
 27.8388
 32.249
 32.249
 0
 45.5192
 36.0416
 27.4408
 0
 33.8674
 53.2916
 35.2987
 35.2987
 50.8232
 18.6815
 18.6815
 18.6815
 49.679
 22.0907
 0
 0
 0
 0
 0
 42.0476
 28.3196
 28.3196
 28.3196
 28.3196
 51.8459
 51.8459
 51.8459
 21.7256
 30.4631
 56.8067
 45.9021
 35.3412
 24.4745
 24.4745
 58.2495
 27.1477
 51.9711
 51.9711
 51.9711
 50
 34.9714
 43.3359
 43.3359
 53.0848
 53.0848
 53.0848
 53.0848
 27.258
 21.1424
 28
 28
 0
 46.422
 0
 0
 0
 39.3192
 41.5211
 41.5211
 0
 25.923
 25.923
 25.923
 26.8142
 30.3645
 28.3549
 28.3549
 28.3549
 47.8853
 40.8656
 40.8656
 40.8656
 27.1477
 49.6387
 14.1421
 14.1421
 44.833
 23.4947
 23.4947
 23.4947
 35.0286
 34.2637
 41.9643
 0
 0
 0
 39.1024
 55.4617
 30.348
 30.348
 0
 0
 37.7624
 52.8961
 29.1548
 56.0535
 56.0535
 56.0535
 42.6497
 42.1663
 49.3052
 49.3052
 25.8263
 47.2969
 47.2969
 25.0599
 21.4476
 24.3926
 24.3926
 54.1572
 38.223
 26.4575
 38.8587
 28.1247
 22.5832
 35.1852
 49.9199
 0
 0
 24.3516
 34.9428
 35.327
 34.6266
 48.6724
 28.0357
 28.3725
 28.3725
 38.6911
 30.8058
 53.5257
 29.1719
 21.7256
 57.0701
 28.2666
 30.6757
 27.2213
 47.0638
 26.8142
 25.5147
 31.6228
 31.0966
 22.5389
 32.218
 31.0322
 31.0322
 0
 29.3598
 26.2488
 26.2488
 34.2199
 35.8469
 41.8688
 35.2136
 37.4299
 51.1468
 34.5977
 0
 47.3075
 36.5924
 41.7732
 38.1707
 57.3498
 57.3498
 32.7567
 33.0606
 16.1864
 35.1568
 30.3974
 25.2389
 49.0102
 49.0102
 12.083
 25.6515
 49.548
 49.548
 25.318
 27.5862
 44.5421
 34.7419
 15.4272
 15.4272
 32.1403
 35.6931
 12.1655
 57.376
 26.9258
 33.4365
 33.4365
 25.8263
 51.3809
 14
 36.2767
 0
 25.3772
 0
 35.3129
 35.3129
 35.3129
 18.412
 14.3527
 37.7492
 37.7492
 32.7109
 25.2587
 13.0767
 27.2029
 35.819
 50.4381
 50.4381
 13.1149
 39.5221
 38.1707
 52.3068
 52.3068
 13.2288
 37.55
 43.9886
 31.1288
 21.6795
 0
 9.79796
 38.3797
 38.3797
 47.7389
 29.7825
 41.2189
 48.2183
 15.5563
 48.4149
 32.0624
 36.3731
 23.4521
 23.4521
 15.9687
 57.9051
 57.9051
 38.7169
 34.9142
 33.1813
 17.5784
 36.9324
 50.5866
 40.8289
 47.3286
 47.3286
 31.4802
 13.9642
 33.2415
 46.9148
 48.4974
 48.4974
 42.9069
 14.9666
 14.9666
 27.5862
 43.5316
 54.461
 33.1059
 33.1059
 24.1247
 29.9666
 50.3885
 29.5973
 24.5967
 32.7414
 20.567
 48.6826
 36.9594
 33.5857
 35.4824
 35.4824
 38.9358
 0
