 24.5561
 14.7986
 31.0966
 27.2947
 34.7563
 34.7563
 37.855
 45.1774
 39.8372
 47.4342
 46.7654
 48.8569
 45.7712
 49.3153
 43.2204
 50.4381
 43.8406
 54.037
 44.6878
 44.7325
 29.7153
 35.9861
 33.8674
 27.8209
 23
 40.0375
 27.8209
 35.9444
 37.3631
 38.1838
 36.318
 37.0945
 42.9185
 41.2553
 26.3629
 28.4253
 40.0625
 40.2368
 25.5343
 23.516
 41.4126
 41.2189
 24.4336
 33.9117
 43.6348
 44.2719
 38.8587
 22.7596
 44.3509
 21.8174
 44.7772
 49.4166
 45.0666
 22.9783
 38.3275
 34.5832
 39.3319
 22
 35.6371
 43.6463
 0
 39.1152
 0
 41.7732
 41.328
 0
 42.8602
 39.281
 0
 46.6583
 33.2265
 43.9545
 34.2783
 47.2969
 39.975
 46.6798
 42.7785
 43.1741
 41.7852
 40.0625
 40.9634
 34.7707
 39.9875
 41.3038
 45.0555
 43.4971
 38.833
 49.2849
 43.715
 44.5646
 39.0768
 31.8119
 47.0532
 47.5184
 34.8281
 49.8397
 43
 45.0666
 43.4741
 45.9456
 46.3789
 40.0625
 36.1386
 42.5911
 49.3862
 46.076
 0
 49.5984
 39.4335
 43.4856
 50.8232
 49.3559
 36.1801
 56.4358
 34.8712
 49.1427
 37.7227
 41.7493
 44.317
 45.8585
 47.9166
 48.7134
 40.7431
 40.0874
 46.9255
 47.1805
 44.3959
 54.037
 46.1194
 56.7186
 41.2795
 49.1325
 47.9479
 49.8297
 37.4299
 47.4236
 33.3317
 55.8749
 39.1152
 47.7912
 48.7647
 37.7359
 50.4083
 47.0319
 47.0638
 43.1856
 52.2111
 49.3052
 55.6147
 45.0666
 52.9245
 48.6518
 48.9796
 51.614
 37.4032
 49.163
 31.9844
 57.7754
 37.4166
 43.6578
 47.7703
 38.1576
 49.4773
 51.3128
 48.6724
 53.3573
 54.2402
 58.258
 49.4267
 55.2992
 60.5558
 56.8507
 40.1871
 62.426
 50.4381
 44.0454
 52.259
 31.607
 62.1932
 45.9674
 45.9674
 39.0512
 63.4665
 54.8999
 52.1249
 57.5934
 57.7841
 56.8595
 59.9667
 63.726
 60.9836
 54.7814
 62
 45.0666
 67.5648
 57.1577
 52.2972
 19.975
 33.8969
 64.0781
 19.799
 43.1277
 38.7169
 57.6802
 41.1339
 64.3273
 53.1789
 59.1523
 58.4038
 61.0082
 61.709
 61.709
 50.6458
 64.9923
 60.4235
 51.6914
 65.0154
 53.7494
 54.7631
 38.2753
 63.1902
 56.0981
 56.0981
 40.9145
 40.3485
 45.4092
 52.9811
 54.2863
 57.463
 62.9524
 62.434
 58.258
 65.3529
 62.426
 45.9565
 64.5136
 64.3817
 60.3158
 51.5073
 60.2661
 47.9166
 38.223
 34.9285
 59.0508
 33.5559
 44.0341
 46.076
 51.342
 55.5968
 72.9931
 60.63
 84.303
 63.5059
 57.4717
 63.4665
 64.2417
 50.5272
 67.9559
 60.2412
 63.3404
 41.7133
 45.7602
 45.7056
 43.2666
 33.8674
 40.2492
 41.3038
 47.8017
 64.8691
 65.5439
 63.206
 77.7303
 65.2074
 74.96
 61.7171
 64.7225
 63.0952
 50.2792
 58.6345
 66.9403
 61.9919
 55.0182
 48.2908
 64.0781
 57.0438
 56.7979
 56.7979
 47.0532
 57.4195
 42.9767
 59.6825
 48.6313
 48.6313
 62.45
 62.45
 61.9516
 53.2823
 61.8708
 61.8708
 61.0492
 64.5058
 59.0847
 56.2406
 66.2873
 44
 0
 0
 0
 0
 33.1059
 33.1059
 45.6727
 0
 0
 0
 0
 0
 0
 0
 0
 0
 0
 0
 0
 0
 0
 0
 0
 0
 47.8748
 43.7379
 36.3043
 55.9643
 42.6966
 42.6966
 48.0833
 43.1509
 55.1906
 49.5177
 49.5177
 49.5177
 66.0681
 66.0681
 76.4722
 82.4015
 82.4015
 83.8928
 83.8928
 83.8928
 56.2228
 70.7672
 50.3289
 68.971
 68.971
 61.6847
 61.6847
 74.3976
 74.3976
 47.2335
 72.6842
 72.6842
 72.6842
 72.6842
 56.0446
 74.4916
 60.2412
 60.2412
 49.2646
 0
 0
 0
 0
 0
 40.8289
 55.1634
 55.1634
 39.6106
 0
 0
 0
 0
 0
 0
 0
 0
 0
 0
 0
 0
 46.594
 57.4021
 71.0493
 70.4486
 67.3573
 34.8425
 0
 0
 0
 0
 0
 0
 32.7109
 59.607
 43.909
 43.909
 60.7783
 42.6028
 71.7565
 59.1439
 59.1439
 42.1426
 74.7395
 38.4968
 0
 0
 36.6742
 49.548
 0
 44.1135
 59.1608
 61.5142
 61.5142
 66.9627
 66.9627
 58.643
 58.643
 52.792
 73.6478
 69.3253
 69.3253
 69.3253
 47.592
 43.4741
 0
 0
 0
 49.5782
 67.9706
 67.9706
 71.6589
 62.5779
 66.6183
 72.2219
 66.4379
 60.1166
 60.1166
 52.9717
 52.9717
 62.1852
 62.1852
 62.1852
 62.1852
 89.0449
 45.913
 45.913
 47.7912
 37.9868
 51.0294
 57.5847
 57.5847
 52.7447
 69.8713
 69.8713
 69.8713
 37.1349
 64.3351
 61.8466
 35.4401
 0
 0
 0
 0
 0
 0
 0
 0
 0
 48.1871
 41.9404
 73.9797
 50.1498
 70.6187
 56.1338
 56.4712
 56.4712
 62.7615
 55.5968
 70.9295
 70.9295
 92.8763
 92.8763
 63.5216
 74.2967
 57.3934
 57.3934
 57.3672
 72.5948
 33.0606
 33.0606
 0
 0
 37.3095
 52.9245
 52.9245
 52.9245
 52.9245
 63.5138
 63.9062
 42.1307
 42.1307
 52.9245
 68.1469
 47.1381
 47.1381
 62.6498
 39.598
 39.598
 39.598
 60.7207
 34.1467
 0
 0
 0
 0
 0
 0
 23.5797
 23.5797
 23.5797
 23.5797
 64.5601
 64.5601
 64.5601
 45.9347
 42.7668
 85.1117
 62.8649
 56.4269
 36.4829
 36.4829
 71.5052
 40.6694
 74.5922
 74.5922
 74.5922
 62.849
 45.3321
 62.1369
 62.1369
 68.0147
 68.0147
 68.0147
 68.0147
 54.9181
 22.5167
 42.5793
 42.5793
 0
 0
 0
 0
 0
 0
 0
 0
 0
 35.6931
 35.6931
 35.6931
 39.6485
 41.7493
 44.8665
 44.8665
 44.8665
 44.8665
 49.96
 49.96
 49.96
 44.8442
 56.8507
 56.8507
 56.8507
 55.6597
 39.4208
 0
 0
 44.3847
 47.4025
 69.3974
 69.3974
 69.3974
 69.3974
 58.1464
 66.1891
 43.5086
 43.5086
 43.5086
 43.5086
 44.8999
 68.1982
 39.0512
 68.6003
 68.6003
 68.6003
 62.8649
 47.1487
 61.7252
 61.7252
 41.9643
 61.8223
 61.8223
 36.2353
 36.2353
 53.1225
 53.1225
 76.629
 50.1398
 37.3363
 61.7171
 61.7171
 38.5876
 38.5876
 73.2393
 73.2393
 73.2393
 41.9524
 53.066
 53.066
 56.6833
 56.6833
 30.315
 41.7373
 41.7373
 70.6682
 60.05
 73.5459
 52.1728
 41.3159
 57.8533
 40.2741
 43.7721
 37.3898
 61.0492
 36.9188
 38.0789
 49.5177
 55.263
 36.9053
 41.9881
 41.9881
 41.9881
 41.9881
 42.4971
 35.6371
 35.6371
 48.4252
 48.7545
 67.6831
 56.6745
 51.817
 59.1185
 40.9023
 0
 0
 0
 0
 0
 0
 0
 0
 0
 29.189
 43.6463
 38.5746
 36.9188
 77.0973
 77.0973
 77.0973
 77.0973
 64.6142
 64.6142
 47.085
 42.6849
 60.05
 46.3897
 27.8029
 27.8029
 46.8295
 48.3011
 26.0768
 75.8617
 43.6463
 49.5379
 49.5379
 40.025
 64.9384
 27.258
 48.4665
 0
 0
 0
 36.6742
 36.6742
 36.6742
 31.4484
 27.7669
 44.5421
 44.5421
 42.4735
 55.4527
 21.4476
 52.144
 39.724
 64.5523
 64.5523
 21.8174
 46.4866
 49.8999
 66.9477
 66.9477
 21.7715
 53.6283
 70.6329
 54.2125
 54.2125
 54.2125
 22.5389
 41.9762
 41.9762
 70.4486
 45.3431
 45.3431
 82.4015
 82.4015
 67.3573
 67.3573
 46.7868
 46.7868
 46.7868
 23.8956
 23.8956
 23.8956
 23.8956
 23.8956
 23.8956
 26.8142
 26.8142
 53.9907
 60.6712
 71.3302
 71.3302
 71.3302
 23.622
 45.0555
 63.4508
 67.6461
 67.6461
 67.6461
 25.8457
 25.8457
 25.8457
 65.3452
 67.3424
 55.5698
 55.5698
 38.8458
 38.8458
 61.1228
 39.3065
 40.5586
 48.1041
 48.1041
 54.0463
 50.0799
 50.0799
 50.8724
 50.8724
 50.8724
 50.8724
