 4.12311
 4.58258
 18.2209
 19.5704
 5.19615
 5.19615
 5.19615
 5.19615
 10.4403
 10.4403
 12.4097
 12.4097
 14.7648
 10.3923
 12.2066
 12.1655
 13.9284
 12.1655
 13.8564
 10.3923
 10.3923
 9.59166
 9.59166
 9.59166
 9.59166
 9.59166
 9.59166
 9.59166
 9.59166
 13.8924
 13.8924
 13.8924
 13.0384
 13.1149
 12.2474
 12.2474
 13.0767
 13.8924
 12.0416
 12.0416
 12.9615
 13.8924
 11.3578
 11.3578
 13.9284
 12.1244
 12.1244
 10.198
 13.9284
 11.3578
 11.3578
 10.4881
 16
 10.1489
 10.1489
 10.1489
 10.1489
 10.3441
 10.3441
 10.3441
 10.3441
 10.3441
 10.3441
 10.3441
 15.3623
 15.3623
 15.3623
 15.3623
 10.3923
 10.3923
 10.3923
 10.3923
 10.3923
 14.7648
 14.7648
 14.7309
 14.7309
 15.3623
 15.3623
 14.2478
 14.2478
 14.2478
 12.4499
 12.4499
 11.4018
 11.4018
 11.225
 14.5258
 13.4536
 16.4621
 13.1529
 13.2665
 15.1327
 17.3494
 17.3494
 16.5831
 16.5831
 15.7162
 15.7162
 15.7162
 14.8324
 14.8324
 14.8324
 14.8324
 14.8324
 14.8324
 14.8324
 14.8324
 11.3578
 13.1149
 15.5242
 14.8324
 14
 14.5258
 14.5258
 15.1658
 15.1658
 16.6433
 16.6433
 16.0935
 16.0935
 16.0935
 17.3781
 17.3781
 15.1327
 15.1327
 15.1327
 15.1327
 12.9615
 16.3095
 13.8564
 13.8564
 16.4317
 15.1658
 14.8661
 16
 16
 16
 16
 18.2483
 18.2483
 17.8326
 17.8326
 17.8606
 17.8606
 17.8606
 17.5784
 13.0384
 13.0384
 16.4621
 17.8606
 13.0767
 19.0788
 16.2481
 16.2481
 17.0587
 17.0587
 15.4596
 15.4596
 15.4596
 19.1311
 16.1864
 16.1864
 16.1864
 16.1864
 16.1864
 16.1864
 16.1864
 18.8944
 15.1327
 15.1327
 18.6815
 17.8885
 15.5242
 18.2757
 20.2237
 17.0587
 19.4422
 19.4422
 19.4422
 16.1555
 16.5529
 17.8326
 16.7033
 19.0788
 18.0278
 17.8606
 18.3848
 18.5203
 18.5203
 19.4936
 19.4679
 18.2483
 18.2483
 16.7929
 16.7929
 18.3303
 7.48331
 19.2614
 18.735
 18.735
 22.2036
 16
 16
 22.3607
 19
 17.8606
 17.8606
 20
 18.735
 14.9666
 14.9666
 14.9666
 17.5499
 17.5499
 17.5499
 17.5499
 17.5499
 16.4012
 17.4929
 16.1555
 19.4936
 12.53
 18.6011
 15.3948
 17.7764
 17.1756
 18.4932
 18.4932
 18.6815
 18.6815
 17.5784
 17.5784
 17.1756
 19.9499
 16.1555
 16.8819
 16.8819
 19.5192
 19.5192
 19.7737
 20.9045
 20.5183
 20.2731
 19.799
 19.799
 19.0526
 19.0526
 19
 14.0357
 14.0357
 19.4422
 14.8997
 22.1133
 24.0624
 24.0624
 24.0624
 24.0624
 24.0624
 19.2614
 19.2614
 19.2614
 20.1742
 19
 17.5784
 18.4662
 18.4662
 16.6433
 19.0263
 19.0263
 16
 16
 16
 16
 16
 16
 16
 16
 17.8606
 18.7617
 18.7617
 18.7617
 18.7617
 17.7764
 17.7764
 17.7764
 19.0788
 19.0788
 19.0788
 19.0788
 19.0788
 19.0788
 19.0788
 19.3649
 18.5203
 18.5203
 18.5203
 21.4476
 21.4476
 21.4476
 21.4476
 21.4476
 21.4476
 21.4476
 21.4476
 21.4476
 21.4476
 21.4476
 21.4476
 21.4476
 21.4476
 21.4476
 21.4476
 21.4476
 21.4476
 21.4476
 21.4476
 21.4476
 21.4476
 21.4476
 21.4476
 26.2488
 26.2488
 23.1517
 23.1517
 23.1517
 23.1517
 25.3969
 18.6548
 18.0278
 18.0278
 20.2978
 20.2978
 20.2978
 22.6716
 26.3629
 26.3629
 26.3629
 26.3629
 26.3629
 26.3629
 24.7992
 24.7992
 24.7992
 24.7992
 24.7992
 24.7992
 0
 0
 18.0831
 18.0831
 18.0831
 18.0831
 18.0831
 17.4929
 17.4929
 17.4929
 11.7047
 37.5366
 11.1355
 15.9374
 15.9374
 15.9374
 15.9374
 15.9374
 15.9374
 15.9374
 15.9374
 15.9374
 15.9374
 15.9374
 15.3623
 15.3623
 15.3623
 15.3623
 16.8819
 16.8819
 16.8819
 16.8819
 16.8819
 16.1864
 16.1864
 16.1864
 16.1864
 16.1864
 0
 0
 0
 0
 32.4962
 32.4962
 32.4962
 32.4962
 32.4962
 32.4962
 15.906
 15.906
 15.906
 15.906
 14.2478
 14.2478
 14.2478
 14.2478
 14.2478
 12.2474
 12.2474
 12.2474
 12.2474
 12.8452
 12.8452
 12.8452
 12.8452
 12.8452
 12.8452
 12.8452
 12.8452
 12.8452
 12.8452
 12.8452
 12.8452
 12.8452
 12.8452
 12.8452
 12.8452
 12.8452
 0
 0
 0
 0
 0
 0
 0
 0
 0
 11.6619
 11.6619
 11.6619
 11.6619
 11.6619
 11.6619
 11.6619
 11.6619
 11.6619
 11.6619
 11.6619
 12.2474
 12.2474
 12.2474
 12.2474
 10.3923
 10.3923
 10.3923
 10.3923
 10.3923
 10.3923
 10.3923
 10.3923
 10.3923
 10.3923
 0
 0
 0
 0
 0
 0
 0
 0
 0
 0
 0
 0
 0
 0
 0
 0
 0
 0
 0
 0
 0
 0
 0
 0
 0
 0
 0
 0
 0
 0
 0
 0
 0
 0
 0
 0
 0
 0
 0
 0
 0
 8.18535
 8.18535
 8.18535
 8.18535
 8.18535
 8.18535
 8.18535
 8.18535
 8.18535
 8.18535
 8.18535
 8.18535
 15.3948
 15.3948
 15.3948
 20.3715
 20.3715
 20.3715
 20.3715
 20.3715
 20.3715
 20.3715
 20.3715
 20.3715
 20.3715
 20.3715
 13.7113
 13.7113
 13.7113
 13.7113
 13.7113
 13.7113
 13.7113
 13.7113
 13.7113
 13.7113
 13.7113
 13.7113
 13.7113
 13.7113
 13.7113
 13.7113
 13.7113
 13.7113
 13.7113
 13.7113
 13.7113
 13.7113
 13.7113
 13.7113
 13.7113
 13.7113
 13.7113
 13.7113
 13.6382
 13.6382
 13.6382
 13.6382
 13.6382
 13.6382
 13.6382
 13.6382
 13.6382
 13.6382
 13.6382
 13.6382
 13.6382
 13.6382
 13.6382
 13.6382
 13.6382
 13.6382
 13.6382
 13.6382
 13.6382
 13.6382
 13.6382
 13.6382
 13.6382
 13.6382
 13.6382
 13.6382
 13.6382
 13.6382
 13.6382
 13.6382
 13.6382
 13.6382
 13.6382
 13.6382
 13.6382
 0
 0
 0
 0
 0
 0
 0
 0
 0
 0
 0
 0
 0
 0
 0
 0
 0
 0
 0
 0
 0
 0
 0
 0
 0
 0
 0
 0
 0
 0
 0
 0
 0
 0
 0
 0
 14.4222
 14.4222
 14.4222
 14.4222
 14.4222
 14.4222
 14.4222
 14.4222
 14.4222
 14.4222
 14.4222
 14.4222
 14.4222
 14.4222
 14.4222
 14.4222
 14.4222
 14.4222
 14.4222
 14.4222
 14.4222
 14.4222
 14.4222
 14.4222
 0
 0
 0
 0
 0
 0
 0
 0
 0
 0
 0
 0
 0
 0
 0
 0
 0
 0
 0
 0
 12.9615
 12.9615
 12.9615
 12.9615
 12.9615
 12.9615
 14.8324
 14.8324
 14.8324
 14.8324
 14.8324
 14.8324
 14.8324
 14.8324
 11.6619
 11.6619
 11.6619
 11.6619
 14.3527
 14.3527
 14.3527
 14.3527
 14.3527
 14.3527
 14.3527
 10.1489
 10.1489
 10.1489
 10.1489
 0
 0
 0
 0
 0
 12.4499
 12.4499
 12.4499
 12.4499
 12.4499
 13.4907
 13.4907
 13.4907
 13.4907
 13.4907
 13.6748
 13.6748
 13.6748
 13.6748
 13.6748
 11.3137
 11.3137
 11.4455
 11.4455
 11.4455
 0
 12.083
 12.083
 12.083
 12.083
 12.083
 12.083
 12.083
 9.84886
 9.84886
 9.84886
 9.84886
 9.84886
 9.84886
 8.544
 8.544
 8.544
 8.544
 8.544
 0
 14.2829
 14.2829
 14.2829
 14.2829
 14.2829
 14.2829
 14.2829
 13.9284
 13.9284
 13.9284
 13.9284
 13.9284
 13.9284
 13.1529
 13.1529
 13.1529
 13.1529
 13.1529
 13.1529
 13.1529
 13.1529
 13.1529
 13.1529
 13.1529
 13.1529
 13.1529
 13.1529
 13.1529
 13.1529
 13.1529
 13.1529
 13.1529
 13.1529
 0
