 19.6469
 29.6311
 13.5647
 12.1655
 23.9374
 23.9374
 23.9374
 23.9374
 15.3948
 15.3948
 14.8997
 14.8997
 16.6733
 17.4929
 14.7648
 12.53
 12.9615
 11.7473
 11.3578
 11.0905
 11.0905
 12.5698
 12.5698
 12.5698
 12.5698
 12.5698
 12.5698
 12.5698
 12.5698
 13.1149
 13.1149
 13.1149
 12.2066
 15.9687
 16.2173
 16.2173
 18.6279
 14.0712
 15.0333
 15.0333
 18.4662
 17.8885
 16.7332
 16.7332
 17.2337
 17.2047
 17.2047
 16.3401
 13.6382
 16.4012
 16.4012
 13.9642
 10.9545
 15
 15
 15
 15
 15.2315
 15.2315
 15.2315
 15.2315
 15.2315
 15.2315
 15.2315
 12.3693
 12.3693
 12.3693
 12.3693
 12.3693
 12.3693
 12.3693
 12.3693
 12.3693
 16.6733
 16.6733
 11.8322
 11.8322
 16.7332
 16.7332
 14.5602
 14.5602
 14.5602
 15.6525
 15.6525
 17.7764
 17.7764
 12.2474
 16.5227
 13
 20.9045
 10.1489
 8.7178
 16.2788
 18.1108
 18.1108
 13.7113
 13.7113
 15.0997
 15.0997
 15.0997
 13.2288
 13.2288
 13.2288
 13.2288
 13.2288
 13.2288
 13.2288
 13.2288
 13
 14.7309
 21
 17.3205
 13.5647
 20.2731
 20.2731
 18.9737
 18.9737
 17.8326
 17.8326
 18.6548
 18.6548
 18.6548
 20.8567
 20.8567
 19.9249
 19.9249
 19.9249
 19.9249
 13.784
 19.2354
 13.3041
 13.3041
 12.8452
 23.5797
 12.2882
 21.4709
 21.4709
 21.4709
 21.4709
 17.4642
 17.4642
 23.5584
 23.5584
 21.7715
 21.7715
 21.7715
 23.4521
 17.2627
 17.2627
 15.906
 25.2982
 16.7033
 21.166
 24.1247
 24.1247
 23.6008
 23.6008
 24.7992
 24.7992
 24.7992
 21.8403
 22.9129
 22.9129
 22.9129
 22.9129
 22.9129
 22.9129
 22.9129
 19.5959
 19.3649
 19.3649
 22.2711
 22.2486
 24.5967
 23.1733
 23.1517
 25.2389
 22.561
 22.561
 22.561
 22.561
 23.8537
 10.0995
 19.975
 20.2731
 22.561
 21.7256
 19.4422
 23.6432
 23.6432
 20.199
 22.2711
 26.8142
 21.166
 22.7816
 22.7816
 26.0768
 17.0294
 25.2389
 22.1359
 15.2971
 23.8747
 20
 20
 22.6936
 11.5326
 19.105
 19.105
 19.5448
 19.975
 23.0217
 0
 0
 22
 22
 22
 22
 22
 26.2679
 22.0227
 24.3516
 25.6905
 22.561
 24.1868
 23.7908
 21.7715
 20.8567
 20.8806
 20.8806
 14.7648
 14.7648
 20
 20
 22.9783
 26.8887
 28.0179
 27.4408
 27.4408
 22.8473
 22.8473
 29.1548
 26.533
 23.7908
 27.1662
 23.4521
 23.4521
 26.0768
 26.0768
 26.2298
 15.6844
 15.6844
 13.2665
 22.1359
 25.219
 21.7486
 21.7486
 21.7486
 21.7486
 21.7486
 26.5895
 26.5895
 26.5895
 22.8473
 25.7682
 23.4734
 24.7588
 24.7588
 25.04
 18.1934
 18.1934
 24.3926
 24.3926
 24.3926
 24.3926
 24.3926
 24.3926
 24.3926
 24.3926
 25.9037
 23.6643
 23.6643
 23.6643
 23.6643
 28.3373
 28.3373
 28.3373
 23.6008
 23.6008
 23.6008
 23.6008
 23.6008
 23.6008
 23.6008
 16.6733
 28.7576
 28.7576
 28.7576
 21.8632
 21.8632
 21.8632
 21.8632
 21.8632
 21.8632
 21.8632
 21.8632
 0
 0
 0
 0
 0
 0
 0
 0
 0
 0
 0
 0
 0
 0
 0
 0
 25.3772
 25.3772
 23.9165
 23.9165
 23.9165
 23.9165
 36.0278
 21.4476
 29.1204
 29.1204
 28.3725
 28.3725
 28.3725
 24.3926
 29.8329
 29.8329
 29.8329
 29.8329
 0
 0
 30.8707
 30.8707
 30.8707
 30.8707
 0
 0
 0
 0
 26.6458
 26.6458
 26.6458
 26.6458
 0
 16.7033
 16.7033
 16.7033
 16.7033
 41.7612
 28.8791
 20.025
 20.025
 20.025
 20.025
 20.025
 20.025
 20.025
 20.025
 0
 0
 0
 24.454
 0
 0
 0
 27.0185
 27.0185
 0
 0
 0
 0
 0
 0
 0
 0
 0
 0
 0
 0
 40.8779
 40.8779
 40.8779
 40.8779
 40.8779
 40.8779
 40.8779
 40.8779
 40.8779
 40.8779
 40.8779
 40.8779
 40.8779
 40.8779
 40.8779
 30.7571
 30.7571
 30.7571
 30.7571
 26.9258
 0
 0
 0
 0
 0
 0
 0
 0
 0
 0
 0
 0
 0
 0
 0
 0
 0
 0
 0
 0
 0
 0
 0
 0
 0
 19.0788
 19.0788
 19.0788
 19.0788
 19.0788
 19.0788
 19.0788
 19.0788
 19.0788
 19.0788
 19.0788
 11.7473
 11.7473
 11.7473
 11.7473
 12.7671
 0
 0
 0
 0
 0
 0
 0
 0
 0
 0
 0
 0
 0
 0
 0
 0
 0
 0
 0
 0
 0
 0
 0
 0
 0
 0
 0
 0
 0
 0
 0
 0
 0
 0
 0
 0
 0
 0
 0
 0
 0
 0
 0
 0
 0
 0
 0
 0
 0
 0
 28.5132
 28.5132
 28.5132
 0
 0
 0
 0
 0
 0
 0
 0
 0
 23.1733
 23.1733
 23.1733
 23.7276
 23.7276
 23.7276
 23.7276
 23.7276
 0
 0
 0
 0
 0
 0
 22.5389
 22.5389
 22.5389
 22.5389
 22.5389
 22.5389
 22.5389
 22.5389
 22.5389
 22.5389
 22.5389
 22.5389
 22.5389
 22.5389
 22.5389
 22.5389
 22.5389
 22.5389
 22.5389
 22.5389
 22.5389
 22.5389
 22.5389
 22.5389
 0
 0
 0
 0
 28.8444
 28.8444
 28.8444
 0
 21.4942
 0
 0
 0
 0
 0
 0
 0
 0
 0
 0
 0
 0
 0
 0
 0
 0
 0
 0
 0
 0
 0
 0
 0
 0
 0
 0
 0
 0
 0
 0
 0
 0
 0
 0
 0
 0
 0
 0
 0
 0
 0
 0
 0
 0
 0
 0
 0
 0
 0
 0
 0
 0
 0
 0
 0
 0
 0
 0
 0
 0
 0
 0
 0
 0
 0
 0
 0
 0
 0
 0
 0
 0
 0
 0
 0
 0
 0
 0
 0
 0
 0
 0
 0
 0
 0
 0
 0
 0
 0
 0
 0
 0
 0
 0
 0
 0
 0
 0
 0
 0
 0
 0
 0
 0
 0
 0
 0
 0
 0
 0
 0
 0
 15.1987
 15.1987
 15.1987
 15.1987
 15.1987
 15.1987
 15.9374
 0
 0
 0
 0
 0
 0
 0
 15.6205
 15.6205
 15.6205
 15.6205
 15.5242
 15.5242
 15.5242
 15.5242
 15.5242
 15.5242
 15.5242
 14.2478
 14.2478
 0
 0
 0
 0
 0
 0
 0
 15.5885
 15.5885
 15.5885
 15.5885
 15.5885
 16.7332
 16.7332
 16.7332
 16.7332
 16.7332
 16.7033
 16.7033
 16.7033
 16.7033
 16.7033
 16.3095
 16.3095
 20.9045
 20.9045
 0
 0
 17.1172
 17.1172
 17.1172
 17.1172
 17.1172
 0
 0
 16.2481
 16.2481
 0
 0
 0
 0
 14.7648
 14.7648
 14.7648
 0
 0
 0
 14.8324
 0
 0
 0
 0
 0
 0
 14.7648
 14.7648
 14.7648
 14.7648
 14.7648
 0
 14.7648
 14.7648
 0
 0
 0
 0
 0
 0
 0
 0
 0
 0
 0
 0
 0
 0
 0
 0
 0
 0
 0
