 26.5895
 27.8747
 39.4842
 44.1362
 28.931
 28.931
 28.931
 28.931
 30.3974
 0
 33.3317
 33.3317
 32.1559
 24.5153
 26.0384
 23.6854
 30.9677
 26.7769
 28.9655
 26.2107
 26.2107
 19.0263
 19.0263
 19.0263
 19.0263
 19.0263
 19.0263
 19.0263
 19.0263
 35.1568
 35.1568
 35.1568
 33.8821
 35
 20.1246
 20.1246
 30.6105
 40.8044
 18.3303
 18.3303
 35.2278
 25.7682
 17.0294
 17.0294
 26.9815
 32.4346
 32.4346
 16.2788
 29.3598
 15.1987
 15.1987
 13
 29.8664
 14.4222
 14.4222
 14.4222
 14.4222
 14.7309
 14.7309
 14.7309
 14.7309
 14.7309
 14.7309
 14.7309
 33.1964
 33.1964
 33.1964
 33.1964
 33.1964
 33.1964
 33.1964
 33.1964
 33.1964
 31.257
 31.257
 29.9833
 29.9833
 32.0156
 32.0156
 27.4591
 27.4591
 27.4591
 32.4808
 32.4808
 28.6705
 28.6705
 27.8927
 35.7771
 12.3288
 38.223
 26.0768
 16.4317
 38.1445
 33.8674
 33.8674
 34.5832
 34.5832
 33.1512
 33.1512
 33.1512
 31.9061
 31.9061
 31.9061
 31.9061
 31.9061
 31.9061
 31.9061
 31.9061
 22.5832
 31.9531
 43.1393
 35.623
 25.0599
 33.9559
 33.9559
 35.171
 35.171
 35.9305
 35.9305
 32.7109
 32.7109
 32.7109
 25.671
 25.671
 14.2478
 14.2478
 14.2478
 14.2478
 29.6142
 48.1768
 32.619
 32.619
 31.3847
 36.0139
 25.2982
 35.2278
 35.2278
 35.2278
 35.2278
 32.3883
 32.3883
 20.025
 20.025
 14.0357
 14.0357
 14.0357
 23.7065
 32.218
 32.218
 34.4093
 46.2169
 34.2053
 44.6766
 36.1386
 36.1386
 40.5832
 40.5832
 39.1791
 39.1791
 39.1791
 35.4965
 24.4949
 24.4949
 24.4949
 24.4949
 24.4949
 24.4949
 24.4949
 41.1582
 36.428
 36.428
 46.2817
 38.8716
 37.3229
 41.821
 37.3765
 39.3446
 31.4643
 31.4643
 31.4643
 13.1909
 27.8927
 16.4924
 31.4802
 15.7797
 47.0425
 21.9545
 43.6578
 39.7618
 39.7618
 41.6173
 41.7612
 46.1736
 43.3128
 40.8412
 40.8412
 42.7668
 15.7162
 35.4401
 42.4146
 42.4146
 36.647
 20.0749
 20.0749
 25.923
 25.2587
 13.8924
 13.8924
 37.3765
 35.3129
 30.4138
 0
 0
 49.295
 49.295
 49.295
 49.295
 49.295
 40.5339
 40.7554
 41.9881
 40.1871
 29.1204
 39.0256
 28.8444
 14.9666
 17.3781
 14
 14
 25.1992
 25.1992
 36.6879
 36.6879
 48.5901
 47.4552
 35.819
 38.5097
 38.5097
 42.4382
 42.4382
 48.9183
 43.7493
 38.3275
 43.4741
 30.315
 30.315
 20.8567
 20.8567
 18.2483
 7.87401
 7.87401
 28.9482
 44.1814
 51.3712
 52.5357
 52.5357
 52.5357
 52.5357
 52.5357
 52.5357
 52.5357
 52.5357
 40.5956
 44.7214
 35.6791
 34.8138
 0
 19.3907
 17.4929
 17.4929
 26.4386
 26.4386
 26.4386
 26.4386
 26.4386
 26.4386
 26.4386
 26.4386
 19.2873
 42.4028
 42.4028
 42.4028
 42.4028
 39.8246
 39.8246
 39.8246
 34.9857
 34.9857
 34.9857
 34.9857
 34.9857
 34.9857
 34.9857
 15.6205
 15.6205
 15.6205
 0
 47.3181
 0
 0
 0
 0
 0
 0
 0
 0
 0
 0
 0
 0
 0
 0
 0
 0
 0
 0
 0
 0
 0
 0
 0
 36.524
 36.524
 48.2079
 48.2079
 48.2079
 48.2079
 59.607
 46.6369
 50.1498
 50.1498
 50.07
 50.07
 50.07
 35.426
 45.0222
 45.0222
 45.0222
 45.0222
 45.0222
 45.0222
 28.7228
 28.7228
 28.7228
 28.7228
 28.7228
 28.7228
 0
 0
 49.7192
 49.7192
 49.7192
 0
 0
 45.9347
 45.9347
 45.9347
 45.9347
 64.1249
 44.6206
 46.5618
 0
 0
 0
 0
 0
 0
 0
 0
 0
 0
 0
 0
 0
 0
 46.7012
 46.7012
 0
 0
 0
 41.9643
 0
 0
 0
 0
 0
 0
 0
 0
 22.891
 22.891
 22.891
 0
 0
 0
 0
 0
 0
 0
 0
 0
 0
 0
 0
 0
 0
 0
 0
 44.4972
 0
 0
 0
 0
 0
 0
 0
 0
 0
 0
 0
 0
 0
 0
 0
 0
 0
 0
 0
 0
 0
 0
 0
 0
 0
 44.3847
 0
 0
 0
 0
 0
 0
 0
 0
 0
 0
 26.0576
 26.0576
 26.0576
 26.0576
 24.0208
 0
 0
 0
 0
 0
 0
 0
 0
 0
 0
 0
 0
 0
 0
 0
 0
 0
 0
 0
 0
 0
 0
 0
 0
 0
 0
 0
 0
 0
 0
 0
 0
 0
 0
 0
 0
 0
 0
 0
 0
 0
 0
 0
 0
 0
 0
 0
 0
 0
 0
 35.171
 35.171
 35.171
 35.171
 0
 0
 0
 0
 0
 0
 0
 0
 32.0468
 32.0468
 32.0468
 39.2301
 39.2301
 39.2301
 39.2301
 39.2301
 39.2301
 0
 0
 0
 0
 0
 25.4951
 0
 0
 0
 0
 0
 0
 0
 0
 0
 0
 0
 0
 0
 0
 0
 0
 0
 0
 0
 0
 0
 0
 0
 0
 0
 0
 0
 32.7414
 32.7414
 32.7414
 32.7414
 32.7414
 32.7414
 32.7414
 32.7414
 0
 0
 0
 0
 0
 0
 0
 0
 0
 0
 0
 0
 0
 0
 0
 0
 0
 0
 0
 0
 0
 0
 0
 0
 0
 0
 0
 0
 0
 0
 0
 0
 0
 0
 0
 0
 0
 0
 0
 0
 0
 0
 0
 0
 0
 0
 0
 0
 0
 0
 0
 0
 0
 0
 0
 0
 0
 0
 0
 0
 0
 0
 0
 0
 0
 0
 0
 0
 0
 0
 0
 0
 0
 0
 0
 0
 0
 0
 0
 0
 0
 0
 0
 0
 0
 0
 0
 0
 0
 0
 0
 0
 0
 0
 0
 0
 0
 0
 0
 0
 0
 0
 0
 0
 0
 0
 0
 0
 0
 14.7309
 14.7309
 14.7309
 14.7309
 14.7309
 14.7309
 11.1803
 11.1803
 11.1803
 11.1803
 11.1803
 11.1803
 11.1803
 11.1803
 12.3288
 12.3288
 12.3288
 12.3288
 12.2882
 12.2882
 12.2882
 12.2882
 12.2882
 12.2882
 12.2882
 11.6189
 11.6189
 11.6189
 0
 0
 0
 0
 0
 0
 13.7113
 13.7113
 13.7113
 0
 0
 11.6619
 11.6619
 11.6619
 11.6619
 0
 12.8452
 12.8452
 0
 0
 0
 11.0905
 11.0905
 23.6854
 0
 0
 0
 11.6619
 0
 0
 0
 0
 0
 0
 11.7047
 11.7047
 11.7047
 11.7047
 0
 0
 11.7047
 11.7047
 11.7047
 11.7047
 0
 0
 12.8452
 12.8452
 12.8452
 12.8452
 12.8452
 12.8452
 12.8452
 14.7648
 14.7648
 14.7648
 14.7648
 14.7648
 14.7648
 17.1756
 17.1756
 17.1756
 17.1756
 17.1756
 17.1756
 17.1756
 17.1756
 17.1756
 17.1756
 17.1756
 17.1756
 17.1756
 17.1756
 17.1756
 17.1756
 17.1756
 17.1756
 17.1756
 17.1756
 0
