 14.1421
 14.3527
 26.0576
 29.4279
 15.9374
 15.9374
 15.9374
 15.9374
 20.9045
 20.9045
 26.4197
 26.4197
 27.1662
 21.3542
 20.8567
 25.0599
 27.2397
 21.8403
 24.5357
 18.6279
 18.6279
 17.1464
 17.1464
 17.1464
 17.1464
 17.1464
 17.1464
 17.1464
 17.1464
 28.8617
 28.8617
 28.8617
 24.3926
 27.9285
 19.8494
 19.8494
 27.2764
 26.9444
 18.6815
 18.6815
 23.0651
 23.8537
 17.8606
 17.8606
 26.0768
 22.2711
 22.2711
 17.5214
 24.5764
 17.1464
 17.1464
 19.1833
 23.6008
 16.7033
 16.7033
 16.7033
 16.7033
 16.7631
 16.7631
 16.7631
 16.7631
 16.7631
 16.7631
 16.7631
 25.2982
 25.2982
 25.2982
 25.2982
 25.2982
 25.2982
 25.2982
 25.2982
 25.2982
 25.8844
 25.8844
 27.037
 27.037
 27.4591
 27.4591
 23.9583
 23.9583
 23.9583
 24.1661
 24.1661
 22.2261
 22.2261
 21.6795
 29.9666
 21.4243
 29.6648
 20.7364
 19.4422
 27.8209
 26.9444
 26.9444
 27.074
 27.074
 28.7054
 28.7054
 28.7054
 27.0924
 27.0924
 27.0924
 27.0924
 27.0924
 27.0924
 27.0924
 27.0924
 21.7256
 23.1084
 31.8591
 27.1846
 22.1359
 26.9444
 26.9444
 28.6182
 28.6182
 30.8383
 30.8383
 29.189
 29.189
 29.189
 29.1719
 29.1719
 25.0599
 25.0599
 25.0599
 25.0599
 22.8254
 35.0143
 26.8514
 26.8514
 26.9258
 27.9106
 25.3772
 28.8964
 28.8964
 28.8964
 28.8964
 31.4484
 31.4484
 28.7402
 28.7402
 28.0179
 28.0179
 28.0179
 31.9531
 24.0416
 24.0416
 26.9072
 35.1426
 26.1343
 35.4683
 28.4253
 28.4253
 31.8591
 31.8591
 31.9218
 31.9218
 31.9218
 33.7935
 28.8097
 28.8097
 28.8097
 28.8097
 28.8097
 28.8097
 28.8097
 33.5112
 26.9072
 26.9072
 34.8138
 30.5287
 29.2746
 34.176
 32.8329
 30.4795
 28.1957
 28.1957
 28.1957
 24.5764
 28.7402
 27.0555
 28.8964
 27.9643
 33.7935
 32.1714
 31.4802
 33.2415
 33.2415
 32.5269
 30.9677
 35.6791
 32.2955
 32.7261
 32.7261
 33.7935
 15.1327
 33.3467
 32.8786
 32.8786
 36.1386
 25.865
 25.865
 31.9218
 29.4618
 26.8142
 26.8142
 32.8024
 31.8904
 31.3847
 0
 0
 34.6121
 34.6121
 34.6121
 34.6121
 34.6121
 32.2335
 31.9531
 33.8083
 33.2566
 27.1109
 36.1386
 30.0832
 27.9285
 27.4955
 27.6225
 27.6225
 30.6757
 30.6757
 27.5136
 27.5136
 33.3317
 37.3765
 28
 31.0644
 31.0644
 33.3167
 33.3167
 37.8286
 32.9545
 33.4216
 38.7943
 30.7734
 30.7734
 32.4346
 32.4346
 30.6105
 22.9565
 22.9565
 29.5804
 32.5883
 37.4166
 40.5216
 40.5216
 40.5216
 40.5216
 40.5216
 29.8831
 29.8831
 29.8831
 32.6956
 34.2199
 31.4166
 33.4664
 33.4664
 31.1448
 30.6431
 30.6431
 30.4302
 30.4302
 30.4302
 30.4302
 30.4302
 30.4302
 30.4302
 30.4302
 33.7046
 32.7719
 32.7719
 32.7719
 32.7719
 31.5753
 31.5753
 31.5753
 32.6343
 32.6343
 32.6343
 32.6343
 32.6343
 32.6343
 32.6343
 28.4781
 30.6594
 30.6594
 30.6594
 34.3074
 34.3074
 34.3074
 34.3074
 34.3074
 34.3074
 34.3074
 34.3074
 34.3074
 34.3074
 34.3074
 34.3074
 34.3074
 34.3074
 34.3074
 34.3074
 34.3074
 34.3074
 0
 0
 0
 0
 0
 0
 43.4511
 43.4511
 43.7836
 43.7836
 43.7836
 43.7836
 42.45
 33.4963
 36.2905
 36.2905
 37.3229
 37.3229
 37.3229
 35.7351
 43.1277
 43.1277
 43.1277
 43.1277
 43.1277
 43.1277
 42.2019
 42.2019
 42.2019
 42.2019
 42.2019
 42.2019
 0
 0
 34.641
 34.641
 34.641
 0
 0
 31.4166
 31.4166
 31.4166
 31.4166
 51.7784
 29.6816
 35.4965
 0
 0
 0
 0
 0
 0
 0
 0
 0
 0
 22.7156
 22.7156
 22.7156
 22.7156
 33.4515
 33.4515
 33.4515
 33.4515
 33.4515
 30.5941
 0
 0
 0
 0
 0
 0
 0
 0
 46.7226
 46.7226
 46.7226
 0
 0
 0
 35.171
 0
 0
 0
 0
 0
 0
 0
 0
 0
 0
 0
 0
 32.8177
 0
 0
 0
 0
 0
 0
 0
 0
 0
 0
 0
 0
 0
 0
 0
 0
 0
 0
 0
 0
 0
 0
 0
 0
 0
 28.5132
 28.5132
 28.5132
 28.5132
 28.5132
 28.5132
 28.5132
 0
 0
 0
 0
 26.4386
 26.4386
 26.4386
 26.4386
 18.2209
 0
 0
 0
 0
 0
 0
 0
 0
 0
 0
 0
 0
 0
 0
 0
 0
 0
 0
 0
 0
 0
 0
 0
 0
 0
 0
 0
 0
 0
 0
 0
 0
 0
 0
 0
 0
 0
 0
 0
 0
 0
 0
 0
 0
 0
 0
 0
 0
 0
 0
 21.7945
 21.7945
 21.7945
 21.7945
 21.7945
 21.7945
 21.7945
 21.7945
 21.7945
 21.7945
 21.7945
 21.7945
 26.0768
 26.0768
 26.0768
 43.1161
 43.1161
 43.1161
 43.1161
 43.1161
 43.1161
 43.1161
 43.1161
 43.1161
 43.1161
 43.1161
 24.1247
 24.1247
 24.1247
 24.1247
 24.1247
 24.1247
 24.1247
 0
 0
 0
 0
 0
 0
 0
 0
 0
 0
 0
 0
 0
 0
 0
 0
 0
 0
 0
 0
 0
 24.0832
 24.0832
 24.0832
 24.0832
 24.0832
 24.0832
 24.0832
 24.0832
 24.0832
 24.0832
 0
 0
 0
 0
 0
 0
 0
 0
 0
 0
 0
 0
 0
 0
 0
 0
 0
 0
 0
 0
 0
 0
 0
 0
 0
 0
 0
 0
 0
 0
 0
 0
 0
 0
 0
 0
 0
 0
 0
 0
 0
 0
 0
 0
 0
 0
 0
 0
 0
 0
 0
 0
 0
 0
 0
 0
 0
 0
 0
 0
 0
 0
 0
 0
 0
 0
 0
 0
 0
 0
 0
 0
 0
 0
 0
 0
 0
 0
 0
 0
 0
 0
 0
 0
 0
 0
 0
 0
 0
 0
 0
 0
 0
 0
 0
 0
 0
 0
 0
 0
 0
 0
 0
 0
 0
 0
 0
 24.6577
 24.6577
 24.6577
 24.6577
 24.6577
 24.6577
 23.1733
 23.1733
 23.1733
 23.1733
 23.1733
 23.1733
 23.1733
 23.1733
 20.9284
 20.9284
 20.9284
 20.9284
 22.9129
 22.9129
 22.9129
 22.9129
 22.9129
 22.9129
 22.9129
 20.347
 20.347
 20.347
 0
 0
 0
 0
 0
 0
 23.388
 23.388
 23.388
 23.388
 23.388
 22.7816
 22.7816
 22.7816
 22.7816
 22.7816
 23.4094
 23.4094
 23.4094
 23.4094
 23.4094
 21.587
 21.587
 24.7588
 24.7588
 24.7588
 0
 22.7376
 22.7376
 22.7376
 22.7376
 22.7376
 22.7376
 22.7376
 21.5174
 21.5174
 21.5174
 21.5174
 21.5174
 21.5174
 20.8567
 20.8567
 20.8567
 20.8567
 0
 0
 23.4521
 23.4521
 23.4521
 23.4521
 23.4521
 23.4521
 23.4521
 23.3666
 23.3666
 23.3666
 23.3666
 23.3666
 23.3666
 21.4709
 21.4709
 21.4709
 21.4709
 21.4709
 21.4709
 21.4709
 21.4709
 21.4709
 21.4709
 21.4709
 21.4709
 21.4709
 21.4709
 21.4709
 21.4709
 21.4709
 21.4709
 21.4709
 21.4709
 0
