 346.96
 0
 6.9282
 7.81025
 7.81025
 7.81025
 7.81025
 7.81025
 5.38516
 5.38516
 6.32456
 6.32456
 9.48683
 7.74597
 6.9282
 6.48074
 6.9282
 7.81025
 6.9282
 4.24264
 4.24264
 4.3589
 4.3589
 4.3589
 4.3589
 4.3589
 4.3589
 4.3589
 4.3589
 7.14143
 7.14143
 7.14143
 5.19615
 6.55744
 6.08276
 6.08276
 7.34847
 8.60233
 6.9282
 6.9282
 6.245
 9
 6.08276
 6.08276
 7.74597
 4.3589
 4.3589
 6.08276
 7.81025
 6.9282
 6.9282
 4.24264
 9.53939
 6.9282
 6.9282
 6.9282
 6.9282
 6.9282
 6.9282
 6.9282
 7.81025
 7.81025
 7.74597
 7.74597
 6.9282
 7.81025
 7.81025
 7.81025
 6
 6
 6
 6
 6
 8.18535
 8.18535
 7.87401
 7.87401
 7.81025
 7.81025
 6.85565
 6.85565
 6.85565
 1.73205
 1.73205
 4.24264
 4.24264
 0
 7.14143
 6.08276
 8.60233
 6.245
 7.4162
 7.81025
 10.3923
 10.3923
 10.3923
 10.3923
 10.3923
 10.3923
 10.3923
 7.74597
 7.74597
 7.74597
 7.74597
 7.74597
 7.74597
 7.74597
 7.74597
 7
 6
 7
 7.81025
 6.9282
 6.9282
 6.9282
 7.81025
 7.81025
 7.81025
 7.81025
 6.08276
 6.08276
 6.08276
 7.93725
 7.93725
 6.08276
 6.08276
 6.08276
 6.08276
 5.09902
 7.74597
 7
 7
 8.7178
 7.81025
 8.42615
 9.53939
 9.53939
 9.53939
 9.53939
 11.225
 11.225
 9
 9
 7.74597
 7.74597
 7.74597
 11.2694
 4.58258
 4.58258
 6.9282
 8.66025
 6.08276
 12.1244
 7.81025
 7.81025
 7.87401
 7.87401
 6.9282
 6.9282
 6.9282
 12.1244
 10.3923
 10.3923
 10.3923
 10.3923
 10.3923
 10.3923
 10.3923
 11.3137
 8.18535
 8.18535
 11.7473
 9.64365
 8.18535
 10.5357
 11.225
 8.83176
 12.083
 12.083
 12.083
 7.81025
 6.245
 10.3441
 8.7178
 9.53939
 7.81025
 8.60233
 11.7047
 9.48683
 9.48683
 11.2694
 12.1244
 11.3137
 10.3923
 11.5326
 11.5326
 9.53939
 9.53939
 9.53939
 11.2694
 11.2694
 12.1244
 9.53939
 9.53939
 12.9615
 10.4403
 12.1244
 12.1244
 12.1655
 12.1244
 7.81025
 0
 0
 10.3923
 10.3923
 10.3923
 10.3923
 10.3923
 7.81025
 9
 6.9282
 10.3923
 6.245
 11.3137
 6.08276
 9.59166
 8.48528
 9.53939
 9.53939
 12.3693
 12.3693
 9.69536
 9.69536
 8
 9.48683
 6.9282
 8.66025
 8.66025
 11.2694
 11.2694
 10.3923
 12.0416
 11.2694
 9
 10.4403
 10.4403
 10.9087
 10.9087
 9.69536
 7.68115
 7.68115
 12.8062
 6.245
 12.083
 13.8564
 13.8564
 13.8564
 13.8564
 13.8564
 11.2694
 11.2694
 11.2694
 10.3923
 6.9282
 7.81025
 9.53939
 9.53939
 8.42615
 11.225
 11.225
 8.66025
 8.66025
 8.66025
 8.66025
 8.66025
 8.66025
 8.66025
 8.66025
 11.1803
 8.7178
 8.7178
 8.7178
 8.7178
 8.12404
 8.12404
 8.12404
 7.81025
 7.81025
 7.81025
 7.81025
 7.81025
 7.81025
 7.81025
 11.2694
 7.81025
 7.81025
 7.81025
 13.0384
 13.0384
 13.0384
 13.0384
 13.0384
 13.0384
 13.0384
 13.0384
 13.0384
 13.0384
 13.0384
 13.0384
 13.0384
 13.0384
 13.0384
 13.0384
 13.0384
 13.0384
 13.0384
 13.0384
 13.0384
 13.0384
 13.0384
 13.0384
 11.3137
 11.3137
 9.59166
 9.59166
 9.59166
 9.59166
 10.583
 9.48683
 7.81025
 7.81025
 10.4403
 10.4403
 10.4403
 15.7162
 14.2478
 14.2478
 14.2478
 14.2478
 14.2478
 14.2478
 11.0454
 11.0454
 11.0454
 11.0454
 11.0454
 11.0454
 11.0454
 11.0454
 7
 7
 7
 7
 7
 11.2694
 11.2694
 11.2694
 7
 27.0555
 4.3589
 7.81025
 7.81025
 7.81025
 7.81025
 7.81025
 7.81025
 7.81025
 7.81025
 7.81025
 7.81025
 7.81025
 7.87401
 7.87401
 7.87401
 7.87401
 7.74597
 7.74597
 0
 0
 0
 6.9282
 6.9282
 6.9282
 6.9282
 6.9282
 6.9282
 6.9282
 6.9282
 6.9282
 22.5832
 22.5832
 22.5832
 22.5832
 22.5832
 22.5832
 7.93725
 7.93725
 7.93725
 7.93725
 10.1489
 10.1489
 10.1489
 10.1489
 10.1489
 2.23607
 2.23607
 2.23607
 2.23607
 6
 6
 6
 6
 6
 6
 6
 6
 6
 6
 6
 6
 6
 6
 6
 6
 6
 6
 6
 6
 6
 6
 6
 6
 6
 0
 6.85565
 6.85565
 6.85565
 6.85565
 6.85565
 6.85565
 6.85565
 6.85565
 6.85565
 6.85565
 6.85565
 5.38516
 5.38516
 5.38516
 5.38516
 3.4641
 3.4641
 3.4641
 3.4641
 3.4641
 3.4641
 3.4641
 3.4641
 3.4641
 3.4641
 3.4641
 3.4641
 3.4641
 3.4641
 3.4641
 3.4641
 3.4641
 3.4641
 3.4641
 3.4641
 3.4641
 3.4641
 3.4641
 3.4641
 3.4641
 3.4641
 3.4641
 3.4641
 3.4641
 3.4641
 3.4641
 3.4641
 3.4641
 3.4641
 3.4641
 3.4641
 3.4641
 3.4641
 3.4641
 3.4641
 3.4641
 3.4641
 3.4641
 3.4641
 3.4641
 3.4641
 3.4641
 3.4641
 3.4641
 3.4641
 3.4641
 6.9282
 6.9282
 6.9282
 6.9282
 6.9282
 6.9282
 6.9282
 6.9282
 6.9282
 6.9282
 6.9282
 6.9282
 7.07107
 7.07107
 7.07107
 8.18535
 8.18535
 8.18535
 8.18535
 8.18535
 8.18535
 8.18535
 8.18535
 8.18535
 8.18535
 8.18535
 10.3923
 10.3923
 10.3923
 10.3923
 10.3923
 10.3923
 10.3923
 10.3923
 10.3923
 10.3923
 10.3923
 10.3923
 10.3923
 10.3923
 10.3923
 10.3923
 10.3923
 10.3923
 10.3923
 10.3923
 10.3923
 10.3923
 10.3923
 10.3923
 10.3923
 10.3923
 10.3923
 10.3923
 10.3441
 10.3441
 10.3441
 10.3441
 10.3441
 10.3441
 10.3441
 10.3441
 10.3441
 10.3441
 10.3441
 10.3441
 10.3441
 10.3441
 10.3441
 10.3441
 10.3441
 10.3441
 10.3441
 10.3441
 10.3441
 10.3441
 10.3441
 10.3441
 10.3441
 10.3441
 10.3441
 10.3441
 10.3441
 10.3441
 10.3441
 10.3441
 10.3441
 10.3441
 10.3441
 10.3441
 10.3441
 0
 0
 0
 0
 0
 0
 0
 0
 0
 0
 0
 0
 0
 0
 0
 0
 0
 0
 0
 0
 0
 0
 0
 0
 0
 0
 0
 0
 0
 0
 0
 0
 0
 0
 0
 0
 7.74597
 7.74597
 0
 0
 0
 0
 0
 0
 0
 0
 0
 0
 0
 0
 0
 0
 0
 0
 0
 0
 0
 0
 0
 0
 0
 0
 0
 0
 0
 0
 0
 0
 0
 0
 0
 0
 0
 0
 0
 0
 0
 0
 0
 0
 6.08276
 6.08276
 6.08276
 6.08276
 6.08276
 6.08276
 7
 7
 7
 7
 7
 7
 7
 7
 6.9282
 6.9282
 6.9282
 6.9282
 6.9282
 6.9282
 6.9282
 6.9282
 6.9282
 6.9282
 6.9282
 7.74597
 7.74597
 7.74597
 7.74597
 0
 0
 0
 0
 0
 6.9282
 6.9282
 6.9282
 6.9282
 6.9282
 7.34847
 7.34847
 7.34847
 7.34847
 7.34847
 7.34847
 7.34847
 7.34847
 7.34847
 7.34847
 7.34847
 7.34847
 6.08276
 6.08276
 6.08276
 0
 7.14143
 7.14143
 7.14143
 7.14143
 7.14143
 7.14143
 7.14143
 7.34847
 7.34847
 7.34847
 7.34847
 7.34847
 7.34847
 6.245
 6.245
 6.245
 6.245
 6.245
 0
 7.74597
 7.74597
 7.74597
 7.74597
 7.74597
 7.74597
 7.74597
 6.9282
 6.9282
 6.9282
 6.9282
 6.9282
 6.9282
 6.9282
 6.9282
 6.9282
 6.9282
 6.9282
 6.9282
 6.9282
 6.9282
 6.9282
 6.9282
 6.9282
 6.9282
 6.9282
 6.9282
 6.9282
 6.9282
 6.9282
 6.9282
 6.9282
 6.9282
 0
