 11.2694
 13.8924
 0
 1.41421
 15.6525
 15.6525
 15.6525
 15.6525
 1.73205
 1.73205
 3.31662
 3.31662
 6
 5.19615
 4.24264
 6.16441
 3
 4.24264
 2.23607
 4.24264
 4.24264
 4.58258
 4.58258
 4.58258
 4.58258
 4.58258
 4.58258
 4.58258
 4.58258
 3.4641
 3.4641
 3.4641
 2.44949
 4.47214
 7.93725
 7.93725
 7.07107
 4.3589
 6.7082
 6.7082
 6.32456
 4.69042
 6.9282
 6.9282
 2.64575
 5.47723
 5.47723
 6.9282
 3.4641
 6.16441
 6.16441
 5.38516
 2.44949
 5.2915
 5.2915
 5.2915
 5.2915
 3.87298
 3.87298
 3.87298
 3.87298
 3.87298
 3.87298
 3.87298
 5.09902
 5.09902
 5.09902
 5.09902
 1.73205
 1.73205
 1.73205
 1.73205
 1.73205
 4.3589
 4.3589
 1.73205
 1.73205
 5.47723
 5.47723
 3
 3
 3
 3.74166
 3.74166
 4.24264
 4.24264
 6.16441
 5.19615
 6
 7
 2.23607
 0
 6.85565
 6.08276
 6.08276
 2.44949
 2.44949
 2.82843
 2.82843
 2.82843
 2.44949
 2.44949
 2.44949
 2.44949
 2.44949
 2.44949
 4.24264
 4.24264
 4.89898
 5.47723
 7.93725
 7.2111
 4.12311
 8.544
 8.544
 6.48074
 6.48074
 7
 7
 9.32738
 9.32738
 9.32738
 7.74597
 7.74597
 7.74597
 7.74597
 7.74597
 7.74597
 3.87298
 8.7178
 1.73205
 1.73205
 0
 8.18535
 0
 7.14143
 7.14143
 7.14143
 7.14143
 7.14143
 7.14143
 10.9545
 10.9545
 9.53939
 9.53939
 9.53939
 10.3923
 7.4162
 7.4162
 4.24264
 11.225
 5.47723
 9.53939
 10
 10
 9.32738
 9.32738
 9.79796
 9.79796
 9.79796
 8.24621
 9.05539
 9.05539
 9.05539
 9.05539
 9.05539
 9.05539
 9.05539
 6.9282
 7.74597
 7.74597
 7.81025
 9.27362
 9.38083
 10.6301
 10.4403
 9.59166
 9.53939
 9.53939
 9.53939
 11.225
 11.5758
 6.9282
 9.48683
 9.84886
 11.3137
 10.4403
 8.66025
 11.4891
 11.4891
 10.4881
 11.225
 10.5357
 7.81025
 8.83176
 8.83176
 10.4881
 7.87401
 9.59166
 8.83176
 5.83095
 11.3578
 7.81025
 7.81025
 8.7178
 6.9282
 9.48683
 9.48683
 6.9282
 7.81025
 9.64365
 9.64365
 9.64365
 10.5357
 10.5357
 10.5357
 10.5357
 10.5357
 10.1489
 8.94427
 11.0905
 11.2694
 9.84886
 9.05539
 9.84886
 12.3288
 11.6189
 12.1655
 12.1655
 6.9282
 6.9282
 6.9282
 6.9282
 10.4881
 12.2474
 12
 12
 12
 7.87401
 7.87401
 11.7473
 11.2694
 9.64365
 13.5277
 9.64365
 9.64365
 12.3693
 12.3693
 13.0384
 6.08276
 6.08276
 3.4641
 9.05539
 10.3923
 11.3137
 11.3137
 11.3137
 11.3137
 11.3137
 12.0416
 12.0416
 12.0416
 8
 11.0905
 9.38083
 9
 9
 12.4097
 12.1244
 12.1244
 10.5357
 10.5357
 10.5357
 10.5357
 10.5357
 10.5357
 10.5357
 10.5357
 7.74597
 11.225
 11.225
 11.225
 11.225
 13.5647
 13.5647
 13.5647
 10.8167
 10.8167
 10.8167
 10.8167
 10.8167
 10.8167
 10.8167
 8.66025
 12.3693
 12.3693
 12.3693
 8.544
 8.544
 8.544
 8.544
 8.544
 8.544
 8.544
 8.544
 8.544
 8.544
 8.544
 8.544
 8.544
 8.544
 8.544
 8.544
 8.544
 8.544
 8.544
 8.544
 8.544
 8.544
 0
 0
 13.8564
 13.8564
 11.5326
 11.5326
 11.5326
 11.5326
 19.9499
 11.2694
 12.4097
 12.4097
 12.8452
 12.8452
 12.8452
 10.7703
 13.8203
 13.8203
 13.8203
 13.8203
 13.8203
 13.8203
 20
 20
 20
 20
 0
 0
 0
 0
 11.225
 11.225
 11.225
 11.225
 11.225
 7.81025
 7.81025
 7.81025
 11.2694
 28.6531
 9.74679
 8.66025
 8.66025
 8.66025
 8.66025
 8.66025
 8.66025
 8.66025
 8.66025
 8.66025
 8.66025
 8.66025
 10.0995
 10.0995
 10.0995
 10.0995
 10.583
 10.583
 0
 0
 0
 12.49
 12.49
 12.49
 12.49
 12.49
 0
 0
 0
 0
 27.8568
 27.8568
 27.8568
 27.8568
 27.8568
 27.8568
 7.81025
 7.81025
 7.81025
 7.81025
 9.05539
 9.05539
 9.05539
 9.05539
 9.05539
 13.6748
 13.6748
 13.6748
 13.6748
 10.3923
 10.3923
 10.3923
 10.3923
 10.3923
 0
 0
 0
 0
 0
 0
 0
 0
 0
 0
 0
 0
 0
 0
 0
 0
 0
 0
 0
 0
 0
 8
 8
 8
 8
 8
 8
 8
 8
 8
 8
 8
 6.245
 6.245
 6.245
 6.245
 6.48074
 0
 0
 0
 0
 0
 0
 0
 0
 0
 0
 0
 0
 0
 0
 0
 0
 0
 0
 0
 0
 0
 0
 0
 0
 0
 0
 0
 0
 0
 0
 0
 0
 0
 0
 0
 0
 0
 0
 0
 0
 0
 0
 0
 0
 0
 0
 0
 0
 0
 0
 14
 14
 14
 14
 0
 0
 0
 0
 0
 0
 0
 0
 10.3923
 10.3923
 10.3923
 13.8564
 13.8564
 13.8564
 13.8564
 13.8564
 13.8564
 13.8564
 13.8564
 13.8564
 13.8564
 13.8564
 7.34847
 7.34847
 7.34847
 7.34847
 7.34847
 7.34847
 7.34847
 7.34847
 7.34847
 7.34847
 7.34847
 7.34847
 7.34847
 7.34847
 7.34847
 7.34847
 7.34847
 7.34847
 7.34847
 7.34847
 7.34847
 7.34847
 7.34847
 7.34847
 7.34847
 0
 0
 0
 10.4881
 10.4881
 10.4881
 0
 7.28011
 0
 0
 0
 0
 8.18535
 8.18535
 0
 0
 0
 0
 0
 0
 0
 0
 0
 0
 0
 0
 0
 0
 0
 0
 0
 0
 0
 0
 0
 0
 0
 0
 0
 0
 0
 0
 0
 0
 0
 0
 0
 0
 0
 0
 0
 0
 0
 0
 0
 0
 0
 0
 0
 0
 0
 0
 0
 0
 0
 0
 0
 0
 0
 0
 0
 0
 0
 0
 0
 0
 10.6771
 10.6771
 0
 0
 0
 0
 0
 0
 0
 0
 0
 0
 0
 0
 0
 0
 0
 0
 0
 0
 0
 0
 0
 0
 0
 0
 0
 0
 0
 0
 0
 0
 0
 0
 0
 0
 0
 0
 0
 0
 0
 0
 0
 0
 7.34847
 7.34847
 7.34847
 7.34847
 7.34847
 7.34847
 6.55744
 6.55744
 6.55744
 6.55744
 6.55744
 6.55744
 6.55744
 6.55744
 8
 8
 8
 8
 8.77496
 8.77496
 8.77496
 8.77496
 8.77496
 8.77496
 8.77496
 7.34847
 7.34847
 0
 0
 0
 0
 0
 0
 0
 7.93725
 7.93725
 7.93725
 7.93725
 7.93725
 7.68115
 7.68115
 7.68115
 7.68115
 7.68115
 7.14143
 7.14143
 7.14143
 7.14143
 7.14143
 7.68115
 7.68115
 6.9282
 6.9282
 0
 0
 9.79796
 9.79796
 9.79796
 9.79796
 9.79796
 0
 0
 7.93725
 7.93725
 7.93725
 7.93725
 7.93725
 7.93725
 6.55744
 6.55744
 6.55744
 0
 0
 0
 6.245
 6.245
 6.245
 6.245
 6.245
 6.245
 6.245
 6.63325
 6.63325
 6.63325
 6.63325
 6.63325
 6.63325
 7.34847
 7.34847
 7.34847
 7.34847
 7.34847
 7.34847
 7.34847
 7.34847
 7.34847
 7.34847
 7.34847
 7.34847
 7.34847
 7.34847
 7.34847
 7.34847
 0
 0
 0
 0
 0
