 13.7113
 13
 17.4069
 20.025
 5.19615
 5.19615
 5.19615
 5.19615
 25.2982
 25.2982
 26.3439
 26.3439
 28.178
 23.4307
 23.4521
 25.7682
 22.8254
 18.0831
 22.7596
 19.2354
 19.2354
 23.622
 23.622
 23.622
 23.622
 23.622
 23.622
 23.622
 23.622
 27.6043
 27.6043
 27.6043
 25.04
 27.9821
 23.388
 23.388
 28.8444
 28.178
 22.1359
 22.1359
 25.3969
 26.5895
 21.9089
 21.9089
 24.8395
 25.807
 25.807
 21.9089
 21.8861
 22.7596
 22.7596
 25
 26.0384
 21.0476
 21.0476
 21.0476
 21.0476
 20.2485
 20.2485
 20.2485
 20.2485
 20.2485
 20.2485
 20.2485
 23.9165
 23.9165
 23.9165
 23.9165
 23.9165
 23.9165
 23.9165
 23.9165
 23.9165
 26.2869
 26.2869
 25.5343
 25.5343
 27.258
 27.258
 27
 27
 27
 20.9284
 20.9284
 21.4942
 21.4942
 19.6214
 28.2843
 22.383
 33.3766
 23.9374
 22.8254
 33.4813
 29.189
 29.189
 26.9815
 26.9815
 25.7294
 25.7294
 25.7294
 26.5895
 26.5895
 26.5895
 26.5895
 26.5895
 26.5895
 26.5895
 26.5895
 22.2261
 24.2899
 34.9142
 34
 25.7488
 31.4802
 31.4802
 29.5296
 29.5296
 30.348
 30.348
 32.7719
 32.7719
 32.7719
 36.1525
 36.1525
 35.7771
 35.7771
 35.7771
 35.7771
 27.2397
 37.855
 23.6432
 23.6432
 26.2488
 35.7771
 29.4958
 31.9061
 31.9061
 31.9061
 31.9061
 37.3631
 37.3631
 36.606
 36.606
 37.4566
 37.4566
 37.4566
 39.6611
 29.5804
 29.5804
 28.7402
 39.2556
 25.3969
 38.4578
 36.4966
 36.4966
 36.2353
 36.2353
 36.6197
 36.6197
 36.6197
 39.6106
 37.9605
 37.9605
 37.9605
 37.9605
 37.9605
 37.9605
 37.9605
 34.9285
 32.28
 32.28
 37.7359
 34.5832
 37.0945
 36.0971
 37.921
 36.8375
 37.6696
 37.6696
 37.6696
 35.8469
 39.8121
 37.3229
 37.8286
 41.1825
 37.7359
 42.0951
 35.9166
 41.9643
 41.9643
 38.0789
 36.9188
 40.8289
 36.1801
 38.7814
 38.7814
 38.2753
 28.5832
 38.9102
 37.9473
 23.0651
 43.6692
 36.7015
 36.7015
 41.7852
 37.3765
 41.4729
 41.4729
 38.5876
 40.5216
 41.0366
 41.0366
 41.0366
 41.2795
 41.2795
 41.2795
 41.2795
 41.2795
 39.8748
 37.3363
 38.1707
 40.1746
 35.7491
 40.9512
 37.7889
 39.6611
 40.0874
 39.4335
 39.4335
 38.2884
 38.2884
 36.9324
 36.9324
 42
 42.7434
 39.8999
 43.4281
 43.4281
 38.5357
 38.5357
 41.2674
 40.398
 39.5348
 43.4626
 40.4104
 40.4104
 43
 43
 43.6119
 35.0999
 35.0999
 37.5899
 39.3446
 40.939
 43.5431
 43.5431
 43.5431
 43.5431
 43.5431
 41.7612
 41.7612
 41.7612
 38.5876
 42.2847
 40.4228
 42.4146
 42.4146
 42.4146
 45.5522
 45.5522
 42.1189
 42.1189
 42.1189
 42.1189
 42.1189
 42.1189
 42.1189
 42.1189
 39.8623
 41.2068
 41.2068
 41.2068
 41.2068
 42.4264
 42.4264
 42.4264
 42.2847
 42.2847
 42.2847
 42.2847
 42.2847
 42.2847
 42.2847
 41.1825
 42.6146
 42.6146
 42.6146
 41.0366
 0
 0
 0
 0
 0
 0
 0
 0
 0
 0
 0
 0
 0
 0
 0
 0
 0
 0
 0
 0
 0
 0
 0
 0
 0
 0
 0
 0
 0
 25.318
 41.4849
 40.9023
 40.9023
 45.8694
 45.8694
 45.8694
 42.8486
 50.6162
 50.6162
 50.6162
 50.6162
 50.6162
 50.6162
 54.3967
 54.3967
 54.3967
 54.3967
 54.3967
 54.3967
 54.3967
 54.3967
 41.821
 41.821
 41.821
 41.821
 0
 40.7063
 40.7063
 0
 26.9444
 59.2537
 38.2492
 30.7246
 30.7246
 0
 0
 0
 0
 0
 0
 0
 0
 0
 29.9833
 29.9833
 29.9833
 29.9833
 39.6232
 39.6232
 0
 0
 0
 43.1625
 0
 0
 0
 0
 0
 0
 0
 0
 0
 0
 0
 0
 0
 0
 26.7769
 26.7769
 26.7769
 26.7769
 34.8712
 34.8712
 34.8712
 34.8712
 34.8712
 41.7493
 41.7493
 41.7493
 41.7493
 39.3192
 0
 0
 0
 0
 0
 0
 0
 0
 0
 0
 0
 0
 0
 0
 0
 0
 0
 0
 0
 0
 0
 0
 0
 0
 0
 30.3645
 30.3645
 30.3645
 30.3645
 30.3645
 30.3645
 30.3645
 30.3645
 30.3645
 30.3645
 30.3645
 24.2487
 24.2487
 24.2487
 24.2487
 22.5389
 0
 0
 0
 0
 0
 0
 0
 0
 0
 0
 0
 0
 0
 0
 0
 0
 0
 0
 0
 0
 0
 0
 0
 0
 0
 0
 0
 0
 0
 0
 0
 0
 0
 0
 0
 0
 0
 0
 0
 0
 0
 0
 0
 0
 0
 0
 0
 0
 0
 0
 39.6106
 39.6106
 39.6106
 39.6106
 0
 0
 0
 0
 0
 0
 0
 0
 33.8378
 33.8378
 33.8378
 48.4045
 48.4045
 48.4045
 48.4045
 48.4045
 0
 0
 0
 0
 0
 0
 0
 0
 0
 0
 0
 0
 0
 0
 0
 0
 0
 0
 0
 0
 0
 0
 0
 0
 0
 0
 0
 0
 0
 0
 0
 0
 0
 0
 29.6479
 29.6479
 29.6479
 29.6479
 37.1887
 0
 0
 0
 0
 35.9305
 35.9305
 0
 0
 0
 0
 0
 0
 0
 0
 0
 0
 0
 0
 0
 0
 0
 0
 0
 0
 0
 0
 0
 0
 0
 0
 0
 0
 0
 0
 0
 0
 0
 0
 0
 0
 0
 0
 0
 0
 0
 0
 0
 0
 0
 0
 0
 0
 0
 0
 0
 0
 0
 0
 0
 0
 0
 0
 0
 0
 0
 0
 0
 0
 40
 40
 40
 40
 40
 40
 40
 40
 40
 40
 40
 40
 40
 40
 40
 40
 40
 40
 40
 40
 40
 40
 40
 40
 0
 0
 0
 0
 0
 0
 0
 0
 0
 0
 0
 0
 0
 0
 0
 0
 0
 0
 0
 0
 26.8142
 26.8142
 26.8142
 26.8142
 26.8142
 26.8142
 29.1376
 29.1376
 29.1376
 29.1376
 29.1376
 29.1376
 29.1376
 29.1376
 23.9374
 23.9374
 23.9374
 23.9374
 29.4958
 29.4958
 29.4958
 29.4958
 29.4958
 29.4958
 29.4958
 25.7876
 25.7876
 0
 0
 0
 0
 0
 0
 0
 26.3629
 26.3629
 26.3629
 26.3629
 26.3629
 24.5357
 24.5357
 24.5357
 24.5357
 24.5357
 24.8797
 24.8797
 24.8797
 24.8797
 24.8797
 23.1084
 23.1084
 35.6931
 35.6931
 35.6931
 0
 26.6458
 26.6458
 26.6458
 26.6458
 26.6458
 26.6458
 26.6458
 23.622
 23.622
 23.622
 23.622
 23.622
 23.622
 22.3383
 22.3383
 0
 0
 0
 0
 23.0651
 23.0651
 23.0651
 23.0651
 23.0651
 23.0651
 23.0651
 23.6432
 23.6432
 23.6432
 23.6432
 23.6432
 23.6432
 23.8747
 23.8747
 23.8747
 23.8747
 23.8747
 23.8747
 23.8747
 23.8747
 23.8747
 23.8747
 23.8747
 23.8747
 23.8747
 23.8747
 23.8747
 23.8747
 23.8747
 23.8747
 23.8747
 23.8747
 0
