 24.2281
 38.1707
 23.8537
 23.8537
 25.3772
 25.3772
 25.3772
 25.3772
 14.9332
 14.9332
 14.9332
 14.9332
 10.4403
 14.5602
 9.38083
 9.32738
 20.6882
 16.6733
 20.664
 17.8606
 17.8606
 14.7309
 0
 0
 0
 0
 0
 0
 0
 21.7715
 21.7715
 21.7715
 20.8567
 22.9783
 20.9045
 20.9045
 11.0454
 20
 18.7083
 0
 9.32738
 11.0454
 18.735
 18.735
 10.4403
 14
 14
 17.8045
 22.3383
 16.9411
 16.9411
 14
 21.0238
 15.2315
 15.2315
 15.2315
 15.2315
 15.1987
 15.1987
 15.1987
 15.1987
 0
 0
 0
 23.5372
 23.5372
 23.5372
 23.5372
 23.5372
 23.5372
 23.5372
 23.5372
 0
 9.16515
 9.16515
 15.5242
 15.5242
 27.4226
 27.4226
 20.9523
 20.9523
 0
 8.60233
 8.60233
 13.5647
 13.5647
 21.7486
 26.0576
 26.0768
 21.3307
 16.6733
 16.6132
 16.3095
 10.4403
 0
 15.1987
 15.1987
 26.9444
 26.9444
 26.9444
 21.8861
 0
 0
 0
 0
 0
 0
 0
 22.2935
 26.6646
 22.6274
 19.0788
 20.9762
 10.3923
 10.3923
 15.1658
 15.1658
 28.6531
 28.6531
 30.5123
 30.5123
 30.5123
 29.5127
 29.5127
 29.5127
 0
 0
 0
 19.975
 26.1151
 23.9583
 23.9583
 22.8473
 11.0454
 18.2757
 15.2315
 0
 0
 0
 29.4788
 29.4788
 29.5296
 29.5296
 29.5296
 29.5296
 29.5296
 33.8231
 19.0263
 19.0263
 19.0263
 21.4709
 28.1069
 20.6155
 9.74679
 9.74679
 17.8606
 17.8606
 33.541
 0
 0
 33.9559
 29.5973
 29.5973
 29.5973
 0
 0
 0
 0
 18.735
 15.6844
 15.6844
 12.0416
 20.7123
 10.583
 37.9473
 33.7343
 13.4907
 32.1248
 32.1248
 32.1248
 32.1248
 32.5115
 7.34847
 31.257
 31.257
 33.0757
 33.121
 33.121
 31.4484
 31.4484
 17.5214
 16.7033
 15.5242
 24.6982
 11.6619
 11.6619
 38.1838
 16.3095
 31.1448
 32.4808
 13.784
 35.5387
 20.9284
 20.9284
 28.5832
 28.5832
 28.5832
 28.5832
 21.166
 23.4734
 30.8869
 0
 0
 29.9333
 29.9333
 29.9333
 29.9333
 29.9333
 14.4568
 26.8514
 33.8231
 39.0512
 34.9571
 37.9342
 30.2159
 30.2159
 30.2159
 30.2159
 0
 17.3781
 17.3781
 28.688
 28.688
 28.4605
 24.5764
 18.6548
 14.7309
 14.7309
 20.1246
 20.1246
 19.4679
 32.2335
 36.8782
 38.2623
 33.9853
 33.9853
 22.5832
 22.5832
 22.5832
 13.9642
 13.9642
 9.8995
 29.1548
 37.3631
 25.7294
 25.7294
 25.7294
 25.7294
 25.7294
 15.4272
 15.4272
 15.4272
 36.565
 38.8716
 36.4966
 35.6651
 35.6651
 35.6651
 35.6651
 35.6651
 31.4484
 31.4484
 31.4484
 0
 0
 0
 0
 0
 12.9228
 23.0868
 23.0868
 23.0868
 23.0868
 39.0384
 39.0384
 39.0384
 33.541
 0
 0
 0
 0
 0
 0
 0
 21.1187
 0
 0
 27.8209
 27.8209
 27.8209
 27.8209
 27.8209
 27.8209
 27.8209
 27.8209
 0
 0
 0
 0
 0
 0
 0
 0
 0
 0
 0
 0
 0
 0
 0
 0
 14.6969
 14.6969
 12.3693
 12.3693
 12.3693
 12.3693
 12.3693
 26.5895
 15.9374
 15.9374
 8.12404
 8.12404
 8.12404
 33.4664
 43.2666
 43.2666
 43.2666
 43.2666
 0
 0
 19.2354
 19.2354
 19.2354
 19.2354
 0
 0
 0
 0
 32.9848
 32.9848
 32.9848
 32.9848
 0
 14.9666
 0
 0
 0
 49.0306
 18.6279
 18.6279
 0
 0
 0
 0
 0
 0
 0
 0
 0
 0
 0
 0
 0
 0
 0
 0
 0
 0
 0
 0
 0
 0
 0
 0
 0
 0
 0
 0
 42.0714
 42.0714
 42.0714
 42.0714
 42.0714
 42.0714
 42.0714
 42.0714
 42.0714
 0
 0
 0
 0
 0
 0
 17.1172
 17.1172
 17.1172
 17.1172
 39.975
 0
 0
 0
 0
 0
 0
 0
 0
 0
 0
 0
 0
 0
 0
 0
 0
 0
 0
 0
 0
 0
 0
 0
 0
 0
 12.49
 12.49
 0
 0
 0
 0
 0
 0
 0
 0
 0
 0
 0
 0
 0
 9.69536
 0
 0
 0
 0
 0
 0
 0
 0
 0
 0
 0
 0
 0
 0
 0
 0
 0
 0
 0
 0
 0
 0
 0
 0
 0
 0
 0
 0
 0
 0
 0
 0
 0
 0
 0
 0
 0
 0
 0
 0
 0
 0
 0
 0
 0
 0
 0
 0
 0
 0
 27.2213
 27.2213
 27.2213
 0
 0
 0
 0
 0
 0
 0
 0
 0
 0
 0
 0
 0
 0
 0
 0
 0
 0
 0
 0
 0
 0
 0
 26.3439
 26.3439
 0
 0
 0
 0
 0
 0
 0
 0
 0
 0
 0
 0
 0
 0
 0
 0
 0
 0
 0
 0
 0
 0
 0
 0
 0
 0
 33.0454
 33.0454
 0
 0
 0
 0
 0
 0
 0
 0
 0
 0
 0
 0
 0
 0
 0
 0
 0
 0
 0
 0
 0
 0
 0
 0
 0
 0
 0
 0
 0
 0
 0
 0
 0
 0
 0
 0
 0
 0
 0
 0
 0
 0
 0
 0
 0
 0
 0
 0
 0
 0
 0
 0
 0
 0
 0
 0
 0
 0
 0
 0
 0
 0
 0
 0
 0
 0
 0
 0
 0
 0
 0
 0
 0
 0
 0
 0
 0
 0
 0
 0
 0
 0
 0
 0
 0
 0
 0
 0
 0
 0
 0
 0
 0
 0
 0
 0
 0
 0
 0
 0
 0
 0
 0
 0
 0
 0
 0
 0
 0
 0
 0
 0
 0
 0
 0
 10.3923
 10.3923
 10.3923
 0
 0
 0
 6.9282
 0
 0
 0
 0
 0
 0
 0
 7.81025
 0
 0
 0
 7.14143
 7.14143
 7.14143
 0
 0
 0
 0
 6.08276
 0
 0
 0
 0
 0
 0
 0
 0
 7.74597
 7.74597
 7.74597
 7.74597
 0
 7.81025
 7.81025
 7.81025
 7.81025
 0
 8.66025
 8.66025
 0
 0
 0
 7.81025
 0
 21.1424
 21.1424
 0
 0
 6.245
 0
 0
 0
 0
 0
 0
 8.66025
 0
 0
 0
 0
 0
 7.81025
 7.81025
 7.81025
 0
 0
 0
 6.9282
 0
 0
 0
 0
 0
 0
 7.74597
 0
 0
 0
 0
 0
 7.74597
 0
 0
 0
 0
 0
 0
 0
 0
 0
 0
 0
 0
 0
 0
 0
 0
 0
 0
 0
 0
