 4.24264
 4.3589
 7.74597
 7.81025
 6.08276
 6.08276
 6.08276
 6.08276
 6.9282
 6.9282
 6.9282
 6.9282
 7.74597
 4.89898
 6.48074
 6.245
 5.47723
 2.64575
 6.245
 2.44949
 2.44949
 2.64575
 2.64575
 2.64575
 2.64575
 2.64575
 2.64575
 2.64575
 2.64575
 6.9282
 6.9282
 6.9282
 6.9282
 6.55744
 8.94427
 8.94427
 6.48074
 7.74597
 8.94427
 8.94427
 4.89898
 5.47723
 8.12404
 8.12404
 6.08276
 5.74456
 5.74456
 7.34847
 4.3589
 7.74597
 7.74597
 6.63325
 5.47723
 7
 7
 7
 7
 5.74456
 5.74456
 5.74456
 5.74456
 5.74456
 5.74456
 5.74456
 8.12404
 8.12404
 8.12404
 8.12404
 8.12404
 8.12404
 8.12404
 8.12404
 8.12404
 7.14143
 7.14143
 6.85565
 6.85565
 7.4162
 7.4162
 6.9282
 6.9282
 6.9282
 4.3589
 4.3589
 4.47214
 4.47214
 2.44949
 8.12404
 5.47723
 9.84886
 6.245
 6.08276
 9.11043
 8.18535
 8.18535
 6.55744
 6.55744
 6.48074
 6.48074
 6.48074
 6.9282
 6.9282
 6.9282
 6.9282
 6.9282
 6.9282
 6.9282
 6.9282
 4.58258
 6.16441
 9.21954
 8
 6.7082
 7.93725
 7.93725
 8.544
 8.544
 9.16515
 9.16515
 10.0499
 10.0499
 10.0499
 10.5357
 10.5357
 9.79796
 9.79796
 9.79796
 9.79796
 6.48074
 10.3923
 6
 6
 6.85565
 9.21954
 6.9282
 8.60233
 8.60233
 8.60233
 8.60233
 10.3441
 10.3441
 12.7279
 12.7279
 12.7671
 12.7671
 12.7671
 12.4499
 5
 5
 7.28011
 12.9228
 5.74456
 11.1355
 9.32738
 9.32738
 9.84886
 9.84886
 9.59166
 9.59166
 9.59166
 11.3578
 10.1489
 10.1489
 10.1489
 10.1489
 10.1489
 10.1489
 10.1489
 10.3441
 9.16515
 9.16515
 9.84886
 10.4403
 8.24621
 11.2694
 12.9615
 9.59166
 12.4499
 12.4499
 12.4499
 12.0416
 12
 10.4403
 11.0905
 12.4097
 13.1909
 12.083
 12.2882
 11.6189
 11.6189
 12.3288
 12.2474
 12.4097
 9.79796
 9.8995
 9.8995
 12.49
 7.54983
 12.49
 11.2694
 3.87298
 14.6969
 9.94987
 9.94987
 13.2288
 11.7473
 12.49
 12.49
 13.2288
 10.4881
 9.32738
 9.32738
 9.32738
 11.225
 11.225
 11.225
 11.225
 11.225
 10.583
 9.8995
 9.64365
 12.53
 8.12404
 10.9087
 9.05539
 13.1529
 11.7898
 14
 14
 10.3923
 10.3923
 10.3923
 10.3923
 11.7898
 13.9284
 10.198
 12
 12
 10.4403
 10.4403
 12.8452
 12.2882
 12.2882
 13.4536
 12.8841
 12.8841
 14.3178
 14.3178
 14.3178
 7.48331
 7.48331
 9.38083
 9.69536
 14.1774
 15.9687
 15.9687
 15.9687
 15.9687
 15.9687
 13.4907
 13.4907
 13.4907
 9.8995
 10.5357
 11.0905
 11.6619
 11.6619
 12.3288
 14.3178
 14.3178
 12.0416
 12.0416
 12.0416
 12.0416
 12.0416
 12.0416
 12.0416
 12.0416
 9.32738
 12.0416
 12.0416
 12.0416
 12.0416
 13.1909
 13.1909
 13.1909
 12.7671
 12.7671
 12.7671
 12.7671
 12.7671
 12.7671
 12.7671
 11.6619
 13.8924
 13.8924
 13.8924
 14.4568
 14.4568
 14.4568
 14.4568
 14.4568
 14.4568
 14.4568
 14.4568
 14.4568
 14.4568
 14.4568
 14.4568
 14.4568
 14.4568
 14.4568
 14.4568
 14.4568
 14.4568
 14.4568
 14.4568
 14.4568
 14.4568
 0
 0
 17.3781
 17.3781
 14.4222
 14.4222
 14.4222
 14.4222
 21.166
 12.9615
 12.0416
 12.0416
 14.7309
 14.7309
 14.7309
 16.0624
 16.6733
 16.6733
 16.6733
 16.6733
 16.6733
 16.6733
 20.8087
 20.8087
 20.8087
 20.8087
 20.8087
 20.8087
 0
 0
 12.0416
 12.0416
 12.0416
 12.0416
 12.0416
 10.4881
 10.4881
 10.4881
 10.9545
 31.9374
 6.9282
 10.6301
 10.6301
 10.6301
 10.6301
 10.6301
 10.6301
 10.6301
 10.6301
 10.6301
 10.6301
 10.6301
 9.64365
 9.64365
 9.64365
 9.64365
 9.05539
 9.05539
 9.05539
 9.05539
 9.05539
 9.59166
 9.59166
 9.59166
 9.59166
 9.59166
 0
 0
 0
 0
 29.9165
 29.9165
 29.9165
 29.9165
 29.9165
 29.9165
 10.3923
 10.3923
 10.3923
 10.3923
 10.0995
 10.0995
 10.0995
 10.0995
 10.0995
 8.77496
 8.77496
 8.77496
 8.77496
 10.8628
 10.8628
 10.8628
 10.8628
 10.8628
 0
 0
 0
 0
 0
 0
 0
 0
 0
 0
 0
 0
 0
 0
 0
 0
 0
 0
 0
 0
 0
 6.9282
 6.9282
 6.9282
 6.9282
 6.9282
 6.9282
 6.9282
 6.9282
 6.9282
 6.9282
 6.9282
 7.74597
 7.74597
 7.74597
 7.74597
 6
 0
 0
 0
 0
 0
 0
 0
 0
 0
 0
 0
 0
 0
 0
 0
 0
 0
 0
 0
 0
 0
 0
 0
 0
 0
 0
 0
 0
 0
 0
 0
 0
 0
 0
 0
 0
 0
 0
 0
 0
 0
 0
 0
 0
 0
 0
 0
 0
 0
 0
 9.27362
 9.27362
 9.27362
 9.27362
 9.27362
 9.27362
 9.27362
 9.27362
 9.27362
 9.27362
 9.27362
 9.27362
 11.2694
 11.2694
 11.2694
 15.906
 15.906
 15.906
 15.906
 15.906
 15.906
 15.906
 15.906
 15.906
 15.906
 15.906
 8.83176
 8.83176
 8.83176
 8.83176
 8.83176
 8.83176
 8.83176
 8.83176
 8.83176
 8.83176
 8.83176
 8.83176
 8.83176
 8.83176
 8.83176
 8.83176
 8.83176
 8.83176
 8.83176
 8.83176
 8.83176
 8.83176
 8.83176
 8.83176
 8.83176
 8.83176
 8.83176
 8.83176
 10
 10
 10
 10
 9.16515
 0
 0
 0
 0
 9.84886
 9.84886
 0
 0
 0
 0
 0
 0
 0
 0
 0
 0
 0
 0
 0
 0
 0
 0
 0
 0
 0
 0
 0
 0
 0
 0
 0
 0
 0
 0
 0
 0
 0
 0
 0
 0
 0
 0
 0
 0
 0
 0
 0
 0
 0
 0
 0
 0
 0
 0
 0
 0
 0
 0
 0
 0
 0
 0
 0
 0
 0
 0
 0
 0
 11.3578
 11.3578
 11.3578
 11.3578
 11.3578
 11.3578
 11.3578
 11.3578
 11.3578
 11.3578
 11.3578
 11.3578
 11.3578
 11.3578
 11.3578
 11.3578
 11.3578
 11.3578
 11.3578
 11.3578
 11.3578
 11.3578
 11.3578
 11.3578
 0
 0
 0
 0
 0
 0
 0
 0
 0
 0
 0
 0
 0
 0
 0
 0
 0
 0
 0
 0
 7.28011
 7.28011
 7.28011
 7.28011
 7.28011
 7.28011
 8.48528
 8.48528
 8.48528
 8.48528
 8.48528
 8.48528
 8.48528
 8.48528
 5.19615
 5.19615
 5.19615
 5.19615
 8
 8
 8
 8
 8
 8
 8
 4.69042
 4.69042
 0
 0
 0
 0
 0
 0
 0
 5.47723
 5.47723
 5.47723
 5.47723
 5.47723
 6.16441
 6.16441
 6.16441
 6.16441
 6.16441
 7.93725
 7.93725
 7.93725
 7.93725
 7.93725
 5.83095
 5.83095
 7
 7
 7
 0
 7.07107
 7.07107
 7.07107
 7.07107
 7.07107
 7.07107
 7.07107
 6
 6
 6
 6
 6
 6
 2.64575
 2.64575
 2.64575
 2.64575
 2.64575
 0
 7.87401
 7.87401
 7.87401
 7.87401
 7.87401
 7.87401
 7.87401
 6.245
 6.245
 6.245
 6.245
 6.245
 6.245
 6.48074
 6.48074
 6.48074
 6.48074
 6.48074
 6.48074
 6.48074
 6.48074
 6.48074
 6.48074
 6.48074
 6.48074
 6.48074
 6.48074
 6.48074
 6.48074
 6.48074
 6.48074
 6.48074
 6.48074
 0
