 6.48074
 16.6733
 24.4336
 25.0599
 21.8861
 19.6977
 30.5614
 24.0624
 29.7321
 26.8514
 34.1321
 33.1059
 33.9853
 34.5977
 28
 32.9242
 25.5147
 24.454
 23.388
 19.5192
 21.2603
 18.6815
 18.3848
 18.3576
 21.7486
 22.1811
 19.1311
 20.8567
 17.0587
 22.6053
 17.6918
 17.3781
 22.6274
 26.0576
 12.4499
 14.3178
 28.9482
 25.2587
 12.49
 15.843
 28.4429
 28.6531
 13.5277
 19.105
 26.9629
 30.315
 20.2731
 12.7671
 21.1424
 13.2288
 21.4942
 29.5127
 21.7715
 11.2694
 20.8327
 15.1658
 29.5296
 11.6189
 16.7332
 26.0576
 0
 17.088
 0
 20.8806
 20.445
 0
 26.0768
 16
 0
 25.8844
 16.7631
 29.3087
 20.8567
 26.6646
 19.799
 24.454
 27.1293
 21.4709
 19.2614
 21.0238
 22.9783
 16.4012
 23.5584
 23.6432
 27.037
 17.1172
 23.1733
 20.9523
 22.2711
 22.3383
 21.9545
 18.3576
 29.4958
 27.258
 17.5499
 25.2587
 17.0587
 23.3238
 16
 20.8327
 21.7945
 22.6716
 21.9089
 20.567
 26.6458
 21.166
 0
 22.5167
 22.7816
 21.9545
 23.8747
 26.4008
 22.1359
 30.2655
 16.3095
 28.3196
 15.5885
 24.1454
 16.2481
 25.02
 17.8606
 21.1187
 20.4939
 22.6053
 19.7231
 22.8692
 20.347
 21.4476
 24.8998
 25.318
 22.3383
 28.3725
 23.3024
 31.0161
 23.7276
 27.2397
 19
 25.3377
 19.7737
 28.9137
 18.6011
 19.4936
 16.5227
 20.3715
 21.166
 23.9374
 21.4476
 28.3373
 24.0832
 24.454
 24.1868
 21.9545
 27.6948
 30.3809
 23.4094
 28.931
 21
 28.178
 17.8326
 17.4642
 27.7849
 21
 18.7083
 21.8174
 20.8327
 22.561
 22.383
 25.3574
 26.1534
 29.1033
 24.8395
 27.6225
 26.1151
 33.2415
 23.6854
 22.4499
 30.8545
 21.7256
 26.7395
 27.1293
 27.1293
 24.6374
 33.2265
 23.3238
 25.2389
 21.7715
 23.9374
 25.219
 25.5147
 26.5895
 30.348
 27.2397
 30.7083
 25.2982
 33.7491
 32.8024
 23.3238
 11.5326
 25.2389
 27.4591
 7.93725
 28.3196
 20.3224
 33.8821
 23.3452
 30.0998
 24.3311
 22.1133
 21.9317
 26.2298
 24.7184
 24.7184
 29.1033
 25.2389
 29.6142
 30.133
 33.2114
 29.8998
 30.9031
 26.0384
 27.8568
 23.388
 21.2132
 26.5707
 24.1454
 22.7596
 24.1661
 21.5639
 20.8567
 27.8388
 23.3666
 23.3024
 24.6982
 27.7308
 27.6043
 30.7083
 33.7491
 27.7308
 26.8701
 34.0881
 29.189
 24.8998
 22.2486
 27.6767
 21.7025
 24.0208
 23.9583
 29.4958
 22.6716
 45
 21.5174
 49.98
 22.8035
 22.1359
 27.2397
 28.3901
 34.9142
 32.8177
 28.1957
 34.4529
 26.9444
 29.8998
 25.7682
 28.8791
 24.6779
 25.8457
 27.6948
 22.2711
 29.189
 43.8634
 20.2978
 45.7275
 23.9792
 40.0625
 26.2488
 28.4077
 28.1603
 34.4674
 33.2716
 30.3809
 28.4956
 29.6311
 28.1425
 26.533
 24.1247
 22.2036
 27.1477
 23.4947
 22.0907
 28.7054
 16.8523
 44.7884
 20.2978
 29.5127
 30.2985
 27.313
 36.8646
 23.1733
 23.1733
 28.0179
 28.0179
 34.3948
 29.2233
 24.8395
 26.533
 0
 27.1477
 0
 26.4764
 23.8747
 0
 24.5967
 24.5967
 17.4642
 17.4642
 17.4642
 19.8242
 19.8242
 37.51
 0
 23.1301
 47.4447
 22.1585
 48.2079
 28.2666
 43.0233
 31.3369
 16.6433
 28.931
 25.8263
 25.3772
 28.9137
 25.2587
 28.9482
 23.8537
 26.4575
 26.0768
 25.2785
 28.8617
 28.8617
 28.8617
 39.9625
 0
 41.1582
 40.3237
 0
 33.2265
 0
 0
 27.2764
 19.7484
 31.7962
 24.3311
 0
 31.9844
 35.7071
 35.7071
 35.7071
 24.5967
 29.0517
 20.9762
 27.0185
 27.0185
 30.1496
 44.6318
 27.8209
 25.7294
 21.1187
 21.1187
 26.0768
 26.0768
 13.5277
 13.5277
 23.3666
 26.5518
 29.6479
 25.9422
 0
 27.6043
 28.7228
 28.7228
 28.7228
 29.95
 35.819
 22.9129
 0
 21.4243
 27.8029
 24.9399
 26.2679
 24.0416
 23.0868
 33.7935
 19.6469
 24.5967
 24.5967
 25.3772
 34.4674
 30.0998
 30.0998
 32.7872
 19.6723
 26.4386
 22.9347
 33.2415
 21.5174
 20.9045
 28.8444
 16.7033
 0
 29
 27.7849
 27.1662
 0
 35.9861
 26.5895
 26.5895
 0
 25.2785
 35.8748
 29.0517
 0
 39.8246
 31.3209
 19.3132
 0
 23.9583
 24.5561
 34.4238
 0
 0
 26.7395
 26.9444
 0
 25.3772
 29.6142
 30.0998
 18.6279
 23.4734
 24.5764
 31.8904
 27.8568
 25.2389
 23.388
 35.623
 22.7156
 19.799
 30.0666
 21.1424
 23.3452
 0
 25.1595
 28.3725
 26.0384
 14.9666
 27.2764
 22.1133
 31.4166
 22.2711
 0
 33.2265
 27.6406
 27.6406
 27.6406
 24.6171
 36.3043
 23.3452
 24.6982
 0
 27.037
 27.0555
 19.0263
 25.3574
 22.1359
 20.2731
 33.5261
 24.8797
 25.04
 19.1572
 24.4131
 23.4734
 17.6352
 29.5973
 30.1164
 20.567
 27.8209
 27.8568
 22.8254
 22.8254
 25.3377
 24.2899
 17.5784
 21.7256
 22.1133
 17.9165
 18.4391
 28.2135
 19.0263
 30.2324
 30.2324
 27.2764
 20.2485
 35.7351
 35.7351
 0
 0
 34.4674
 38.8201
 17.1464
 17.1464
 20.3224
 27.1477
 22.8035
 21.5407
 22.7816
 35.7351
 22.0907
 29.1719
 17.3494
 28.9482
 0
 30.0333
 26.0768
 21.8632
 23.9583
 24.6577
 24.6577
 24
 64.6684
 19.0263
 19.0263
 28.3373
 64.7225
 30.9031
 15.4596
 15.4596
 24.9199
 32.6497
 16.5529
 17.8885
 14.7986
 14.5258
 27.1293
 20.9762
 15.9374
 14.8997
 14.7309
 23.3452
 26.6083
 15.4272
 0
 0
 0
 35.6791
 18.2209
 19.1311
 14.7648
 14.7648
 22.3159
 0
 11.6619
 36.8239
 15.6525
 15.6525
 15.6525
 0
 18.303
 32.0156
 20.9045
 17.7764
 21.7486
 19.7231
 23.6008
 28.9482
 28.9482
 18.7617
 25.2785
 20.8806
 19.6214
 9.84886
 9.84886
 24.6577
 19.0788
 27.5136
 27.5136
 21
 13.5647
 19
 34.7131
 0
 0
 0
 28.3196
 19.4165
 18.7883
 29.4109
 19.8494
 26.7395
 13.5277
 22.2261
 14.0357
 18.8149
 14.7986
 18.2483
 25.2982
 14.3178
 17.9165
 20.6882
 26.4386
 21.3307
 14.7309
 12.8062
 12.8062
 38.0789
 38.0789
 24.3105
 17.2916
 13.1909
 38.6652
 38.6652
 18.412
 18.412
 22.2261
 22.2261
 22.2261
 24.5967
 31.9218
 31.9218
 25.5343
 25.5343
 6.9282
 26.0768
 22.9347
 44.8553
 40.4846
 23.9374
 29.2062
 23.6432
 14
 16
 19.1311
 18.3848
 16.9115
 14.1774
 17.1756
 23.388
 31.6228
 19.799
 14.1421
 14.1421
 14.3178
 14.3178
 17.9165
 14.7648
 21.1896
 18.303
 19.2873
 27.6225
 28.9137
 17.2047
 19.5959
 14.9332
 0
 25.2982
 15.9687
 17.5784
 17.5784
 17.5784
 17.5784
 27.6225
 27.6225
 22.1811
 12.0416
 12.49
 11.2694
 32.0312
 32.8481
 24.1039
 24.1039
 15.5242
 13.8924
 32.1559
 23.3452
 19.6723
 17.3781
 19.0788
 11.0905
 19.5448
 23.0868
 23.0868
 20.8806
 21.5407
 17.1172
 22.1133
 27.0185
 18.412
 21.6333
 14.8324
 0
 0
 0
 48.6313
 17.5784
 29.3598
 29.3598
 20.4695
 10.4403
 20.5426
 16.1555
 37.8021
 17.1172
 25.2785
 13.4536
 34.0734
 7.93725
 17.8885
 15.9374
 23
 22.2711
 9.84886
 16.2788
 17.4642
 26.2869
 23.6008
 23.6008
 23.6008
 18.3303
 22.5832
 8
 23.6008
 20.347
 20.347
 31.6386
 15.906
 19.975
 19.975
 9.59166
 9.59166
 33.2114
 14.9332
 27.6586
 27.6586
 27.6586
 27.6586
 0
 15.1658
 15.1658
 24.5153
 21.0238
 25.219
 13.0384
 13.0384
 16.8819
 15.5885
 17.5499
 22.2486
 11.225
 11.225
 17.5214
 10.583
 10.583
 22.2261
 17.8885
 26.4197
 26.4197
 15.906
 15.906
 24.5561
 14.0357
 21.6795
 20.5913
 20.5913
 18.7883
 20.2731
 20.2731
 17.9444
 6.9282
 6.9282
 6.9282
