 13.2288
 18.5472
 12.3288
 10.4403
 10.4403
 14.5602
 9.38083
 7.74597
 14
 13.0384
 12.2474
 12.8062
 12.53
 14.9666
 11.0905
 12.1655
 9.84886
 7.34847
 8.94427
 8.12404
 10.3923
 10.3923
 13.0384
 10.4403
 12.1655
 8.83176
 10.4403
 7.34847
 8.83176
 9.64365
 8.60233
 7.87401
 9.64365
 11.3578
 8.18535
 8.66025
 11.7898
 9.84886
 8.18535
 13.8924
 13
 13.4907
 9.64365
 7.93725
 14.6629
 12.49
 3.4641
 9.32738
 10.0499
 10.198
 5.38516
 10.4881
 8.83176
 9.69536
 9.32738
 10.4881
 14.1067
 11.5326
 11.2694
 12.0416
 0
 8.66025
 0
 9.64365
 7.34847
 0
 11.5326
 6.9282
 6.9282
 9.84886
 7.81025
 14.1067
 7.81025
 12.8841
 7.81025
 9.84886
 9.21954
 11.2694
 8.60233
 11.5326
 8.83176
 12.1655
 12.4097
 13.2288
 13.4907
 13.2288
 7.34847
 11.3137
 7
 13.8564
 8
 7.87401
 9.84886
 12.8841
 10.3923
 11.0905
 8.83176
 12.3693
 8.66025
 11.2694
 10.9087
 13
 13.0384
 12.1244
 11.7473
 13
 13
 13.0767
 8.48528
 9.84886
 13
 10.1489
 9.84886
 11.7047
 9.53939
 13
 12.2066
 10.8167
 11.5326
 9.32738
 10.3923
 10.3923
 13.9642
 12.083
 12.1655
 12.0416
 16.5227
 12.1655
 9.8995
 10.3923
 11.6189
 14.7309
 11.6189
 15.8745
 11.225
 14.7986
 12.2066
 12.53
 11.2694
 10.5357
 8.83176
 13
 9.8995
 12.1655
 11.2694
 10.7238
 13
 9.79796
 10.4403
 11.7898
 14.1067
 11.2694
 12.083
 14.1774
 10.7703
 14.2478
 12.083
 14.8997
 13.0384
 13.2665
 13.5277
 13.9284
 13.2288
 11.3137
 13.0384
 11.3137
 13
 12.1655
 12.8062
 11.7047
 11.5326
 15.1327
 12.9228
 15.4596
 12.4499
 12.6491
 16.0312
 13
 12.5698
 12.8062
 12.8062
 12.4097
 4.47214
 10.4403
 10.4403
 11.2694
 11.2694
 11
 12.1655
 9.74679
 10.4403
 12.3288
 16.8226
 13.5277
 15.5885
 17.1756
 15.5885
 9.53939
 15.5885
 13.7113
 9.53939
 12.8062
 12.1244
 6.85565
 13.8564
 4.58258
 9.53939
 13
 12.53
 12.1244
 13.8924
 13.8924
 13.1909
 11.3578
 13.2665
 14.7648
 16.5529
 16.0624
 16.0935
 13.2665
 13.2288
 14.4914
 13.9284
 15.0997
 14.3527
 9.59166
 9.59166
 8.7178
 13.8924
 7.81025
 13
 13.0384
 13.0767
 12.3693
 14.7986
 15.9374
 15.4596
 13.2288
 15.1327
 17.7764
 17.8606
 15.3623
 14.0712
 13.6015
 14
 13.8924
 13.7113
 7.74597
 13.1149
 12.8062
 13.8564
 14.7648
 13.0767
 14.9332
 10.583
 17.3205
 16.5831
 13
 13.4907
 15.4596
 13.6748
 16.4012
 14.8324
 14.7648
 14.1067
 15.9687
 9.79796
 13
 6
 15.9687
 14.2829
 13.6382
 13
 7.68115
 13.4164
 15.6205
 11.8322
 18.3848
 18.3576
 12.49
 16.2173
 14.3875
 11.6619
 14.7309
 14.1067
 14.6969
 13.1149
 13.7113
 13.4536
 13.5277
 13.8924
 14.3875
 13.0384
 8
 16.8819
 12.6095
 16.6433
 13.8564
 16.3707
 13.7113
 16.5831
 10.4881
 12.49
 14.3875
 14.2829
 14.2829
 11.3137
 11.3137
 12.8841
 14
 14
 12.4097
 12.4097
 13
 13
 15.7162
 12.1244
 12.1244
 12.8841
 0
 14.2829
 17.5784
 13.8564
 15.1327
 11.7473
 18.3848
 10.4403
 16.4924
 11.6189
 16.6733
 12.8841
 15.6844
 13.1909
 15.6525
 13.9642
 16.0312
 14.6969
 13.4536
 12.49
 12.49
 12.49
 13.9642
 13.9642
 9.69536
 11.4018
 0
 5.47723
 0
 0
 15.3623
 19.0788
 15.9687
 18.412
 18.412
 9.74679
 7.34847
 18.0555
 18.0555
 14.8324
 19.0526
 11.6189
 12.7671
 14.3178
 17.7764
 13.1529
 13.9642
 14.0357
 14.7648
 14.7648
 15.5242
 15.5242
 14.3178
 14.3178
 13.8564
 11.2694
 16.4012
 14.5258
 0
 12.4499
 8
 8
 12.9615
 20.5426
 11.225
 12.1244
 0
 15.6205
 13.7113
 10.3923
 14.0357
 15.3297
 15.6525
 17.8885
 15.6844
 11.4018
 11.4018
 16.7631
 11.6619
 12.3288
 12.3288
 17.2047
 14.7309
 12.4097
 13.8924
 17.1464
 13
 13.9284
 14.8324
 16.4924
 16.4924
 12.49
 12.6095
 21.0238
 0
 15.2971
 12.4097
 19.6723
 0
 14.3875
 14.9332
 14.3527
 0
 14.7648
 13.7113
 15.7797
 0
 14.9666
 10.9545
 8.88819
 0
 0
 8.83176
 14.0357
 0
 11.0905
 13.7113
 13.7477
 18.2209
 14.3527
 17.1172
 7.74597
 14.1067
 15.9687
 13.6748
 12.2066
 6.245
 15.6205
 15.3623
 13.9284
 6.245
 0
 13.784
 14.1774
 15.906
 11.4891
 12.6095
 13.2288
 14.2478
 17.088
 0
 15.906
 14.7648
 14.7648
 14.7648
 15.1327
 16.6433
 10.6771
 11.7898
 0
 15.5242
 12.8841
 14
 9.79796
 14.7309
 13.0384
 18.4932
 14.4222
 13.3041
 13.2665
 13.7113
 9.69536
 17.3494
 15.4272
 10.9545
 15.8114
 12.8452
 13
 13.6748
 13.6748
 11.2694
 11.7047
 13.8924
 16.4317
 12.1244
 11.2694
 15.0997
 19
 13.8924
 14.1067
 14.1067
 14.6969
 12.1655
 14.4568
 14.4568
 0
 0
 14.7648
 11.8322
 16.7929
 13.8564
 12.49
 11.7898
 12.8841
 9.32738
 10.5357
 12.3288
 13.1909
 11.7473
 12.6095
 14.7648
 14.7648
 14.3178
 12.3288
 12.5698
 11.7898
 18.6279
 15.0997
 12.2882
 15.9687
 13.8564
 16.7332
 9.74679
 15.906
 12.3288
 13.8203
 7.81025
 9.32738
 13.7113
 13.1149
 13.4907
 16.7631
 9.69536
 11.225
 13.2288
 14.3178
 19.975
 16.4317
 11.4018
 11.7047
 17.8885
 17.8885
 0
 17.8326
 14.4568
 18.412
 11.3137
 15.3623
 0
 14.1067
 0
 13.9284
 13.5647
 15.7162
 15.7162
 15.7162
 0
 13.4536
 12.2882
 14.0357
 14.4914
 10.5357
 10.9545
 14.2829
 10.583
 10.583
 13.0384
 10.8628
 13.0767
 11.8322
 15.3623
 15.3623
 11.6189
 9.53939
 14.4568
 14.4568
 13.6748
 15.3297
 9.59166
 18.2483
 18.2483
 0
 11.0905
 9.8995
 39.7492
 12.2066
 12.0416
 21.7025
 10.0995
 13.1149
 11.0454
 18.7083
 13.8564
 12.1244
 9.74679
 14
 15.6205
 14.7648
 12.3693
 14.8661
 21.0713
 12.1244
 13.9284
 0
 13.9642
 13.9642
 10.0995
 14.7986
 14.2829
 12.8062
 12.8062
 12.2882
 12.2882
 10.4403
 16.4621
 0
 9.38083
 11.2694
 11.2694
 10.5357
 0
 19.9499
 11.0454
 13.1909
 19.9499
 13.2665
 12.2882
 4.89898
 9.8995
 20.8567
 13
 10.9087
 13
 15.3948
 12.2066
 13.0384
 12.2882
 14.3178
 14.9666
 14.2127
 0
 18.4932
 11.6619
 16.8226
 13.8564
 12.4499
 13.0767
 17.0587
 10.3923
 7.34847
 11.2694
 20.3224
 17.8326
 0
 10.8167
 12.7671
 14.7309
 15.1987
 15.1987
 0
 16
 16
 8
 18.2483
 13.8924
 13.2288
 19.0788
 16.7332
 9.32738
 9.32738
 15.6205
 13.1149
 7.74597
 10.3923
 14.7648
 13.8924
 8.12404
 16.5227
 11.4018
 11.7473
 7.28011
 13.7113
 10.3923
 10.4881
 14.7309
 9.59166
 13.1529
 7
 15.6844
 0
 0
 0
 21.1424
 13.8564
 15.6205
 14
 8.12404
 14.7986
 12.2882
 10.4881
 17.2337
 9
 15.906
 14.7648
 15.8114
 16.7631
 9.64365
 13.4907
 15.906
 16
 14.3178
 8.544
 12.2066
 14.4222
 14.3178
 0
 19.0526
 7.81025
 14.4914
 14.5602
 17.1756
 21.0238
 0
 19.8494
 9.53939
 10.3923
 10.3923
 13.6015
 13.6015
 7.2111
 10.3923
 20.445
 19.1572
 0
 0
 0
 8.544
 8.544
 10.6771
 17.7764
 17.1464
 12
 12
 8.83176
 15.5885
 17.2627
 7.34847
 10.4403
 10.4403
 7.93725
 18.9209
 18.9209
 11.0454
 16.1245
 9.79796
 9.79796
 9.53939
 9.53939
 18.6279
 11.0905
 12.1655
 12.4499
 12.4499
 17.8045
 13.7113
 0
 13.6748
 19.9499
 0
 15.9687
