 365.404
 0
 0
 0
 0
 13.1149
 13.1149
 13.1149
 15.0997
 15.0997
 16.5227
 16.5227
 18.4932
 21.7486
 17.2337
 16.3095
 14.0712
 13.4907
 11.7898
 11
 13.1149
 12.8452
 21.8861
 17.7482
 19.105
 19.105
 15.9687
 15.9687
 15.9687
 13.0384
 13.9642
 13.9642
 12.3693
 17
 16.4012
 16.4012
 20.199
 16.7033
 16.7929
 12.0416
 19.1311
 20.2237
 17.9722
 17.9722
 18.4391
 18.4391
 18.4391
 17.9165
 15.2971
 17.9722
 17.9722
 15.906
 12.53
 16.3401
 16.3401
 14.8324
 14.8324
 17.1756
 14.1421
 14.1421
 14.1421
 14.2829
 14.2829
 16.4317
 12.7671
 12.7671
 17.4929
 7.74597
 7.74597
 18.0831
 18.0831
 18.6011
 18.6011
 18.412
 8
 14.1421
 9.79796
 17.0587
 9.53939
 14.5258
 10.4881
 14.7648
 15.6525
 19.1833
 17.7764
 17.2627
 16.8226
 17.3494
 10.4881
 20.0499
 9.8995
 8.83176
 15.1658
 19.6723
 19.6723
 16.5529
 10.3923
 17.1172
 17.1172
 13
 14.3527
 14.8661
 14.7986
 19.0788
 13
 19.9499
 19.9499
 19.8997
 12.8841
 13
 20.1494
 18.3848
 12.53
 19.6723
 12.7279
 19.6214
 14.7648
 17.4929
 13.6015
 17.4642
 17.4642
 13.0384
 20.1246
 14.7309
 19.105
 15.4919
 24.2899
 20.025
 12.3288
 20.1494
 14.2127
 24.4745
 14.7648
 23.5797
 12.0416
 22.4054
 13.9642
 19.4679
 11.4455
 18.3303
 9.94987
 24.6577
 11.4018
 22.6716
 18.1934
 16.8523
 23.4734
 17.1756
 21.7256
 15.4272
 26.2679
 16.3707
 22.5832
 24.0416
 15.4596
 25.5539
 14.7648
 23.8747
 23.8747
 14.1421
 24.8797
 25.5734
 16.6433
 15.6205
 23.516
 19.0788
 23.4521
 25.1595
 21.9545
 21.2132
 23.6854
 28.0535
 21.3542
 28.3725
 23.0868
 25
 28.9828
 23.8328
 23.7276
 25.3574
 25.3574
 25.0599
 12.2066
 20.8567
 21.7256
 23.4094
 21.7486
 24.4336
 24.8193
 23.6854
 23.3666
 25.2982
 29.8998
 21.4243
 25.8844
 27.4591
 26.1151
 17.9722
 26.1151
 23.3024
 16.3401
 26.4008
 20.9284
 11.6619
 25.0799
 12.7671
 21.095
 23.516
 20.8806
 21.8632
 24.8797
 0
 23.622
 24.2281
 22.9565
 27.9643
 27.4408
 26.7955
 29.2233
 25.8263
 26.8142
 26.533
 27.9285
 26.8142
 27.8388
 22.8254
 21.7256
 20.9284
 26.2107
 18.1384
 26.1725
 25.1794
 27.5136
 25.6905
 28.0179
 31.0644
 30.0998
 25.8263
 25
 27.9821
 31.7648
 27.7489
 26.8887
 28.3019
 27.0924
 27.258
 26.5895
 18.7083
 25.5539
 15.1658
 26.9258
 14.1421
 26.1725
 26.0384
 23.2164
 30.3315
 28.178
 24.1039
 23.6854
 28.3373
 22.6053
 30.3809
 22.8254
 26.533
 24.5153
 27.4591
 19.5192
 25.9037
 18.5203
 15
 26.9444
 9
 26.0384
 9.38083
 25.6905
 28.5832
 25.4951
 29.6142
 29.8831
 24.8395
 30.692
 24.8998
 23.3024
 29.0861
 26.096
 28.8271
 24.4745
 23.622
 24.8596
 22.1585
 26.096
 12.1655
 26.1916
 17.9165
 29.95
 22.5389
 27.4591
 23.5797
 28.2489
 25.2982
 30.5941
 18.3576
 22.6274
 26.8328
 23.5797
 23.5797
 21.9317
 21.9317
 24.8797
 25.7294
 25.7294
 20.664
 20.664
 21.7256
 21.7256
 27.9285
 20.9523
 20.9523
 21.1896
 21.1896
 23.6643
 27.6586
 26.9072
 27.1293
 21.9317
 20.3224
 21.4476
 35.3553
 21.7715
 29.4958
 21.095
 30.348
 23.8328
 33.1059
 24.0624
 31.0322
 22.8035
 27.8209
 22
 22
 22
 22
 22
 12.8841
 25.7876
 25.7876
 25.7876
 25.7876
 25.7876
 28.8964
 27.8209
 27.6225
 28.1069
 28.1069
 19.5192
 16.8226
 27.6767
 27.6767
 41.7373
 27.8568
 27.8568
 20.6155
 23.1948
 24.8596
 21.9317
 22.1359
 25.923
 26.3439
 26.3439
 24.1868
 24.1868
 25.5343
 25.5343
 23.1948
 18.9473
 29.2746
 22.383
 22.383
 22.1585
 18.3303
 18.3303
 21.7256
 23.2594
 22.7816
 22.1359
 22.1359
 29.5804
 26.3629
 20.9523
 32.573
 28.4253
 28.8444
 28.0179
 28.0179
 23.8747
 23.8747
 30.3809
 46.4004
 19.5192
 19.5192
 25.7682
 30.3809
 25.0599
 26.0576
 25.7682
 24.6982
 27.8209
 24.3926
 29.5296
 29.5296
 25.5539
 20.9045
 31.0322
 31.0322
 26.7021
 25.318
 23.388
 23.388
 26.0768
 26.2679
 17.1464
 17.1464
 15.9687
 21.8403
 25.2982
 25.2982
 27.2213
 27.2213
 18.3848
 18.3848
 18.3848
 23.3666
 26.6083
 26.6083
 18.4662
 23.4094
 23.388
 23.388
 24.454
 24.454
 17.8606
 25.2389
 27.7849
 26.3818
 15.6205
 12.2474
 25.219
 24.8797
 26.1725
 20.4695
 0
 26.4764
 24.0832
 26.7021
 20.7846
 21.4243
 24.5764
 27.9821
 41.7732
 0
 25.9037
 24.2487
 24.2487
 24.2487
 28.0357
 25.3377
 17.4069
 22.9347
 22.9347
 28.6531
 24.0416
 24.0416
 19.105
 27.1477
 25.318
 30.2655
 24.6171
 26.1725
 27.1662
 26.1725
 17.8606
 30.5287
 23.3238
 14.4568
 31.4166
 23.8537
 22.2261
 23.4307
 23.4307
 23.4307
 19.0263
 23.4734
 23.4734
 24.2487
 21.1187
 23.4734
 23.4734
 27.8927
 26.0768
 26.0768
 26.0768
 25.2389
 22.9347
 0
 0
 0
 25.7682
 18.6279
 25.9422
 21.7486
 20.8327
 18.0278
 22.383
 16.0312
 16.0312
 22.9783
 22.1585
 22.9347
 22.9347
 25.5539
 25.5539
 23.8328
 23.8328
 20.9284
 22.5832
 30.8221
 24.5764
 24.3311
 25.2982
 25.2982
 22.5832
 18.303
 27.7308
 23.0868
 22.2935
 9.59166
 9.59166
 23.3452
 23.3452
 22.8035
 30.3315
 30.3315
 22.3159
 24.1661
 27.6225
 27.6225
 24.3516
 23.4521
 21.2132
 21.2132
 21.2132
 0
 28.2135
 28.2135
 29.7321
 29.7321
 24.1868
 24.1868
 24.1868
 0
 0
 24.6171
 28.2843
 0
 0
 0
 25.1794
 20.2978
 25.0799
 23.4307
 23.4307
 20.8087
 20.8087
 19.799
 0
 0
 22.5167
 22.6716
 20.8327
 20.8327
 0
 19.975
 19.975
 21.8403
 21.8403
 21.3307
 21.3307
 18.3303
 30.9677
 0
 0
 0
 19.799
 51.4781
 23.4734
 14.5602
 28.2135
 17.088
 21.166
 17.3781
 17.3781
 29.2233
 20.9045
 22.6053
 24.3516
 25.1794
 28.0357
 23.4521
 23.4521
 23.4521
 22
 22
 0
 20.8567
 0
 0
 0
 24.8998
 22.9129
 0
 0
 0
 0
 0
 0
 18.9209
 19.0788
 0
 18.7883
 0
 28.6007
 19.799
 21.7715
 20.2731
 20.2731
 16.8819
 13.8924
 13.8924
 34.4529
 21.4709
 21.9545
 21.9545
 30.5287
 22.6053
 22.2935
 22.9565
 19.7484
 27.037
 27.037
 27.037
 25.7294
 25.7294
 25.7294
 25.7294
 22.6053
 22.6053
 26.1916
 26.1916
 26.1916
 26.1916
 28.7228
 28.7228
 0
 21.2603
 27.6225
 27.6225
 27.7669
 27.7669
 0
 20.3961
 0
 16.5831
 16.5831
 16.5831
 24.6577
 26.4008
 22.2261
 16.3707
 16.3707
 16.3707
 16.3707
 17.5214
 21.4243
 21.4243
 21.4243
 16.0935
 16.0935
 24.2693
 21.4243
 15.4596
 15.4596
 15.4596
 15.4596
 22.8254
 13.2288
 13.2288
 15.3297
 15.3297
 0
 0
 0
 31.0966
 31.0966
 23.0651
 21.4709
 14.7309
 14.7309
 14.7309
 14.7309
 19.6977
 16.3095
 30.2324
 24.0832
 24.0832
 24.0832
 16.2788
 24.8193
 29.8664
 29.8664
 29.8664
 16.2788
 16.2788
 16.2788
 29.2062
 0
 0
 15.9687
 29.6816
 29.6816
 33.8083
 33.8083
 0
 35.3412
 15.8745
 15.8745
 15.8745
 15.8745
 15.8745
 8.66025
 15.1658
 15.1658
 9.84886
 0
 0
 0
 15.6525
 0
 18.5742
 34.4674
 21.7025
 21.7025
 0
 15.4596
 29.4958
 29.4958
 15.6205
 15.6205
 15.6205
 14.9332
 14.9332
 14.9332
 14.9332
 14.9332
 14.9332
 0
 0
 0
 0
 0
 0
 0
 0
 0
 0
 0
 21.6564
 21.6564
 0
 0
