 372.441
 0
 0
 0
 0
 0
 0
 0
 31.8277
 31.8277
 31.9374
 31.9374
 32.4654
 34.7851
 32.249
 32.9545
 30.8058
 34.9857
 35.2704
 34.7419
 33.9264
 34.7275
 38.4968
 30.4795
 26.9444
 26.9444
 28.1425
 28.1425
 28.1425
 35.2987
 34.0588
 34.0588
 35.2704
 39.8999
 24.5357
 24.5357
 38.1838
 39.7115
 25.7099
 17.6068
 34.7994
 34.5832
 25.2785
 25.2785
 35.2987
 35.2987
 35.2987
 25.671
 34.8712
 24.5357
 24.5357
 35.8329
 39.1535
 24.9199
 24.9199
 38.2623
 38.2623
 23.4947
 30.4467
 30.4467
 30.4467
 31.257
 31.257
 35.1283
 37.47
 37.47
 40.4599
 33.8821
 33.8821
 45.0222
 45.0222
 35.3412
 35.3412
 36.3043
 24.3516
 37.3631
 27.0185
 43.6692
 33.0757
 42.5676
 34.7275
 32.1248
 29.5296
 37.3765
 30.7734
 39.0896
 29.5973
 41.8569
 34.7563
 46.5725
 34.8281
 22.6495
 40.4475
 39.4715
 39.4715
 41.1461
 26.9815
 40.8044
 40.8044
 35.7351
 43.4856
 34.4529
 37.4166
 39.2428
 36.2767
 40.0625
 40.0625
 43.4281
 31.305
 38.2361
 48.9081
 45.3872
 38.8458
 45.1774
 29.6311
 43.8976
 30.3809
 47.7703
 33.0151
 48.8057
 48.8057
 41.0122
 46.465
 37.0405
 42.3202
 40.939
 45.4533
 47.8435
 36.1801
 55.0091
 35.9583
 48.6826
 40.8901
 47.5289
 37.5366
 48.1352
 30.4138
 51.3323
 27.8568
 50.6754
 34.7707
 50.2394
 37.4166
 48.0208
 47.2546
 41.1582
 48.9592
 40.7308
 53.8331
 41.7133
 56.5066
 40.9268
 49.548
 51.5752
 45.1774
 55.109
 40.8779
 55.6507
 55.6507
 34.7851
 58.8643
 52.9622
 39.9875
 44.2945
 47.9375
 50.6557
 50.02
 56.5597
 48
 47.7493
 61.709
 53.9166
 47.7284
 56.0446
 50.4183
 54.2125
 56.6039
 48.1664
 60.7783
 59.7411
 42.1426
 54.6992
 47.4131
 52.1824
 52.2685
 55.5878
 51.8845
 55.6417
 57.5674
 63.4586
 56.4624
 53.6004
 54.7814
 55.1725
 57.4369
 61.5305
 56.7362
 23.2164
 54.9272
 60.9344
 18.6815
 62.7216
 46.3789
 43.0581
 57.7581
 49.8799
 53.8609
 53.3948
 54.7814
 58.3952
 57.7841
 57.7841
 52.5071
 64.3894
 57.3411
 57.3934
 60.1581
 56.9473
 62.1128
 54.2863
 63.4429
 59.9833
 55.1996
 62.5859
 59.8665
 49.295
 55.2359
 49.3153
 55.4256
 54.1387
 61.3188
 55.6507
 67.8454
 61.7414
 54.7905
 60.9918
 62.9365
 57.9396
 59.439
 62.2254
 63.4586
 59.3043
 60.1747
 64.7302
 55.8838
 61.5711
 57.1489
 48.7032
 55.0364
 50.448
 61.5224
 54.9909
 64.4748
 60.8769
 60.8933
 64.3117
 55.2087
 53.1413
 57.6108
 62.474
 57.0438
 64.2962
 56.6127
 65.0154
 57.8965
 61.7333
 52.5071
 57.6975
 57.1489
 47.0532
 61.1801
 50.4381
 66.9029
 53.3948
 61.7333
 63.4665
 60.8441
 56.9034
 56.6569
 62.538
 66.9179
 50.705
 61.3107
 64.5601
 60.8441
 63.2297
 56.1605
 57.5413
 55.263
 50.4083
 57.1664
 46.2277
 46.2277
 51.2738
 51.2738
 58.5662
 55.7763
 59.1101
 59.1101
 59.1861
 64.467
 54.2679
 58.258
 63.4429
 58.8133
 58.8133
 60.0167
 60.0167
 68.8113
 57.4804
 53.8888
 51.8845
 63.435
 58.2065
 58.2065
 64.5291
 45.7384
 51.4393
 53.8888
 53.8888
 54.1572
 68.2056
 62.5859
 77.3369
 58.1979
 70.5053
 53.7029
 70.562
 59
 50.2693
 57.0964
 52.915
 56.6922
 54.4243
 56.7803
 52.7541
 51.225
 70.0286
 58.4209
 50.1797
 56.3028
 56.3028
 56.3028
 58.3781
 70.647
 70.647
 70.647
 70.647
 70.647
 58.258
 67.8307
 51.8845
 68.9783
 68.9783
 59.2621
 59.2621
 58.6856
 51.7107
 78.2432
 65.2993
 65.2993
 62.6897
 62.6897
 66.888
 75.8419
 57.8619
 57.8619
 74.8866
 74.8866
 58.3952
 58.3952
 68.2422
 65.2074
 64.8845
 46.5725
 60.025
 58.3352
 58.3352
 54.4426
 56.6745
 61.5549
 61.5549
 51.7397
 64.0859
 58.1378
 58.1378
 66.0303
 60.803
 64.304
 66.0606
 65.2227
 69.6994
 62.9524
 62.9524
 56.2317
 56.2317
 71.9792
 71.9792
 55.6866
 75.4851
 64.9692
 61.0328
 56.7362
 54.7723
 62.2896
 55.4527
 61.4248
 64.0625
 66.1967
 66.1967
 60.0083
 68.6586
 56.4978
 56.4978
 57.9224
 64.1093
 47.2969
 47.2969
 60.1581
 56.9386
 49.366
 49.366
 55.6687
 63.8905
 57.7668
 57.7668
 63.5374
 63.5374
 61.7333
 61.7333
 64.7688
 64.4438
 60.9426
 60.9426
 60.9426
 60.7783
 57.9655
 57.9655
 57.9655
 57.9655
 57.4282
 59.9917
 69.1448
 63.4508
 58.438
 58.438
 58.3095
 64.7302
 61.2454
 61.2454
 61.2454
 66.0606
 68.1542
 56.0446
 39.8372
 66.3702
 51.2445
 59.6741
 73.3621
 73.3621
 53.6283
 65.4981
 44.317
 46.7226
 63.0317
 57.4108
 49.8799
 38.4838
 38.4838
 64.2962
 62.5859
 62.5859
 62.5859
 63.435
 59.1016
 64.7997
 63.8749
 61.5792
 58.8558
 67.6092
 57.1402
 68.6586
 58.8727
 54.074
 54.074
 58.5064
 61.498
 67.9926
 67.9926
 67.9926
 46.9042
 57.836
 57.836
 59.9083
 27.8388
 62.6179
 62.6179
 57.4543
 60.3573
 60.3573
 60.3573
 55.9285
 56.4535
 56.4535
 59.0085
 59.0085
 56.4801
 69.5485
 58.4209
 58.4209
 61.4248
 57.0526
 53.7587
 53.7587
 53.7587
 63.5216
 54.7631
 52.6023
 52.6023
 60.4649
 60.4649
 60.4649
 60.4649
 60.4649
 55.0182
 60.407
 31.4643
 31.4643
 31.4643
 31.4643
 51.4781
 51.4781
 51.4781
 54.2033
 49.94
 64.0937
 64.0937
 59.4811
 59.4811
 59.4811
 66.053
 66.053
 56.6922
 56.6922
 58.7537
 58.7537
 55.7136
 62.3939
 54.4702
 54.4702
 54.4702
 54.4702
 48.6929
 48.6929
 37.3898
 37.3898
 37.3898
 37.3898
 37.3898
 0
 0
 0
 0
 0
 0
 0
 0
 0
 49.0612
 51.2835
 51.2835
 55.1815
 55.1815
 52.3068
 52.3068
 52.3068
 56.5774
 52.4404
 54.8088
 54.8088
 54.8088
 50.7937
 51.4198
 52.6688
 52.6688
 51.9134
 51.9134
 46.1411
 74.6927
 74.6927
 50.6063
 50.6063
 58.2065
 80.3057
 49.051
 50.4282
 50.4282
 59.607
 45.5741
 55.3173
 55.3173
 63.498
 45.3542
 56.1249
 65.3223
 46.8828
 62.8649
 58.2237
 58.2237
 58.2237
 51.5267
 51.5267
 51.5267
 51.4393
 51.4393
 51.4393
 51.4393
 50.5668
 55.6776
 55.6776
 55.6776
 56.9298
 56.9298
 56.9298
 56.9298
 47.3181
 54.3507
 54.3507
 53.1507
 53.1507
 42.0238
 46.3357
 51.3225
 57.376
 57.376
 49.8698
 54.4794
 54.4794
 63.6946
 61.4329
 50.5371
 50.5371
 69.0652
 50.3984
 55.5248
 54.9181
 49.7594
 55.8659
 55.8659
 52.2685
 54.8361
 54.8361
 54.8361
 54.8361
 46.6154
 46.6154
 50.8822
 50.8822
 50.8822
 50.8822
 57.1402
 57.1402
 57.1402
 60.663
 56.6216
 56.6216
 44.1248
 63.6318
 63.6318
 54.4794
 54.4794
 28.1425
 28.1425
 28.1425
 55.1453
 59.4475
 54.3047
 20.8327
 57.5587
 57.5587
 57.5587
 50.6754
 50.636
 50.636
 50.636
 26.8887
 26.8887
 64.0234
 48.7852
 17.8885
 17.8885
 17.8885
 17.8885
 49.558
 39.8873
 39.8873
 18.3576
 18.3576
 0
 45.8803
 0
 42.6263
 42.6263
 53.591
 50.1498
 18.1108
 18.1108
 18.1108
 18.1108
 50.4282
 20.8567
 48.2804
 43.3935
 43.3935
 43.3935
 19.975
 45.5741
 52.6213
 52.6213
 52.6213
 20.8327
 20.8327
 20.8327
 49.8999
 49.8999
 0
 19.2614
 60.5227
 60.5227
 54.7631
 54.7631
 54.7631
 53.9444
 21.7025
 21.7025
 56.6127
 56.6127
 43.1161
 45.0111
 22.561
 22.561
 22.561
 22.561
 52.9245
 52.9245
 20.2978
 20.2978
 64.5988
 57.376
 58.4979
 58.4979
 58.4979
 25.318
 56.542
 56.542
 59.2284
 59.2284
 58.3352
 21.7945
 21.7945
 51.8266
 51.8266
 51.8266
 51.8266
 51.8266
 51.8266
 51.8266
 51.8266
 51.8266
 51.8266
 51.8266
 51.8266
 51.8266
 51.8266
 51.8266
 51.4587
 51.4587
 51.4587
 51.4587
