 343.171
 0
 0
 0
 0
 14.8661
 14.8661
 14.8661
 8.83176
 8.83176
 9.32738
 9.32738
 11.2694
 6.08276
 8.7178
 7.81025
 11.2694
 10.3441
 12.9615
 9.53939
 13.2288
 8.7178
 15.5563
 11.7898
 12.3288
 12.3288
 13.8203
 13.8203
 13.8203
 13.0384
 12.1655
 12.1655
 12.1655
 12.3693
 10.7703
 10.7703
 13.2288
 13.1149
 9
 14
 12.9615
 11.4018
 9.48683
 9.48683
 13.0767
 13.0767
 13.0767
 7.74597
 10.4403
 9
 9
 9
 12.6886
 7.74597
 7.74597
 12.4097
 12.4097
 7.07107
 13.8564
 13.8564
 13.8564
 13.8564
 13.8564
 14
 11.8322
 11.8322
 15.6205
 10.4403
 6.9282
 13.5277
 13.5277
 13.8564
 13.8564
 12.1655
 12.1244
 12.2474
 10.3923
 14.4914
 9.84886
 14.2478
 13.9642
 13.1149
 12.4097
 14.5602
 10.6771
 14.3527
 6.16441
 14.7986
 12.9615
 15.3297
 10.4403
 11.5758
 14
 13.8924
 13.8924
 12.2882
 11.5758
 10.4403
 10.4403
 13
 14.3178
 14
 15.3297
 15.8745
 13.2288
 14.8661
 14.8661
 15.906
 10.0995
 12.1655
 15.1327
 14.3178
 12.6491
 14.2829
 15.6205
 14.3527
 13
 15.4919
 13.0384
 16.3707
 16.3707
 13.0767
 16.1555
 13.8924
 14.7309
 13.4907
 15.906
 15.9374
 12.2474
 15.9374
 12.1244
 15.9374
 12.1244
 15.1327
 12.2066
 14.3875
 13.8924
 16.7332
 14.2829
 16.8226
 11.5758
 17.1464
 13.1149
 17.7482
 16.8226
 17.3205
 16.1555
 12.1655
 16.4012
 14.7309
 17.5499
 12.1655
 15.9374
 15.0997
 14.9666
 17.3494
 16
 16.8523
 16.8523
 13.8924
 19.6723
 17.2337
 14.9666
 16
 16.6733
 17.088
 17.3494
 18.9737
 17.088
 14.8661
 18.4391
 19.0788
 15.6205
 17.2047
 15.5242
 17.8885
 17.7764
 17.2047
 19.6214
 19.0788
 15.4596
 19
 14.9332
 16.3707
 17.7764
 18.5203
 17.8326
 17.3494
 17.7482
 19.6469
 17.1172
 15.2315
 18.4662
 17.4356
 16.3707
 18.303
 18.2757
 7.74597
 19.7484
 18.5472
 18.5472
 19.6977
 15.6844
 15.9374
 20.2485
 15.9374
 16.6433
 16.7033
 18.1934
 17.8885
 15.3948
 15.3948
 19.8242
 16.5529
 17.8885
 19.1311
 16.9115
 16.8819
 18.4662
 17.8885
 19.0263
 19.9499
 19.0526
 17.8326
 21
 17.1464
 17.7764
 17.2047
 17.8045
 16.1555
 19
 19.2354
 19.0263
 17.9165
 19.799
 18.3848
 17.8045
 19
 18.6279
 18.1108
 17.8045
 19.7737
 19.7231
 20.2237
 19.0263
 19.7231
 17.9165
 18.412
 17.8045
 17.8045
 19
 19.2354
 19
 20.4206
 20.9762
 19.0788
 19.799
 19.2614
 19.3649
 18.4662
 16.7631
 19.6469
 20.1494
 19.6977
 17.4069
 19.8242
 17.3205
 17.3494
 17.3494
 16.1555
 16.6733
 16.3707
 19.6469
 17.5499
 20.3224
 19.6723
 20.2978
 19.0526
 19.6977
 18.5472
 20.199
 17.8326
 17.9165
 18.4391
 19.7231
 19.6469
 19.6214
 17.2627
 17.8045
 18.4391
 16.5831
 17.1756
 18.412
 15.6844
 18.4662
 17.1172
 18.4391
 17.5499
 16.5831
 18.5472
 18.4662
 19.3907
 19.0526
 18.4662
 20.567
 19
 18.303
 18.3848
 19.1311
 18.4391
 17.8326
 15.3297
 22.1359
 16.0935
 16.6132
 16.7033
 16.3707
 14.7648
 16.8523
 32.665
 17.5784
 23.4947
 19.5959
 24.5764
 19.1311
 22.8692
 18.0831
 24.1454
 17.8326
 17.3205
 19.0263
 20.9045
 19.2873
 24.0832
 17.2337
 22.891
 17.8885
 23.622
 20.2237
 17.8326
 14.9666
 14.9666
 23.6854
 17.3494
 19
 17.5214
 17.5214
 17.5214
 18.4391
 20.3715
 18.0555
 19.5704
 19.6214
 20.347
 16.1555
 16.6733
 18.2757
 11.6619
 35.2987
 14.9666
 14.9666
 15.3297
 18.6279
 16.8226
 14.4568
 15.3623
 18.4932
 17.2337
 15.3948
 18.0278
 11.1803
 15.2971
 18.412
 18.4662
 15.9374
 18.4662
 19.6723
 2.44949
 16.3707
 18.4391
 16.0624
 11.0905
 13.2665
 19.5959
 14.1067
 14.1067
 17.9444
 20.8327
 18.4932
 24.0208
 20.8567
 20.199
 21.6333
 21.6333
 16.9115
 14.6629
 19.6469
 50.5866
 16.5529
 11.6619
 18.2483
 21.4709
 19.6977
 21.7256
 15.4596
 17.2047
 20.2731
 17.9444
 14.9332
 10.4403
 19.6469
 18.4932
 17.8885
 11.1355
 17.4069
 21.4942
 13.2288
 10.3923
 19
 19.6977
 14
 7.14143
 19.799
 19.7484
 17.1756
 17.1756
 20.2485
 20.2485
 20.2978
 20.2978
 17.3494
 20.6882
 20.2731
 20.2731
 12.3288
 20.2237
 18.412
 18.412
 18.4662
 18.4662
 17.8326
 17.6068
 19
 17.2337
 15.5563
 14.1067
 19
 17.8606
 16.6733
 25.7682
 25.7682
 18.412
 17.8606
 19.1572
 11.7898
 16.7332
 16.0312
 19.6723
 27.1477
 0
 17.9165
 21.4942
 13.2288
 22.7816
 22.891
 19.2354
 14
 13.7113
 13.7113
 21.0238
 17.8045
 17.8045
 11.6619
 20.347
 17.8326
 20.347
 15.6205
 19.0526
 19.2614
 20.2731
 16
 21.5174
 17.0587
 14.7648
 17.3494
 17.3494
 16.7332
 17.8885
 18.3576
 18.3576
 12.8841
 12.8452
 12.8452
 18.4391
 14.6969
 12.9228
 12.9228
 19.5704
 15.4919
 19
 19
 18.3576
 19
 19
 14.8997
 14.8997
 18.412
 19.0526
 12.3288
 11.0454
 16.6132
 15.2315
 14.8661
 13.7113
 13.7113
 19.7231
 16.6132
 15.3623
 15.3623
 24.1247
 15.6844
 14.1421
 14.1421
 16.4621
 17.1756
 19.1572
 10.4881
 17.8045
 16
 16
 19.9249
 16.6733
 17.8045
 19.6723
 14.4914
 16.7332
 16.7332
 19.0526
 19.0526
 15.1987
 17.8326
 17.8326
 19.0788
 16.1555
 15.6525
 15.6525
 12.8841
 18.4662
 16.5529
 16.5529
 13.4907
 13.4907
 11.7898
 11.7898
 14.2127
 14.2127
 15.9374
 14.7309
 0
 0
 0
 19
 15.3948
 0
 15.1658
 15.1658
 16.3707
 15.906
 15.9687
 16.1245
 16.1245
 16.3401
 16.3401
 14.1067
 14.1067
 14.1067
 17.1756
 18.1108
 15.9374
 15.9374
 15.9374
 19.8746
 17.8326
 18.0555
 17.8885
 14.9666
 14.9666
 16.1245
 17.7764
 17.7764
 13.1529
 0
 16.8523
 17.2047
 17.2916
 11.7047
 11.0454
 16.8226
 15.9374
 17.2337
 17.2337
 19.6723
 14.4914
 16.4012
 18.3848
 12.2882
 17.2047
 16.0935
 16.0935
 16.0935
 14.2478
 14.2478
 0
 16.8523
 16.8523
 16.8523
 16.8523
 14.8997
 19.0788
 19.0788
 19.0788
 17.7764
 17.7764
 0
 0
 14.7986
 17.3781
 17.3781
 15.3623
 15.3623
 13
 16.1245
 15.4596
 16.0312
 16.0312
 14
 17.8045
 17.8045
 19.6469
 14.3875
 15.3297
 15.3297
 19.6977
 15.9687
 15.1658
 16.7033
 17.7482
 18.4662
 18.4662
 14.5258
 15.4272
 0
 0
 0
 11.7473
 11.7473
 17.1464
 17.1464
 17.1464
 17.1464
 14.9332
 14.9332
 14.9332
 16.1245
 14.3178
 14.3178
 9.8995
 14.2127
 0
 15.6844
 15.6844
 8.30662
 8.30662
 8.30662
 13.9642
 17.2627
 15.3297
 13.9284
 15.5242
 15.5242
 15.5242
 19.0788
 16.7929
 16.7929
 16.7929
 10.8167
 10.8167
 18.4391
 15.3948
 11.225
 11.225
 11.225
 11.225
 14.9666
 13.9642
 13.9642
 8.544
 8.544
 8.544
 13.5277
 0
 15.843
 15.843
 17.2916
 16.5227
 11
 11
 11
 11
 17.7764
 12.4097
 15.9374
 13.9642
 13.9642
 13.9642
 12.6095
 15.1327
 11.7898
 11.7898
 11.7898
 11.1803
 11.1803
 11.1803
 14.4222
 14.4222
 0
 10.7238
 13.7113
 13.7113
 15.3948
 15.3948
 15.3948
 12.7671
 8.60233
 8.60233
 15.906
 15.906
 16.3095
 19.1833
 7.68115
 7.68115
 16.5831
 16.5831
 16.2788
 0
 10.8167
 10.8167
 14.7648
 15.5885
 15.3948
 15.3948
 15.3948
 11.2694
 18.3848
 18.3848
 16.1245
 16.1245
 18.0555
 11.2694
 11.2694
 12.4499
 12.4499
 12.4499
 12.4499
 12.4499
 12.4499
 12.4499
 12.4499
 12.4499
 12.4499
 12.4499
 12.4499
 12.4499
 12.4499
 12.4499
 12.2474
 12.2474
 12.2474
 0
