 0
 0
 0
 0
 0
 3.4641
 3.4641
 3.4641
 4.24264
 4.24264
 3.60555
 3.60555
 6.16441
 3.4641
 3.4641
 3
 4.58258
 6
 6
 3.4641
 6.08276
 3.87298
 6.08276
 3.74166
 6.48074
 6.48074
 6.9282
 6.9282
 6.9282
 6.32456
 2.44949
 2.44949
 4.3589
 5.47723
 4.24264
 4.24264
 6.85565
 6.55744
 2.64575
 8.48528
 6
 6.32456
 3.4641
 3.4641
 6.55744
 6.55744
 6.55744
 2.44949
 4.3589
 3.4641
 3.4641
 2.44949
 6.08276
 3.4641
 3.4641
 6.9282
 6.9282
 2.64575
 8.12404
 8.12404
 4.24264
 5.47723
 4.24264
 7.34847
 3.4641
 3.4641
 8.18535
 1.73205
 2.44949
 6.9282
 6.9282
 6.9282
 6.9282
 5.74456
 4.89898
 5.19615
 2.23607
 6.9282
 1.73205
 6.85565
 6
 7
 1.41421
 6.08276
 3.4641
 6.55744
 4.58258
 6.9282
 6.48074
 7.87401
 4.89898
 6.08276
 7.07107
 6.9282
 6.9282
 6.08276
 5.47723
 5.47723
 5.47723
 4.3589
 6.9282
 6.245
 9
 6.9282
 5.47723
 6.9282
 6.9282
 7.74597
 6.08276
 5.74456
 6.9282
 6.9282
 6.16441
 6.9282
 8.48528
 6.9282
 6.245
 7
 6.48074
 6.9282
 6.9282
 5.38516
 6.9282
 6.9282
 6.08276
 4.89898
 7.74597
 7.74597
 4.89898
 6.9282
 5.38516
 7
 4.89898
 7.74597
 6.7082
 7.81025
 7.48331
 10.3923
 8.544
 9.53939
 6.55744
 7.68115
 6
 7.07107
 6.9282
 7.07107
 9.53939
 4.24264
 7.74597
 5.47723
 7.74597
 5.47723
 8.66025
 6.9282
 6.08276
 7.14143
 7.28011
 8.60233
 8.60233
 8.48528
 10.6301
 10.0995
 6.245
 6.48074
 8.94427
 6.9282
 7.14143
 7.14143
 8.66025
 7
 8.18535
 8.83176
 7.81025
 7.07107
 7.74597
 8
 7.14143
 8.66025
 9.79796
 10.6771
 6.9282
 8.42615
 6.9282
 7.81025
 7.14143
 7.93725
 8.60233
 7.81025
 7.81025
 10.4881
 7.81025
 7
 9.53939
 9.48683
 9.53939
 10.3923
 9.48683
 9.48683
 9.48683
 10.3923
 10.3923
 7.81025
 8.66025
 7.81025
 8.83176
 7
 9
 7.14143
 9.53939
 10.3923
 7.14143
 0
 9.69536
 8
 8.66025
 10.5357
 8.83176
 8
 8.544
 6.9282
 8.83176
 10.3441
 8.94427
 9.21954
 10.0499
 8.12404
 8.83176
 7.81025
 9
 7.81025
 8.12404
 7.81025
 8.18535
 7
 8.66025
 7.68115
 8.42615
 10.3441
 9.64365
 10.5357
 6.9282
 10.3441
 9.27362
 8.42615
 8.18535
 8.88819
 9.27362
 8.77496
 8.48528
 7.93725
 8.48528
 9.48683
 8.18535
 9.48683
 9.48683
 9.84886
 10.5357
 8.66025
 10.3923
 9.53939
 7.81025
 8.18535
 10.3923
 6.9282
 7
 9
 8.7178
 8.83176
 8.88819
 8
 7.34847
 9.53939
 9.27362
 7.81025
 8.77496
 10.0499
 9
 11.225
 10.9087
 7.81025
 9.27362
 8.60233
 7.81025
 8.42615
 8.60233
 7.74597
 7.81025
 7.4162
 8.18535
 7.81025
 6.9282
 7.74597
 6.9282
 7
 7
 8.66025
 12.3693
 7.81025
 7.93725
 7.87401
 8
 9.48683
 9.53939
 7.81025
 10.3441
 8.18535
 8.83176
 10.6771
 10.1489
 9.64365
 27.6225
 8.83176
 10.0995
 6.9282
 9.64365
 7.14143
 10.3923
 8.77496
 7.34847
 8.66025
 7.87401
 7.81025
 7.34847
 9
 8.12404
 11.225
 7.81025
 9.38083
 8.60233
 6.9282
 10.3923
 9.84886
 8.7178
 11.6189
 9.53939
 9.27362
 7.81025
 6.9282
 10.3441
 9.79796
 7.81025
 7.81025
 9.79796
 7.93725
 7.93725
 6.48074
 6.48074
 9.32738
 7.4162
 8
 7.74597
 9.74679
 8.66025
 8.12404
 8.77496
 6.9282
 7.81025
 6.08276
 24.7992
 7.81025
 7.81025
 6.9282
 8.66025
 10.3441
 6.9282
 8.66025
 9.64365
 7.68115
 9.48683
 10.4881
 6.9282
 7.28011
 7.93725
 7.81025
 8.60233
 8.12404
 8.7178
 8.7178
 9.48683
 10.6771
 6.85565
 6.32456
 8.18535
 7.87401
 4.24264
 9.32738
 8.18535
 8.60233
 7.81025
 14.0712
 8.7178
 6
 10.0995
 10.0995
 6.08276
 6.9282
 8
 36.8103
 7.81025
 7.34847
 10.3923
 11.0905
 10.4403
 12.2066
 6.85565
 10.4881
 8.66025
 7.87401
 6.9282
 20.8567
 9
 8.06226
 10.4403
 6.55744
 6.9282
 9.79796
 8.60233
 6.32456
 10.0995
 10.3441
 6.9282
 6.08276
 11.3137
 11.225
 7.74597
 8.18535
 11.4891
 11.4891
 8.12404
 7.93725
 6.9282
 7.34847
 10.4403
 10.4403
 7.74597
 9.53939
 7.68115
 7.68115
 7.81025
 7.81025
 8.83176
 8.83176
 8.66025
 8.48528
 6.9282
 6
 8.66025
 9.48683
 7.74597
 14.7986
 14.7986
 9.64365
 7.68115
 8.18535
 5.19615
 7.4162
 9.53939
 7.34847
 20.9523
 20.9523
 8.66025
 9.64365
 8.66025
 7.74597
 8.88819
 9.53939
 7.74597
 7.34847
 6.9282
 10.0995
 6.08276
 6.08276
 5.19615
 7.87401
 7.74597
 8.88819
 6.9282
 9.32738
 8.83176
 9.84886
 9.53939
 10.4881
 8.66025
 8.66025
 8.66025
 9.64365
 8.66025
 10.3923
 6.9282
 6.9282
 7
 6
 6
 6.48074
 5.38516
 6.08276
 6.08276
 8.7178
 6.32456
 9.64365
 9.64365
 7.74597
 10.3441
 10.3441
 18.303
 18.303
 6.9282
 10.3923
 5.19615
 2.64575
 8.7178
 6.9282
 6.9282
 6
 6
 7.93725
 9.48683
 7.2111
 7.2111
 10.9545
 6.9282
 4.3589
 4.3589
 7.74597
 7.07107
 9.32738
 6.08276
 6.9282
 6.9282
 6.9282
 12.9228
 7.34847
 8.48528
 8.66025
 6.08276
 10.3923
 10.3923
 7.07107
 7.07107
 6.9282
 6.85565
 6.85565
 7.28011
 6.32456
 8.06226
 8.06226
 6.9282
 7.4162
 6.85565
 6.85565
 6.08276
 6.08276
 6
 6
 10.3923
 10.3923
 6
 6.85565
 0
 0
 0
 8.83176
 6.48074
 0
 6.48074
 6.48074
 6.08276
 6.9282
 7.34847
 7.14143
 7.14143
 9.48683
 9.48683
 7.14143
 7.14143
 7.14143
 7.68115
 7.14143
 7.81025
 7.81025
 7.81025
 9.53939
 8.12404
 6.9282
 6.32456
 6.9282
 6.9282
 7.07107
 7.34847
 7.34847
 7.81025
 0
 7.93725
 5.19615
 6.9282
 6.9282
 5.19615
 7.14143
 6.9282
 7.87401
 7.87401
 7.81025
 6.9282
 6.85565
 8.18535
 6
 8.12404
 5.09902
 5.09902
 5.09902
 6.9282
 6.9282
 0
 8.77496
 8.77496
 8.77496
 8.77496
 6.9282
 8.18535
 8.18535
 8.18535
 6.9282
 6.9282
 0
 0
 6.08276
 7.81025
 7.81025
 7.14143
 0
 5.19615
 7.07107
 7.81025
 7
 7
 6.08276
 7.14143
 7.14143
 7.14143
 6.08276
 7.93725
 7.93725
 8.83176
 7.93725
 6.08276
 7.93725
 7.74597
 8.83176
 8.83176
 7.93725
 6
 0
 0
 0
 6.9282
 6.9282
 10.3441
 10.3441
 10.3441
 10.3441
 6.9282
 6.9282
 0
 7
 6.9282
 6.9282
 5.19615
 7.07107
 0
 6.9282
 6.9282
 2.23607
 2.23607
 2.23607
 5.65685
 6.9282
 7.68115
 6.08276
 6.245
 6.245
 6.245
 8
 9.74679
 9.74679
 9.74679
 6
 6
 8.544
 6.55744
 4.58258
 4.58258
 4.58258
 4.58258
 7
 6
 6
 6
 6
 6
 6
 0
 6.85565
 6.85565
 8.7178
 6.85565
 6.55744
 6.55744
 6.55744
 6.55744
 8.83176
 6.9282
 11.1803
 6.85565
 6.85565
 6.85565
 6.85565
 6
 6
 6
 6
 7.28011
 7.28011
 7.28011
 6.9282
 6.9282
 0
 6.9282
 6.08276
 6.08276
 7.87401
 7.87401
 7.87401
 6.245
 6.9282
 6.9282
 10.3441
 10.3441
 6
 6.85565
 5.47723
 5.47723
 6
 6
 8.60233
 0
 4.24264
 4.24264
 7.81025
 7.93725
 5.19615
 5.19615
 5.19615
 4.58258
 8.66025
 8.66025
 6.9282
 6.9282
 7.74597
 5.19615
 5.19615
 6
 6
 6
 6
 6
 6
 6
 6
 6
 6
 6
 6
 6
 6
 6
 6
 6
 6
 0
