 360.495
 0
 0
 0
 0
 13
 13
 13
 23.4307
 23.4307
 22.8254
 22.8254
 24.8395
 20.9284
 20.8567
 22.2711
 20.2485
 17.1172
 22.1133
 18.0278
 25.7682
 23.0868
 34.2637
 29.4958
 29.5973
 29.5973
 29.1548
 29.1548
 29.1548
 26.8514
 25.807
 25.807
 24.3105
 27.8029
 22.561
 22.561
 30.0666
 29.0172
 21.3776
 23.0868
 26.0384
 25.7488
 21.4476
 21.4476
 25.0599
 25.0599
 25.0599
 21.3542
 19.4165
 22.2261
 22.2261
 24.8193
 24.1454
 20.4695
 20.4695
 26.0576
 26.0576
 19.5704
 27.8388
 27.8388
 27.8388
 28.2843
 28.2843
 30.8707
 20.9284
 20.9284
 30.9354
 19.6977
 19.6977
 30.8545
 30.8545
 27.1662
 27.1662
 24.8998
 24.5967
 24.8596
 22.5167
 26.8142
 22.6274
 27
 25.4951
 26.7769
 20.9045
 33.3766
 20.2485
 31.4166
 17.1172
 28.8444
 19.6469
 32.1248
 20.8567
 21.5407
 31.607
 26.8328
 26.8328
 24.8395
 25.0599
 21.7715
 21.7715
 24.3721
 26.8328
 26.5895
 32.5269
 34.8712
 25.8263
 34.1028
 34.1028
 34.4384
 19.799
 21.6795
 34.1906
 34.2491
 23.8328
 30.7083
 27.6586
 29.2233
 28.2843
 29.189
 28.2489
 32.311
 32.311
 26.6083
 35.0286
 29.4788
 35.0428
 25.593
 37.081
 34.2491
 24.5967
 38.1576
 22.6274
 36.1801
 23.3024
 35.7351
 27.1662
 31.1609
 28.9482
 33.1059
 28.3019
 36.7967
 26.4575
 36.8103
 23.9792
 37.9342
 32.665
 30.9193
 38.8844
 28.3725
 39.3319
 26.3818
 39.5854
 24.1661
 37.108
 35.4119
 29.1376
 37.7227
 30.0998
 37.0945
 37.0945
 28.3901
 41.5331
 40.1123
 30.8058
 31.496
 40.3609
 35.1994
 40.4228
 45.0444
 35.0143
 33.4365
 41.6173
 41.497
 32.2645
 41.0609
 34.1906
 37.7227
 39.8372
 36.9594
 37.921
 42.391
 35.4965
 41.9881
 35.8748
 38.1182
 41.2795
 38.4708
 42.107
 38.0789
 42.0951
 43.5316
 38.2492
 35.7631
 42.638
 35.7771
 40.7185
 41.7493
 38.2623
 29.5466
 39.7115
 38.4838
 23.4734
 43.4741
 37.1618
 37.4299
 42.1426
 35.7631
 42.1426
 41.5331
 38.6005
 41.1825
 42.3792
 42.3792
 40.4228
 42.0357
 39.6863
 43.6807
 42.6028
 39.064
 43.2435
 39.8748
 41.7253
 40.9634
 42.6146
 41.9643
 43.4741
 39.8121
 40.939
 38.7943
 42.638
 38.4708
 44.8219
 40.8534
 44.4747
 43.9431
 43.2551
 43.1393
 45.6727
 41.7612
 39.3573
 44.6654
 41.4005
 40.4722
 41.2432
 44.0908
 42.2966
 43.0116
 42.6146
 40.1746
 42.5911
 40.1995
 43.9318
 40.025
 43.9886
 40.3856
 42.4382
 42.9185
 45.3431
 43.0813
 38.4578
 42.1426
 38.2361
 44.2719
 38.5616
 43.2088
 40.9756
 44.6766
 39.0768
 43.2897
 44.8553
 38.7685
 43.9773
 39.2556
 46.1736
 40.0375
 43.2204
 42.9418
 42.8719
 46.1844
 43.852
 41.7493
 42.7902
 39.5854
 38.7556
 43.2666
 39.8497
 43.4626
 43.1161
 41.6413
 41.3521
 39.0768
 41.1218
 39.8497
 42.4382
 39.4335
 43.2088
 39.7115
 45.8803
 40.0874
 40.0874
 43.6921
 43.6921
 42.6263
 41.0244
 40.0749
 39.7115
 39.7115
 40.6571
 40.6571
 42.0476
 41
 41
 39.3319
 47.1911
 38.1707
 40.4351
 40.4351
 39.3573
 40.0625
 38.8201
 38.8201
 39.6989
 51.0098
 44.2267
 55.0364
 42.2611
 45.3542
 42.1426
 24.2693
 41.1582
 40.7063
 37.9078
 47.4447
 42.6146
 50.2892
 39.4081
 49.4469
 39.8873
 47.0744
 43.715
 41.4849
 15.843
 15.843
 15.843
 42.3438
 50.7346
 50.7346
 50.7346
 50.7346
 50.7346
 44.5533
 43.7836
 44.5309
 44.5197
 44.5197
 41.5211
 47.8017
 47.8017
 27.5862
 58.0086
 40.3237
 40.3237
 39.8497
 39.8497
 40.7185
 59.8999
 39.3192
 42.0833
 34.322
 41.5692
 40.1123
 36.8511
 30.7083
 45.4863
 41.3159
 38.1182
 42.1545
 43.2897
 43.2897
 40.0874
 45.0666
 43.1277
 43.1277
 34.7419
 45.8258
 41.0974
 41.0974
 45.4643
 41.8808
 45.0777
 49.7393
 46.9894
 50.5074
 45.607
 45.607
 41.7612
 25.6905
 47.0532
 75.7364
 39.6232
 34.2637
 43.4281
 45.8367
 44.5646
 43.9318
 40.5586
 44.317
 44.5533
 42.72
 41.8091
 41.8091
 45.0777
 43.2435
 44.2041
 44.2041
 45.3652
 48.0729
 48.0729
 48.0729
 43.4281
 46.2061
 37.3631
 37.3631
 44.5758
 44.5421
 41.7612
 41.7612
 45.3321
 45.3321
 45.5522
 45.5522
 45.0666
 45.3321
 44.3734
 44.3734
 30.5287
 43.1393
 42.5793
 42.5793
 37.1483
 37.1483
 45.1331
 41.3159
 43.6463
 43.7379
 35.5246
 26.1534
 40.8289
 41.4126
 45.607
 37.9605
 0
 45.618
 43.0116
 42.4264
 31.9218
 42.6263
 41.2189
 46.1628
 52.7731
 52.7731
 43.3474
 45.3762
 37.2961
 39.3192
 47.8853
 45.7384
 38.7943
 36.4692
 36.4692
 47.8539
 42.4382
 42.4382
 31.4166
 44.8665
 43.2551
 48.6415
 32.7261
 44.3283
 42.6028
 48.9694
 37.108
 47.6235
 39.3954
 38.3667
 41.3038
 45.3211
 40.6817
 43.7379
 41.2795
 41.2795
 33.5261
 39.6232
 39.6232
 42.5676
 28.5482
 39.064
 39.064
 44.0227
 43
 37.3363
 37.3363
 42.4264
 43.6348
 43.6348
 43.6348
 43.6348
 43.2551
 46.4866
 37.8814
 37.8814
 38.7298
 33.8083
 33.0908
 33.2716
 33.2716
 47.613
 39.0384
 36.1801
 36.1801
 47.4131
 47.4131
 53.6097
 53.6097
 38.7556
 38.3797
 46.4004
 46.4004
 44.2945
 84.1011
 84.1011
 84.1011
 42.0357
 85.0059
 44.0227
 36.9459
 36.9459
 36.9459
 42.8836
 42.8836
 31.6544
 44.7437
 44.7437
 42.0833
 32.9848
 43.1741
 43.1741
 36.7696
 43.6005
 39.064
 39.064
 39.064
 39.064
 39.064
 39.064
 30.545
 30.545
 38.0789
 34.2637
 34.2637
 0
 0
 45.31
 43.1393
 43.1393
 36.6606
 0
 37.3898
 37.108
 39.3954
 37.8946
 37.8946
 37.921
 37.921
 38.0263
 38.0263
 38.0263
 40.3856
 40.1746
 37.0675
 37.0675
 37.0675
 40.4228
 35.8329
 38.2492
 33.9853
 38.4057
 38.4057
 34.0734
 65.4064
 65.4064
 39
 0
 37.6165
 34.2199
 38.0657
 40.1746
 37.921
 33.0606
 32.6956
 32.0936
 32.0936
 47.8435
 33.1361
 34.2199
 46.9681
 34.1906
 45.0999
 39.2046
 39.2046
 39.2046
 36.6606
 36.6606
 36.6606
 44.4972
 44.4972
 44.4972
 44.4972
 37.7359
 47.833
 47.833
 47.833
 39.6232
 39.6232
 0
 0
 37.1483
 43.1277
 43.1277
 36.7831
 36.7831
 31.8119
 36.3318
 33.8378
 40.4228
 40.4228
 35.819
 41.5211
 41.5211
 43.5431
 36.1663
 35.7211
 35.7211
 47.1063
 34.9571
 38.8973
 43.2666
 35.9861
 45.0555
 45.0555
 44.1135
 36.1939
 0
 0
 0
 34.1906
 34.1906
 43.9431
 43.9431
 43.9431
 43.9431
 45.0666
 45.0666
 0
 40.1622
 36.6197
 36.6197
 36.6197
 46.3249
 46.3249
 40.4351
 40.4351
 23.6432
 23.6432
 23.6432
 35.7771
 40.4228
 39.2683
 28.688
 37.8682
 37.8682
 37.8682
 42.6263
 36.8375
 36.8375
 36.8375
 23.5797
 23.5797
 42.1307
 34.8999
 26.9072
 26.9072
 26.9072
 26.9072
 33.9264
 32.2955
 32.2955
 25.2389
 25.2389
 0
 36.9188
 36.9188
 79.643
 79.643
 37.081
 37.081
 24.4336
 24.4336
 24.4336
 24.4336
 39.6232
 23.4094
 38.2099
 37.3229
 37.3229
 37.3229
 23.7276
 40.5709
 36.565
 36.565
 36.565
 23.0434
 23.0434
 23.0434
 39.3065
 39.3065
 0
 24.7386
 38.8201
 38.8201
 40.6817
 40.6817
 40.6817
 43.4396
 22.5167
 22.5167
 38.1051
 38.1051
 40.9756
 39.6106
 22.0907
 22.0907
 22.0907
 22.0907
 39.9375
 0
 21.3073
 21.3073
 33.7787
 41.2311
 37.2559
 37.2559
 37.2559
 22.1811
 38.6394
 38.6394
 37.1214
 37.1214
 36.8103
 22.561
 22.561
 34.5977
 34.5977
 34.5977
 34.5977
 34.5977
 34.5977
 34.5977
 34.5977
 34.5977
 34.5977
 34.5977
 34.5977
 34.5977
 34.5977
 34.5977
 37.8682
 37.8682
 37.8682
 0
