 355.584
 0
 0
 0
 0
 22.7376
 22.7376
 22.7376
 31.1288
 31.1288
 30
 30
 32.6037
 30.5941
 29.1548
 35.2278
 31.3209
 34.4238
 35.805
 34.5977
 38.5616
 38.7943
 50.892
 44.5421
 44.2606
 44.2606
 41.9166
 41.9166
 41.9166
 39.5348
 41.1825
 41.1825
 33.4216
 40.4599
 23.0434
 23.0434
 35.4542
 38.5357
 22.5832
 33.8231
 31.7175
 32.2335
 21.9317
 21.9317
 32.28
 32.28
 32.28
 21.8861
 34.4674
 22.1359
 22.1359
 39.1918
 39.3192
 21.2838
 21.2838
 42.0119
 42.0119
 19.3907
 44.3734
 44.3734
 44.3734
 43.1161
 43.1161
 46.9787
 35.609
 35.609
 43.1972
 33.5708
 33.5708
 43.2319
 43.2319
 34.7851
 34.7851
 34.176
 37.229
 36.8646
 35.8469
 44.0341
 34.6266
 45.0555
 34
 46.9894
 28.688
 49.1732
 27.7669
 48.3011
 28.8271
 47.3709
 32.0468
 43.6921
 32.6956
 37.027
 39.0384
 36.5924
 36.5924
 40.0375
 41.7373
 40.398
 40.398
 41.2068
 46.7974
 33.5708
 51.3225
 52.0384
 29.5804
 52.4786
 52.4786
 53.0566
 30.4795
 37.1618
 47.8435
 43.6692
 39.8623
 39.128
 44.3847
 42.9069
 46.7547
 47.2969
 46.3357
 51.0294
 51.0294
 43.5546
 55.8032
 36.6606
 56.1516
 33.8969
 57.5847
 57.4282
 34.7994
 52.7067
 35.0143
 46.2061
 39.0512
 42.5441
 38.5487
 47.1275
 44.3621
 51.0588
 44.8999
 54.2033
 46.7012
 60.05
 47.8226
 58.2323
 46.6583
 39.8623
 58.8388
 34.8138
 60.8851
 40.0999
 55.4256
 40.3485
 48.6518
 44.3058
 46.5403
 53.0377
 41.6293
 55.9553
 55.9553
 49.0612
 59.5735
 63.0476
 50.9411
 53.3948
 61.2699
 50.6063
 62.426
 64.2884
 44.5758
 43.4281
 60.4483
 53.0943
 45.2327
 48
 50.4678
 54.461
 54.7631
 55.9106
 60.0083
 61.6036
 57.4282
 63.2376
 59.4306
 58.9406
 63.671
 62.1611
 64.8768
 56.4447
 65.2993
 62.6817
 48.7442
 47.9687
 54.7905
 53.1037
 47.8748
 55.5698
 56.9034
 23.7065
 59.6657
 60.0666
 20.8567
 62.9682
 59.6574
 59.7495
 64.7534
 60.8358
 65.5286
 66.2873
 62.3378
 60.3324
 66.6708
 66.6708
 51.7107
 64.3584
 45.2438
 56.4801
 50.5371
 50.4381
 57.3847
 54.7814
 63.4192
 61.1555
 64.0859
 61.8223
 68.8404
 64
 66.8356
 64.707
 65.8103
 65.2074
 70.0286
 65.9394
 66.5808
 61.3759
 53.9537
 59.9416
 54.3691
 49.5681
 51.3225
 55.8659
 64.4903
 59.2115
 61.1964
 66.0152
 63.8592
 65.6658
 69.152
 63.7652
 65.8103
 65.7039
 70.0357
 65.2304
 68.7023
 65.7571
 57.5934
 61.79
 61.1474
 51.2445
 49.8498
 54.9636
 52.192
 64.3195
 55.8838
 66.0833
 62.1208
 65.5057
 61.7738
 68.542
 69.3253
 61.8385
 69.1881
 63.0952
 69.029
 63.773
 66.1589
 62.3298
 58.5747
 63.7338
 63.7338
 63.7338
 66.8581
 58.1808
 55.6147
 66.0454
 59.9833
 67.3573
 62.5939
 60.7536
 61.1555
 63.8514
 56.1338
 62.1691
 64.6452
 64.9769
 63.2535
 66.5958
 55.6956
 65.9545
 65.9545
 56.4535
 56.4535
 57.7754
 57.7927
 63.8044
 56.4712
 56.4712
 61.9031
 61.9031
 68.7823
 62.458
 62.458
 63.0476
 70.278
 57.1139
 68.7677
 68.7677
 62.3137
 63.5925
 66.0379
 66.0379
 42.9535
 79.7308
 64.8999
 82.7526
 58.4209
 71.8679
 48.4768
 48.4768
 51.9904
 63.9375
 57.3149
 71.7356
 58.258
 72.3533
 51.7204
 75.5976
 62.4019
 68.2276
 72.0763
 65.3988
 65.3988
 65.3988
 65.3988
 67.9117
 51.6624
 51.6624
 51.6624
 51.6624
 51.6624
 57.3672
 70.2211
 50.03
 68.7095
 68.7095
 54.5802
 68.6877
 68.6877
 68.6877
 74.8265
 58.6089
 58.6089
 63.7887
 63.7887
 61.3433
 77.4145
 61.636
 62.434
 62.434
 68.5493
 64.3351
 59.1354
 59.1354
 59.1354
 65.3376
 62.1932
 60.1914
 67.3647
 67.3647
 66.888
 70.0643
 60.7042
 60.7042
 60.2329
 63.9062
 67.335
 67.335
 67.6979
 59.2959
 73.7631
 62.6339
 65.5362
 77.711
 55.1996
 55.1996
 63.9453
 63.9453
 64.2028
 83.2887
 64.9076
 49.295
 58.3352
 60.0167
 73.4166
 55.2992
 56.5243
 69.2459
 63.914
 63.7966
 65.169
 65.169
 65.5591
 68.6731
 62.3779
 62.3779
 65.1537
 70.9436
 70.9436
 70.9436
 71.2531
 65.7343
 60.4566
 60.4566
 65.8407
 60.9098
 68.7386
 68.7386
 63.4586
 63.4586
 66.5282
 66.5282
 72.6017
 67.1565
 59.975
 59.975
 41
 52.0192
 69.347
 69.347
 69.347
 69.347
 71.0985
 56.6127
 59.0593
 69.5629
 51.6333
 52.8961
 56.5509
 58.643
 68.593
 52.9717
 52.9717
 65.4676
 64.2806
 60.3241
 36.4417
 66.9776
 62.1289
 63.8044
 72.8217
 72.8217
 63.4429
 68.0882
 61.8547
 54.5894
 75.1598
 63.8905
 62.546
 50.2892
 50.2892
 73.437
 62.0806
 62.0806
 48.1248
 63.5374
 66.2042
 74.1013
 37.6165
 61.7414
 62.7455
 78.7591
 54.9727
 68.6731
 52.0384
 57.1314
 57.1314
 66.6258
 51.8556
 68.8259
 68.8259
 68.8259
 49.295
 62.5939
 62.5939
 59.925
 42.6146
 61.7414
 61.7414
 62.3699
 59.4811
 59.4811
 59.4811
 44.3847
 50.448
 50.448
 50.448
 50.448
 62.6977
 70.4769
 57.3934
 57.3934
 51.1762
 62.9047
 62.9047
 51.9615
 51.9615
 69.8284
 51.4879
 55.6597
 55.6597
 76.6942
 76.6942
 58.5406
 58.5406
 42.9767
 55.109
 74.2563
 74.2563
 59.439
 59.439
 59.439
 59.439
 59.439
 59.439
 56.3028
 53.7401
 53.7401
 53.7401
 54.5711
 54.5711
 54.5711
 69.5557
 69.5557
 55.1453
 48.1248
 60.8605
 60.8605
 57.5326
 56.5066
 57.55
 57.55
 57.55
 57.55
 57.55
 57.55
 39.1663
 0
 0
 0
 0
 0
 0
 0
 0
 0
 0
 0
 0
 0
 0
 0
 0
 49.2544
 49.2544
 58.3438
 58.3438
 58.3438
 58.0172
 61.7738
 75.505
 75.505
 75.505
 55.7046
 53.8516
 65.9545
 65.9545
 58.9322
 58.9322
 49.94
 89.5824
 89.5824
 53.0283
 53.0283
 61.563
 42.7785
 54.1572
 57.7495
 67.283
 39.3573
 54.4702
 52.9056
 52.9056
 74.686
 56.0179
 62.7774
 66.3325
 40.6817
 65.7647
 52.469
 52.469
 52.469
 58.1206
 58.1206
 58.1206
 64.5833
 64.5833
 64.5833
 64.5833
 57.7754
 67.6314
 67.6314
 67.6314
 55.5788
 55.5788
 55.5788
 55.5788
 54.2218
 62.2254
 62.2254
 55.5608
 55.5608
 41.9404
 52.8583
 52.8015
 60.2495
 60.2495
 49.4368
 59.3633
 59.3633
 64.5523
 61.0574
 51.4684
 51.4684
 70.0857
 50.4975
 58.5833
 50.3786
 49.96
 69.5989
 69.5989
 66.5357
 66.5357
 66.5357
 66.5357
 66.5357
 52.3163
 52.3163
 70.746
 70.746
 70.746
 70.746
 71.9097
 71.9097
 71.9097
 44.7214
 56.7539
 56.7539
 56.7539
 70.5549
 70.5549
 51.7784
 51.7784
 25.8457
 25.8457
 25.8457
 56.0446
 49.7795
 54.5894
 20.2237
 49.7092
 49.7092
 49.7092
 63.7966
 55
 55
 55
 20.2978
 20.2978
 56.8858
 54.7357
 18.4391
 18.4391
 18.4391
 18.4391
 52.259
 39.0384
 39.0384
 19.2614
 19.2614
 0
 47.244
 47.244
 94.5198
 94.5198
 53.7122
 53.7122
 21
 21
 21
 21
 50.3488
 19.7231
 62.6578
 53.7773
 53.7773
 53.7773
 20.3224
 60.9918
 57.1227
 57.1227
 57.1227
 20.8806
 20.8806
 20.8806
 59.3127
 59.3127
 59.3127
 20.2978
 61.9355
 61.9355
 65.1537
 65.1537
 65.1537
 68.9348
 19.6723
 19.6723
 47.2758
 47.2758
 43.5775
 42.5793
 21.3073
 21.3073
 21.3073
 21.3073
 51.1664
 51.1664
 51.1664
 51.1664
 43.6348
 63.8984
 52.9811
 52.9811
 52.9811
 26.9258
 42.5911
 42.5911
 48.8979
 48.8979
 42.3674
 42.3674
 42.3674
 50.04
 50.04
 50.04
 50.04
 50.04
 50.04
 50.04
 50.04
 50.04
 50.04
 50.04
 50.04
 50.04
 50.04
 50.04
 56.745
 56.745
 56.745
 56.745
