 386.285
 0
 0
 0
 0
 0
 0
 0
 44.5533
 44.5533
 45.1996
 45.1996
 44.5982
 44.3959
 46.744
 47.0956
 46.8081
 50.6458
 49.4267
 48.8979
 42.1189
 47.7598
 55.6147
 45.4973
 42.0357
 42.0357
 43.1741
 43.1741
 43.1741
 51
 50.2792
 50.2792
 53.7308
 55.0364
 42.5676
 42.5676
 51.6527
 53.8888
 41.6413
 34.7994
 48.9694
 47.2652
 41.3763
 41.3763
 48.3011
 48.3011
 48.3011
 39.7366
 48.9592
 38.8844
 38.8844
 52.144
 51.1957
 38.9102
 38.9102
 49.4368
 49.4368
 38.3406
 49.7092
 49.7092
 49.7092
 53.0566
 53.0566
 57.7581
 49.224
 49.224
 59.3464
 46.0109
 46.0109
 61.1555
 61.1555
 51.9615
 51.9615
 50.9902
 47.8017
 49.3862
 48.7545
 55.4166
 51.1859
 51.4393
 49.3559
 49.5681
 48.1041
 60.1498
 46.2385
 60.0583
 38.1314
 66.4906
 48.4149
 63.2614
 43.4396
 40.2492
 56.0714
 53.0754
 53.0754
 52.4881
 52.144
 48.6313
 48.6313
 58.4551
 55.7853
 53.376
 50.7839
 61.6441
 54.0278
 66.0379
 66.0379
 69.5126
 40.1373
 51.7687
 69.7065
 63.6318
 44.1588
 62.3859
 46.744
 53.4416
 51.2445
 50.8626
 55.6866
 58.0086
 58.0086
 61.5792
 60.208
 53.3385
 66.053
 55.7225
 68.695
 74.0135
 47.8853
 75.7628
 42.9302
 65.146
 55.3534
 59.5735
 45.9347
 54.4518
 47.3286
 71.5612
 50.4183
 59.4979
 57.8446
 61.6847
 61.7252
 69.7137
 64.9384
 57.2014
 75.71
 53.4416
 77.3434
 47.9687
 77.9166
 60.9672
 65.1767
 61.7333
 49.7092
 59.6406
 45.5302
 75.6505
 75.6505
 57.4195
 66.1589
 62.6738
 65.4676
 66.9477
 72.1665
 71.7217
 77.6853
 83.4326
 66.4078
 63.0238
 83.1324
 77.5951
 49.366
 73.4234
 71.2811
 64.7688
 62.1369
 54.0463
 81.6945
 66.5207
 62.5779
 62.6019
 72.5741
 75.7826
 73.2462
 80.895
 79.511
 77.2205
 84.4216
 86.4407
 73.3826
 64.5291
 82.2192
 55.5878
 77.7496
 67.424
 75.9276
 37.4433
 56.8419
 83.4925
 34.3511
 64.3273
 59.2706
 66.1211
 64.4515
 75.9539
 74.2698
 82.6196
 79.1391
 82.1645
 86.3829
 86.3829
 68.7459
 87.8408
 73.1915
 72.1388
 77.7882
 64.1561
 67.9706
 53
 86.1162
 81.0925
 81.0925
 64.3817
 65.4446
 67.7717
 74.1755
 75.2197
 83.6361
 80.8888
 88.6172
 83.4506
 92.0869
 86.0233
 68.5493
 87.1378
 80.6908
 75.8024
 63.498
 70.7178
 62.57
 63.5531
 60.9754
 82.5348
 59.975
 67.4981
 71.6729
 68.8985
 81.1788
 77.5693
 87.5214
 82.5227
 89.5321
 83.5344
 84.0476
 87.8749
 69.0217
 81.0185
 70.746
 72.3395
 57.9914
 64.9769
 66.1967
 65.5134
 57.81
 65.1613
 58.3352
 73.2462
 83.3966
 68.2642
 89.7106
 76.5572
 91.2579
 81.0555
 86.9368
 88.1476
 84.1427
 69.3397
 81.8474
 80.0437
 89.0393
 76.831
 57.576
 88.6115
 81.6762
 80.7713
 80.7713
 69.6348
 82.1219
 61.7171
 85.3581
 51.643
 51.643
 79.9875
 79.9875
 84.2259
 70.1997
 85.1998
 85.1998
 81.1603
 90.3161
 72.0347
 66.3777
 89.5154
 56.8243
 56.8243
 79.9687
 79.9687
 79.9687
 57.4543
 80.3119
 65.169
 65.169
 85.6563
 85.6563
 91.4604
 72.0278
 81.1295
 79.2969
 79.2969
 78.1729
 98.4632
 85.1998
 104.599
 81.7802
 77.408
 69.7352
 100.99
 66.4756
 71.3022
 55.1815
 62.9603
 79.1138
 74.8265
 74.8265
 79.038
 64.3351
 82.8674
 68.9275
 74.5386
 81.5966
 81.5966
 81.5966
 85.5862
 104.01
 104.01
 104.01
 104.01
 104.01
 78.6956
 98.4429
 72.9931
 94.7418
 94.7418
 67.2756
 67.2756
 90.934
 60.8605
 78.4984
 78.943
 78.943
 78.943
 78.943
 71.7147
 94.186
 70.7743
 70.7743
 73.0753
 73.0753
 72.298
 72.298
 83.8033
 86.209
 63.6396
 73.973
 73.973
 60.2329
 60.2329
 80.1436
 76.5376
 73.6207
 73.6207
 78.6193
 72.2911
 85.188
 85.188
 88.6002
 70.0214
 97.8162
 75.4652
 85.3288
 98.818
 79.8686
 79.8686
 57.5674
 57.5674
 95.7392
 95.7392
 69.0145
 77.1946
 77.1946
 61.5711
 84.5754
 69.8069
 69.8069
 83.6062
 69.3686
 71.4773
 88.6961
 88.6961
 65.2533
 94.8999
 64.0312
 64.0312
 71.232
 61.7009
 70.7672
 70.7672
 68.5784
 81.8657
 78.4411
 78.4411
 81.2527
 81.2527
 83.7138
 83.7138
 78.1473
 78.1473
 86.1162
 86.1162
 94.784
 68.8912
 66.6183
 66.6183
 66.6183
 80.9382
 68.695
 68.695
 68.695
 68.695
 80.0937
 74.9733
 89.4986
 92.7793
 57.0526
 57.0526
 78.2113
 78.2113
 87.6527
 87.6527
 87.6527
 87.6527
 86.7698
 69.0362
 69.0362
 65.6277
 61.8061
 71.5122
 86.5448
 86.5448
 72.6842
 93.0107
 63.8044
 71.7426
 64.3972
 86.209
 77.9423
 49.5883
 49.5883
 81.7007
 70.3065
 70.3065
 70.3065
 77.4597
 81.7007
 92.7146
 92.7146
 71.7774
 68.0515
 98.5596
 64.9461
 98.585
 70.3776
 69.0869
 69.0869
 86.4581
 66.3476
 94.1541
 94.1541
 94.1541
 94.1541
 86.1162
 86.1162
 81.6578
 81.6578
 80.8826
 80.8826
 60.1498
 60.1498
 60.1498
 60.1498
 61.2781
 69.5198
 69.5198
 69.5198
 69.5198
 84.9058
 78.3454
 66.9403
 66.9403
 69.7854
 84.3505
 66.5056
 66.5056
 66.5056
 60.1082
 60.1082
 60.1082
 60.1082
 59.6992
 59.6992
 59.6992
 59.6992
 59.6992
 59.6992
 84.947
 47
 47
 47
 0
 0
 0
 0
 0
 0
 0
 0
 0
 0
 0
 0
 0
 0
 0
 0
 0
 0
 0
 0
 0
 0
 0
 0
 0
 0
 0
 0
 0
 0
 0
 0
 0
 0
 0
 0
 0
 0
 0
 0
 0
 0
 0
 0
 0
 0
 0
 0
 0
 0
 0
 0
 0
 0
 0
 0
 0
 0
 0
 0
 0
 0
 0
 0
 0
 0
 0
 0
 0
 0
 0
 0
 0
 0
 0
 0
 0
 0
 0
 0
 0
 0
 0
 0
 0
 0
 0
 0
 0
 0
 0
 0
 0
 0
 0
 0
 0
 0
 0
 0
 0
 0
 0
 0
 0
 0
 0
 0
 0
 0
 0
 0
 0
 0
 0
 0
 0
 0
 0
 0
 0
 0
 0
 0
 0
 0
 0
 0
 0
 0
 0
 0
 0
 0
 0
 0
 0
 0
 0
 0
 0
 0
 38.2492
 38.2492
 38.2492
 60.9754
 79.8999
 79.8999
 37.4833
 59.6238
 59.6238
 59.6238
 63.7495
 62.6658
 62.6658
 62.6658
 39.0768
 0
 0
 0
 37.4166
 37.4166
 37.4166
 37.4166
 37.4166
 52.0288
 52.0288
 36.4966
 36.4966
 0
 0
 0
 0
 0
 0
 0
 37.3631
 37.3631
 0
 0
 0
 34.7707
 62.0161
 57.4108
 57.4108
 57.4108
 34.7994
 63.4508
 74.92
 74.92
 74.92
 34.7707
 34.7707
 34.7707
 62.0645
 62.0645
 62.0645
 34.7275
 71.1969
 71.1969
 77.608
 77.608
 77.608
 83.8868
 35.6371
 35.6371
 67.8012
 67.8012
 59.0593
 59.0593
 35.623
 35.623
 35.623
 35.623
 70.3633
 70.3633
 37.4833
 37.4833
 72.5672
 75.6902
 80.4798
 80.4798
 80.4798
 34.8712
 71.8749
 71.8749
 78.6003
 78.6003
 75.6373
 36.5513
 0
 0
 0
 0
 0
 0
 0
 0
 0
 0
 0
 0
 0
 0
 0
 0
 0
 0
 0
 0
