 346.96
 0
 0
 0
 0
 0
 0
 0
 1.41421
 0
 3.31662
 0
 3.4641
 4.24264
 3.4641
 4.24264
 2.44949
 1.73205
 0
 0
 0
 0
 0
 0
 0
 0
 0
 0
 0
 0
 0
 0
 0
 0
 1.73205
 0
 1.41421
 2.44949
 4.24264
 4.24264
 0
 2.44949
 2.44949
 0
 0
 0
 0
 3.31662
 3.31662
 3.31662
 0
 1.73205
 3.31662
 3.4641
 0
 0
 0
 4.24264
 4.24264
 0
 3.4641
 3.4641
 3.4641
 3.4641
 3.31662
 4.24264
 4.24264
 4.24264
 3.31662
 3.31662
 0
 0
 0
 2.44949
 2.44949
 2.44949
 2.44949
 0
 0
 0
 0
 0
 0
 0
 0
 0
 5.09902
 0
 3.31662
 0
 3
 1.73205
 1.41421
 3.31662
 0
 4.24264
 4.24264
 5.38516
 0
 0
 0
 0
 0
 0
 0
 0
 1.73205
 1.73205
 2
 2.44949
 0
 0
 1.41421
 0
 0
 0
 0
 0
 0
 0
 0
 0
 0
 0
 0
 0
 0
 0
 2.44949
 0
 1.41421
 1.41421
 4.24264
 0
 2.44949
 1.73205
 1.73205
 1.73205
 1.73205
 1.41421
 1.41421
 1.41421
 1.41421
 0
 0
 0
 1.41421
 0
 0
 2.23607
 0
 0
 3.4641
 0
 0
 1.73205
 1.73205
 1.41421
 0
 0
 3
 2.44949
 2.44949
 2.44949
 2.44949
 2.44949
 2.44949
 2.44949
 2.82843
 1.41421
 1.41421
 5.65685
 2.23607
 4.24264
 2.44949
 3.31662
 3.74166
 3.31662
 3.31662
 3.31662
 0
 2.23607
 3.31662
 0
 2.44949
 0
 0
 5.38516
 1.41421
 1.41421
 3.74166
 5.09902
 2.82843
 0
 2.82843
 2.82843
 0
 4.24264
 0
 0
 4.24264
 4.24264
 0
 0
 4.47214
 3.31662
 3.74166
 3.74166
 3
 2.44949
 1.73205
 0
 0
 3
 3
 3
 3
 3
 3.4641
 3.60555
 3.31662
 0
 6.85565
 3
 5.65685
 1.73205
 0
 1.41421
 1.41421
 4.89898
 4.89898
 5.09902
 5.09902
 2.44949
 0
 3.31662
 2.44949
 2.44949
 2.23607
 2.23607
 3.31662
 1.41421
 3.4641
 0
 4.69042
 4.69042
 1.73205
 1.73205
 0
 5.09902
 5.09902
 4.89898
 4.47214
 2.44949
 4.24264
 4.24264
 4.24264
 4.24264
 4.24264
 1.41421
 1.41421
 1.41421
 0
 0
 0
 2.44949
 2.44949
 0
 2.44949
 2.44949
 2.82843
 2.82843
 2.82843
 2.82843
 2.82843
 2.82843
 2.82843
 2.82843
 4.3589
 0
 0
 0
 0
 0
 0
 0
 0
 0
 0
 0
 0
 0
 0
 4.24264
 0
 0
 0
 5.38516
 5.38516
 5.38516
 5.38516
 5.38516
 5.38516
 5.38516
 5.38516
 5.38516
 5.38516
 5.38516
 5.38516
 5.38516
 5.38516
 5.38516
 5.38516
 5.38516
 5.38516
 5.38516
 5.38516
 5.38516
 5.38516
 5.38516
 5.38516
 3.31662
 3.31662
 3.4641
 3.4641
 3.4641
 3.4641
 0
 0
 0
 0
 1.73205
 1.73205
 1.73205
 6.08276
 5.09902
 5.09902
 5.09902
 5.09902
 5.09902
 5.09902
 5.09902
 0
 0
 0
 0
 0
 0
 0
 2.44949
 2.44949
 2.44949
 2.44949
 2.44949
 2.82843
 2.82843
 2.82843
 0
 3.4641
 3.74166
 3.74166
 3.74166
 3.74166
 3.74166
 3.74166
 3.74166
 3.74166
 3.74166
 3.74166
 3.74166
 3.74166
 0
 0
 0
 0
 2.44949
 2.44949
 2.44949
 2.44949
 2.44949
 0
 0
 0
 0
 0
 0
 0
 0
 0
 8.94427
 8.94427
 8.94427
 8.94427
 0
 0
 0
 0
 0
 0
 2.44949
 2.44949
 2.44949
 2.44949
 2.44949
 5.38516
 5.38516
 5.38516
 5.38516
 2.44949
 2.44949
 2.44949
 2.44949
 2.44949
 2.44949
 2.44949
 2.44949
 2.44949
 2.44949
 2.44949
 2.44949
 2.44949
 2.44949
 2.44949
 2.44949
 2.44949
 2.44949
 2.44949
 0
 0
 0
 0
 0
 0
 0
 0
 0
 0
 0
 0
 0
 0
 0
 0
 0
 0
 1.73205
 1.73205
 1.73205
 1.73205
 15.5242
 0
 0
 0
 0
 0
 0
 0
 0
 0
 0
 0
 0
 0
 0
 0
 0
 0
 0
 0
 0
 0
 0
 0
 0
 0
 0
 0
 0
 0
 0
 0
 0
 0
 0
 0
 0
 0
 0
 0
 0
 0
 0
 0
 0
 0
 0
 0
 0
 0
 0
 0
 0
 0
 0
 0
 0
 0
 0
 0
 0
 0
 0
 0
 0
 0
 0
 0
 0
 0
 0
 0
 0
 0
 0
 0
 0
 4.24264
 4.24264
 4.24264
 0
 0
 0
 0
 0
 0
 0
 0
 0
 0
 0
 0
 0
 0
 0
 0
 0
 0
 0
 0
 0
 0
 0
 0
 0
 0
 0
 0
 0
 0
 0
 0
 0
 0
 0
 0
 0
 0
 0
 0
 0
 0
 0
 0
 0
 0
 0
 0
 0
 0
 0
 0
 0
 0
 0
 0
 0
 0
 0
 0
 0
 0
 0
 0
 0
 0
 0
 0
 0
 0
 0
 0
 0
 0
 0
 0
 0
 0
 0
 0
 0
 0
 0
 0
 0
 0
 0
 0
 0
 0
 0
 0
 0
 0
 0
 0
 0
 0
 0
 0
 0
 0
 0
 0
 0
 0
 0
 0
 0
 0
 0
 0
 0
 0
 0
 0
 0
 0
 0
 0
 0
 0
 0
 0
 0
 0
 0
 0
 0
 0
 0
 0
 0
 0
 0
 0
 0
 0
 0
 0
 0
 0
 4.47214
 0
 0
 0
 0
 0
 0
 0
 0
 0
 0
 0
 0
 0
 0
 0
 0
 0
 2.82843
 0
 0
 0
 0
 0
 0
 1.73205
 0
 0
 0
 0
 0
 0
 0
 0
 1.73205
 0
 0
 0
 0
 0
 0
 0
 0
 0
 0
 0
 0
 0
 0
 0
 0
 0
 0
 0
 0
 1.41421
 1.41421
 0
 0
 0
 0
 0
 0
 0
 0
 0
 0
 0
 0
 0
 0
 0
 0
 0
 3.31662
 0
 0
 0
 0
 0
 0
 2.44949
 2.44949
 0
 0
 0
 0
 1.41421
 0
 0
 0
 0
 0
 0
 0
 0
 0
 0
 0
 0
 0
 0
 0
 0
 0
 0
 0
 0
