 344.465
 0
 0
 0
 0
 28.8791
 28.8791
 28.8791
 28.7576
 0
 30.05
 30.05
 28.7228
 20.4695
 22.561
 19.4165
 28.3549
 25.3377
 28.4605
 25
 18.9209
 18.4391
 18.9737
 11.5326
 9.38083
 9.38083
 19.0788
 19.0788
 19.0788
 34.5109
 26.8328
 26.8328
 33.3467
 34.3802
 19.5448
 19.5448
 30.3974
 40.0375
 17.8326
 8.18535
 35.0714
 23.0651
 16.9706
 16.9706
 26.1725
 26.1725
 26.1725
 16.0935
 26.0576
 15.3948
 15.3948
 11.2694
 28.0357
 14.4568
 14.4568
 23.388
 23.388
 14.3178
 8.88819
 8.88819
 8.88819
 13.5277
 13.5277
 30.692
 30.1496
 30.1496
 35
 21.5639
 21.5639
 35.8469
 35.8469
 31.4325
 31.4325
 28.6705
 16.8819
 27.9821
 28.9482
 31.4484
 23.0651
 27.4591
 33.9264
 10.5357
 32.4346
 13.5647
 28.0713
 21.166
 22.6274
 36.3043
 10.4403
 37.081
 23.1301
 15.5563
 36.9865
 30.4138
 30.4138
 30.4795
 18.6011
 28.3725
 28.3725
 36.1386
 32.2645
 36.9865
 19.4936
 14.6969
 32.45
 19.4165
 19.4165
 34.3511
 20.8567
 29.4788
 42.6146
 34.9714
 23.1517
 33.7343
 12.9615
 34.4529
 9.16515
 34.7131
 17.8326
 32.1714
 32.1714
 39.8121
 24.6779
 38.1445
 13.4536
 32.1559
 21.3307
 37.47
 28.7054
 47.9792
 31.0483
 38.3014
 27.6767
 35.9583
 23.2809
 33.7343
 9.84886
 37.1349
 9.84886
 31.8748
 17.1756
 20.3961
 32.573
 14.7309
 41.2311
 41.9881
 22.9565
 31.305
 39.9625
 32.45
 46.1086
 33
 41.6053
 34.9857
 32.1403
 41.2674
 25.6125
 40.0375
 40.0375
 8
 37.7492
 27
 22.6495
 41.509
 15.1327
 43.8634
 21.9773
 37.8418
 39.3446
 36.0278
 50.3587
 46.7654
 36.606
 38.5876
 39.4715
 36.524
 40.5832
 31.0644
 41.2311
 38.8587
 12.8452
 29.8329
 15.748
 31.9374
 16.4924
 47.7912
 21.9545
 43.2897
 39.4968
 50.3786
 39.2556
 37.3765
 46.0326
 42.5793
 40.4351
 43.0465
 42.7434
 12.6491
 36.2629
 42.638
 42.638
 36.7696
 20.6398
 10.198
 26.9629
 23.9165
 15.6844
 22.9783
 37.6696
 35.0856
 31.5278
 0
 48.6518
 49.0204
 41.3038
 47.2546
 40.4228
 38.5357
 43.0813
 41.833
 45.4092
 40.8412
 35.9722
 40.05
 33.9117
 15.6205
 18.2483
 13.4536
 19.5959
 26.096
 31.5119
 40.5093
 50.3786
 49.7695
 47.2864
 37.2961
 38.8844
 43.5316
 41.5452
 36.1663
 47.8644
 43.0116
 39.2428
 43.9545
 32.1403
 36.5103
 21.0238
 14.7648
 17.3494
 13.0384
 32.8329
 30.8545
 48.7032
 50.8724
 49.8297
 30.1828
 23.388
 42.7785
 42.4382
 42.4382
 41.2432
 42.0119
 40.5586
 45.618
 35.9444
 37.3765
 37.3765
 20.2731
 17.3205
 9.53939
 28.8097
 10.1489
 49.9199
 32.2335
 49.7293
 45.0666
 48.5798
 29.1548
 22.5389
 42.0476
 26.2107
 41.9881
 44.4185
 40.6448
 43.9545
 39.95
 35.7631
 21.7715
 15.6205
 20.9523
 27.1662
 12.1655
 34.176
 14.7986
 14.7986
 32.4962
 32.4962
 45.1774
 45.1774
 49.2138
 49.2138
 45.0444
 43.9545
 43.9545
 46.7119
 46.7119
 42.6615
 17.3781
 41.7852
 36.4555
 14.0357
 22.6495
 34.8281
 14.2829
 17.4356
 17.4356
 8.18535
 17.4356
 16.4924
 16.4924
 35.4542
 35.0286
 53.0189
 51
 40.2368
 53.5257
 46.2277
 58.3524
 45.8258
 49.4267
 44.3058
 50.4876
 43.2319
 51.3128
 32.1714
 41.9285
 19.2873
 44.8553
 25.219
 16.4924
 20
 20
 20
 38.7556
 32.5423
 44.486
 44.486
 44.486
 44.1928
 51.9808
 51.7591
 47.4868
 47.4868
 30.692
 44.3621
 65.9545
 51.1566
 51.1566
 61.9031
 48.4562
 48.4562
 48.4562
 40.6079
 45.5961
 36.524
 36.524
 37.0135
 20.3224
 47.244
 50.1597
 15.7162
 15.7162
 48.5386
 39.2173
 10.6771
 48.5592
 33.9117
 33.9117
 20.8567
 19.975
 41.8808
 41.8808
 29.9833
 47.8644
 17.5499
 17.5499
 22.6495
 45.8367
 33.7343
 16.4621
 41.7133
 38.1576
 38.1576
 0
 35.5668
 52.4976
 52.4976
 75.2994
 75.2994
 75.2994
 75.2994
 75.2994
 75.2994
 42.7902
 42.7902
 43.1625
 36.3318
 45.0111
 47
 47
 49.8297
 40.4228
 21.9773
 21.9773
 46.2817
 35.623
 8.88819
 8.88819
 21.8403
 44.8219
 20
 20
 36.1525
 44.5197
 17.4356
 17.4356
 42.0595
 42.0595
 54.1018
 54.1018
 38.7556
 36.4692
 36.4692
 36.4692
 44.9222
 44.9222
 24.4949
 24.4949
 53.7587
 53.7587
 16.2788
 16.2788
 53.7494
 24.3516
 24.3516
 28
 43.1277
 51.4004
 38.6911
 39.3192
 0
 27.6225
 45.4973
 34.5977
 21.8174
 42.0595
 26.4008
 44.9444
 44.5084
 0
 45.3872
 37.4566
 8.12404
 44.4972
 35.1283
 44.2832
 18.1659
 26.533
 26.533
 24.3311
 40.8167
 40.8167
 38.7298
 40.0874
 34.7851
 27.8388
 43.6234
 43.6234
 29.7321
 38.3667
 48.1768
 44.0341
 44.0341
 16.6733
 43.5201
 22.0907
 44.8888
 43.7264
 43.7264
 43.7264
 20.2485
 28.6705
 28.6705
 41.1461
 41.1461
 39.8999
 39.8999
 37.1349
 49.7594
 49.7594
 49.7594
 27.8209
 46.3789
 46.3789
 46.3789
 46.3789
 44.238
 44.3396
 23.1733
 23.1733
 12.0416
 40.5463
 31.5753
 39.9625
 39.9625
 38.4057
 37.9473
 49.7896
 49.7896
 27.074
 40.6079
 40.6079
 40.6079
 31.4166
 36.647
 21.8403
 25.1992
 25.1992
 25.1992
 25.1992
 13.8924
 24.3721
 34.7707
 34.7707
 30.315
 46.8402
 46.8402
 46.8402
 46.8402
 22.2935
 41.1461
 41.1461
 41.1461
 30.1993
 44.4747
 44.4747
 44.4747
 30.8221
 49.4166
 49.4166
 49.4166
 0
 23.0651
 23.0651
 33.5559
 33.5559
 35.4824
 27.5862
 0
 0
 0
 43.9545
 43.9545
 0
 0
 0
 22.561
 40.5709
 40.5709
 38.092
 38.092
 39.4842
 39.4842
 40.0625
 40.0625
 40.0625
 40.2119
 36.5103
 39.95
 39.95
 39.95
 41.9524
 37.3497
 21.166
 21.166
 27.5136
 27.5136
 31.9687
 31.9687
 31.9687
 17.8606
 0
 27.1846
 42.391
 26.3439
 18.735
 26.0384
 30.1662
 31.3528
 31.3528
 31.3528
 40.1248
 30.1993
 38.8973
 26.3818
 26.3818
 40.9756
 40.9756
 40.9756
 40.9756
 25.0599
 25.0599
 0
 45.0111
 45.0111
 45.0111
 45.0111
 35.0143
 45.5082
 45.5082
 45.5082
 44.3396
 0
 0
 0
 36.9865
 41.7612
 0
 41.2795
 0
 22.9565
 41
 39.6485
 34.5832
 34.5832
 34.5832
 30.8383
 30.8383
 52.0673
 52.0673
 34.9857
 34.9857
 41.5452
 31.0161
 31.8748
 25.5147
 31.496
 29.5635
 29.5635
 19.975
 19.975
 0
 0
 0
 29.5635
 29.5635
 26.9444
 0
 0
 0
 29.6142
 29.6142
 29.6142
 29.6142
 41.0974
 41.0974
 18.3848
 37.9737
 0
 43.3705
 0
 10.583
 10.583
 10.583
 42.2256
 37.6696
 41.5572
 10.3923
 39.3192
 39.3192
 39.3192
 41.845
 39.2301
 39.2301
 39.2301
 11.6619
 11.6619
 41.2553
 34.2491
 9.21954
 9.21954
 9.21954
 9.21954
 31.6702
 39.0768
 39.0768
 10.3441
 10.3441
 10.3441
 10.3441
 0
 40.1746
 40.1746
 27.2764
 27.037
 11.7473
 11.7473
 11.7473
 0
 18.7083
 10.4881
 20.3224
 35.4683
 35.4683
 0
 11.6189
 38.0657
 38.0657
 38.0657
 38.0657
 10.9545
 10.9545
 10.9545
 10.9545
 10.9545
 0
 9.79796
 9.79796
 9.79796
 29.1376
 29.1376
 29.1376
 23.8956
 10.4403
 10.4403
 36.6333
 36.6333
 36.6333
 50.6063
 11.0905
 11.0905
 44.0114
 44.0114
 44.0114
 0
 10.1489
 10.1489
 39.8748
 35.5949
 39.2938
 39.2938
 39.2938
 12.49
 44.8776
 44.8776
 38.8072
 38.8072
 42.107
 15.4596
 15.4596
 31.496
 31.496
 31.496
 31.496
 31.496
 31.496
 31.496
 31.496
 31.496
 31.496
 31.496
 31.496
 31.496
 31.496
 31.496
 28.6705
 28.6705
 28.6705
 0
