 0
 0
 0
 0
 0
 0
 0
 0
 0
 0
 0
 0
 1.73205
 2.44949
 1.41421
 1.73205
 2.44949
 5.09902
 4.24264
 2.44949
 2.44949
 0
 0
 0
 3.31662
 3.31662
 4.24264
 4.24264
 4.24264
 4.24264
 0
 0
 0
 2.44949
 2.44949
 2.44949
 3.31662
 3
 3
 3.4641
 1.41421
 0
 0
 0
 4.24264
 4.24264
 4.24264
 0
 1.73205
 0
 0
 4.24264
 1.73205
 1.41421
 0
 1.41421
 1.41421
 0
 2.82843
 0
 1.41421
 2.44949
 0
 3.4641
 1.73205
 1.73205
 3.4641
 0
 1.73205
 1.73205
 1.73205
 1.73205
 1.73205
 3.31662
 0
 3.31662
 0
 5.09902
 0
 2.44949
 2.44949
 1.41421
 0
 1.41421
 2.44949
 0
 1.41421
 1.73205
 1.41421
 5.09902
 1.41421
 4.24264
 4.24264
 2.44949
 2.44949
 1.73205
 2.23607
 1.73205
 1.73205
 0
 4.24264
 3.31662
 5.09902
 1.41421
 2.44949
 0
 2.44949
 1.73205
 3.4641
 1.73205
 5.09902
 3.4641
 2.44949
 2.44949
 5.09902
 3.4641
 1.73205
 2.44949
 0
 2.44949
 2.44949
 0
 4.24264
 2.44949
 1.73205
 0
 1.73205
 1.73205
 0
 4.24264
 3.4641
 1.73205
 2.44949
 5.09902
 3.31662
 4.24264
 0
 5.09902
 2.44949
 4.24264
 1.41421
 4.24264
 1.73205
 2.44949
 2.44949
 4.24264
 3.4641
 0
 4.24264
 3.31662
 5.09902
 4.24264
 2.64575
 2.44949
 2.44949
 4.24264
 2.44949
 5.09902
 5.09902
 2.44949
 4.24264
 4.47214
 1.73205
 0
 4.24264
 1.73205
 1.73205
 3.31662
 3.4641
 1.73205
 4.24264
 3.4641
 2.44949
 1.73205
 1.73205
 1.73205
 0
 3.31662
 3.31662
 4.24264
 4.24264
 5.09902
 0
 5.09902
 1.73205
 2.44949
 5.09902
 1.73205
 1.73205
 5.09902
 1.73205
 1.73205
 4.24264
 5.09902
 3.4641
 4.24264
 5.09902
 0
 5.09902
 4.24264
 1.73205
 1.73205
 5.09902
 3.4641
 2.44949
 1.73205
 3.31662
 3.4641
 4.24264
 4.24264
 1.73205
 0
 5.09902
 2.44949
 4.3589
 4.24264
 4.24264
 4.24264
 5.09902
 0
 3.31662
 5.09902
 5.09902
 2.44949
 5.09902
 2.44949
 3.31662
 4.3589
 4.24264
 2.44949
 2.44949
 4.24264
 1.73205
 3.4641
 5.09902
 2.44949
 5.09902
 5.09902
 4.24264
 4.24264
 1.73205
 4.24264
 2.44949
 2.44949
 1.73205
 5.09902
 4.24264
 2.44949
 5.09902
 1.73205
 4.24264
 3.31662
 5.09902
 3.31662
 3.31662
 4.3589
 5.09902
 2.44949
 4.24264
 4.3589
 2.44949
 3.4641
 4.3589
 0
 3.4641
 4.47214
 2.44949
 2.82843
 3.4641
 3.4641
 1.73205
 3.74166
 4.3589
 1.73205
 2.44949
 5.09902
 2.44949
 5.09902
 4.24264
 2.44949
 2.44949
 1.73205
 0
 2.44949
 1.73205
 3.4641
 2.44949
 2.44949
 2.44949
 2.44949
 1.73205
 1.73205
 0
 0
 3.4641
 2.44949
 5.19615
 1.73205
 1.73205
 2.44949
 1.73205
 5.09902
 5.09902
 2.44949
 5.09902
 4.3589
 4.3589
 5.19615
 3.31662
 3.31662
 4.3589
 2.44949
 3.31662
 2.44949
 4.24264
 0
 3.4641
 2.44949
 1.41421
 4.24264
 1.41421
 4.3589
 0
 5.19615
 3.31662
 4.3589
 1.73205
 5.09902
 5.09902
 2.44949
 3.4641
 5.09902
 1.73205
 5.38516
 3.31662
 3.4641
 1.73205
 1.73205
 5.09902
 4.24264
 3.31662
 3.31662
 4.24264
 2.44949
 4.58258
 1.73205
 1.73205
 2.82843
 2.23607
 2.44949
 0
 4.3589
 1.41421
 1.73205
 3.31662
 3.4641
 1.41421
 0
 21.7256
 4.24264
 4.24264
 3.31662
 2.44949
 5.09902
 0
 4.24264
 3.4641
 4.24264
 2.44949
 4.24264
 0
 2.44949
 4.24264
 1.73205
 2.82843
 2.44949
 4.24264
 0
 5.09902
 4.24264
 1.41421
 0
 1.73205
 2.44949
 0
 5.09902
 1.73205
 1.41421
 1.41421
 7.34847
 1.73205
 0
 4.24264
 4.24264
 0
 4.24264
 1.73205
 32.9545
 3.31662
 1.73205
 3.31662
 8.88819
 4.24264
 4.24264
 0
 4.24264
 1.73205
 1.73205
 1.73205
 1.73205
 3.4641
 1.73205
 3.4641
 1.73205
 0
 2.44949
 1.41421
 1.73205
 4.47214
 4.24264
 1.41421
 1.73205
 5.09902
 4.24264
 1.41421
 3.74166
 4.24264
 4.24264
 0
 1.73205
 0
 0
 5.65685
 4.24264
 1.73205
 5.09902
 0
 0
 1.73205
 1.73205
 1.41421
 2.44949
 1.41421
 1.73205
 0
 3.31662
 2.44949
 3.31662
 0
 12.49
 12.49
 4.24264
 0
 2.44949
 0
 0
 3.4641
 0
 19.5448
 19.5448
 2.44949
 2.44949
 2.44949
 3
 1.73205
 3.31662
 1.41421
 0
 5.09902
 2.44949
 0
 0
 1.41421
 1.73205
 1.41421
 1.73205
 3.31662
 3.4641
 0
 2.44949
 3.4641
 3.4641
 2.44949
 4.24264
 4.24264
 2.44949
 4.24264
 5.19615
 5.47723
 5.47723
 1.41421
 0
 0
 0
 2.44949
 2.44949
 0
 2.44949
 0
 4.24264
 0
 1.41421
 4.24264
 4.24264
 16.7033
 0
 0
 2.44949
 0
 1.41421
 3.74166
 0
 4.24264
 3.31662
 3.31662
 4.24264
 2.44949
 0
 0
 2.82843
 1.73205
 0
 0
 0
 1.73205
 1.41421
 1.73205
 0
 1.73205
 1.73205
 6
 1.41421
 3.4641
 2.44949
 3.4641
 4.3589
 4.3589
 0
 0
 0
 2.44949
 2.44949
 0
 0
 0
 0
 2.44949
 1.41421
 1.41421
 1.41421
 0
 0
 0
 0
 4.3589
 4.3589
 1.73205
 0
 0
 0
 0
 1.41421
 0
 0
 0
 0
 0
 0
 3.31662
 1.73205
 0
 4.24264
 4.24264
 2.44949
 2.44949
 2.44949
 3.4641
 0
 1.73205
 1.73205
 1.73205
 4.24264
 4.24264
 3.31662
 1.73205
 0
 0
 4.24264
 2.23607
 2.23607
 1.73205
 0
 2.44949
 0
 0
 0
 0
 0
 1.73205
 1.41421
 1.41421
 5.47723
 2.44949
 0
 2.44949
 1.41421
 3.4641
 0
 0
 0
 1.73205
 1.73205
 0
 1.73205
 1.73205
 1.73205
 1.73205
 3
 0
 0
 0
 0
 0
 0
 0
 0
 0
 0
 3.4641
 0
 0
 2.44949
 4.24264
 0
 0
 0
 0
 0
 3.31662
 0
 2.44949
 2.44949
 1.73205
 1.41421
 0
 3.74166
 3.31662
 1.73205
 1.73205
 1.41421
 3.31662
 0
 0
 0
 0
 0
 4.24264
 4.24264
 4.24264
 4.24264
 2.44949
 2.44949
 0
 0
 2.44949
 2.44949
 0
 1.73205
 0
 4.24264
 4.24264
 0
 0
 0
 0
 0
 3.31662
 5.09902
 1.73205
 1.73205
 1.73205
 0
 1.41421
 1.41421
 1.41421
 4.24264
 4.24264
 1.41421
 0
 3.4641
 3.4641
 3.4641
 3.4641
 1.73205
 0
 0
 1.73205
 1.73205
 0
 0
 0
 0
 0
 4.24264
 1.41421
 1.41421
 1.41421
 1.41421
 1.41421
 4.24264
 0
 5.09902
 3.31662
 3.31662
 3.31662
 2.44949
 1.41421
 2.44949
 2.44949
 2.44949
 3.31662
 3.31662
 3.31662
 1.73205
 1.73205
 0
 1.73205
 0
 0
 3.4641
 3.4641
 3.4641
 2.44949
 0
 0
 5.09902
 5.09902
 0
 0
 1.41421
 1.41421
 1.73205
 1.73205
 5.09902
 0
 2.44949
 2.44949
 3.4641
 3.31662
 0
 0
 0
 2.44949
 4.24264
 4.24264
 0
 0
 3.31662
 3.4641
 3.4641
 0
 0
 0
 0
 0
 0
 0
 0
 0
 0
 0
 0
 0
 0
 0
 0
 0
 0
 0
