 367.689
 0
 13.0767
 3
 3
 3
 16.5529
 21.3307
 17.7764
 15.6205
 17.8885
 21.4476
 21.1187
 20.4206
 19.4165
 21.7025
 18.2209
 16.8226
 19.105
 16.8523
 19.9499
 24.2693
 28
 25.632
 23.388
 24.454
 17.9165
 17.5499
 19.4165
 18.7083
 21.1187
 16.4621
 17.5499
 23
 22.8035
 21.5639
 25.1794
 25.5147
 22.5832
 18.303
 23.4307
 24.3516
 23.3666
 20.3224
 24.3105
 22
 16.8226
 22.1811
 19.6469
 23.3452
 15.9374
 21.7486
 22.3383
 22.2036
 18.412
 22.561
 17.088
 21.3776
 26.1151
 15.6844
 15.6844
 24.0208
 24.0208
 25.6125
 18.2209
 18.2209
 24.2281
 16.4924
 16.4924
 26.096
 19.4936
 25.219
 20.0998
 25.1794
 21.4243
 22.6936
 16.3095
 22.7596
 17.088
 23.516
 17.1464
 25.2587
 18.4391
 27.6225
 18.5472
 27.7489
 15.3297
 23.5584
 17.8885
 27.8029
 19.0788
 20
 27.7849
 27.2947
 23.388
 24.0416
 19.5448
 22.5832
 17.9165
 19.4679
 23.5584
 22.5167
 27.8747
 30.4302
 25.02
 28.8964
 0
 27.0185
 20.5913
 20.4206
 29.5635
 29.6311
 21.095
 29.189
 22.3159
 28.6531
 25.0998
 27.7669
 22.5389
 29.4958
 20.9762
 21.7256
 31.4802
 25.9037
 32.2025
 26.4575
 32.1403
 28.6705
 24.3105
 33.8674
 20.8806
 33.1361
 23.5797
 34.176
 25.1595
 32.0312
 26.1343
 30.5123
 27.037
 34.7419
 25.8844
 32.078
 22.1585
 34.2637
 28.2312
 27.7669
 34.1614
 29.5635
 33.0151
 26.9258
 34.7131
 23.5372
 35.2704
 35.2562
 27.0185
 35.6651
 26.1343
 35.2278
 26.9815
 27.8388
 38.4708
 35.8329
 27.8747
 26.9815
 35.1852
 29.5635
 34.7563
 38.2361
 31.3847
 32.4346
 36.4966
 38.5227
 30.0333
 38.8587
 30.9677
 33.9264
 38.1707
 33.541
 34.8855
 39.3192
 32.3265
 36.4555
 33.3916
 32.2025
 37.1618
 33.0151
 36.6742
 34.8425
 39.2938
 39.2938
 36.7423
 35.1283
 40.2741
 34.1028
 40.3609
 40.7185
 36.0971
 36.0971
 35.7771
 37.108
 37.108
 43.382
 34.2053
 34.0588
 39.3954
 33.0454
 39.2301
 37.7492
 33.8674
 35.8887
 39.4588
 39.4588
 34.8425
 37.7227
 35.7491
 40.4104
 40.694
 35.7211
 39.9124
 36.8375
 37.4833
 37.6165
 38.4578
 37.7094
 37.7624
 36.1248
 36.6879
 35.7911
 39
 35.805
 39.5854
 36.4829
 39.5854
 39.9375
 39.1791
 38.7169
 41.5812
 39.4081
 35.9583
 43.1625
 41.7493
 38.5616
 36.4829
 40.1248
 36.1386
 37.7889
 39.0512
 35.2704
 37.5633
 35.0428
 38.8458
 36.5513
 39.2428
 34.7707
 38.6911
 39.4715
 42.7785
 39.5474
 37
 41.2916
 36.2629
 41.7493
 36.1386
 42.5793
 37.3497
 41.3038
 35.4401
 39.4335
 39.1791
 33.3167
 38.4968
 35.1426
 39.2428
 35.7071
 38.5616
 37.5766
 37.8682
 40.4846
 41.509
 40.3856
 40.0625
 38.1445
 37.9737
 39.2301
 38.1445
 40.0749
 38.833
 39.0128
 38.1314
 36.1525
 38.7169
 36.7015
 40.398
 35.7211
 40.05
 35.8329
 42.7902
 36.4555
 36.4555
 40.025
 41.4488
 41.2916
 41.1704
 39.6863
 36.7423
 36.7423
 35.8608
 35.8608
 39.8246
 37.1887
 38.4057
 36.1109
 40.1248
 37.0135
 37.0135
 42.5911
 35.2987
 35.0286
 40.0375
 40.0375
 35.1426
 46.9681
 39.2301
 47.9062
 37.4299
 40.4599
 39.724
 44.1588
 39.2683
 40.4722
 36.2767
 43.7493
 37.7094
 39.0256
 36.2905
 45.3542
 36.1663
 46.0326
 43.8178
 35.9444
 36.5103
 46.7868
 46.7868
 34.8138
 48.7032
 48.7032
 40.0125
 40.0125
 40.0125
 40.8534
 39.9875
 42.5676
 40.0375
 40.0375
 39.4715
 39.4715
 40.3485
 27.0185
 35.171
 41.3521
 28.0357
 39.2301
 39.2301
 39.8497
 55.6058
 36.7831
 36.7831
 55.7315
 55.7315
 35.327
 35.327
 55.6147
 40.0874
 37
 36.6606
 38.5487
 40.0874
 0
 37.3363
 40.4846
 43.4396
 43.4396
 33.8969
 44.1362
 40.3237
 40.3237
 39.1408
 40.5216
 40.9268
 37.0135
 43.4396
 45.1221
 40.1248
 40.9512
 39
 39
 43.7607
 16.4924
 36.8511
 52.9906
 41.5692
 49.5379
 39.2173
 42.0119
 40.4351
 37.4166
 41.7493
 40.7063
 36.565
 36.565
 41
 39.9249
 39.5601
 39.5601
 43.0233
 41.7133
 34.6121
 34.6121
 38.6005
 44.0908
 33.8821
 33.8821
 34.8425
 41.2189
 40.9145
 40.9145
 40.6079
 38.3797
 36.5103
 36.5103
 40.8534
 40.5832
 35.7071
 0
 30.2655
 40.9145
 38
 42.5793
 30.6757
 45.2327
 39.0384
 39.1024
 42.2966
 37.8946
 34.7563
 25.807
 36.4692
 41.7133
 38.3145
 25.2982
 25.2982
 39.2301
 40.0625
 35.6931
 27.8209
 38.8587
 38.6911
 42.1663
 29.6648
 29.6648
 42.8486
 40.0375
 34.176
 34.7563
 41.3159
 43.4741
 34.7275
 33.7491
 33.7491
 41.7253
 41.2674
 36.5924
 29.5127
 40.7308
 35.6511
 42.2611
 33.9264
 36.6742
 37.3229
 43.4511
 36.318
 41.7612
 37.4032
 36.6879
 40.2368
 38.8716
 38.2099
 40.1123
 39.5727
 35.7071
 27.8209
 36.8103
 44.4635
 37.3765
 25.7488
 35.6931
 40.2119
 39.2046
 41.9166
 31.749
 39.2046
 38.223
 41.9404
 40.7922
 40.2244
 40.2244
 40.8656
 43.6119
 40.4599
 40.4599
 35
 32.8938
 29.5635
 32.249
 34.9142
 41.0609
 37.081
 34.2637
 35.1426
 39.8748
 39.8748
 34.8138
 36.6742
 36.2629
 36.1663
 39.6611
 21.6795
 38.5616
 34.2491
 34.7851
 39.5601
 37.3631
 38.3536
 39.975
 33.8969
 41.8927
 34.7419
 39.2173
 33.9559
 29.8831
 38.7298
 31.4166
 37.4433
 32.7109
 35.7071
 41.5812
 33.9117
 36.1525
 34.7707
 41
 41
 41
 34.1614
 41.3521
 29.95
 36.6197
 34.9571
 34.9571
 34.9571
 34.9571
 33.9264
 41.5933
 38.3145
 38.3145
 33.0303
 33.0303
 35.5809
 35.327
 37.1483
 33.0757
 34.8138
 34.7707
 36.0278
 37.9473
 39.128
 33.0606
 36.5924
 35.1568
 33.9853
 33.2114
 36.7151
 34.8425
 30.4467
 35.2704
 30.4631
 36.2767
 33.9559
 30.3974
 56.701
 56.701
 35.6651
 0
 35
 59.9667
 33.8969
 35.6511
 35.6511
 27.8388
 29.5804
 28.8444
 37.3765
 38.7556
 30.4302
 31.273
 40.8901
 31.273
 37.8418
 34.7707
 37.3631
 41.0974
 33.0757
 33.2265
 33.2265
 41.4367
 34.0441
 39.4715
 38.3014
 34.1467
 41.0244
 33.9706
 35.7631
 35.609
 38.0132
 0
 0
 35.623
 38.2884
 42
 35.4401
 35.4401
 28.0357
 32.218
 31.257
 36.5103
 35.0143
 30.7409
 35.6931
 30.8707
 34.2053
 33.9559
 33.2716
 33.3017
 40.9512
 31.8277
 34.5832
 35.6371
 33.5112
 39.1791
 32.6803
 35.8748
 31.1448
 0
 34.5977
 32.3574
 33.6898
 36.606
 40.0874
 36.4006
 37.4299
 33.8821
 39.9375
 30.6105
 0
 36.2077
 33.7343
 37.55
 30.3809
 40.4475
 0
 36.5377
 35.5949
 25.318
 36.8646
 31.607
 32.4191
 38.5746
 33.8969
 27.7669
 36
 41.9762
 35.0143
 39.724
 30.1828
 41.7253
 37.3631
 26.4575
 36.1109
 34.8568
 29.8998
 27.7669
 39.9625
 33.0606
 35.242
 31.257
 29.5466
 39.128
 26.8328
 35.0856
 35.0856
 34.1028
 0
 30.0333
 39.1535
 31.3528
 34.7275
 27.6948
 32
 38.3536
 34.5109
 32.3265
 26.096
 34.7851
 32.7567
 36.2629
 33.5857
 25.923
 34.1906
 35.623
 37.8286
 30.1496
 25.5539
 34.5977
 34.3074
 34.322
 37.5366
 0
 29.6985
 34.7275
 29.6985
 36.0416
 39.0768
 35.9166
 40
 27.9285
 35.5809
 32.078
 29.8664
 35.3977
 33.1361
 25.2785
 40.8779
 40.8779
 75.8881
 34.0294
 34.0294
 23.1084
 34.6266
 28.9137
 36.8646
 34.8138
 31.1769
 34.0588
 24.2281
 33.9706
 44.7549
 35.5949
 30.7083
 31.4643
 23.9374
 35.4965
 32.5115
 34.9428
 40.0625
 35.6791
 32.0156
 33.7046
 34.1906
 39.1663
 28.8617
 37.4166
 35.242
 34.7563
 36.9053
 33.4365
 33.5857
 34.8281
 30.4467
 37.1618
 0
