 24.4949
 24.7386
 18.412
 10.5357
 21.1424
 21.1424
 12.2474
 18.4391
 13.9284
 10.3923
 15.6205
 18.2483
 20.025
 20
 18.303
 18.2757
 18.2483
 18.7883
 19.0263
 18.303
 18.3576
 22.2261
 21.2838
 18.3576
 18.2483
 19.7737
 14.7309
 13.9642
 16.7033
 14.7986
 19.2873
 14.8661
 16.5831
 18.4391
 16.1555
 15.1658
 22.2935
 20
 17.2047
 14.9332
 22.4944
 21.5174
 17.8606
 14
 22.2486
 22.0907
 12.2882
 17.3205
 21.0238
 17.9444
 15.6844
 20.0749
 20.7123
 16.8819
 14
 19.5704
 16.5227
 17.3494
 21.2132
 16.0624
 0
 21.0476
 0
 19.3649
 15.9374
 0
 20.025
 15.1658
 15.1658
 22.0907
 16.5227
 22.8254
 16.7332
 23.8956
 14.8661
 21.8403
 14.0357
 21.3542
 17.3494
 20.664
 17.4069
 20.6882
 22.8473
 21.7945
 20.2978
 20.7846
 20.6398
 18.1659
 18.5742
 22.8254
 17.0587
 18.9473
 25.0998
 28.3549
 20.025
 24.454
 17.4069
 22.9347
 16.5227
 18.2757
 19.4165
 21.7715
 22.2935
 24.2074
 23.5797
 22.8473
 0
 21.2603
 22.0907
 21.4476
 23.4094
 25.5539
 18.3303
 27.2029
 20.1246
 25.318
 20.9284
 24.3516
 19.975
 24.3516
 19.0788
 20.025
 24.5153
 21.8174
 26.6271
 25.9422
 26.9072
 23.6008
 24.4336
 27.7489
 21.4476
 27.7849
 24.1039
 29.6985
 21.1424
 27.2029
 21.7256
 26.2298
 24.8193
 27.1662
 21.8403
 25.671
 19.5959
 26.0192
 23.7908
 26.9072
 26.3818
 29.6142
 26.1343
 28.0179
 26.3818
 24.1868
 29.2062
 30.692
 26
 29.9333
 22.5167
 29.2404
 22
 22.8692
 28.4605
 28.4077
 22.8035
 22.2261
 28.5482
 24.2487
 27.2213
 28.0713
 26.1343
 28.4253
 27.8388
 29.9666
 27.2029
 31.496
 27.1846
 27.3313
 30.3315
 24.8596
 27.9821
 31.1127
 25
 29.4618
 27.2397
 25.5539
 27.9821
 24.7184
 27.4955
 26.6833
 29.3939
 29.1033
 30.8058
 29.2233
 30.2324
 28.0713
 32.9393
 33.8674
 28.7576
 25.2785
 25.3772
 29.2062
 29.2062
 32.7414
 27.4591
 27.7128
 29.2233
 26.6458
 29.6985
 30.7896
 27.7489
 29.3769
 31.8748
 16.9115
 28.8791
 29.4109
 29.4618
 31.3369
 34.6266
 29.1719
 33.4216
 28.7924
 31.4166
 28.8964
 29.3428
 30.3974
 28.7924
 26.9815
 29.9333
 25.593
 30.0167
 27.4773
 31.1288
 27.4773
 30.05
 30.5287
 29.4109
 31.1609
 34.6699
 32.4191
 30.8221
 36.5103
 32.7719
 31.9061
 30.7246
 32.4808
 29.8496
 29.9833
 30.2985
 26.8328
 29.9666
 26.1534
 30.3645
 26.6646
 30.2324
 24.98
 29.1204
 30.2324
 34.5543
 31.496
 31.4643
 32.2335
 31.0483
 32.9697
 30.3315
 32.5576
 30.7571
 30.3315
 28.7402
 31.1448
 30.8058
 26.9258
 28.9137
 27.7669
 29.9666
 28.5832
 29.5296
 29.1376
 29.8831
 32.7414
 34.1906
 32.2645
 31.0805
 33.0151
 29.9333
 30.7246
 29.9333
 31.4643
 29.5466
 30.315
 30.6431
 27.1846
 28.8444
 27.7308
 30.3315
 29.1033
 29.9833
 29.4279
 33.6155
 28.8617
 28.8617
 31.607
 30.8221
 35.7911
 35.4965
 30.692
 30.348
 30.348
 29.6985
 29.6985
 30.8383
 28.4429
 30.5287
 28.2666
 30.5778
 30.3315
 30.3315
 34.2637
 28.5482
 27.8029
 31.1448
 31.1448
 29.4788
 34.4093
 29.7153
 36.0139
 29.3598
 29.9333
 32.6343
 33.0151
 32.9545
 33.5261
 31.0644
 34.2491
 29.5635
 29.6648
 27.2764
 33.0454
 27.9821
 29.6648
 31.4643
 28.2843
 28.4429
 34.9571
 34.9571
 27
 35.3836
 35.3836
 35.4965
 0
 0
 31.0322
 30.5778
 36.4692
 28.8964
 28.8964
 32.7109
 32.7109
 35.0143
 20.2237
 29.5466
 35.3553
 24.3105
 29.7153
 29.7153
 33.0454
 48.775
 27.8029
 27.8029
 47.8226
 47.8226
 28.0891
 28.0891
 47.9687
 31.1127
 28
 29.1376
 31.8904
 29.5635
 29.5635
 28.2843
 32.665
 36.9324
 36.9324
 27.5862
 34.2491
 30.5614
 0
 31.1929
 30.3315
 30.7896
 31.1288
 33.0303
 33.5261
 32.4808
 29.9666
 27.6043
 27.6043
 33.2265
 7.81025
 28
 47.8017
 34.7131
 28.0713
 30.348
 31.9218
 35.4542
 28.1425
 29.1376
 32.6343
 28.1069
 28.1069
 30.7896
 31.8748
 27.8388
 27.8388
 35.5106
 31.0322
 28.5657
 28.5657
 29.9666
 33.541
 26.7582
 26.7582
 27.258
 31.1288
 31.8434
 0
 30.5123
 29.9333
 26.7769
 0
 32.45
 27.6586
 26.9815
 0
 24.2899
 33.2265
 29.5466
 31.1288
 22.7816
 32.7109
 30.8221
 32.0156
 32
 29.4109
 27.7849
 18.4391
 28.8791
 32.2645
 29.3258
 17.8885
 17.8885
 31.1769
 32.6343
 27.4773
 19.105
 33.0454
 27.8209
 33.0908
 24.3516
 0
 34.6554
 28.7924
 26.9629
 16.5227
 29.5804
 35.3695
 27.0924
 25.5539
 0
 32.28
 31.1448
 27.2947
 24.0832
 29.1204
 26.2488
 32.6956
 28.7228
 27
 27.6043
 32.7109
 26.0384
 30.0167
 31.1609
 29.1719
 28.3901
 29.9333
 30.8221
 30.3315
 22.6716
 28.4429
 21
 28.6531
 31.3528
 28.6705
 20.7123
 27.0185
 30.7083
 28.3019
 32.218
 23.7065
 30.4795
 26.6083
 31.5595
 32.8329
 20.2978
 20.2978
 31.4643
 31.3847
 33.0908
 33.0908
 24.3516
 27.6225
 22.3383
 25.5734
 27.0185
 29.3769
 27.2397
 26.9258
 26.1151
 27.5136
 27.5136
 25.3969
 27.7849
 25.0599
 27.6225
 32.218
 16.8523
 26.096
 25.6905
 25.7294
 30.2159
 25.865
 30.692
 28.4781
 26.533
 32.8634
 23.5372
 29.6985
 26.3818
 24.8596
 27.8747
 21.8403
 28.2666
 27.55
 26.8887
 32.1403
 26.0384
 27.8209
 24.8998
 30.4467
 30.4467
 30.4467
 25.4165
 30.8383
 22.8692
 26.4197
 23
 23
 23
 23
 23.0868
 35.0428
 28.688
 28.688
 22.5832
 22.5832
 28.0357
 29.9333
 31.1127
 26.1534
 27.2764
 26.4575
 26.0384
 31.8748
 31
 27.2029
 28.8617
 23.3666
 27.074
 23.0217
 26.9444
 28.3901
 23.1084
 27.9821
 21.4942
 25.8263
 23.1733
 25.318
 47.8853
 47.8853
 24.3516
 0
 29.9333
 49.9099
 24.8193
 27
 27
 21.7945
 22.8254
 22.3159
 28.6531
 27.8568
 23.4094
 24.454
 30.4959
 23.5797
 27.8029
 25.6905
 28.1425
 30.5123
 24.454
 22.6936
 22.6936
 35.1568
 24.6779
 27.8209
 27.1846
 24.3721
 32.7109
 25.807
 26.8701
 24.0416
 27.037
 0
 0
 25.7294
 29.95
 29.9333
 28.3901
 50.2494
 20.0998
 25.593
 23.3452
 26.5895
 23.516
 24.3926
 25.2982
 22.6936
 21.8861
 28.3019
 24.4336
 24.5967
 28.6531
 22.561
 26.0192
 26.0768
 24.4745
 27.6043
 23.4094
 27.9106
 20.8567
 0
 26.1916
 22.7596
 27.4044
 28.4429
 29.1033
 26.8887
 28.7924
 26.1534
 28.6531
 21.7486
 21.7486
 27.8029
 22.9565
 28.6705
 22.5389
 30.7083
 0
 28.1247
 26.0576
 23.8328
 23.6432
 24.2899
 22.1133
 30.0333
 26.533
 25.04
 25.5734
 28.7228
 24.0416
 30.692
 23.1084
 30.4302
 25.5734
 23.622
 24.454
 27.2764
 23.7276
 24.5764
 29.6479
 24.5561
 25.7488
 24.2074
 23.5797
 29.1376
 23.8537
 25.219
 25.219
 24.6982
 0
 22.6274
 29.8329
 22.6936
 23.8328
 24.3105
 23.4307
 28.8617
 25.2785
 20.9045
 23.1301
 24.4131
 23.6432
 25.5343
 21.7945
 21.9773
 25.04
 26.4197
 28.6531
 21.7025
 20.7364
 27.5681
 23.4947
 23.6854
 28.7228
 0
 25.632
 25.2389
 22.0454
 25.3377
 28.9828
 28.3549
 30.4138
 21.0238
 23.7276
 23.6008
 21.7486
 25.8844
 24.3721
 21.7486
 29.8161
 29.8161
 67.335
 24.8797
 24.8797
 20.347
 24.4745
 21.8403
 25.593
 26.6083
 20.347
 24.6982
 20.3224
 23.7276
 32.5576
 26.5895
 19.4936
 22.3607
 19.8242
 26.7208
 24.7184
 26.9815
 27.8388
 26.1151
 23.516
 24.3926
 23.3238
 27.8209
 20.8806
 26.0576
 26.9815
 24.4949
 27.8029
 25.2785
 23.1733
 26.0384
 22.1811
 27.1846
 0
