 14.8661
 17.72
 6.55744
 6
 14.7648
 14.7648
 17.5499
 22.3607
 17.5784
 16
 17.3205
 23.7276
 20.199
 20.5913
 19.1572
 19.5192
 13.9642
 15.3623
 16.7033
 14.7648
 19.975
 19.975
 28.6007
 23.1733
 21.4009
 24.7184
 18.6279
 15.1658
 17.2337
 18.0831
 19.4165
 15.4919
 17.5784
 20.664
 22.1359
 22.2036
 23.1517
 24.1247
 21.9545
 14.9332
 22.5389
 21.5407
 22.7596
 20.2485
 21
 21.6564
 14.7309
 21.5639
 17.3494
 22.4277
 16.5529
 20.9045
 19.975
 21.3073
 20.2978
 21.9089
 16.6733
 20.7123
 23.0434
 16.3707
 16.3707
 22.561
 22.561
 25.2982
 14.9332
 14.9332
 22.9565
 14.7648
 14.7648
 24.7386
 18.7617
 22.561
 17.2337
 21.7945
 19.6214
 20.8567
 14.4914
 21.7486
 16.6733
 21.5174
 18.0831
 21.9773
 18.2757
 26.8514
 17.3205
 25.2785
 16.5831
 20.6398
 13.8924
 23.2164
 14.9332
 16
 24.0416
 25.1992
 20.6398
 21.7486
 16.4012
 16.5529
 16.6733
 19.4936
 21.7486
 22.0227
 24.8395
 28.8617
 22.1585
 28.0535
 28.0535
 25.2982
 15.8114
 14.7986
 27.4408
 29.6479
 15.7797
 26.9815
 18.6279
 26.9258
 21.3776
 25.1595
 19.975
 27.8029
 20.2978
 21.0238
 28.8097
 23.3238
 30.6105
 22.0227
 29.5127
 26.1534
 21.2838
 34.3948
 18.2483
 33.1964
 20.7846
 32.1403
 20.1494
 28.7576
 21.1896
 28.6705
 21.4709
 32.9545
 20.9762
 31.3847
 17.1464
 33.9117
 27.55
 25.5147
 34.0441
 26.8514
 32.7414
 24.3311
 33.2866
 19.9499
 33.8969
 31.289
 25.2587
 34.7851
 23
 33.9411
 22.8254
 22.8473
 36.6879
 34.7851
 23.8956
 23.0868
 34.7994
 29.4618
 34.4238
 39.4462
 29.7825
 29.6311
 36.1248
 38.2361
 28.688
 38.223
 28.6705
 31.3209
 36.4966
 31.289
 33.1964
 37.6431
 31.3688
 36.4692
 33
 30.6268
 37.3631
 32.6956
 36.6606
 34.176
 39.128
 39.3192
 36.5377
 33.8969
 40.0125
 31.3528
 37.3497
 39.128
 34.7994
 33.4216
 35.0286
 35.6931
 30.7083
 41.9762
 33.9853
 33.2265
 38.2884
 32.4346
 39.128
 37.4166
 34.5543
 35.7911
 39.1791
 11.9583
 35.2562
 37.4433
 35.171
 40.1123
 39.9625
 35.1426
 39.1535
 34.7994
 37.3631
 35.0428
 39.2428
 36.7831
 38.2492
 36.4692
 36.5513
 34.9571
 38.223
 33.9706
 40.8534
 36.1109
 39.1408
 39.4462
 38.6264
 38.2623
 40.1497
 38.3014
 35.7211
 41.7253
 40.3856
 37.4433
 34.7851
 38.6005
 37.3363
 37.4299
 38.4057
 33.9264
 37.4166
 35.6931
 38.2361
 33.4365
 38.3797
 34.4238
 38.2492
 38.5097
 39.9875
 38.2623
 36.5103
 39.2556
 34.7563
 41.6893
 34.8281
 41.1461
 36.4829
 40.0375
 34.7419
 39.1918
 38.2884
 33.1059
 38.3406
 33.1361
 38.6005
 34.176
 37.3898
 37.6563
 37.3765
 40.9878
 40.1248
 38.2099
 39.1535
 35.609
 36.4692
 38.3014
 35.623
 39.1535
 37.3765
 39.9249
 37.3229
 35.623
 38.2361
 36.5513
 39.9375
 36.7151
 40.2989
 35.9166
 43.0233
 36.9459
 36.9459
 41.1218
 41.7013
 40.9268
 40.9023
 38.223
 36.8375
 36.8375
 36.8646
 36.8646
 38.5616
 37.4032
 40.8534
 35.6651
 39.2428
 36.4829
 36.4829
 43.3013
 34.8425
 34.8999
 35.6511
 35.6511
 34.9142
 44.5533
 39.2556
 49.6588
 36.8239
 39.1408
 38.2492
 46.9468
 38.3797
 35.9166
 33.0757
 41.4488
 37.4299
 40.1123
 35.6511
 44.3621
 35.6791
 41.7612
 40.8534
 36.7696
 36.0139
 41.9285
 41.9285
 36.3318
 47.2123
 47.2123
 39.4588
 39.4588
 39.4588
 41.1582
 40.5216
 40.8534
 40.5832
 40.5832
 39.1918
 39.1918
 40
 26.0768
 34.9428
 40.2244
 27.258
 38.3927
 38.3927
 37.4299
 56.1249
 36.6879
 36.6879
 57.4108
 57.4108
 34.9428
 34.9428
 55.9464
 39.1535
 36.4966
 33.3167
 37.4433
 39.1152
 39.1152
 33.9264
 38.2884
 41.7732
 41.7732
 29.2916
 43.4281
 36.5377
 36.5377
 39.724
 38.2361
 38.5876
 37.4166
 42.6028
 43.1277
 38.5876
 42.4617
 38.2099
 38.2099
 44.3621
 17.8326
 33.0606
 54.9545
 40.9145
 41.4005
 38.2884
 38.5616
 37.3765
 38.3797
 40.4228
 39.1024
 37.6165
 37.6165
 42
 39.975
 37.4433
 37.4433
 42.6028
 41.6653
 33.0454
 33.0454
 36.5377
 43.4511
 32.5423
 32.5423
 36.0555
 41.1825
 37.4299
 37.4299
 41.1096
 38.5876
 38.1576
 38.1576
 40.4599
 41.7013
 37.1618
 37.1618
 26.533
 40.9756
 38.2361
 43.9773
 28.4956
 46.551
 40.0125
 40.5709
 41.7493
 39.1663
 33.7194
 22.8254
 36.4143
 39.9625
 39.4335
 23.7065
 23.7065
 40.4351
 41.6893
 36.1525
 28
 39.1152
 36.647
 41.8569
 30.8383
 30.8383
 41.7373
 39.1408
 33.2114
 36.1386
 41.7732
 42.6497
 33.2716
 33.9117
 33.9117
 42.5793
 40.8779
 36.0832
 28.7924
 40.8656
 37.921
 41.7133
 33.0606
 39.3065
 39.9625
 42.3202
 33.9559
 42.6263
 37.1887
 35.609
 38.223
 40.1622
 38.5876
 37.7359
 37.1483
 37.4032
 26.9444
 36.6333
 41.9524
 37.3363
 26.096
 36.3593
 44.0795
 40.3856
 41.8091
 32.218
 38.5746
 38.8458
 40.8534
 40.5463
 33.541
 33.541
 39.1535
 43.8292
 39.3319
 39.3319
 35.4824
 30.3974
 30.133
 31.305
 34.5977
 40.9023
 34.7851
 33.9264
 34.0734
 37.3898
 37.3898
 33.9411
 35.8748
 34.2053
 36.4966
 41.7493
 18.2483
 40.0874
 31.305
 34.6121
 40.0375
 38.2361
 37.3631
 41.1096
 34.5543
 41.1825
 36.0971
 40.0874
 34.0441
 29.6648
 38.4968
 33.5708
 37.7094
 32.1714
 39.4081
 42.9185
 35.1568
 38.7556
 35.4401
 41.3038
 41.3038
 41.3038
 34.6699
 41.7852
 28.688
 38.4318
 35.3695
 35.3695
 42.2847
 0
 35.242
 43.4511
 39.4081
 40.9634
 35.426
 0
 32.7109
 33.9264
 36.5103
 33.5857
 34.7419
 36.0139
 36.565
 36.7423
 39.0384
 32.249
 37.51
 35.7631
 35.6651
 31.0966
 35.2562
 36.8103
 30.8545
 34.6987
 29.9333
 35.6371
 35.4401
 29.5804
 57.6455
 57.6455
 36.5103
 0
 33.8821
 58.9915
 34.9428
 35.2846
 35.2846
 28.2843
 30.3315
 26.8142
 38.8201
 37.7889
 30.1828
 31.3847
 42.1663
 31.1929
 37.9473
 33.5261
 39.1663
 41.8091
 32.4962
 36.0555
 36.0555
 41.7253
 35.9583
 40.1373
 40.2989
 34.1174
 43.6005
 34.3074
 36.524
 36.3456
 36.3593
 0
 0
 33.7639
 38.5616
 38.5616
 35.6371
 35.6371
 30.2655
 31.7648
 32.6803
 34.5832
 35.4401
 32.1559
 36.0278
 31.9374
 36.5787
 34.7419
 33.9559
 34.0588
 43.4396
 32.1403
 35.8469
 36.9865
 33.8674
 40.5339
 33.1059
 38.4968
 33.0606
 0
 35.5246
 31.1127
 33.0303
 37.027
 40.4351
 38.8973
 38.1969
 35.5809
 40.7554
 30
 0
 38.8201
 36.5103
 39.6106
 31.5278
 42.8602
 0
 37.3765
 38.5616
 22.561
 39.281
 32.9545
 34.4093
 38.3145
 34.3074
 23.8118
 35.9305
 43.7035
 36.973
 40.8167
 33.0303
 43.6005
 40.398
 22.561
 37.1214
 38.3797
 30.5614
 23.3452
 40.8534
 32.7109
 35.7631
 31.8748
 29.9666
 39.8748
 21.7256
 37.3765
 0
 34.9571
 0
 31.9531
 40.8656
 32.9545
 34.7563
 21.2603
 31.4802
 39.2683
 32.7109
 35.9861
 20.9045
 35.4401
 33.541
 37.8946
 34.3511
 20.9284
 33.0151
 38.0526
 38.4318
 32.28
 21.1424
 32.8177
 36.2767
 38.092
 37.7359
 0
 24.4131
 36.3593
 31.0483
 38.7298
 38.3014
 35.623
 41.5812
 21.6564
 36.606
 36.2353
 30
 36.1939
 35.6931
 21.1187
 42.7434
 42.7434
 76.7268
 37.5366
 37.5366
 20.6155
 35.3977
 30.05
 38.4838
 35.6511
 30.4467
 35.7771
 21.1424
 36.8782
 47.0319
 34.7707
 32.0156
 33.8969
 21.4942
 37.3631
 34.5688
 35.4683
 41.8927
 39.0256
 33.8674
 34.6843
 32.5576
 41.0974
 31.0644
 39.37
 35.5387
 37.4967
 40.9634
 34.2199
 32.9848
 35.819
 31.8904
 39.9124
 0
