 23.8537
 23.9374
 17.4069
 19.0526
 23.622
 23.622
 16.7033
 20.199
 10.1489
 21.7256
 21.4709
 23.6008
 27.258
 29.4958
 21
 27.1846
 20.2978
 24.3721
 15.5885
 17.4069
 8.60233
 19.6214
 8.66025
 4.69042
 9.21954
 9.79796
 10.4881
 12
 14.8997
 15.906
 23.9583
 9.32738
 19.0526
 24.5561
 9.32738
 7
 32.9697
 24.1247
 12
 6.85565
 33.0151
 29.9666
 11.5758
 8.83176
 29.4958
 32.2955
 12.49
 12.3693
 26.096
 12
 13
 27.037
 16.3095
 10.1489
 12.5698
 10.3923
 29.9833
 11.5758
 9.69536
 23.1084
 0
 12.8841
 0
 11.7898
 18.6011
 0
 20.3224
 9.38083
 0
 27.7669
 9.32738
 33.0303
 8
 33.9706
 8.48528
 27.7308
 14.6969
 19.0788
 15.3297
 12.8452
 25.5734
 9.79796
 32.2955
 10.4403
 29.1376
 12.9228
 26.7208
 21.7256
 20.9762
 27.6406
 12.8062
 11.7898
 33.0303
 34.7563
 10.0995
 30.133
 10.4403
 23.6854
 9.8995
 17.3494
 15.3623
 27.258
 13.7477
 14.6969
 31.8434
 15.3297
 0
 21.1896
 27.6043
 23.388
 26.0384
 33.3617
 14.3875
 37.5233
 7.74597
 34
 8.94427
 27.6225
 11.0454
 19.1833
 9.8995
 19.105
 13
 26.6271
 15.3948
 32.6803
 19.105
 22.9565
 32.3265
 31.4006
 28.2489
 35.6511
 24.8596
 39.598
 13.6015
 33.8231
 9.21954
 27.6948
 13.1909
 19.0263
 15.3297
 14.9666
 14.9666
 15.3948
 24.6779
 35.0143
 21.0476
 38.9872
 23.8328
 34.7563
 26.3059
 30.0832
 36.9188
 38.7556
 26.2298
 35.4119
 15.5242
 29.1548
 9.74679
 13.5277
 21
 14.1421
 15.1327
 16.7332
 15.6525
 26.7955
 19.1311
 25.3377
 33.7935
 37.7359
 27.7308
 38.6652
 34.4384
 40.5463
 30.8221
 26.5141
 37.4967
 18.9737
 28.4077
 22.1359
 14.9332
 17.8326
 18.9737
 18.4391
 15.4596
 17.8606
 19.1572
 27.074
 26.4764
 30.2159
 39.4335
 36.3868
 38.7169
 31.4166
 41.2674
 37.4833
 29.4279
 23.3238
 17.2047
 29.6479
 29.6479
 24.0832
 14.9332
 14.7648
 15.9687
 17.1756
 18.303
 20.2731
 19.0263
 27.6406
 26.4575
 26.4575
 33.3467
 26.7955
 39.6611
 37.5366
 44.2154
 38.6005
 37.6165
 33.8969
 30.692
 28.9655
 21.5174
 23.0868
 17.088
 14.9332
 16.1555
 14
 21.5174
 17.2047
 26.0768
 22.1585
 28.2312
 28.8444
 37.4833
 33.7639
 43.0813
 41.4849
 36.9324
 43.6921
 36.4966
 32.573
 27.5136
 26.6646
 20.347
 17.5214
 13.5277
 13.2288
 18.412
 12.53
 24.2899
 18.412
 26.7769
 17.4356
 32.0156
 28.4077
 35.8887
 38.1314
 39.4081
 37.4833
 36.9324
 34.0294
 31.496
 28.3549
 28.178
 17.6068
 17.1756
 14.2478
 18.5203
 12.4097
 19.6469
 14
 25.5539
 19.6723
 23.0651
 22.1585
 32.28
 16.7929
 22.1585
 39.3446
 22.1133
 42.4146
 36.8917
 22.2711
 32.4962
 17.6068
 25.0799
 15.4596
 17.2916
 14.0712
 20.2978
 14.2829
 22.6716
 16.3401
 24.0208
 22.0907
 34.0881
 22.1133
 22.1133
 32.7109
 18.412
 43.6463
 43.1393
 24.3311
 35.2704
 35.2704
 26.8328
 26.8328
 31.5911
 20.025
 17.8885
 12.8062
 19.2094
 17.5784
 17.5784
 17.5784
 15.1658
 15.1327
 18.735
 0
 19.0526
 20.5426
 23.516
 25.7876
 30.7409
 29.1376
 41.2068
 36.8782
 40.0749
 44.8776
 34.2637
 46.9681
 30.0666
 39.5474
 22.9347
 34.9285
 10.583
 20.9045
 16.6433
 14.1067
 13.9642
 17.2047
 0
 17.2627
 16
 16
 19.7737
 0
 0
 34.4238
 18.4932
 46.0326
 46.0326
 46.0326
 39.6106
 39.6106
 40.8044
 40.8044
 33.3467
 44.3621
 36.1386
 36.1386
 36.1386
 41.3642
 44.7214
 44.7214
 44.7214
 38.1838
 38.1838
 13.1529
 13.1529
 41.5211
 30.315
 21.7945
 14.8661
 38.0657
 15.9687
 15.9687
 12.083
 17.1756
 44.9222
 0
 14.8997
 44.9222
 16.8523
 0
 23.388
 32.8024
 19.1311
 32.6497
 24.5153
 20.9045
 20.9045
 25.1794
 12.3288
 12.3288
 12.3288
 23.7487
 7.68115
 7.68115
 7.68115
 7.68115
 13.2288
 29.0172
 29.0172
 15.1987
 18.3848
 39.975
 19.2614
 0
 32.7109
 29.9833
 13.7113
 0
 43.7721
 15.8745
 14.8324
 0
 12.3288
 43.6348
 12.6095
 0
 14.9332
 35.3695
 12.8841
 0
 26.533
 14.2127
 15.6844
 0
 20.347
 15.4919
 27.6225
 0
 29.6816
 38.704
 10.6301
 20.2485
 26.9072
 32.0312
 14.8997
 14.8997
 43.3128
 17.2627
 17.2627
 15.6525
 28.2666
 43.8634
 20.9045
 13.1529
 0
 26.4764
 42.0476
 14.2478
 8.88819
 35.9444
 12.9228
 40.0125
 14.5258
 0
 45.1221
 19.799
 13.2665
 6.48074
 16.6433
 41.9285
 12.1244
 29.4958
 0
 17.1464
 33.4813
 14.9332
 31.4643
 19.0263
 13.5277
 16.5529
 34.7563
 24.8395
 9.74679
 18.412
 34.2345
 17.2627
 17.2627
 13.4536
 17.088
 15.5242
 35.9444
 24
 24
 31.305
 13.5277
 16.6433
 33.1662
 27.0185
 19.4936
 16.6132
 37.6165
 20.3224
 32.8481
 13
 38.2753
 12.1244
 42.638
 37.5233
 7.07107
 7.07107
 39.6106
 32.0312
 30.7409
 30.7409
 16.6132
 30.4302
 20.8567
 29.7321
 13.9284
 15.3623
 21.7715
 32.311
 11.7898
 12.3693
 12.3693
 15.1327
 30.6268
 13.2665
 30.8383
 12.3693
 15.1987
 19.4422
 23.4521
 19.2354
 15.3623
 9.53939
 16.6433
 16.6433
 14.9332
 17.1464
 9.64365
 9.64365
 13.9642
 5.38516
 16.7033
 7.81025
 31.8119
 30.1164
 9.8995
 21.7715
 21.7715
 24.1454
 24.8193
 33.2566
 0
 0
 12.2882
 36.565
 13
 18.6011
 7.07107
 7.07107
 7.07107
 7.07107
 9.21954
 43.6463
 16.3095
 16.3095
 16.3095
 16.3095
 31.4006
 35.7211
 34.5254
 27.1662
 29.5296
 33.2114
 29.4958
 40.4599
 25.9037
 35.1568
 27.6767
 13.1909
 29.4788
 11.7047
 13.5277
 26.0384
 21.4476
 14.7309
 14.1421
 9.79796
 17.8885
 17.088
 42.1782
 42.1782
 14.9332
 0
 23.3666
 43.1625
 9.59166
 10.4403
 10.4403
 20.3715
 21.5174
 26.4764
 9.8995
 14.7648
 25.2785
 33.7787
 21.6795
 16.6433
 13
 22.0907
 25.2587
 22.2261
 13.1909
 8.7178
 8.7178
 41.845
 16
 7.34847
 16.7033
 10.6771
 38.7298
 12.083
 21
 20.9284
 20.9284
 0
 0
 30.249
 29.7489
 29.7489
 32.665
 42.8719
 8.66025
 33.2114
 22.9129
 17.4069
 27.2947
 28.9482
 10.3441
 28.8444
 16.2788
 32.9848
 20.9523
 24.5967
 17.1464
 14.4222
 12.1244
 12.083
 17.7764
 12.2474
 12.3288
 15.5242
 9.53939
 0
 15.5563
 7.93725
 30.6431
 12.2474
 14.3875
 24.1247
 10.9545
 24.8193
 14.2127
 11.0454
 11.0454
 11.0454
 13.1909
 14.5602
 11.0454
 12.6491
 0
 24.5561
 26.2679
 21.7486
 11.0905
 20.347
 8.18535
 36.8375
 20.2237
 23.0868
 23.7065
 16.7033
 10.5357
 38.7298
 23.388
 20.8806
 18.6815
 21.7715
 16.0312
 25.9422
 20.6398
 22.3607
 17.8326
 26.5707
 15.6844
 14.1421
 28.3549
 15.1658
 21.7715
 14.1421
 14.1421
 14.1421
 0
 22.0907
 14.9332
 11.3578
 8.60233
 19.8242
 12.083
 15.8745
 20.8567
 9.79796
 19.0263
 9.27362
 8.66025
 19.0263
 16.8523
 19.0526
 11.2694
 17.1172
 20.2485
 12.3693
 19.0788
 21.9773
 11
 10.5357
 19.7484
 0
 20.7123
 11.7047
 13.5647
 10.4403
 17.1172
 20.1246
 15.5242
 21.1424
 8.66025
 9.79796
 11.7473
 21.4243
 24.8998
 20.8806
 13.3791
 13.3791
 54.2125
 54.2125
 54.2125
 19.4936
 24.8596
 21.7715
 11.225
 29.5296
 8.7178
 20.9762
 20.025
 21.0713
 16.6733
 32.187
 10.0995
 21.2838
 18.2483
 17.8885
 17.5784
 29.0689
 20.4695
 24.5561
 19.4936
 13.8924
 19.0788
 23.6432
 19.6977
 16.5831
 15.5242
 20
 20.9284
 14.1774
 14.7309
 9
 20.2485
 15.9374
 0
