 22.2486
 23.3452
 16.1245
 22.561
 10.0995
 10.0995
 12.49
 21.5174
 15.0997
 24.8395
 24.8395
 28.7576
 24.5967
 29.9666
 18.735
 25.5343
 11.5758
 9.53939
 11.4018
 7.87401
 7
 6
 6
 13.9642
 13.9642
 13.9642
 8.88819
 14
 8.66025
 14.3527
 8.66025
 12.3693
 13.2288
 15
 0
 13.6015
 20.2485
 15.6525
 1.73205
 1.73205
 24
 22.7816
 2.44949
 13.2288
 19.6469
 24.8193
 10.4403
 2.82843
 9.05539
 5.47723
 12.1655
 21.5639
 6.9282
 5.65685
 19.2354
 9.16515
 22.6495
 4.58258
 23.6008
 20.9523
 0
 0
 0
 13.1149
 10.0995
 0
 16.6733
 7.07107
 0
 14.8324
 9.48683
 20.9045
 20.9045
 20.3224
 14.7986
 14.7309
 27.8747
 10.9545
 10.0995
 7.93725
 15
 15
 16.7033
 19.0788
 20.567
 9.69536
 14.5258
 9.64365
 12.7671
 14.3527
 8.60233
 6
 20.3224
 23.1301
 23.1301
 16.6433
 7.81025
 12.0416
 9
 13.6748
 7.74597
 7.74597
 6
 6
 20.9523
 20.9523
 0
 9.48683
 9.8995
 11.6189
 11.8322
 18.4932
 6.08276
 23.7276
 10.0499
 17.1172
 11.6619
 7.81025
 10.3923
 6.9282
 12.3288
 13.4907
 4.79583
 16.3095
 16.3095
 16.3095
 13.2288
 8.88819
 19.0526
 12.3693
 14.3527
 23.388
 13
 27.258
 7.74597
 20.2485
 20.2485
 8.66025
 8.66025
 11.5326
 7.34847
 4.58258
 12
 12
 13.8564
 17.8045
 7.81025
 20.9523
 7.87401
 7.87401
 18.412
 12.9228
 20.9523
 29.1204
 10.3923
 23.7276
 2.44949
 10.1489
 10.1489
 10.1489
 8.544
 6.08276
 7
 9.59166
 9.59166
 9
 8.18535
 9.8995
 19.799
 26.6083
 17.7764
 27.1662
 20.9045
 31.0161
 15.3948
 10.3923
 28.0357
 5.19615
 9.53939
 8
 8
 6.245
 28.0179
 6.9282
 6.9282
 9.53939
 8.88819
 8.88819
 11.6189
 16.6733
 26.5707
 27.1293
 27.5862
 17.3205
 32.619
 28.775
 14.7648
 26.4764
 13.6382
 10.4881
 25.7682
 10.4403
 13.8924
 28.3373
 12.7671
 12.7671
 12.7671
 10.4403
 23.0868
 14.2478
 11.6619
 11.6619
 19.6469
 16.3401
 23.9583
 28.3196
 31.8591
 22.4277
 28.0713
 17.5784
 14.7309
 13.8564
 9.53939
 9.53939
 7.28011
 7.28011
 7.28011
 7.28011
 7.28011
 17.4356
 9.8995
 7.74597
 14.4568
 16.6733
 27.0555
 23.7487
 32.1248
 28.8964
 21
 31.1448
 25
 16.2788
 8.66025
 11.6619
 7.34847
 8.544
 18.2483
 24.4745
 24.4745
 39.7115
 9.21954
 43.4396
 14.7309
 11.5758
 18.4662
 24.1247
 32.7567
 22.7376
 26.6083
 29.6985
 17.2337
 29.1548
 15.5885
 11.6619
 7.81025
 8.60233
 14.7648
 14.7648
 14.7648
 34.9285
 10.3923
 39.6737
 12.8841
 12.8841
 15.3948
 24.454
 19.0788
 35.0286
 31.9061
 26.0576
 26.4386
 35.1283
 16.8819
 13.6382
 12.6491
 7.4162
 8.66025
 8.66025
 8.66025
 8.66025
 11.5758
 42.9767
 13.1909
 13.1909
 23.8747
 23.8747
 36.1801
 13.6748
 13.6748
 20.9045
 30.7246
 36.2077
 37.4566
 16.4924
 16
 0
 0
 0
 7.81025
 7.34847
 7.34847
 20.5913
 20.5913
 21
 0
 17.9165
 17.9165
 17.9165
 27.6225
 0
 8.7178
 40.4722
 13
 45.5192
 20.2237
 39.8497
 31.6228
 31.6228
 29.5804
 29.1376
 17.3781
 34.7707
 12.3288
 25
 14.4914
 13.1909
 21.7945
 17.8885
 27.7308
 27.7308
 27.7308
 38.704
 0
 42.4853
 40.9268
 0
 0
 0
 0
 22.4944
 16.7332
 30.2655
 25.2785
 0
 35.4401
 0
 30.5941
 30.5941
 20.0998
 32.1092
 32.1092
 32.1092
 32.1092
 29.7321
 29.7321
 29.7321
 29.7321
 29.7321
 0
 19.5704
 0
 0
 0
 7.87401
 26.9258
 26.9258
 11.6189
 0
 0
 0
 0
 0
 26.9629
 26.9629
 26.9629
 0
 10.198
 24.1454
 10.9545
 22.2036
 13.5647
 12.9615
 34.9857
 19.1833
 13.2288
 0
 29.2062
 28.6705
 28.6705
 28.6705
 35.4965
 20.4939
 20.4939
 9.84886
 34.6266
 12.9228
 11.225
 21
 5.74456
 0
 23.3238
 10.4403
 10.4403
 0
 37.8021
 12
 14.0357
 0
 0
 38.8716
 38.8716
 0
 22.2261
 28.2489
 28.2489
 0
 15.5563
 19.2094
 19.2094
 0
 0
 12.8062
 10.1489
 0
 21.4476
 33.541
 33.541
 15.1987
 15.1987
 28.2489
 28.2489
 35.8887
 31.5753
 31.5753
 23.6432
 23.6432
 15.906
 31.4802
 6.9282
 26.4197
 0
 19.6723
 25.7876
 10.8628
 9.84886
 25.04
 15.5242
 33.3017
 33.3017
 0
 36.8782
 9.74679
 9.74679
 9.74679
 14.7309
 32.4346
 18.6011
 20.2978
 0
 0
 21
 5.47723
 19.8242
 8
 9.79796
 29.1376
 20.2731
 25.2587
 16.7033
 23.7908
 23.7908
 11.3578
 31.9844
 31.9844
 31.9844
 31.9844
 32.6497
 32.6497
 32.6497
 23.1301
 14.7648
 9.11043
 26.4764
 13.0384
 13.0384
 18.4662
 40.8412
 8.60233
 31.607
 31.607
 37.3631
 14
 37.8153
 37.8153
 37.8153
 0
 31.8904
 31.8904
 31.8904
 0
 29.7321
 18.7883
 18.7883
 18.7883
 25.04
 25.04
 7.68115
 30.5778
 10.5357
 10.5357
 0
 6.55744
 6.55744
 6.55744
 28.2843
 28.2843
 9.32738
 21.7945
 21.7945
 21.7945
 26.1151
 26.1151
 26.1151
 33.7787
 33.7787
 33.7787
 26.8328
 33.8526
 33.8526
 33.8526
 33.8526
 14.4914
 25.9037
 10.3923
 7.74597
 17.8885
 12.1655
 18.4391
 34.6266
 34.6266
 0
 0
 18.1108
 37.7094
 6.08276
 0
 0
 0
 0
 0
 0
 39.3446
 16.0935
 16.0935
 16.0935
 0
 26.7395
 26.7395
 26.7395
 26.7395
 26.7395
 10.3923
 20.2731
 33.121
 33.121
 26.5141
 25.7294
 25.7294
 19.0263
 5.74456
 5.74456
 5.74456
 8.06226
 15.6844
 15.6844
 15.6844
 3.4641
 3.4641
 26.7955
 0
 0
 0
 13.0384
 15.906
 15.906
 25.3377
 0
 16.1245
 8.12404
 22.383
 8.60233
 14.1421
 17.1172
 17.1172
 26.4386
 26.4386
 14.8997
 14.8997
 33.8083
 21.7256
 10.5357
 7.93725
 7.93725
 41.6293
 41.6293
 28.9137
 28.9137
 6.16441
 40.0375
 40.0375
 16.7332
 16.7332
 28.9137
 28.9137
 28.9137
 21.5639
 36.8782
 36.8782
 33.0606
 33.0606
 33.0606
 25.318
 3.87298
 32.7109
 45.7493
 45.7493
 45.7493
 22.8035
 17.0587
 20.9045
 9.74679
 5.38516
 6
 7.93725
 6.9282
 6.9282
 13.1909
 13.2665
 5.74456
 5.74456
 5.74456
 5.74456
 12.4097
 12.2474
 23.0868
 19.4679
 15.4919
 35.2704
 35.2704
 6.9282
 15.1658
 15.1658
 0
 35.7071
 35.7071
 21.4709
 16.5529
 16.5529
 0
 32.8024
 32.8024
 14.0357
 11.3578
 12.4499
 12.4499
 34.7131
 34.7131
 19.0788
 19.0788
 13.9642
 13.9642
 35.8748
 29.4618
 19.2614
 19.2614
 17.0294
 17.0294
 25.593
 21.0476
 20.025
 22.1133
 28.4605
 28.4605
 11.7473
 27.258
 18.1384
 17.9165
 17.9165
 0
 0
 0
 7.34847
 7.34847
 11.225
 10.0995
 17.5214
 7.74597
 25.7876
 6.85565
 6.85565
 14.7648
 19.0263
 8.7178
 17.1172
 17.1172
 13.8924
 6.9282
 6.9282
 28.8791
 5.38516
 13.9284
 13.9284
 16.7332
 26.0576
 26.0576
 26.0576
 20.8327
 20.8327
 6.63325
 26.9258
 26.9258
 26.9258
 21.0238
 14.7986
 14.7986
 14.7986
 15.3623
 15.3623
 36.0971
 14.0357
 15.1327
 15.1327
 15.1327
 15.1327
 15.1327
 14.7309
 14.7309
 14.7309
 9.79796
 27.0185
 8.7178
 8.7178
 13.9642
 13.9642
 11.4891
 27.6767
 27.6767
 27.6767
 14.7986
 14.7986
 14.7986
 23.9792
 23.9792
 23.9792
 23.9792
 23.9792
 23.9792
 9.11043
 9.11043
 15.2971
 14
 14
 14
 18.303
 18.303
 17.8606
 17.8606
 17.8606
 17.8606
