 9.53939
 12.4499
 2.44949
 14.0357
 14.4222
 0
 15
 10.9545
 18.303
 15.9687
 18.303
 17.9165
 12.1244
 15.5885
 13.0384
 13.8924
 14.0357
 19.5448
 16.4621
 19.105
 14.5602
 13.9284
 11.6189
 14.1774
 13.2288
 13.2665
 15.4272
 17.5499
 16.8226
 20.2731
 15.9687
 20.1742
 19.5704
 18.3576
 7.81025
 17.7764
 13.0767
 18.6815
 7.14143
 11.8322
 13.2288
 11.2694
 6.9282
 17.3781
 13
 7
 15.4919
 7.07107
 16.7033
 6.08276
 17.4642
 13.9284
 18.2483
 7.74597
 19.0788
 17.5784
 13.7113
 6.9282
 12.2882
 13.8924
 0
 14.7986
 0
 18.4932
 19.975
 0
 20.5913
 20.025
 0
 19.105
 13.2288
 13
 12.2882
 13.3041
 16.7033
 15.3948
 15.5563
 20
 19.5192
 20.8327
 18.9209
 13
 13.9642
 17.1756
 12.2474
 19.7231
 13.0384
 19.8242
 20.025
 19.975
 20.0749
 9.16515
 13.9642
 13.2665
 11.6189
 17.8606
 15.4919
 20.8327
 20.6882
 20.199
 20.8806
 15.1658
 14.9332
 15.4272
 13.9284
 17.8326
 0
 18.6548
 14.7648
 20.9045
 20.0998
 14.7309
 21.3073
 17.8885
 15.3297
 16.7929
 15.4272
 20.8567
 19.0263
 20.2485
 20.9762
 23.0868
 16.8523
 15.9374
 14.8324
 18.0278
 18.3848
 20.6398
 13.9284
 20.0998
 16.4924
 14.9332
 20.2485
 13.7113
 18.6279
 18.0831
 11.6619
 21.7486
 11.0905
 17.9165
 18.3303
 17.0587
 21.166
 16.5529
 20.8806
 14.9666
 17.3494
 14.3527
 21.4009
 16.1864
 22.3383
 19.105
 14.8661
 18.1108
 19.8242
 19.4936
 18.7083
 20.8567
 11.7047
 15.5885
 20.3224
 17.2916
 17.9444
 21.4243
 16.1864
 20.9045
 18.3848
 18.6815
 16.5831
 16.7631
 22.9783
 14.0357
 18.3576
 17.088
 19.1311
 20.025
 17.8885
 16.3707
 25.2389
 20.2978
 12.8841
 17.5784
 15.6525
 20.6398
 18.412
 21.7256
 19
 20.2485
 19.4422
 22.7156
 19.2614
 19.1833
 14.8661
 21.1424
 17.9165
 21.095
 20.8806
 22.2711
 21.7256
 24.5764
 22.5389
 20.347
 14.7648
 13.5277
 20
 19.9249
 19.4679
 18.4391
 22.9565
 21.7715
 18.6279
 8.66025
 15.6525
 25.7488
 20.6155
 16.7631
 20.2485
 19.4679
 20.2978
 17.088
 22.6716
 21.9317
 17.9444
 23.5797
 21.0238
 14.1421
 19.6723
 17.2047
 19.0263
 20.5913
 21.3307
 19.8997
 26.7021
 21.3073
 15.6525
 19.8242
 19.5192
 18.2757
 21.9317
 20.2237
 22.8473
 20
 21.7256
 22.8254
 19.1572
 22.6274
 19.6469
 16.5227
 19.0526
 18.412
 21.7715
 21.9317
 24.1868
 27.5681
 21.7025
 22.9783
 13.7113
 14.6969
 20.347
 23.3238
 21.9317
 20.9762
 20.8567
 23
 21.1424
 21.6564
 19.6977
 20.4695
 19.8242
 19.5192
 24.1247
 20.2731
 25.2785
 20.0499
 22.7816
 23.1517
 20.8567
 16.5227
 13.4536
 22.6053
 24.4336
 13.6015
 23.6008
 23.1301
 22.6053
 22.6495
 18.6011
 20.2731
 20.3715
 19.1311
 21.6102
 17.8885
 17.8885
 21.6795
 21.6795
 24.454
 16
 22.561
 0
 17.5784
 22.3159
 15.4596
 18.3303
 23.4734
 21.166
 0
 22.7156
 0
 27.8388
 22.4054
 20.5913
 19.7231
 23.4094
 24.1454
 0
 23.8328
 17.9165
 20.2978
 20.9045
 0
 19.0788
 24.98
 21.5174
 28.2312
 18.9473
 29.5296
 16.1245
 22.1585
 19.4422
 14.8997
 21.4709
 15.5885
 19.8746
 19.4165
 23.6008
 17.4069
 19.6214
 27.1477
 20.9045
 20.2485
 24.1661
 20.5183
 0
 24.454
 25.1992
 0
 27.2213
 0
 0
 16.4924
 28.8444
 11.7047
 27.7669
 0
 20.025
 0
 20.5913
 25.02
 22.7596
 27.2947
 22.5389
 25.5539
 0
 29.2062
 19.2094
 20.6882
 0
 21.5407
 0
 21.7025
 0
 17.5499
 24.3516
 28.8444
 19.0788
 20.025
 23.388
 0
 23.9583
 22.9783
 22.7596
 0
 25.7876
 22.2935
 25.5539
 0
 25.2587
 20
 26.7395
 19.5959
 21
 25.671
 22.1359
 27.8388
 17.8606
 0
 27.9821
 27.9821
 21.9773
 20.5913
 24.5153
 17.9165
 19.799
 15.6844
 23.0868
 23.3452
 24.1454
 24.2281
 27.4773
 0
 17.088
 27.7489
 22.9129
 0
 18.9473
 24.1868
 19.2873
 0
 26
 18.5742
 23.4734
 0
 24.1454
 21.9089
 24.3516
 0
 20.8567
 28.8271
 22.5832
 0
 26.0768
 25.318
 21.095
 0
 0
 20.9523
 23.6008
 25.593
 25.593
 24.454
 22.9347
 19.105
 28.8964
 26.5518
 23.8118
 23.8118
 21.4709
 26.7769
 22.2261
 22.2261
 0
 23.388
 28.4253
 21.7256
 10.3923
 25.9422
 19.5192
 19.6723
 24.1039
 0
 17.1172
 25.2982
 19.0788
 7.93725
 24.0416
 17.2047
 24.8395
 4.89898
 0
 25.593
 20.9523
 23.3666
 23.3666
 23.3024
 22.1585
 26.0768
 30.5941
 20.9762
 24.1661
 27.6948
 22.9347
 27.9643
 20.6155
 25.318
 25.318
 23.8328
 23.4307
 27
 27
 23.8747
 18.1934
 23.6643
 25.8457
 21.1424
 1.41421
 27.1662
 22.9565
 18.6815
 20.9284
 20.9284
 27.1477
 24.6374
 19.6977
 23.8956
 25.2389
 0
 18.4662
 26.7395
 18.2483
 0
 24.8395
 25.5539
 22.5389
 22.5389
 25.5734
 24.3721
 18.2209
 17.3205
 22.8035
 24.0208
 0
 0
 0
 0
 17.8885
 24.1454
 13
 13
 13
 27.074
 22.9347
 22.9347
 22.9347
 12.4097
 15.6844
 25.593
 28.9137
 21.0238
 17.5499
 17.5499
 27.9821
 15.5885
 15.6844
 15.6844
 18.2483
 23.1948
 24.1661
 20.9284
 18.2209
 27.2764
 0
 0
 17.3781
 18.0831
 8
 20.664
 20.664
 0
 25
 0
 25.865
 17.088
 21.9545
 22.5832
 22.5832
 0
 25.04
 22.5167
 11.2694
 17.0294
 24.2487
 21.5639
 18.2757
 13.8564
 24.2487
 25.0599
 16.5227
 17.088
 19.7231
 25.865
 22.1359
 16
 18.2757
 25.0599
 25.0599
 16.7033
 17.088
 14.9332
 25.318
 0
 21.0238
 0
 22.5832
 27.6948
 20.2978
 23.0868
 0
 32.3265
 22.7816
 26.1151
 17.8045
 25.8263
 20.8806
 23.3666
 22.561
 21.5174
 23.9165
 24.7588
 17.3494
 24.3311
 22.891
 20.8327
 6.16441
 17.0587
 17.0587
 25.2982
 18.6815
 19.0526
 19.4165
 19.9499
 15.6205
 19.799
 25.0799
 0
 0
 17.1756
 19.105
 24.5561
 23.1517
 27.9106
 11.6619
 19.2354
 20.0749
 21.7025
 26.9258
 17.1172
 21.0238
 20.9284
 28.4253
 28.3373
 15.6844
 17.2916
 25.219
 17.4356
 19.3907
 24.0832
 16.7929
 24.5764
 18.1384
 21.9089
 29.3769
 0
 18.0831
 20.2731
 14
 18.6279
 23.1301
 22.9783
 26.8328
 20.8567
 25.5539
 22.383
 0
 22.7376
 20.8806
 24.1868
 24.3105
 28.3196
 0
 23.9583
 22.2486
 5.19615
 20.2978
 16.5831
 20.1246
 25.2587
 16.5529
 8
 20.8806
 25.1794
 20.8567
 16.7332
 16.3095
 23.8747
 18.7083
 4.89898
 18.4391
 22.4722
 17.2627
 7.93725
 25.5734
 19.1572
 19.1311
 18.3848
 16.1864
 26.7208
 6.08276
 20.6155
 0
 9.8995
 0
 16.0624
 25.807
 20.3224
 21.4709
 6.245
 22.4944
 23.8747
 16.6733
 20.4206
 0
 24.1454
 23.5797
 24.1039
 8.7178
 1.73205
 20.2731
 14.7986
 27.9821
 19.4679
 0
 17.4642
 24.1661
 21.0476
 27.258
 0
 6.08276
 21.7715
 14.7648
 24
 24.8596
 19.2614
 24.1039
 5.09902
 27.4408
 19.7737
 19
 17.3494
 18.4662
 5.38516
 26.4953
 0
 18.1384
 17.3781
 14.1067
 0
 20.9045
 45.9891
 22.6495
 22.9347
 22.9347
 19.7737
 4.58258
 17.8885
 23.388
 24.1661
 8.66025
 23.6008
 0
 7.87401
 17.2627
 22.6274
 21.7486
 21.4243
 11.3578
 12.2474
 19.3132
 24.4949
 13.1909
 17.4642
 16.5227
 14.5258
 26.9258
 15.748
 18.4391
 20.9284
 12.1244
 27.5318
 0
