 367.689
 0
 0
 0
 0
 0
 0
 0
 18.7883
 18.7883
 17.9165
 17.9165
 21.3542
 21.4476
 19.5192
 19.8746
 16.8523
 15.6525
 19
 15.6205
 21.0713
 20.7846
 29.4449
 25.7876
 23.4094
 23.4094
 20.9045
 20.9045
 20.9045
 20.3715
 21.3542
 21.3542
 18.7883
 22.9347
 21.4476
 21.4476
 25.5147
 25.7876
 21.3073
 18.303
 23.622
 23.4094
 21.8861
 21.8861
 22.3607
 22.3607
 22.3607
 21.3073
 18.2209
 22.1585
 22.1585
 21.8632
 20.8806
 21.0476
 21.0476
 23.0217
 23.0217
 20.445
 23.7276
 23.7276
 23.7276
 24.0416
 24.0416
 27.0924
 17.72
 17.72
 25.0799
 16.3095
 16.3095
 26.6646
 26.6646
 22.8473
 22.8473
 22.9783
 19.6469
 22
 15.6844
 23.8328
 17.1172
 23.388
 20.3224
 23.0651
 19.0526
 28.8097
 18.6815
 27.55
 16.5227
 24.1661
 14.8324
 27.2029
 15.9687
 16.7929
 27.2213
 26.1916
 26.1916
 23.4307
 18.6011
 19.9499
 19.9499
 20.7123
 23.8118
 23.3452
 26.1151
 30.7246
 23.2809
 29.7153
 29.7153
 28.8097
 16.5227
 17.3781
 29.7321
 30.8545
 19.2873
 27.8927
 22.3607
 27.8029
 23.7065
 26.8887
 22.6495
 28.7228
 28.7228
 22.2261
 32.3419
 24.8998
 32.4191
 22.8473
 33.0606
 29.7153
 22.3159
 35.4119
 19.5704
 34.176
 20.9045
 34
 21.5174
 30.4138
 23.0651
 29.5804
 22.6053
 33.8969
 21.0238
 34.7563
 19.4422
 35.6371
 29.4618
 27.1477
 35.171
 26.9815
 34.5832
 25.5147
 35.4119
 22
 34.8712
 33.8674
 26.2488
 36.524
 24.0416
 34.7851
 34.7851
 22.8473
 39.1408
 38.2361
 25.5147
 25.5343
 37.5233
 30.348
 37
 40.4351
 31.8591
 31.4006
 39.6611
 40.0874
 29.6816
 39.975
 31.305
 34.7707
 39.0896
 33.9853
 35.6371
 40.0375
 33.1964
 39.064
 33.9117
 33.5857
 38.2492
 35.3977
 37.7492
 36
 40.0874
 41.2189
 37.5233
 34.8425
 41.0731
 34.2053
 40.0999
 40.9023
 35.805
 33.0454
 36.1525
 36.4966
 29.95
 42.7785
 35.0428
 34.1906
 39.9625
 33.4365
 40.8289
 39.1535
 36.0278
 37.027
 40.9145
 40.9145
 37.1349
 39.1918
 37.0405
 41.9166
 41.6893
 37.7624
 42.6146
 37.4166
 40.7922
 38.6911
 41.0366
 39.3192
 41.7013
 38.223
 39.9625
 36.7696
 40.8534
 35.8748
 41.7852
 37.9868
 41.7373
 41.2795
 40.4722
 41.7133
 44.2832
 40.2741
 37.7227
 43.4511
 41.1461
 39.3827
 39.064
 41.8927
 39.9124
 40.9268
 40.9268
 36.5787
 40.0125
 36.6742
 41.6773
 37.108
 41.9166
 36.4555
 39.2683
 41.9404
 43.4511
 40.0375
 37.5899
 40.8534
 35.6511
 43.4166
 35.9026
 42.0476
 37.4032
 42.6146
 36.5377
 42.6028
 42.5441
 34.9428
 40.9512
 35.0286
 42.8719
 36.8511
 40.0749
 41.3038
 40.025
 44.5309
 43.4626
 40.8044
 42.5441
 38.2361
 38.223
 41.7013
 38.1969
 42.5793
 39.128
 40.8412
 39.95
 36.565
 39.128
 37.51
 40.8534
 36.8103
 41.2189
 36.9188
 45.8585
 37.9868
 37.9868
 42.107
 42.6028
 41.8688
 41.1218
 39.9625
 37.8286
 37.8286
 37.7359
 37.7359
 41.0488
 38.3406
 41.7852
 37.4299
 41.7732
 37.3898
 37.3898
 45.0222
 35.8887
 36.7151
 36.524
 36.524
 36.565
 47.3603
 41.821
 50.7839
 40.2616
 41.1461
 40
 48.6929
 40.2741
 39.281
 35.7631
 43.8748
 38.3797
 46.1736
 36.606
 47.7808
 36.5924
 44.3621
 41.7013
 38.6005
 37.0135
 37.0135
 37.0135
 37.1753
 48.9285
 48.9285
 48.9285
 48.9285
 48.9285
 43.0116
 40.6079
 43.4281
 41.4246
 41.4246
 40.9756
 40.9756
 40.1123
 26.9629
 55.5968
 40.9145
 40.9145
 39.2428
 39.2428
 39.128
 56.9912
 37.6431
 37.6431
 59.975
 59.975
 36.756
 36.756
 58.5918
 40.8534
 37.4299
 36.0139
 40.025
 40.025
 40.025
 37.51
 41.6893
 43.4856
 43.4856
 30.3645
 45.1553
 39.1408
 39.1408
 42.2966
 40.8044
 42.0357
 47.0638
 44.2945
 46.2817
 43.8406
 43.8406
 39.128
 39.128
 45.2769
 49.3964
 35.6651
 55.9106
 41.7852
 43.1277
 42.5911
 40.5339
 39.9625
 40.0874
 42.1307
 40.8167
 40.2119
 40.2119
 43.7264
 40.9023
 41.0488
 41.0488
 43.4626
 43.4166
 33.9559
 33.9559
 40.8289
 44.3734
 33.5857
 33.5857
 38.7427
 42.19
 39.975
 39.975
 42.7902
 42.7902
 41.5933
 41.5933
 42.0357
 42.5793
 40.7185
 40.7185
 28.0713
 42.1189
 40.8167
 40.8167
 29.1548
 29.1548
 42.5676
 41.6053
 42.638
 40.939
 34.5977
 24.454
 38.3145
 40.8534
 41.9166
 35.7211
 0
 43.8748
 42.5911
 38.704
 29.4618
 40.8534
 39.2683
 44.3396
 49.95
 0
 42.6263
 40.8779
 33.2866
 38.7298
 45.2217
 43.4396
 34.8999
 35.6371
 35.6371
 46.0543
 41.7013
 41.7013
 29.6142
 41.7133
 40.05
 46.0109
 33.9117
 41.7971
 40.8534
 46.8615
 35.623
 44.911
 38.3927
 36.4829
 39.9875
 42.6146
 39.4081
 41.4246
 37
 37
 28.688
 37.4299
 37.4299
 40.5093
 26.9444
 37.2156
 37.2156
 41.1096
 43.4741
 35.7491
 35.7491
 39.8873
 41.7253
 41.7253
 34.3511
 0
 40.8289
 43.8976
 40.3113
 40.3113
 37.108
 32.1559
 31.209
 32.3265
 32.3265
 42.7551
 36.4966
 35.6511
 35.6511
 41.7373
 41.7373
 35.426
 35.426
 35.2136
 37.3765
 43.566
 18.7083
 40.1497
 33.9264
 33.9264
 40.5339
 39.1535
 40.8289
 41.7493
 34.5832
 43.0233
 43.0233
 40.9512
 40.9512
 30.5614
 43.4281
 43.4281
 41.0488
 33.8821
 40.9023
 40.9023
 35.7771
 41.7612
 36.3318
 36.3318
 36.3318
 0
 36.3043
 36.3043
 29.5973
 29.5973
 37.7227
 37.7227
 37.7227
 0
 0
 45.1774
 41.7493
 41.7493
 36.2767
 0
 36.0971
 34.8138
 39.1024
 35.2846
 35.2846
 36.0278
 36.0278
 38.3927
 38.3927
 38.3927
 40.1622
 36.5787
 36.2215
 36.2215
 36.2215
 37.6563
 33.541
 34.7707
 33.2716
 36.5377
 36.5377
 31.305
 61.709
 61.709
 36.973
 0
 35.623
 61.2209
 35.7631
 36.2077
 36.2077
 29.9666
 30.3809
 29.1719
 29.1719
 43.7721
 31.0483
 32.9242
 44.6654
 32.0312
 42.2966
 35.5809
 35.5809
 35.5809
 34.1467
 34.1467
 34.1467
 42.5911
 42.5911
 42.5911
 42.5911
 34.9142
 45.3542
 45.3542
 45.3542
 37.1483
 37.1483
 0
 0
 35.2987
 39.4842
 39.4842
 36.524
 36.524
 30.6757
 34.2929
 32.7414
 37.1618
 37.1618
 32.9848
 37.7492
 37.7492
 37.4299
 34.7851
 34.8999
 34.8999
 44.3058
 33.0303
 36.3043
 41.8808
 33.9117
 41.2916
 41.2916
 41.7373
 33.0908
 0
 0
 0
 33.9117
 33.9117
 41.4005
 41.4005
 41.4005
 41.4005
 41.5933
 41.5933
 0
 39.5601
 37.2827
 37.2827
 31.9531
 43.7035
 0
 37.5633
 37.5633
 23.1733
 23.1733
 23.1733
 36.0139
 39.1535
 37.7094
 26.0192
 36.9865
 36.9865
 36.9865
 40.8779
 35.609
 35.609
 35.609
 24.6577
 24.6577
 41.5692
 32.2335
 25.2785
 25.2785
 25.2785
 25.2785
 32.7261
 29.9833
 29.9833
 24.0208
 24.0208
 0
 36.1801
 0
 32.7109
 32.7109
 34.8425
 35.5809
 23.6643
 23.6643
 23.6643
 23.6643
 36.0139
 21.7486
 36
 35.1568
 35.1568
 35.1568
 21.7486
 36.3456
 38.0789
 38.0789
 38.0789
 21.7256
 21.7256
 21.7256
 38.1314
 38.1314
 0
 25.2389
 38.9615
 38.9615
 38.7685
 38.7685
 38.7685
 42.3792
 22.5167
 22.5167
 38.6523
 38.6523
 38.3014
 36.3456
 21.7025
 21.7025
 21.7025
 21.7025
 39.3446
 39.3446
 21.166
 21.166
 30.8707
 40.3856
 36.2629
 36.2629
 36.2629
 21.3307
 38.6782
 38.6782
 36.4555
 36.4555
 35.1141
 21.8861
 21.8861
 34.6121
 34.6121
 34.6121
 34.6121
 34.6121
 34.6121
 34.6121
 34.6121
 34.6121
 34.6121
 34.6121
 34.6121
 34.6121
 34.6121
 34.6121
 36.565
 36.565
 36.565
 0
