 26.0384
 27.1293
 16.8819
 22.7596
 25.632
 25.632
 13.5647
 10.583
 16.4924
 14.9666
 14.7648
 15.6205
 13.1529
 11.225
 9.69536
 17.088
 14.7309
 19.1833
 17.088
 20.2485
 18.412
 21.5407
 23.4521
 18.735
 21.9317
 25.7876
 20.9762
 15.3623
 22.2261
 19.3907
 20.2237
 16.4621
 14.8324
 17.5214
 8.66025
 14.8661
 9.8995
 13.8564
 10.4881
 16.1245
 8.83176
 8.83176
 10.3923
 18.6548
 9.84886
 8.18535
 20.4939
 11.2694
 16.7929
 12.1244
 18.2483
 19.5959
 19.975
 11.3137
 17.1172
 19.105
 12.4097
 11.2694
 21.5174
 12.49
 0
 19.6723
 0
 20.199
 17.8606
 0
 18.735
 17.2916
 0
 16.7033
 17.9165
 12.1244
 17.8885
 11.3137
 17.9165
 14.8324
 20.2485
 20.3224
 17.4929
 21.7715
 16.5529
 24.3105
 12.7671
 20.8567
 12.4499
 20.7605
 12.4097
 23.3452
 17.3205
 16.4621
 16.7631
 20.5426
 12.1244
 10.3923
 20.9284
 16.5831
 23.1301
 21.1424
 21
 20.6398
 23.1084
 11.3137
 25.7682
 22.2486
 12.2474
 22.891
 0
 24.2074
 13.9284
 20.0499
 18.0831
 13
 20.9523
 11.2694
 22.1359
 15.6205
 23.0651
 20.9045
 23.6854
 24.0832
 23.9583
 21.4476
 25.0599
 14.2829
 25.9037
 13.9284
 25.5147
 27.7489
 14.0357
 17.2916
 15.6525
 12.1655
 18.4391
 9
 17.1172
 16.8226
 21.7486
 22.2935
 22.8035
 21.3542
 25.7488
 27.6948
 28.3549
 25.3574
 17.1464
 13.0384
 25.0599
 8.30662
 26.3439
 14.7986
 20.0749
 18.3576
 13.9642
 10.4881
 20.6155
 16.4924
 18.5472
 21.9317
 25.4951
 27.0924
 22.1133
 27.4955
 26.096
 27.9464
 26.0384
 20.2978
 26.5707
 24.1868
 13.1909
 12.6095
 20.8567
 13.0384
 15.7162
 8.88819
 19.1311
 20.6398
 15.6525
 23.4094
 24.8596
 23.6854
 26.533
 26.533
 28.9655
 26.7769
 28.1957
 26.9629
 28.4429
 20.9523
 26.4008
 21.5174
 12.8452
 14.3178
 14
 19.1833
 9.8995
 15.1327
 21.095
 25.807
 23.6008
 23.7276
 26.4575
 22.9347
 26.2679
 27.8209
 27.258
 29.1719
 27.9821
 29.8831
 27.0185
 23.7065
 27.1662
 20.8806
 14.7309
 25.1197
 11.0905
 15.6205
 9.74679
 14.3178
 14.7648
 17.3781
 22.6053
 22.5167
 23.7487
 23.5797
 29.1033
 29.0345
 29.6648
 30.7896
 27.9821
 31.6228
 29.4958
 28.775
 25.2587
 20.347
 14.2829
 18.2209
 12.2474
 11.8322
 15.4919
 12.8841
 23.4521
 20
 22.561
 25.04
 25.6515
 26.096
 31.5436
 30.2159
 29.6816
 31.607
 29.9333
 29.4618
 26.9629
 29.4109
 19.975
 19.9499
 18.1384
 11.7898
 15.4919
 14.5258
 16.7033
 20.8806
 20
 25.0599
 25.5147
 24.1661
 26.8514
 29.4109
 30.9031
 29.1376
 29.1548
 30.7734
 26.4008
 28.688
 27.2029
 21
 21
 19.8242
 19.8242
 19.8242
 24.3105
 22.4054
 17.4642
 24.454
 21.7486
 26.1534
 24.5357
 23.5372
 24.7184
 29.1376
 20.3961
 27.7308
 24.0416
 30.4302
 22.0227
 31.3369
 9.79796
 28.0179
 0
 15.6525
 15.6525
 17.088
 17.4356
 24.2074
 20.025
 0
 24.2899
 0
 28.931
 24.454
 24.454
 27.2947
 30.692
 20.3961
 20.3961
 20.3961
 29.5127
 29.6142
 35.623
 0
 13.4164
 35.242
 23.2164
 33.9706
 18.412
 30.692
 11.6619
 11.6619
 17.8606
 28.688
 22.1133
 33.4813
 20.0499
 26.1534
 16.4317
 27.8568
 29
 25.2982
 33.7046
 30.0832
 30.0832
 32.5883
 0
 31.4643
 11.5758
 0
 33.0606
 0
 0
 15.9687
 29.6479
 9.84886
 27.9821
 0
 17.8045
 17.8045
 17.8045
 17.8045
 20.8567
 20.3224
 20.3224
 26.7955
 0
 22.7816
 20.445
 25.3377
 25.3377
 25.3377
 25.3377
 28.4429
 28.4429
 28.4429
 28.4429
 27.8927
 30.1496
 21.1187
 29.1033
 0
 30.9354
 33.7787
 22.0907
 0
 30.2985
 21.7486
 33.7491
 0
 25.3772
 18.6011
 34.6121
 15.6525
 21.9773
 32.28
 17.2337
 27.7849
 26.1534
 0
 21.9317
 42.3084
 33.9559
 15.4919
 22.7376
 19.8242
 36.2215
 14.7986
 20.9045
 29.4788
 21.9773
 23.622
 25.7099
 0
 23
 27.7669
 24.0624
 0
 24.3516
 28.0891
 28.0891
 0
 33.7491
 24.1247
 28.5657
 0
 27.1846
 20.9284
 35
 0
 21
 34.5832
 25.1992
 0
 31.9061
 25.04
 21.7715
 0
 26.9629
 17.6352
 30.692
 27.8388
 27.8388
 23.1084
 33.1964
 23.4734
 21.5174
 30.2324
 21.7256
 31.1127
 20.0749
 22.7156
 26.7769
 22.383
 0
 21.7256
 22.6053
 21.7025
 6.9282
 26.1916
 25.3772
 20
 23.8328
 0
 24.6577
 27.4226
 33.3467
 16.2788
 31.1288
 22.6495
 29.5466
 16.3707
 0
 34.4529
 21.1424
 29.2062
 22.7156
 22
 26.1534
 35.1994
 25.7099
 24.4745
 23.7065
 34.0881
 24.6171
 28.3373
 22.2486
 23.1517
 23.1517
 25.632
 21.7256
 27.8388
 27.8388
 23.622
 22.6053
 25.807
 28.2489
 20.6398
 18.4662
 26.3249
 29.95
 21.2838
 16.2788
 16.2788
 28.4429
 7.93725
 8.77496
 26.2298
 26.2298
 26.2298
 24.5967
 27.6406
 18.1384
 0
 29.9333
 31.1288
 31.1288
 22.1359
 28.9482
 27.037
 17.9165
 21.9317
 24.8395
 37.6563
 0
 23.7065
 26.5141
 7.81025
 18.1384
 38.7169
 38.7169
 21.7256
 21.7256
 23.7276
 23.7276
 23.7276
 23.7276
 22.7816
 19.2094
 19.2094
 14
 20.5183
 22.2711
 22.2711
 29.0689
 14.2478
 22.1585
 20
 20.0499
 24.2074
 23.388
 21.0238
 21.4243
 27
 0
 0
 0
 21.7486
 10.1489
 10.1489
 28.6007
 0
 30.8221
 0
 6.245
 22.8035
 22.3159
 32.3574
 18.2209
 0
 21.6795
 25.5147
 18.4391
 16.7631
 27.4591
 22.2036
 20.3224
 21.1424
 24.5357
 24.5561
 20.9523
 25.1595
 52.9906
 21.0713
 26.5895
 21.7486
 20.2978
 34.2199
 34.2199
 23.388
 18.2483
 19.2094
 32.619
 0
 17.3781
 0
 30.7571
 24.0832
 18.4391
 22.6274
 22.6274
 11.8322
 25.3772
 24.1661
 19.2873
 31.749
 27.0555
 30.4138
 21.8403
 9.79796
 25.7488
 19.0263
 14.1421
 24.5357
 24.5764
 20.6155
 25.6125
 25.8457
 25.8457
 27
 18.1384
 22.9565
 25.8263
 25.8263
 17.9165
 19.975
 32.28
 0
 0
 20.8567
 23.0434
 30.1164
 24.6982
 32.0624
 11.3137
 23.1301
 20.567
 23.4094
 28.7228
 16.8523
 21.7256
 19.6723
 29.2575
 28.3019
 17.088
 17.8885
 26.1151
 17.4642
 22.2486
 9.38083
 17.5214
 30.4138
 18.2483
 29.5296
 29.5296
 0
 19.0526
 14.5258
 22.7596
 30.545
 33.9264
 22.1359
 25.5343
 21.0238
 33.7935
 23.622
 0
 20.3224
 21.9089
 23.8118
 23.8118
 27.2764
 27.2764
 21.4942
 21.0238
 14
 21.6795
 17.2337
 21.0238
 19.8242
 17.4642
 18.5472
 22.2261
 24.1454
 21.1424
 28.2135
 24.0416
 22.9783
 19.2354
 19.3907
 11.2694
 21.4942
 25.807
 18.5472
 27.2029
 20.4695
 24.0208
 20.2731
 15.6525
 25.5734
 18.2483
 23.2594
 0
 24.3516
 24.3516
 61.9677
 26.2488
 20.1742
 20.1742
 17.8606
 18.6011
 27.2764
 15.7162
 16
 15.4919
 26.8514
 18.6279
 29.7321
 15.5242
 14.3875
 24.98
 19.6469
 26.2298
 15.1658
 16
 16.5227
 30.6431
 21.5407
 29.1204
 0
 18.7617
 23.3024
 15.9374
 26.5141
 31.3369
 21.5639
 28.9828
 20.2485
 28.3196
 22.9347
 19
 20.7605
 22.6274
 15.748
 26.1151
 0
 26.5707
 21
 21
 21
 22.9347
 20.025
 24.3105
 27.6948
 18.2209
 17.4069
 6.9282
 22.9783
 23.6432
 24.4745
 11.2694
 20.8806
 20.8806
 17.2047
 19.8242
 27.6406
 28.0357
 23.8747
 18.735
 13.2665
 22.1359
 29.9833
 18.412
 20.199
 21.7025
 21
 29.95
 16.5529
 21.4243
 21.0238
 19.7737
 28.9137
 0
