 20.8567
 20.0749
 13.9284
 10.583
 16.3095
 0
 0
 0
 20.6882
 20.6882
 21.1896
 21.1896
 23.8537
 22.6053
 21
 21.9089
 18.412
 15.748
 19.2614
 16.4621
 16.4621
 20.8806
 20.8806
 20.8806
 20.8806
 20.8806
 20.8806
 20.8806
 20.8806
 20.9284
 20.9284
 20.9284
 19.2614
 22.561
 21.7256
 21.7256
 23.9165
 24.1661
 20.4939
 20.4939
 22.8254
 23.4307
 21.4243
 21.4243
 21.7486
 23.0651
 23.0651
 20.5913
 19.3907
 21.4709
 21.4709
 21.2838
 21.3073
 20.4695
 20.4695
 20.4695
 20.4695
 19.6214
 19.6214
 19.6214
 19.6214
 19.6214
 19.6214
 19.6214
 19.5192
 19.5192
 19.5192
 19.5192
 19.5192
 19.5192
 19.5192
 19.5192
 19.5192
 23.622
 23.622
 21.7486
 21.7486
 24
 24
 23.4094
 23.4094
 23.4094
 19.0788
 19.0788
 19.799
 19.799
 16.4621
 23.388
 18.303
 28.3549
 18.3848
 17.4642
 29.0861
 27.6043
 27.6043
 24.0416
 24.0416
 22.1133
 22.1133
 22.1133
 23.1948
 23.1948
 23.1948
 23.1948
 23.1948
 23.1948
 23.1948
 23.1948
 18.3303
 20.0499
 30.5614
 30.2159
 21.1187
 28.7402
 28.7402
 27.7489
 27.7489
 27.8029
 27.8029
 29.5804
 29.5804
 29.5804
 33.2566
 33.2566
 33.2265
 33.2265
 33.2265
 33.2265
 25.04
 34.7707
 20.0749
 20.0749
 22.5167
 34.0294
 23.0868
 30.5614
 30.5614
 30.5614
 30.5614
 34
 34
 33.9264
 33.9264
 34.8425
 34.8425
 34.8425
 35.426
 27.9643
 27.9643
 27.5681
 34.7419
 23.0217
 35.2987
 34.7419
 34.7419
 34.7419
 34.7419
 34.8281
 34.8281
 34.8281
 36.5377
 35.6931
 35.6931
 35.6931
 35.6931
 35.6931
 35.6931
 35.6931
 30.7896
 29.8161
 29.8161
 35.2987
 31.5753
 35.6371
 32.4191
 34.0734
 35.609
 33.541
 33.541
 33.541
 33.3167
 37.3497
 34.2491
 32.8938
 37.4433
 34.5543
 37.7359
 32.4962
 39.4081
 39.4081
 36.2767
 34.5977
 38.6782
 34.3948
 37.7227
 37.7227
 35.805
 31.4643
 35.2846
 35.6371
 28.4605
 41.6653
 34.3366
 34.3366
 38.3927
 34.1174
 39.2301
 39.2301
 35.171
 35.6511
 39.2046
 39.2046
 39.2046
 37.7227
 37.7227
 37.7227
 37.7227
 37.7227
 39.1152
 34.1028
 37.3631
 37.855
 34.7419
 37.4166
 36.6879
 37.51
 39.0896
 37.0405
 37.0405
 34.1174
 34.1174
 33.1059
 33.1059
 38.8458
 39.6863
 38.2623
 41.7013
 41.7013
 36.3593
 36.3593
 39.975
 38.8201
 36.647
 41
 36.7287
 36.7287
 40.8534
 40.8534
 40.8167
 31.4325
 31.4325
 33.5112
 37.4566
 36.2629
 39.0384
 39.0384
 39.0384
 39.0384
 39.0384
 39.975
 39.975
 39.975
 35.9305
 41.1218
 36.5513
 40.0375
 40.0375
 41.7253
 42.5676
 42.5676
 38.5097
 38.5097
 38.5097
 38.5097
 38.5097
 38.5097
 38.5097
 38.5097
 39.1024
 40
 40
 40
 40
 40.8412
 40.8412
 40.8412
 38.2361
 38.2361
 38.2361
 38.2361
 38.2361
 38.2361
 38.2361
 37.4967
 40.4228
 40.4228
 40.4228
 37.6431
 0
 0
 0
 0
 0
 0
 0
 0
 0
 0
 0
 0
 0
 0
 0
 0
 0
 0
 0
 0
 0
 0
 0
 47.9062
 47.9062
 47.4552
 47.4552
 47.4552
 47.4552
 49.5278
 40.4351
 39.2046
 39.2046
 42.0238
 42.0238
 42.0238
 38.3927
 47.9479
 47.9479
 47.9479
 47.9479
 47.9479
 47.9479
 54.0555
 54.0555
 54.0555
 54.0555
 54.0555
 54.0555
 54.0555
 54.0555
 40.2989
 40.2989
 40.2989
 40.2989
 0
 39.5854
 0
 0
 26.0768
 56.3116
 39.5221
 27.8209
 27.8209
 0
 0
 0
 0
 0
 0
 0
 0
 0
 0
 0
 0
 0
 37.3765
 37.3765
 0
 0
 0
 43.4856
 0
 0
 0
 0
 0
 0
 0
 0
 0
 0
 0
 0
 0
 0
 0
 0
 0
 0
 0
 0
 0
 0
 0
 41.9166
 41.9166
 41.9166
 41.9166
 37.6165
 0
 0
 0
 0
 0
 0
 0
 0
 0
 0
 0
 0
 0
 0
 0
 0
 0
 0
 0
 0
 0
 0
 0
 0
 0
 28.2489
 28.2489
 28.2489
 28.2489
 28.2489
 28.2489
 28.2489
 28.2489
 28.2489
 28.2489
 28.2489
 22.8254
 22.8254
 22.8254
 22.8254
 22.0907
 0
 0
 0
 0
 0
 0
 0
 0
 0
 0
 0
 0
 0
 0
 0
 0
 0
 0
 0
 0
 0
 0
 0
 0
 0
 0
 0
 0
 0
 0
 0
 0
 0
 0
 0
 0
 0
 0
 0
 0
 0
 0
 0
 0
 0
 0
 0
 0
 0
 0
 38.5227
 38.5227
 38.5227
 38.5227
 38.5227
 0
 0
 0
 0
 0
 0
 0
 32.0156
 32.0156
 32.0156
 43.6005
 43.6005
 43.6005
 43.6005
 43.6005
 0
 0
 0
 0
 0
 0
 17.4929
 17.4929
 17.4929
 17.4929
 17.4929
 17.4929
 17.4929
 17.4929
 17.4929
 17.4929
 17.4929
 17.4929
 17.4929
 17.4929
 17.4929
 17.4929
 17.4929
 17.4929
 17.4929
 17.4929
 17.4929
 17.4929
 17.4929
 17.4929
 0
 0
 0
 0
 28.6531
 28.6531
 28.6531
 0
 36.5377
 0
 0
 0
 0
 36.4966
 36.4966
 0
 0
 0
 0
 0
 0
 0
 0
 0
 0
 0
 0
 0
 0
 0
 0
 0
 0
 0
 0
 0
 0
 0
 0
 0
 0
 0
 0
 0
 0
 0
 0
 0
 0
 0
 0
 0
 0
 0
 0
 0
 0
 0
 0
 0
 0
 0
 0
 0
 0
 0
 0
 0
 0
 0
 0
 0
 0
 0
 0
 0
 0
 39.4462
 39.4462
 39.4462
 39.4462
 39.4462
 39.4462
 39.4462
 39.4462
 39.4462
 39.4462
 39.4462
 39.4462
 39.4462
 39.4462
 39.4462
 39.4462
 39.4462
 39.4462
 39.4462
 39.4462
 39.4462
 39.4462
 39.4462
 39.4462
 0
 0
 0
 0
 0
 0
 0
 0
 0
 0
 0
 0
 0
 0
 0
 0
 0
 0
 0
 0
 24.3311
 24.3311
 24.3311
 24.3311
 24.3311
 24.3311
 26.0768
 26.0768
 26.0768
 26.0768
 26.0768
 26.0768
 26.0768
 26.0768
 24.5561
 24.5561
 24.5561
 24.5561
 26.8887
 26.8887
 26.8887
 26.8887
 26.8887
 26.8887
 26.8887
 23.7276
 23.7276
 0
 0
 0
 0
 0
 0
 0
 25.2785
 25.2785
 25.2785
 25.2785
 25.2785
 22.5832
 22.5832
 22.5832
 22.5832
 22.5832
 22.6053
 22.6053
 22.6053
 22.6053
 22.6053
 21.7945
 21.7945
 34.8138
 34.8138
 34.8138
 0
 26.9072
 26.9072
 26.9072
 26.9072
 26.9072
 26.9072
 26.9072
 23.1517
 23.1517
 23.1517
 23.1517
 23.1517
 23.1517
 21.5407
 21.5407
 0
 0
 0
 0
 21.7256
 21.7256
 21.7256
 21.7256
 21.7256
 21.7256
 21.7256
 21.8174
 21.8174
 21.8174
 21.8174
 21.8174
 21.8174
 22.6053
 22.6053
 22.6053
 22.6053
 22.6053
 22.6053
 22.6053
 22.6053
 22.6053
 22.6053
 22.6053
 22.6053
 22.6053
 22.6053
 22.6053
 22.6053
 22.6053
 22.6053
 22.6053
 22.6053
 0
