 10.0995
 7.34847
 13.5277
 11.2694
 6.9282
 6.9282
 16.2481
 16.7033
 19.0526
 15.1658
 19.3907
 20
 19.0788
 19.0263
 17.8885
 16.0312
 16.7033
 15.9687
 18.2483
 16.4317
 19.0263
 20
 20.664
 17.5784
 16.6733
 19.5192
 16.0312
 14.1067
 15.1987
 18.4391
 15.5242
 14.4222
 17.2047
 19.799
 13.8924
 18.3848
 18.3576
 20.2978
 13.8924
 15.6525
 17.9165
 20.2485
 14.7309
 14.6969
 19.4936
 19.0526
 12.8841
 13.9284
 17.5784
 15.6525
 14.8997
 16.7929
 20.025
 15.6205
 19.0788
 18.9737
 15.9687
 16.4924
 20.5913
 19
 0
 18.1934
 0
 20.2485
 14.7648
 0
 19.6723
 15.9687
 15.9687
 20.6882
 16.6733
 18.3303
 16.9115
 19.799
 17.8885
 20.2978
 14.9666
 19.4936
 16.7929
 21.4476
 19.0526
 20.6398
 19.2873
 22.9565
 19.2614
 23.8328
 17.8885
 18.6815
 15.1658
 21.7945
 17.4356
 16.7033
 22.9347
 21.9545
 18.2483
 21.7256
 16.3707
 21.166
 15.1327
 19.7484
 21.9317
 22.3607
 24.6982
 23.622
 22.9347
 22.9347
 22.9347
 22.9129
 16.7631
 17.5499
 23.6854
 23.9165
 19.5192
 22.8473
 17.8885
 21.9773
 20.664
 22.1133
 20.1742
 22.2036
 19.4679
 20
 27.1846
 22.6495
 25.7099
 21.4009
 25.8263
 22.561
 22.2261
 26.5895
 19.8746
 26.6271
 21.9089
 26.7021
 22.561
 23.8956
 21.4243
 22.6495
 22.2486
 27.4044
 19.8242
 24.0416
 18.3576
 25.4558
 22.891
 21.7945
 25.2982
 22.7816
 23.9374
 23.6008
 23.9165
 18.4391
 26.1343
 26.9629
 22.3159
 27.4226
 21.9773
 27.1662
 21.7256
 21.9773
 28.7576
 27.2764
 22.2486
 21.4709
 27.313
 23.1301
 26.9629
 27.8568
 24.1868
 23.6643
 27.9821
 27.6043
 23.9374
 28.4605
 22.8254
 24.0832
 27.4591
 24.454
 25.318
 27.9285
 22.1811
 27.1662
 27.5681
 23.9165
 28.3019
 24.1868
 27.6225
 24.2487
 28.8791
 28.0357
 26.6458
 23.6854
 28.8617
 26.9258
 29.4958
 31.0322
 25.7488
 23.5797
 26.4008
 27.0555
 22.5389
 30.4467
 26.7582
 26.5707
 29.7993
 27.7489
 29.7489
 28.8617
 28.3549
 28.0357
 31.1929
 8.24621
 27.4773
 27.8209
 28.3373
 28.6356
 30.692
 28.2843
 30.8383
 27.1662
 29.1204
 26.9815
 27.8209
 28.7228
 28.7924
 25.9422
 29
 25.0799
 28.8617
 27.4591
 29.0345
 26.6458
 28.4956
 29.1204
 28.3019
 28.6705
 32.0312
 27.8029
 28.8791
 33.0908
 28.7228
 28
 27.4408
 28.8097
 27.5681
 29.1376
 28.7576
 26.7769
 27.9285
 27.8209
 28.775
 30.4631
 29.1376
 26.7955
 27.8029
 28.4429
 31.607
 30.3645
 26.7582
 29.1548
 28.2666
 31.8119
 28.4253
 32.1714
 28.0179
 32.2955
 28.4253
 30.6105
 30.4795
 26.3249
 28.4605
 26.6083
 30.1164
 28.4605
 28.2489
 27.8209
 27.8568
 32.8938
 32.2955
 30.315
 29.1548
 29.1204
 28.4429
 29.1376
 27.4226
 29.9666
 29.2916
 31.289
 28.7054
 29.1376
 26.9815
 28.8791
 28.0179
 29.3939
 29.1376
 28.0713
 34.6266
 29.0861
 29.0861
 31.5911
 30.3809
 32.4191
 31.0483
 29.2916
 28.6182
 28.6182
 26.7769
 26.7769
 28.6531
 27.6043
 33.1059
 28.7402
 28.7054
 28.6356
 28.6356
 33.3317
 26.9815
 28.4253
 33.5559
 0
 27.0555
 34.176
 29
 36.9053
 29.1204
 30.5123
 29.0172
 29.5635
 29.3258
 27.9464
 28.4253
 29.5635
 27.0185
 28.6531
 27.5681
 34.3074
 27.8388
 30.4467
 31.273
 27.8209
 27.9285
 34.7419
 34.7419
 26.9815
 32.1559
 0
 32.2645
 0
 0
 31.0322
 31.8591
 30.5123
 30.8707
 30.8707
 32
 32
 29.7658
 14.7986
 27.6406
 32.1403
 19.105
 31.7175
 31.7175
 31.289
 50.3587
 30.348
 30.348
 49.4975
 49.4975
 28.4781
 28.4781
 49.1019
 31.3209
 29.2916
 27.2764
 28.9828
 32.1403
 0
 27.2029
 31.305
 33.4365
 33.4365
 28.0535
 32.4037
 29.6816
 0
 28.2843
 29.2746
 31.3847
 28.0535
 31.305
 33.1059
 30.9839
 28.8617
 28.1425
 28.1425
 31.4802
 8.77496
 28.688
 49.0714
 33.4365
 27.8029
 29.5973
 28.4429
 34.5254
 28.0535
 28.2843
 33.5708
 27.4226
 27.4226
 30.133
 33.121
 27.8029
 0
 33.5857
 30.4138
 28.6705
 0
 28.7228
 31.686
 31.1448
 0
 30.5614
 33.7639
 30.4138
 0
 31.0483
 29.5466
 28.4605
 0
 32.3419
 29.0517
 28.0357
 0
 22.561
 32
 28.7054
 32.2335
 20
 32.5883
 29.5635
 29.1033
 30.6268
 27.9106
 28.0535
 17.3781
 28.8097
 31.5595
 29.6142
 19.1572
 0
 31.0322
 33.0606
 27.5681
 19.5704
 33.3017
 26.9815
 31.9061
 23.6432
 0
 34.1614
 31.3209
 26.1151
 18.412
 32.2025
 34.0881
 27.2397
 25.5343
 0
 32.1559
 32.6956
 27.1662
 21
 29.6311
 27.6043
 31.273
 25.5147
 29.2062
 26.9444
 33.0454
 27.8388
 31.496
 30.2324
 27.9285
 25.5734
 28.7054
 29.3939
 30.4631
 20.8806
 27.4955
 20.8567
 27.8209
 32.6956
 28.6531
 17.5784
 27.0185
 32.2335
 27.1293
 31.686
 22.5832
 32.2025
 26.5707
 31.4166
 32.2335
 32.2335
 32.2335
 31.5595
 32.6956
 30.8707
 30.8707
 25.0599
 27.1662
 22.2711
 25.4165
 27.3861
 29.7825
 27.8747
 25.865
 26.7769
 28.775
 28.775
 25.9037
 27.1293
 27.0555
 28.4429
 30.5287
 10.3441
 27.8029
 24.454
 26.533
 32.1403
 27
 28.6705
 29.9666
 26.0576
 33.0151
 25.2389
 28.9482
 25.1595
 22.561
 30.1828
 22.6936
 29.0861
 25.0599
 27.6043
 32.7109
 26.0576
 29.3769
 25.0998
 29.8496
 29.8496
 0
 27.1477
 31.7175
 18.5203
 27.5681
 26.4197
 0
 31.5753
 0
 21.9089
 33.3017
 29.1548
 28.8791
 22.6936
 0
 23.8118
 28.3196
 27.8029
 25.2587
 28.2666
 25.0599
 28.2666
 28.688
 30.7083
 23.4734
 28.2489
 26.9629
 26.3249
 22.891
 28.8617
 26.9444
 23.1301
 26.9815
 20.9523
 28.6356
 25.0599
 22.6274
 48.9694
 48.9694
 48.9694
 48.9694
 26.1916
 49.6689
 23.9792
 27.8568
 27.8568
 20.664
 21.7486
 18.9737
 28.8444
 28.688
 22
 20.0749
 31.4484
 22.3159
 28.2666
 23.8328
 29.8161
 32.665
 24.3721
 24.4745
 24.4745
 34.0441
 22.8035
 28.688
 27.9285
 25.318
 33.5857
 24.3721
 26.9444
 24.8797
 28.6531
 28.6531
 28.6531
 25.0799
 32.0156
 28.8271
 27
 27
 21.095
 24.0208
 24.4336
 31
 26.3818
 22.9783
 28
 23.0868
 23.4307
 26.096
 23.6854
 25.0599
 29.3087
 22.5832
 26.5518
 27.8209
 25.219
 28.6705
 24.1868
 24.1868
 23.8328
 23.8328
 26.6833
 22.8692
 24.5561
 28.688
 31.241
 27.7308
 28.7924
 24.8797
 31.273
 23.4521
 0
 28.7402
 25.3772
 29.7321
 23.4734
 32.3419
 0
 28.0357
 28.4077
 17.4642
 27.8747
 23.5584
 23.5797
 32.5269
 26.2679
 20.1246
 26.4386
 30.1662
 26.1534
 28.7576
 22.6274
 30
 27.1846
 19.2614
 25.0799
 28.4781
 21.9089
 18.3303
 29.5127
 23.6854
 26.6646
 24.2281
 22.8254
 27.8388
 18.303
 29
 0
 0
 0
 22.7816
 29.4958
 26.4197
 27.7849
 20.2237
 22.8473
 29.3258
 23.8537
 25.8263
 16.0312
 28.8444
 24.4949
 29.5296
 23.388
 15.843
 25.02
 27.3496
 28.7228
 21.7025
 15.0333
 26.9258
 29
 25.8844
 25.8844
 25.8844
 19.799
 26.4386
 21.8403
 29.6479
 32.6956
 32.6956
 33.4066
 17.3494
 29.5127
 24.3105
 21.8403
 26.1343
 26.7955
 18.2757
 33.0606
 33.0606
 33.0606
 33.0606
 33.0606
 15.748
 26.4197
 24.1039
 28.6531
 29.1204
 22.7816
 26.4386
 17.7482
 25.4951
 33.2866
 25.4362
 22.6274
 24.8596
 17.8885
 27.5862
 26.1343
 25.593
 29.7153
 28.0357
 25.2587
 24.2281
 24.8395
 29.1033
 22.7816
 28.6531
 27.8029
 28.2666
 28.2843
 27.6948
 27.6948
 27.037
 21.8174
 21.8174
 21.8174
