 9.79796
 11.225
 14.1067
 15.3623
 7.81025
 7.81025
 18.3303
 20.8806
 21.9773
 24.6171
 26.0384
 28.3019
 24.454
 30
 21.1424
 25.2785
 15.4596
 17.8045
 14.9332
 11.0905
 11.0905
 10.0499
 9.21954
 11.225
 11.2694
 12.9228
 7.81025
 12.6095
 7.4162
 12.4097
 9.32738
 10.4403
 13.4536
 14.5945
 6.9282
 13.1529
 17.6068
 17.3205
 6.55744
 9.53939
 20.6398
 21.4243
 7.34847
 12.4097
 19.0263
 22.1359
 11.6189
 6.245
 13.7113
 7
 15.6205
 21.6102
 13
 6.48074
 18.5203
 9.11043
 21.7715
 6.16441
 10.3923
 20.0998
 0
 10.3923
 0
 13.1909
 11.3137
 0
 15.9687
 10.4403
 0
 15.9374
 11
 19.5192
 12.0416
 19.7737
 13.5647
 17.1756
 16.7631
 13.7113
 10.0995
 13.5647
 15.6205
 9.79796
 17.0587
 15.5563
 20.6155
 10.9545
 15.5242
 10.0995
 12.3288
 11.3578
 12.3288
 10.3441
 20.3224
 20.4939
 9.84886
 17.8326
 8.66025
 14.8997
 8.88819
 12.8452
 14.6969
 14.7648
 12.4499
 12.49
 20.9762
 12.3288
 0
 11.7898
 12.3693
 11.1355
 13.5647
 17.2627
 12.8841
 20.9045
 9.79796
 19.6214
 9.27362
 15.4272
 9.21954
 15.1987
 11.225
 12.7671
 13.5647
 14.7648
 14
 16.0312
 10.4881
 11.6619
 19.0263
 17.5214
 15.1987
 19.7737
 15.9687
 22.7376
 13.4907
 18.4662
 9.84886
 14.9332
 11.7473
 21.4009
 11.2694
 11.2694
 9.16515
 13.7113
 14.2127
 14.7309
 12.7671
 20.2731
 14.4222
 19
 13.5647
 14.4222
 19.6977
 22.6936
 16
 20.9523
 11.1355
 19.1572
 9.84886
 8.94427
 18.6279
 14
 9.38083
 11.6619
 14.7986
 13.0384
 14.7309
 16.3401
 16.6733
 20.2485
 18.7617
 19.6977
 16.0312
 25.7876
 13.4536
 14.2478
 23.9583
 12.49
 17.5499
 18.2757
 18.2757
 15.9374
 27.258
 14
 18.412
 13.7113
 16.7631
 17.2047
 17.8326
 19.7737
 23.3452
 19.7484
 22.2711
 19
 28.2312
 25.8263
 14.7309
 15.1658
 16.6132
 18.7617
 13.5647
 20.6398
 15.1658
 27.9643
 16.4621
 24.454
 20.2485
 16
 15.9374
 17.1172
 17.8885
 17.8885
 19.6214
 17.8606
 22.1133
 23.3024
 25.219
 22.9129
 22.8473
 16.6733
 21.2132
 16.5831
 14.6969
 16.7332
 15.9374
 16.4621
 19.7484
 16.7631
 15.1327
 20.5913
 16.2788
 14.3875
 16.7631
 19.2614
 19.105
 20.2978
 25.2785
 20.9284
 19.6723
 26.096
 19.6723
 17.1756
 15.1987
 18.6548
 13.7113
 15.9687
 16.7631
 21.3542
 15.1987
 37.7227
 14.9666
 44.317
 17.1172
 12.8841
 18.6548
 21.5639
 25.9037
 24.1661
 22.7156
 25.8457
 17.6068
 22.7816
 17.8606
 20.9284
 15.1327
 17.8885
 20.1742
 17.8885
 24.4336
 36.9865
 14.1421
 39.5348
 17.5784
 33.8674
 17.088
 20.9523
 18.8149
 27.6586
 25.2587
 23.5797
 21.4942
 21
 20.6882
 19.7737
 15.1987
 16
 17.4929
 19.1833
 16.4317
 20
 13
 39.6611
 15.1658
 22.9347
 22.891
 18.6011
 32.5576
 16.8523
 16.8523
 21.7025
 25.219
 29.1204
 23.8747
 19.7484
 19.6723
 0
 20.5183
 0
 20.6155
 15.1658
 15.1658
 19
 19
 15.6205
 0
 19.4936
 14.8997
 14.8997
 28.8791
 0
 14.3875
 36.8511
 15.6844
 37.7492
 22.6274
 34.7275
 24.8797
 15.1327
 24.3311
 16.7033
 18.7883
 18.2757
 16.7033
 18.2757
 15.1327
 20.199
 17.1756
 18.1384
 21.9545
 21.9545
 21.9545
 32.619
 0
 32.3883
 33.0757
 0
 28.4605
 0
 0
 20.2731
 13.5647
 23.6008
 17.2337
 0
 28.0179
 28.0179
 20.2731
 20.2731
 17.2627
 24.1247
 10.583
 22.9347
 22.9347
 23.6643
 38.5357
 22.2711
 22.2711
 38.4448
 0
 19.0263
 0
 36.9053
 36.9053
 16.3095
 20.2485
 19.6469
 18.9737
 0
 19.6723
 23.4947
 23.4947
 23.4947
 19.4165
 31.4325
 17.7482
 0
 13.2288
 22.1811
 21.0238
 17.1464
 17.5784
 17.3781
 27.6225
 13.3041
 17.6068
 0
 18.3303
 19.3649
 20.9762
 20.9762
 25.8844
 14
 19.5192
 15.5242
 28.931
 15.4272
 15.1327
 22.2036
 11.6619
 0
 23.0434
 21.7025
 17.8606
 0
 27.313
 18.5472
 19.6214
 0
 17.1172
 28.5482
 21.7025
 0
 30.7734
 26.2488
 14.8997
 0
 17.8885
 19.3907
 27.2764
 0
 0
 20.8567
 19
 0
 15.906
 24.8395
 24.0832
 14.1421
 9.21954
 20.4695
 26.9815
 26.4575
 19.975
 16.0312
 32.1248
 16.7332
 14.3527
 26
 15.748
 17.088
 0
 20.2237
 24.1247
 17.2047
 10.4403
 22.2486
 16.2481
 24.8998
 15.5563
 0
 27.4955
 18.7083
 18.7083
 18.7083
 18.1108
 28.6531
 17.8606
 19.2614
 0
 19.5448
 22.5389
 13.1149
 18.0831
 15.1658
 15.0997
 24.1454
 17.7764
 19.6214
 14.3178
 20.8567
 18.5742
 14.3527
 25.2389
 25.5343
 11.7898
 22.1585
 24.6171
 18.412
 18.412
 20.347
 13.7477
 13.8924
 20
 17.4929
 9.79796
 15.1987
 28.3373
 13.1909
 25.4755
 25.4755
 27.7308
 15.1327
 27.7669
 27.7669
 27.7669
 0
 26.7955
 33.4963
 14.7309
 14.7309
 19.0263
 20.2485
 14.9666
 17.9165
 17.8606
 25.3574
 15.1327
 20.347
 14.1067
 18.7083
 0
 11.5758
 20.6882
 14.7648
 19.0526
 15.1658
 6.9282
 17.9165
 12.8841
 13.5647
 19.0263
 23.622
 17.1172
 25.2389
 12.2882
 33.7046
 24.0832
 26
 12.3693
 12.8841
 13.8924
 13.4907
 23.4521
 14.2127
 13.2288
 13.1909
 12.49
 19.975
 20.8806
 14.8997
 0
 0
 18.7883
 29.2062
 9.53939
 16.4317
 14.2127
 0
 25.1197
 0
 8.544
 31.5436
 13.4907
 13.4907
 13.4907
 0
 13
 24.8193
 15.9687
 12.8062
 21.9545
 16.8819
 16.3707
 24.2281
 24.2281
 15.6525
 20.9762
 14.3178
 17.8326
 7.87401
 7.87401
 19.799
 14.3178
 17.5784
 17.5784
 16.1864
 9.69536
 13.1149
 30.7246
 0
 0
 0
 20.1494
 10.9545
 13.1909
 24.1039
 24.1039
 20.2485
 9.27362
 15.4596
 10.3923
 14.8997
 10.4881
 12.2882
 21.7025
 8.544
 14.3527
 13.2288
 21.7256
 16.6132
 12.2474
 11.2694
 11.2694
 31.1288
 31.1288
 22.6495
 13.4536
 11.2694
 32.0624
 32.0624
 16.3401
 16.3401
 24.2899
 24.2899
 24.2899
 20.025
 25.3377
 25.3377
 23.2809
 23.2809
 6.08276
 20.347
 16.5831
 39.37
 38.6135
 20.2485
 24.2281
 19.6723
 5.47723
 13.2665
 14.7309
 13.1909
 14
 10.4881
 13.9642
 20.9523
 24.1454
 14.3178
 9.8995
 9.8995
 9.32738
 9.32738
 14.9666
 9.69536
 15.6205
 15.6844
 15.3297
 25.7876
 24.7184
 14.3527
 13.9284
 11.6189
 0
 24
 14.0712
 14.9666
 24.3105
 24.3105
 0
 23.3452
 23.3452
 13.2288
 9.84886
 9.53939
 11.6619
 28.2489
 27.6586
 14.4222
 14.4222
 15.1327
 13.0384
 26.6458
 18.2483
 15.9374
 15.3297
 12.4097
 9.27362
 18.2757
 15.4272
 14.6969
 19.2614
 18.8149
 16.2173
 16.6132
 21.8861
 16.4012
 13.1529
 13.2665
 0
 0
 0
 1.41421
 16.7033
 22.1811
 14.0712
 13.5277
 8
 18.2209
 13.5277
 31.607
 9.21954
 27.0924
 11.0454
 31.1127
 6.9282
 9.79796
 11.5758
 22.9129
 20.4695
 7.34847
 9.16515
 16.5227
 26.6083
 23.0868
 23.0868
 23.0868
 12.7671
 20.2978
 8.18535
 22.8035
 17.088
 17.088
 34.4093
 8
 19.105
 19.105
 10.4403
 10.4403
 29.4958
 7.93725
 28.2312
 28.2312
 28.2312
 28.2312
 28.2312
 9.38083
 9.38083
 18.0278
 20.3224
 24.0208
 11.2694
 11.2694
 10.0995
 15.5885
 16.5227
 21.7715
 12.4097
 12.4097
 11.2694
 9.21954
 9.21954
 22.7376
 17.5784
 23.622
 23.622
 14.8324
 14.8324
 22.9129
 13.0384
 17.4642
 18.7083
 18.7083
 17.4642
 17.2916
 17.2916
 15.5242
 2.44949
 2.44949
 2.44949
