 20
 13.8924
 16.6433
 15.5885
 15.4272
 0
 17.8885
 14.2127
 15.1987
 15.4919
 16.7332
 19.4165
 16.7332
 16.0312
 14.7648
 17.5499
 16.3707
 19.1311
 17.3494
 18.412
 8.48528
 13
 17.6635
 15
 15.3948
 19.1311
 15
 17.8606
 19.1572
 15.9374
 16.4621
 23.388
 18.6815
 15.4919
 19.0263
 11.2694
 14.7309
 16.5529
 17.3781
 17.4356
 17.1756
 13.2288
 17.3781
 20.9045
 16.0935
 18.735
 21.6564
 15.6525
 16.5529
 15.6205
 20.1742
 16.4924
 19.3649
 15.6525
 17.2627
 12.53
 20.347
 16.4924
 19.3132
 19.0263
 0
 22
 0
 22.6495
 15.4272
 0
 18.9737
 18.6279
 0
 16.7033
 15.4919
 17.5499
 18.412
 17.1756
 23.4307
 17.0294
 21.7025
 13.5277
 18.735
 15.5885
 16.5529
 17.4929
 20.9762
 23.1733
 17.2047
 21.1424
 15.6205
 24.6577
 15.1658
 17.1172
 18.412
 17.8606
 16.8226
 15.9374
 20.9045
 17.8885
 25.3969
 16.4621
 21.9089
 23.3666
 21.3776
 19.3907
 15.1987
 22.9347
 19.0526
 26.1534
 0
 26.0576
 20.2731
 15.1987
 21.1424
 19.9499
 15.5885
 18.5472
 17.3494
 15.1658
 20.8567
 14.7309
 22.6716
 18.2757
 25.1992
 20.8567
 17.8885
 17.8606
 25.04
 15.4919
 24.0624
 26.3818
 18.3848
 21.1896
 20
 19.6469
 16.8819
 14.7648
 19.1833
 16.5831
 17.6068
 20.6155
 22.5389
 19.0263
 23.4521
 15.4272
 24.3516
 23.2164
 18.303
 17.9165
 26.8887
 15.4272
 23.4947
 16.5227
 22.2486
 20
 17.5784
 12.2474
 7.4162
 13.0767
 12.6491
 20.2485
 21.2838
 22.6495
 21.1187
 16.6733
 25.7099
 22.6495
 26.3249
 21.7486
 27.8209
 26.9815
 20.4939
 20.2237
 22.0227
 26.7582
 13.2665
 20.2731
 20.8567
 17.3205
 15.8114
 12.083
 20.9284
 17.8606
 21.2838
 14.2829
 25.219
 23.622
 23.8747
 25.4165
 27.8209
 24.3105
 26.9258
 23.1948
 19.6469
 20.5913
 32.1248
 15.6844
 22.2036
 15.748
 19.1833
 19.6977
 10.583
 22.5832
 19.4422
 13.2288
 16.1245
 23.8328
 17.5214
 26.1151
 24.1868
 29.5296
 24.3311
 23.8537
 28.6531
 17.5784
 19.0263
 24.1661
 19.3132
 19
 19.6977
 16.6433
 17.4356
 15.6525
 23.1301
 21.3073
 21.3073
 8.18535
 21.095
 20.9762
 22.5832
 26.0192
 28.7228
 26.9815
 27.2764
 27.7849
 24.4745
 25.632
 18.412
 31.0483
 20.3224
 22.6274
 20.2731
 17.8606
 16.6733
 4.24264
 0
 20.2237
 14.7986
 23.622
 18.6815
 21.3776
 26.9629
 27.1293
 26.1151
 27.7308
 25.4165
 22.6716
 25.318
 26.096
 19.6469
 39.0384
 21.1187
 16.7631
 5.09902
 7.74597
 9.53939
 3.4641
 0
 16.4924
 16.3095
 21.9317
 28.1069
 23.1517
 28.688
 26.1534
 24.3721
 27.8029
 25.219
 27.2029
 26.2107
 20.4939
 25.1794
 22.4499
 22.561
 26.1151
 22.5167
 25.2587
 20.8327
 34.9857
 34.9857
 17.9444
 29.4788
 19.0263
 28.6705
 5.38516
 0
 28.8617
 0
 25.7099
 19.6723
 26.0576
 0
 26.4008
 26.3249
 23.9374
 20.8567
 26.0576
 16.7033
 0
 19.975
 0
 0
 13
 27.8927
 20.2731
 20.2731
 27.8209
 0
 26.9258
 26.9444
 29.6985
 27.1293
 0
 24.2074
 30.3809
 22.9783
 27.4955
 29.4618
 6.85565
 16.8819
 41.2432
 22.6495
 29.2233
 19
 19.6723
 23.3238
 24.2487
 24.2487
 27
 19.6469
 13.0384
 24.1454
 25.3574
 26.0192
 24.4131
 0
 27.2397
 33.5708
 0
 32.2335
 0
 0
 27.1293
 30.8545
 23.0434
 26.8142
 0
 21.7256
 0
 48.4974
 12.3693
 21.1424
 26.533
 26.533
 26.533
 0
 5.74456
 18.3303
 21.6795
 0
 8.83176
 0
 13.8564
 0
 22.0907
 21.4476
 3.4641
 27.7669
 27.7669
 22.9783
 0
 26.1343
 28.6531
 16.7033
 0
 26.9444
 20.7846
 28.6531
 0
 24.8797
 14.4568
 33.7491
 18.2209
 20.1246
 29.2916
 21.3307
 26.9444
 3.87298
 0
 26.9815
 0
 16.2788
 25.5343
 25.5343
 2.64575
 28.6356
 15.3623
 15.3623
 28.1247
 24.4745
 52.9622
 22.7376
 0
 5.47723
 26.4386
 24.1868
 0
 20.2237
 14.7648
 24.3311
 0
 24.8596
 25.1992
 29.0689
 0
 25.923
 25.923
 27.9464
 0
 15.906
 31.241
 24.6779
 0
 30.5287
 22.561
 10.4403
 0
 0
 23.7908
 21.5639
 29.5635
 0
 28.3373
 24.4745
 25.5539
 24.1661
 29.3258
 26.4197
 0
 20.025
 20.025
 26.4008
 0
 0
 0
 0
 23.4307
 23.4307
 1.73205
 20.4695
 23.1301
 22.1133
 0
 21.9773
 28.6182
 21.4009
 25.04
 20.2978
 28.8617
 28.0713
 11.6189
 0
 28.8617
 10.4403
 26.9258
 0
 20.8567
 22.5832
 28.688
 28.688
 13.7477
 27.9464
 31.3528
 10.583
 30.545
 11.6189
 23.6854
 0
 28.7054
 10.4403
 26.9258
 0
 0
 0
 28.2843
 29.4958
 21.8632
 21.8632
 18.2209
 23.2809
 3
 3
 0
 29.4449
 30.5614
 19.7231
 22.2711
 22.2711
 0
 28.4077
 9.32738
 9.64365
 0
 9.43398
 27.7128
 13.0384
 0
 28.5832
 7.4162
 7.4162
 7.4162
 27.2029
 2.44949
 0
 0
 0
 0
 0
 28.9137
 16.5227
 0
 0
 0
 35.2278
 0
 0
 9.32738
 14.9332
 31.4325
 24.3721
 17.088
 8.544
 0
 31
 11.5758
 36.2491
 0
 0
 29.5296
 16.3707
 22.6053
 22.6053
 27.0924
 0
 0
 0
 9.53939
 13.1149
 7.28011
 0
 0
 23.9583
 0
 0
 0
 18.412
 31.1929
 0
 0
 18.5742
 18.5742
 18.5742
 18.6815
 24.454
 6.7082
 6.7082
 6.7082
 23.6854
 21.7256
 21.7256
 21.7256
 8.12404
 24.1454
 13.1529
 13.1529
 44.5421
 22.9129
 0
 0
 18.2209
 20.6398
 24.4745
 0
 0
 0
 16.5227
 29.9666
 30.282
 30.282
 0
 0
 20.1246
 29.9666
 13.0384
 30.282
 30.282
 30.282
 22.2711
 26.5707
 26.0576
 26.0576
 14.8324
 25.0799
 25.0799
 7.81025
 15.2315
 22.1811
 0
 29.5635
 19.5959
 7.28011
 26.0384
 8.94427
 9.21954
 15.5242
 28.0179
 0
 0
 15.9687
 16.8226
 20.0499
 11.6619
 27.9106
 18.1934
 15.3623
 15.3623
 17.3494
 23.622
 38.4708
 14.4568
 4.12311
 28.6182
 0
 26.8887
 9.84886
 22.5832
 15.906
 17.8606
 23.8118
 26.096
 28.2666
 16.2788
 21.9089
 21.9089
 0
 18.0278
 21.8861
 21.8861
 19.105
 26.4008
 19.975
 8.66025
 16.6733
 29.3258
 21.4709
 0
 24.5561
 15.8114
 20.025
 15.6525
 29.2233
 0
 31.5278
 17.088
 10.9545
 14.8324
 14.5258
 14.1067
 23.8328
 23.8328
 19.8494
 19.8242
 26.1151
 26.1151
 13.8924
 12.1244
 52.5357
 16.8226
 12.1655
 12.1655
 26.8142
 19.2614
 20.025
 34.322
 20.2237
 18.6011
 18.6011
 12.1655
 33.4066
 20.0499
 15.6525
 0
 15.4596
 0
 19.2614
 19.2614
 19.2614
 9.84886
 20.6155
 24.8193
 24.8193
 16
 24.2074
 14
 22.8035
 14.3178
 29.5296
 29.5296
 15.0333
 19.8242
 23.622
 26.0768
 26.0768
 14
 20.8806
 21.4709
 12.1244
 25.5343
 0
 16
 31.8591
 31.8591
 24.1454
 27.037
 35.9583
 30
 14
 21.7486
 12.2882
 18.412
 18.3848
 18.3848
 13.0384
 31.5911
 0
 26.3629
 17.8885
 19
 18.3848
 17.5499
 10.4881
 18.7083
 25.5343
 0
 12.49
 9.53939
 15.906
 25.0799
 27
 27
 20.9045
 14.8997
 14.8997
 11.0454
 26.9444
 33.5261
 21.166
 21.166
 13.5277
 14.7309
 27.6948
 20.9045
 19.5704
 17.8885
 14.4914
 30.5287
 22.3607
 15.5242
 30.3974
 30.3974
 28.8791
 0
