 19.3132
 28
 8.83176
 11.3137
 14.0712
 14.0712
 27.2029
 33.0151
 30.7083
 28.0713
 31.1127
 31.0966
 31.4006
 34.6843
 32
 32.7414
 27.8209
 33.8378
 33.1662
 33.8821
 33
 33.9117
 37.6165
 27.8388
 26.1343
 34.7131
 26.9815
 29.5466
 26.9815
 34.0734
 32.249
 32.187
 34.2929
 37.8814
 25.7099
 27.4408
 36.0416
 38.5876
 26.533
 15.8745
 33.8969
 32.7567
 26.4953
 21.1424
 34.0588
 28.4781
 22.6274
 26.1151
 33.9264
 24.98
 27.2764
 34.7275
 38.2492
 25.3969
 30.1164
 37.3497
 24.4131
 24
 30.3974
 28.5832
 28.5832
 30.5287
 30.5287
 34.0441
 34.7851
 34.7851
 39.2556
 32.1559
 32.1559
 43.1393
 27.1477
 35.1283
 22.8035
 35.0571
 24.3105
 36.0278
 26.096
 41.7493
 32.9848
 40.8656
 33.3916
 31.273
 28.7228
 35.6371
 29.4958
 36.5103
 29.5635
 38.3667
 33.8821
 42.8252
 34.0441
 22.7596
 37.5633
 38.4057
 26.8887
 39.3446
 26.0576
 37.3497
 30.3974
 34.8281
 41.9404
 34.0147
 36.647
 37.6165
 35.242
 38.3145
 38.3145
 39.9875
 30.4959
 35.6651
 46.9681
 44.317
 35.6371
 44.1588
 27.8209
 42.9069
 28.7576
 46.0435
 30.4631
 47.8957
 32.1559
 40.0625
 43.1856
 35.9444
 40.7676
 40.1123
 42.1545
 44.3734
 35.1852
 54.0648
 34.7994
 47.7808
 40.9268
 45.4973
 37.0135
 46.1628
 28.7054
 50.4183
 27
 50.0899
 34.7131
 47.3814
 35.6931
 46.3681
 45.4643
 39.9875
 48.2804
 40.5093
 52.144
 40.3733
 54.7631
 39.1024
 48.6621
 48.9183
 44.3396
 53.3667
 40.025
 54.7996
 30.3974
 34.7707
 56.6127
 49.7695
 38.2492
 41.7013
 45.7712
 49.7594
 47.4447
 55.7405
 46.1194
 45.9021
 58.2409
 52.1536
 46.6798
 54.2125
 47.8121
 50.9019
 54.0093
 45.8476
 58.2409
 57.6021
 40.5586
 52.3068
 46.5403
 49.7293
 51.643
 53.0189
 51.2835
 53.8981
 56.7715
 61.709
 55.4256
 52.5833
 53.9259
 52.1249
 54.4426
 59.5987
 55.7046
 22.9783
 54.1941
 59.95
 18.0278
 62
 45.7275
 42.3084
 56.2939
 49.1121
 52.7731
 51.7011
 54.037
 57.3498
 56.0714
 7.81025
 50.6754
 62.7057
 55.4346
 55.7046
 58.3009
 54.3599
 58.5833
 51.672
 59.9833
 56.4801
 53.619
 60.1581
 56.701
 47.7493
 52.1824
 47.7703
 53.3385
 52.5928
 60.5392
 53.9537
 65.3605
 59.9917
 53.0566
 57.6281
 58.3695
 55.7405
 57.2538
 60.3821
 62.6019
 57.4369
 56.0892
 61.4492
 53.376
 58.1636
 54.9545
 46.3465
 52.7636
 49.7494
 58.1292
 51.7977
 61.0819
 59.2874
 59.9416
 60.8523
 51.9038
 51.614
 56.285
 60.407
 56.0268
 62.57
 55.6237
 64.1249
 56.9825
 59.2284
 51.2055
 54.7083
 53.3479
 45.618
 58.6515
 49.1223
 62.6099
 50.951
 59.279
 60
 58.2495
 53.563
 53.4603
 59.8665
 63.6003
 48.1975
 59.5651
 61.2291
 58.2409
 59.8999
 54.5619
 56.648
 52.7541
 49.7695
 56.3116
 45.618
 45.618
 51.2152
 51.2152
 57.7927
 53.3573
 58.2065
 58.2065
 58.258
 63.6239
 53.4883
 57.8014
 61.7009
 57.7754
 57.7754
 59.1523
 59.1523
 66.2722
 56.9912
 53.0283
 50.4183
 61.131
 57.3324
 57.3324
 62.7933
 45.3431
 49.95
 53.066
 53.066
 52.345
 65.8407
 60.0083
 76.5768
 54.7357
 68.6513
 52.1344
 68.8694
 56.9473
 47.2758
 54.3231
 50.9117
 55.8928
 48.9592
 56.2939
 49.8799
 50.3488
 67.4759
 58.0431
 48.7237
 55.5698
 57.7754
 57.7754
 57.5152
 69.0145
 69.0145
 63.8436
 63.8436
 63.8436
 56.5066
 67.7422
 49.4975
 68.1249
 68.1249
 57.3847
 57.3847
 58.7026
 50.8429
 57.4456
 64.2028
 49.4773
 61.8628
 61.8628
 65.0538
 74.9667
 56.8331
 56.8331
 72.298
 72.298
 56.6127
 56.6127
 65.8027
 63.4744
 63.9766
 44.3058
 57.4369
 57.4804
 57.4804
 51.1468
 53.507
 59.6741
 59.6741
 50.9706
 62.3939
 55.0636
 55.0636
 63.4192
 58.2495
 60.8851
 56.5597
 63.5295
 66.1589
 57.8014
 69.7925
 55.2359
 55.2359
 71.0915
 71.0915
 53.1695
 74.4446
 64.1171
 59.3212
 52.6023
 53.0189
 59.7244
 53.7401
 59.7244
 62.3699
 63.6082
 63.6082
 58.2666
 67.7348
 53.619
 53.619
 57.0964
 62.5859
 46.7226
 46.7226
 56.4801
 56.2494
 48.7032
 48.7032
 54.1387
 62.8411
 55.6776
 55.6776
 61.8547
 60.2578
 58.258
 58.258
 62.9762
 63.3956
 57.4369
 57.4369
 57.4369
 59.1439
 55.5158
 67.7864
 67.7864
 71.0141
 55.0364
 58.9067
 68.2788
 61.7414
 57.5674
 57.5674
 56.5155
 63.8671
 58.5577
 58.5577
 58.5577
 62.5939
 67.4611
 53.4696
 38.3275
 64.7148
 48.7237
 56.8243
 54.5802
 54.5802
 52.792
 63.8514
 44.5758
 44.1475
 59.7076
 56.4624
 48.2286
 36.7696
 36.7696
 61.0246
 61.8061
 52.5262
 52.5262
 62.3057
 56.4801
 60.7207
 62.8967
 59
 58.0086
 63.6318
 55.1634
 67
 57.5587
 53.2729
 53.2729
 55.5338
 60.696
 64.4283
 64.4283
 61.2944
 45.1664
 56.8067
 67.72
 56.4978
 27
 61.7414
 66.1891
 56.5509
 58.5235
 58.5235
 61.709
 55.2087
 55.8301
 64.2651
 58.1722
 58.1722
 54.8544
 69.4838
 57.4891
 57.4891
 59.8498
 55.3263
 52.6593
 52.6593
 48.9694
 62.0967
 53.0377
 50.892
 49.6488
 56.0714
 56.0714
 56.0714
 56.0714
 56.0714
 54.1295
 58.4209
 31.1127
 31.1127
 31.1127
 54.4243
 52.8204
 52.8204
 52.8204
 53.563
 49.8999
 62.506
 54.3875
 58.6259
 50.448
 50.448
 60.8933
 49.1833
 53.3948
 53.3948
 57.1489
 63.9687
 54.8179
 59.2199
 53.5817
 68.1322
 68.1322
 68.1322
 46.9468
 59.5063
 36.6333
 56.9034
 56.9034
 56.9034
 65.9014
 65.9014
 55.6597
 60.1498
 59.1439
 62.8649
 62.8649
 62.8649
 48.3425
 55.9643
 46.4866
 49.558
 59.0085
 55.1725
 54.8817
 50.6557
 61.7495
 47.0319
 53.963
 51.4879
 54.4243
 50.02
 51.2933
 49.93
 48.7852
 52.6118
 52.6118
 50.9019
 50.7543
 44.4072
 70.3136
 70.3136
 49.4975
 0
 0
 0
 48.2079
 49.5278
 49.5278
 57.9051
 45.5302
 52.9339
 50.4777
 58.4466
 44.4972
 54.6626
 62.7615
 46.0217
 58.4893
 55.6327
 48.9081
 65.1537
 49.8297
 56.9298
 56.9298
 50.6063
 50.6063
 65.0461
 57.3672
 49.7293
 53.9815
 54.1387
 51.449
 56.1338
 61.0819
 61.0819
 61.0819
 45.5082
 53.4416
 53.4416
 52.3163
 52.3163
 41.7133
 43.852
 51.264
 54.7631
 62.3699
 49.0714
 52.7636
 52.1728
 62.8172
 61.3922
 49.6185
 49.0306
 68.1836
 49.5076
 54.9727
 49.4672
 49.7092
 54.7723
 48.4665
 48.1144
 54.7996
 54.7996
 51.0196
 43.8178
 45.618
 48.6004
 50.319
 61.8142
 61.8304
 56.4447
 56.3028
 42.7902
 0
 0
 0
 0
 43.1393
 62.7535
 62.7535
 54.6168
 60.2578
 27.4408
 56.701
 43.4626
 53.479
 58.9152
 50.892
 19.799
 56.3826
 68.1616
 54.5802
 50.6162
 48.0833
 56.5862
 55.857
 24.3926
 48.6826
 60.8851
 47.0106
 16.6733
 65.1613
 45.2106
 53.376
 48.6826
 39.8497
 65.1844
 16.3095
 55.9285
 55.9285
 44.7437
 0
 41.7971
 65.7115
 51.7591
 49.3153
 15.9687
 39.7492
 63.0397
 45.3872
 50.3885
 20.0499
 48.949
 42.6028
 61.9516
 42.8836
 19.2354
 42.0714
 52.5928
 60.8605
 46.1086
 20.0998
 43.382
 50.2792
 49.8598
 52.3163
 52.3163
 18.5203
 57.7668
 40.8412
 54.754
 52.5642
 43.6807
 53.1413
 20.8087
 60.1415
 54.4518
 42.0357
 40.5709
 44.2041
 21.7486
 62.1852
 62.1852
 92.5581
 51.3225
 51.3225
 19.7737
 55.4977
 63.7809
 55.6417
 58.0259
 58.0259
 55.5968
 24.8193
 54.7814
 68.1322
 57.6368
 39.5221
 57.1139
 21.2603
 44.699
 51.788
 57.6368
 63.6318
 60.4318
 44.0341
 46.7012
 51.7784
 65.1537
 44.2606
 56.7186
 51.4976
 50.9215
 67.8602
 48.6004
 44.4185
 50.6853
 43.7607
 67.3424
 67.3424
