 35.4824
 29.9833
 27.6043
 25.593
 26.2107
 26.2107
 21.6102
 30.545
 33.7935
 33.7935
 38.8844
 46.744
 38.5616
 48.8672
 33.7639
 37.6563
 17.2337
 24.6779
 13.5277
 19.5959
 15.8114
 24.1454
 20
 19.0526
 19.5704
 21.8403
 15.1987
 17.4069
 21.7025
 23.3452
 28.8617
 17.1172
 17.088
 38.8458
 11.5758
 13.4907
 45.1664
 49.2341
 13.7113
 14
 51.8073
 41.3521
 12.4097
 22.9783
 38.5616
 41.0731
 22.0227
 13.5647
 26.4008
 11.3578
 26.9444
 36.318
 19.6469
 13.1529
 28.7228
 17.8885
 47.7493
 13.2288
 22.8254
 39.0128
 0
 22.9347
 0
 21.0476
 24.0208
 0
 35
 21.7025
 0
 44.6766
 13.1149
 45.7821
 16.8523
 42.4853
 13.5277
 29.9165
 21.4942
 24.6982
 32.1403
 18.6548
 44.7996
 21.7715
 50.3786
 26.1725
 41.6053
 24.9199
 37.4166
 30.3809
 31.8434
 43.1972
 22.1133
 11.0905
 45.5741
 46.4973
 21.9545
 38.4057
 20.3224
 26.3629
 22.9347
 30.7246
 20.2731
 41.2432
 21
 28.0535
 44.7884
 25.2785
 0
 29.6142
 38.2884
 27.7489
 39.4715
 46.9361
 27.55
 44.587
 19.8242
 33.2566
 24.4745
 28.8964
 23.8328
 22.9347
 23.0651
 36.4006
 24.1039
 42.4264
 30.5123
 44.6766
 29.9333
 34.5832
 42.2137
 43.2782
 31.305
 48.5386
 29.4958
 43.4511
 21.5639
 35.9444
 23.4094
 27.6406
 22.0454
 24.8395
 22.1359
 32.28
 25.0998
 34.0441
 39.4208
 44.5084
 31.4643
 45.5851
 31.3688
 43.4051
 42.0833
 37.4833
 46.2817
 45.5522
 29.5296
 32.5883
 22.9347
 29.5127
 24.4745
 30.5123
 25.0599
 27.5681
 24.6171
 27.5681
 34.7275
 40.7431
 31.8748
 33.2566
 46.1302
 45.5741
 40.8412
 45.3542
 41.5211
 44.1588
 30.8707
 30.0832
 36.2629
 23.9792
 32.6803
 26.0384
 31.3369
 27.9821
 32.4346
 26.4764
 36.6197
 24.6374
 33.7935
 43.0349
 36.318
 41.2553
 45.0666
 45.5412
 50.1896
 34.1028
 45.0777
 39.2938
 30.7409
 12.1244
 27.1293
 32.187
 32.187
 29.6311
 28.0891
 34.3802
 32.6343
 30.2655
 38.6005
 33.4963
 27.6586
 41.0122
 36.6606
 36.6606
 41.7133
 40.8901
 46.8188
 49.7192
 46.7868
 45.1996
 36.6879
 33.8083
 31.4484
 35.7771
 28.3019
 29.5466
 27.9821
 34.1467
 38.0526
 37.4299
 38.833
 31.1609
 40
 30.1828
 43.2666
 42.0476
 46.076
 57.3149
 51.1468
 47.4552
 47.244
 51.3323
 33.2716
 40.6202
 34.4238
 31.273
 32.619
 27.2764
 36.5787
 34.5688
 38.9358
 37.7227
 33.0757
 35.9861
 40.2989
 31.1127
 43.2551
 49.7092
 50.3984
 52.6403
 48.6929
 48.6929
 45.1553
 33.6898
 37.5233
 31.4006
 38.1051
 26.9444
 26.9444
 37.7492
 40.8412
 37.9342
 34.5977
 42.0119
 36.9324
 25.8457
 31.305
 30.8383
 45.0333
 36.3318
 39.3446
 48.4458
 48.3942
 52.8772
 41.3521
 30.6105
 36.2629
 25.7682
 33.1662
 36.2905
 40.4722
 29.9833
 33.1059
 34.6987
 34.6987
 37.4566
 0
 32.7872
 32.7872
 35.7211
 0
 42.0951
 42.0951
 58.3866
 46.3357
 46.3357
 33.9411
 0
 32.0624
 32.0624
 33.1059
 27.7489
 40.1622
 29.7321
 32.0468
 46
 46
 46
 39.0512
 34.1174
 41.7373
 0
 25.3574
 41.6653
 34.2637
 37.855
 49.7594
 38.0526
 60.2329
 54.7083
 45.4092
 59.9166
 36.2905
 61.0737
 32.311
 51.7397
 33.2566
 44.238
 32.1092
 32.0156
 34.5977
 34.0881
 36.8511
 41.9643
 0
 27.8388
 38.8844
 38.8844
 31.0805
 0
 0
 47.697
 24.0208
 57.3062
 57.3062
 57.3062
 43.9204
 43.9204
 56.5332
 56.5332
 35.327
 45.1553
 50.5371
 50.5371
 50.5371
 43.8862
 57.6108
 57.6108
 57.6108
 61.6441
 61.6441
 12.3288
 12.3288
 12.3288
 30.7246
 31.3209
 35.8329
 41.7493
 28.4077
 0
 33.8969
 38.6135
 41.9762
 0
 27.4591
 34.9571
 41.2311
 0
 48.4665
 29.4958
 35.0428
 63.0397
 26.8514
 36.9324
 36.9324
 36.9324
 20.8567
 20.8567
 20.8567
 20.8567
 39.9124
 39.9124
 39.9124
 39.9124
 38.5357
 32.0312
 32.0312
 19.799
 29.5973
 35
 27.1662
 0
 40.5216
 33.4216
 34.6266
 0
 0
 31.1769
 38.5487
 0
 39.2173
 56.921
 30.0333
 0
 27.9643
 31.4802
 41.1825
 0
 27.258
 39.6989
 25.632
 0
 34.7419
 29.9333
 29.9333
 0
 0
 0
 33.5261
 30.1828
 30.1828
 51.7784
 41.1704
 41.1704
 41.0122
 40.4846
 40.4846
 40.4846
 30.7409
 39.6106
 26.1343
 26.1343
 0
 42.3674
 38.4708
 25.7682
 18.1108
 33.0606
 25.04
 55.0182
 28.8964
 0
 0
 29.1376
 36.5103
 6.16441
 33.9264
 51.1371
 32.4191
 27.2764
 0
 42.0119
 32.0468
 26.0576
 26.0576
 26.5141
 26.6458
 40.2244
 39.8246
 39.8246
 29.2062
 34.7419
 19.6723
 32.7719
 32.7719
 37.4566
 37.4566
 36.6333
 43.566
 41.9404
 0
 32.1559
 27.0185
 30.7246
 39.5348
 43.0233
 43.0233
 27.1662
 41.2432
 23.3024
 45.8912
 0
 44.238
 29.5635
 56.7715
 37.6696
 37.6696
 37.6696
 50.9313
 35.1568
 42.7902
 0
 0
 36.0139
 38.2099
 38.2099
 34.4819
 28.0713
 21.9317
 32.311
 26.3818
 34.5977
 34.5977
 0
 0
 0
 22.6274
 40.2244
 14.9666
 0
 0
 31.607
 38.5876
 38.5876
 38.5876
 38.5876
 22.5832
 32.8634
 38.5616
 38.5616
 27.1293
 27.1293
 36.1663
 25.2982
 25.2982
 25.2982
 14.8324
 39.3319
 39.3319
 51.6817
 23.8537
 37
 0
 0
 28.0535
 39.3446
 19.4165
 29.1548
 29.1548
 29.1548
 29.1548
 29.1548
 31.1288
 46.1736
 46.1736
 46.1736
 0
 0
 0
 35.3129
 35.3129
 28.2489
 30.6757
 23.8118
 24.6982
 43.4396
 31.5436
 55.1996
 29.0861
 16.4924
 23.388
 29.0861
 29.6479
 27.6948
 24.1247
 36.3868
 0
 25.1992
 22.2261
 22.1359
 22.1359
 22.1359
 35.6651
 0
 36.2767
 66.4605
 27.258
 31.8748
 31.8748
 45.913
 33.2566
 33.2566
 22.561
 28.3901
 36.6879
 43.1277
 44.8776
 44.8776
 25.865
 32.0156
 34.9857
 25.7876
 31.0322
 21.4009
 21.4009
 52.9056
 52.9056
 24.8395
 25.2389
 21.0238
 52.1057
 19.8242
 24.0832
 23.1517
 23.1517
 0
 0
 40.7554
 33.9706
 33.9706
 19.8494
 19.8494
 21.5639
 48.1871
 25.2785
 24.2693
 27.2029
 27.2029
 23.622
 23.4094
 15.1658
 15.1658
 17.2916
 25.9422
 28.6705
 20.8327
 24.0624
 31.3688
 27.1109
 28.4253
 20.8327
 33.0908
 33.0908
 0
 33.8969
 24.0416
 38.7556
 27.2947
 26.7769
 26.7769
 31.8434
 26.8887
 29.0861
 28.1069
 28.1069
 28.1069
 15.9374
 23.622
 25.7099
 28.7402
 0
 40.1248
 40.1248
 21.7715
 15.843
 25.807
 13.0384
 32.249
 19.975
 19
 37.3898
 29.6311
 15.1327
 48.6313
 26.2869
 30.282
 27.6586
 19.8242
 28.9828
 27.7308
 24.5764
 14.7648
 38.0789
 40.2741
 20.9045
 20.9762
 42.1426
 45.8367
 16.0935
 21.8861
 21.8861
 21.8861
 0
 38.3667
 47.0532
 26.2869
 23.1948
 14.4914
 20.6882
 48.7442
 48.7442
 33.7343
 15.1987
 28.1425
 16.6733
 53.3854
 53.3854
 15.4272
 26.4953
 26.4953
 48.6929
 24.8193
 15.2315
 38.2623
 31.0161
 31.0161
 40.939
 0
 15.4596
 15.4596
 18.4662
 27.1846
 38.2099
 41.1461
 30.1496
 15.906
 23.8537
 19.9499
 19
 19
 50.9117
 15.906
 32.2025
 32.2025
 64.3661
 64.3661
 64.3661
 64.3661
 32.0312
 75.4056
 75.4056
 30.4959
 30.4959
 34.1028
 17.5784
 30.8383
 26.0384
 34.3657
 12.8452
 34.7851
 14.7648
 17.9444
 33.8969
 29.5466
 23.8328
 26.5518
 25.7682
 25.5539
 35.6651
 27.6225
 22.9347
 21.0238
 33.4664
 28.6705
 28.8791
 17.4069
 22
 22.8254
 26.7208
 28.6182
 0
