 12.2882
 17.8606
 12.3288
 19.0526
 15.1658
 15.1658
 25.0799
 14.0712
 24.1454
 16.7631
 24.4949
 22.6495
 19.9249
 22.1585
 17.8606
 21.0238
 16.7631
 20.347
 21.2838
 22.4944
 23.3024
 20.3224
 18.7617
 21.7256
 23.0868
 21.4476
 24.5967
 24.7992
 24.3311
 27.7849
 22.7376
 27.2397
 25.02
 25.7682
 14.7648
 20.2731
 19.1572
 26.0768
 14.7648
 17.9444
 19.6214
 14
 14.7309
 24.1454
 15.906
 13.5277
 23.6854
 14.7309
 18.412
 13.9284
 24.6779
 15.9374
 21.4476
 14.7309
 23.3666
 22.2261
 20.3224
 13.9284
 18.6815
 17.4356
 0
 22.5389
 0
 27.7489
 24.4745
 0
 27.6948
 23.8537
 0
 24.1039
 18.4662
 17.8885
 19.8242
 14.8661
 23
 15.4272
 24.6171
 21.7945
 27.1109
 24.8596
 23.1301
 18.8414
 20.2731
 24.4745
 15.6525
 26.1151
 16.7332
 27.8029
 23.8537
 24.6374
 26.4197
 17.4642
 19.6723
 15.9687
 19.0526
 18.9473
 23.1301
 22.561
 26.4197
 27.8388
 24.8596
 22.8035
 22.561
 25.6515
 17.1464
 26.8514
 0
 27.1109
 19.7484
 25.04
 25.5539
 20.2978
 27
 17.0587
 21.3776
 17.3205
 22.1359
 23.6854
 25.7682
 25.2389
 27.6767
 29.8998
 24.3311
 21.5174
 22.9565
 18.3576
 28.7228
 28.2489
 16.3401
 25.807
 17.9165
 20.3224
 23.388
 15.1658
 26.5141
 19.975
 20.9762
 24.1039
 20.3715
 23.4094
 25.923
 25.4755
 26.096
 26.0192
 26.2488
 21.5639
 26.5518
 15.6205
 28.8271
 17.6918
 27.8388
 22.1585
 19.1572
 17.8606
 24.1247
 18.5472
 24.0416
 22.9783
 19.105
 23.7908
 27.037
 25.7294
 26.5707
 28.2135
 24.2074
 25.04
 27.6043
 26.7769
 21.7256
 17.2627
 27.2213
 19.1311
 19.1572
 15.843
 22.6716
 23.388
 17.9444
 25.02
 26.4197
 27.074
 20.9523
 26.4953
 25.04
 28.3019
 26.4386
 27.8209
 26.4197
 25
 27.7308
 27.2213
 20.445
 19.3649
 21.4709
 20.9045
 17.3494
 21
 22.5832
 16.7929
 27.0555
 25.807
 13.6015
 27.6406
 21.4709
 21.5407
 27.4955
 27.7669
 28.8271
 28.3725
 30.6757
 26.2869
 27.1662
 11.7047
 21.0238
 28.9482
 19.2094
 21.5174
 18.2483
 19.1833
 20.3961
 18.2757
 23.9374
 24.8395
 26.2869
 28.8444
 30.8383
 24.4745
 27.55
 24.2074
 28.3373
 28.9137
 28.3725
 28.931
 30.5941
 27.2947
 21.4942
 27.0185
 18.7617
 17.4356
 21.8174
 18.4391
 24.2281
 24.0832
 25.4165
 26.0384
 29.2062
 30.3974
 28.3901
 26.3818
 29.5635
 27.2213
 30.2324
 30.249
 29.0172
 33.7935
 25.7682
 26.7955
 22.9347
 21.8861
 19.975
 20.8806
 21.7025
 21.9773
 23.7276
 27.258
 27.074
 30.1164
 29.1719
 28.7924
 30
 27.4591
 31.8591
 29.5296
 29.189
 29.9165
 29.4788
 27.6767
 25.04
 23.3452
 20.2485
 21.7486
 27.9285
 22.4054
 24.8193
 25.7294
 26.4197
 29.5635
 26.2488
 26.9815
 29.1204
 29.5466
 27.4591
 27.7489
 27.7489
 30.692
 30.692
 32.5576
 22.6716
 27.4591
 0
 21.9545
 21.9545
 25.04
 18.2757
 25.807
 21
 0
 24.4949
 0
 28.6007
 31.1448
 31.1448
 27.6225
 29.6479
 28.9482
 28.9482
 28.9482
 27.2397
 30.3315
 30.315
 0
 27.1662
 34.6843
 26.6083
 34.4384
 22.9347
 29.9666
 22.6274
 48.0625
 18.2757
 24.7588
 21.2603
 27.8388
 25.2389
 31.305
 32.2955
 26.9815
 29.4788
 32.5269
 31.4802
 27.7669
 40.398
 31.9374
 0
 32.0468
 33.1361
 0
 34.4384
 0
 0
 22.1359
 31.5595
 22.6053
 28.3196
 0
 17.7482
 17.7482
 17.7482
 27.5862
 21.8403
 25.0599
 30.0167
 22.8254
 0
 26.1916
 23.6432
 19.1833
 19.1833
 45.7493
 45.7493
 21.4709
 21.4709
 39.281
 23.3238
 30.9354
 28.8617
 22.2261
 31.8591
 0
 33.7639
 33.5261
 18.7083
 0
 33.2566
 18.412
 34.2199
 0
 32.1092
 21.4709
 32.7109
 25.8457
 22.6495
 30.7246
 17.4642
 29.8998
 22.7816
 22.7816
 25.2785
 25.2785
 28.9655
 45.0555
 21.8174
 16.9115
 30.3809
 22.1359
 21.7715
 31.4643
 30.9193
 21.8174
 30.8221
 0
 22.2486
 29.5296
 31.5119
 0
 29.0517
 32.3265
 32.3265
 0
 36.1248
 27.5681
 31.1288
 0
 31.7962
 19.9499
 32.311
 0
 22.1585
 35.4119
 27.6586
 0
 31.3528
 31.1127
 23.8118
 0
 0
 17.6068
 30.7083
 28.688
 28.688
 24.5764
 30.249
 18.735
 25.5343
 34.1906
 24.3516
 24.3516
 24.5764
 23.7487
 27.2029
 27.2029
 0
 26.5141
 25.2785
 28.7054
 10.4403
 24.4745
 28.0713
 26.1343
 20.6398
 0
 25.04
 28.931
 29.1204
 9.64365
 33.0606
 24.8998
 31.8748
 4.24264
 0
 36.9188
 21.4476
 31.5911
 31.5911
 28.9137
 25.865
 36.1801
 32.28
 22.891
 31.0966
 33.4066
 20.9284
 30.3974
 20.025
 32.7414
 32.7414
 30.0167
 21
 28.8617
 28.8617
 22.561
 19.2354
 29.0689
 24.4949
 24.8193
 11.1803
 27.9643
 22.4277
 25.923
 28.5132
 28.5132
 27.258
 31.8904
 29.9333
 22.7376
 22.7376
 22.7376
 24.9399
 28.7576
 23.3024
 0
 23.4734
 30.4138
 23.6854
 23.6854
 31.9061
 33.2866
 21.6795
 20.6398
 28.4956
 32.4808
 0
 0
 0
 0
 17.72
 35.426
 35.426
 35.426
 35.426
 31.3688
 31.3688
 31.3688
 31.3688
 13.2288
 17.9165
 17.9165
 30.3809
 27.037
 23.3452
 23.3452
 28.2135
 14.4914
 15.6525
 15.6525
 18.3303
 24.2281
 26.1151
 21.095
 18.412
 26.9444
 0
 0
 0
 15.843
 13.5647
 24.1247
 24.1247
 24.1247
 28.8097
 0
 29.4788
 18.1659
 24.0832
 25.7488
 25.7488
 0
 32.218
 21.166
 11
 19.2873
 23.4947
 18.412
 20.199
 18.5472
 26.7769
 25.2389
 20.567
 22.2486
 18.1108
 30.8058
 31.496
 19.6977
 20.5426
 36.3043
 36.3043
 21.5639
 19.3391
 19.6214
 32.4808
 0
 21.4709
 0
 26.0384
 55.2992
 27.7128
 27.2397
 27.2397
 35.4824
 28.4429
 26.0768
 21.0238
 30.7896
 26.5141
 23.4521
 23.7276
 26.9629
 25.318
 29.7489
 21.0238
 25.9037
 25.8263
 19.5704
 7.28011
 27.7849
 27.7849
 23.7065
 21.587
 19.3132
 28.0713
 21.4243
 16.1864
 17.4642
 28.2489
 0
 0
 22.6495
 24.5561
 28.2843
 19.7231
 29.3769
 10.4403
 26.0384
 25.5539
 22.6274
 24.6982
 14.0357
 26.2869
 17.8885
 28.0357
 25.2785
 18.2757
 18.5742
 26.0768
 18.6279
 19.2873
 26.9072
 22.7376
 31.6228
 20.445
 27.3861
 31.9218
 0
 19.3907
 25.3377
 20.2978
 24.1454
 29.5635
 21.7945
 30.282
 19.975
 30.7246
 24.8596
 0
 21.4709
 20.2731
 24.1247
 24.1247
 31.3528
 31.3528
 26.0576
 21.5639
 12.3693
 19.3907
 20.6882
 20.0499
 21.5174
 17.2916
 19.1833
 20.4206
 25.1794
 19.5704
 27.2213
 20.8806
 29.9165
 19.5192
 8.12404
 21.4476
 21.9545
 21.5174
 15.906
 24.1454
 22.6716
 20.664
 22.4054
 22.9129
 24.8797
 14.6969
 20.6398
 0
 8.88819
 8.88819
 44.3959
 24.9199
 24.8596
 24.8596
 13.5647
 28.3725
 23.4307
 22.7816
 24.6779
 9.59166
 27.6225
 25.2785
 26.7395
 10.4881
 10.583
 25.4951
 16.5529
 28.178
 23.3452
 7.81025
 22.1133
 25.0799
 20.9523
 29.9333
 0
 11.2694
 21.6795
 17.8885
 23.3452
 30.4467
 20.9762
 28.0713
 6.9282
 26.3439
 19.4422
 21.6333
 19.799
 21.0238
 5.19615
 27.0924
 0
 17.0294
 17.4642
 17.4642
 7.81025
 19.105
 52.469
 21.9089
 21.7715
 21.7715
 19.799
 7.68115
 17.9165
 22.1585
 24.0208
 9.64365
 21.4942
 7.74597
 8.88819
 17.72
 22.9565
 21.9773
 20.2731
 11.6189
 12.1655
 19.8242
 24.6374
 13.1529
 16
 14.8997
 14.3875
 27.9285
 17.4642
 17.8045
 24.0416
 14.2829
 27.1662
 0
