 26.0768
 30.8545
 16.7033
 19.8242
 20.3961
 0
 0
 0
 33.4066
 33.4066
 34.1614
 34.1614
 34.3657
 34.4964
 33.2866
 34.0734
 32.4808
 35.2562
 35.4542
 35.5949
 35.5949
 34.7419
 34.7419
 34.7419
 34.7419
 34.7419
 34.7419
 34.7419
 34.7419
 35.4401
 35.4401
 35.4401
 35.4401
 39.2556
 24.2487
 24.2487
 36.5103
 37.3631
 23.8118
 23.8118
 33.9706
 34.3948
 24.1247
 24.1247
 34.6266
 29.7489
 29.7489
 24.1039
 36.1248
 23.0217
 23.0217
 35.2278
 39.37
 23.3024
 23.3024
 23.3024
 23.3024
 21.4243
 21.4243
 21.4243
 21.4243
 21.4243
 21.4243
 21.4243
 38.7169
 38.7169
 38.7169
 38.7169
 38.7169
 38.7169
 38.7169
 38.7169
 38.7169
 36.9188
 36.9188
 37.1887
 37.1887
 43.7721
 43.7721
 42.5793
 42.5793
 42.5793
 29.5466
 29.5466
 31.8591
 31.8591
 29.3258
 41.0488
 38.223
 47.6025
 36.4966
 22.6936
 42.2611
 40.9145
 40.9145
 41.9524
 41.9524
 42.8719
 42.8719
 42.8719
 42.6497
 42.6497
 42.6497
 42.6497
 42.6497
 42.6497
 42.6497
 42.6497
 33.0757
 40.8412
 49.7695
 44.6654
 40.3733
 46.0109
 46.0109
 43.9886
 43.9886
 48.6724
 48.6724
 49.7293
 49.7293
 49.7293
 47.1911
 47.1911
 43.1161
 43.1161
 43.1161
 43.1161
 38.8716
 54.2494
 36.318
 36.318
 41.7971
 47.571
 38.2623
 48.4252
 48.4252
 48.4252
 48.4252
 50.4876
 50.4876
 49.1121
 49.1121
 47.0319
 47.0319
 47.0319
 48.775
 41.7971
 41.7971
 43.795
 55.6687
 41.8927
 49.7293
 52.5357
 52.5357
 53.4416
 53.4416
 55.6597
 55.6597
 55.6597
 56.0981
 50.2892
 50.2892
 50.2892
 50.2892
 50.2892
 50.2892
 50.2892
 46.594
 46.2601
 46.2601
 48.9183
 49.7494
 51.8749
 51.4296
 53.0566
 53.2729
 46.9681
 46.9681
 46.9681
 42.0357
 53.3104
 47.0319
 51.264
 50.774
 54.7266
 51.8749
 51.5849
 56.5597
 56.5597
 55.4527
 53.7308
 52.1536
 55.4166
 55.2359
 55.2359
 56.7186
 24.8596
 54.0185
 60.1249
 20.8567
 61.1964
 45.4313
 45.4313
 55.3082
 49.548
 51.2152
 51.2152
 53.0094
 56.8067
 55.9553
 55.9553
 55.9553
 62.5859
 62.5859
 62.5859
 62.5859
 62.5859
 58.6345
 51.0882
 59.9917
 59.1185
 49.7896
 60.4814
 55.5698
 48.2079
 54.3967
 49.0918
 49.0918
 51.264
 51.264
 50.4777
 50.4777
 59.1693
 53.8888
 57.5587
 60.4731
 60.4731
 58.1893
 58.1893
 62.5859
 58.6345
 57.4282
 63.8201
 51.8845
 51.8845
 56.6745
 56.6745
 55.5878
 45.5631
 45.5631
 50.4975
 60.2993
 59.9166
 60.3738
 60.3738
 60.3738
 60.3738
 60.3738
 61.8951
 61.8951
 61.8951
 56.6392
 64.1015
 56.9386
 59.0508
 59.0508
 56.8595
 56.4447
 56.4447
 58.3095
 58.3095
 58.3095
 58.3095
 58.3095
 58.3095
 58.3095
 58.3095
 52.2494
 61.8547
 61.8547
 61.8547
 61.8547
 63.7103
 63.7103
 63.7103
 55.2721
 55.2721
 55.2721
 55.2721
 55.2721
 55.2721
 55.2721
 50.309
 50.309
 50.309
 50.309
 57.6888
 57.6888
 57.6888
 57.6888
 57.6888
 57.6888
 57.6888
 57.6888
 57.6888
 57.6888
 57.6888
 57.6888
 57.6888
 57.6888
 57.6888
 57.6888
 57.6888
 57.6888
 57.6888
 57.6888
 57.6888
 57.6888
 57.6888
 57.6888
 67.8749
 67.8749
 73.8309
 73.8309
 73.8309
 73.8309
 71.3372
 59.2453
 50
 50
 50.9608
 50.9608
 50.9608
 56.7715
 51.1859
 51.1859
 51.1859
 51.1859
 51.1859
 51.1859
 69.4766
 69.4766
 69.4766
 69.4766
 69.4766
 69.4766
 69.4766
 69.4766
 55.6417
 55.6417
 55.6417
 55.6417
 55.6417
 58.3267
 58.3267
 58.3267
 50.7445
 79.0633
 63.0317
 49.3964
 49.3964
 0
 0
 0
 0
 0
 0
 0
 0
 0
 0
 0
 0
 0
 0
 0
 0
 0
 0
 0
 0
 0
 0
 0
 0
 0
 0
 0
 0
 0
 0
 0
 0
 0
 0
 0
 0
 0
 0
 0
 0
 0
 0
 0
 0
 0
 0
 0
 0
 0
 0
 0
 0
 0
 0
 0
 0
 0
 0
 0
 0
 0
 0
 0
 0
 0
 0
 0
 0
 0
 0
 0
 0
 0
 0
 0
 0
 0
 0
 0
 0
 0
 0
 0
 0
 0
 0
 0
 0
 0
 0
 0
 0
 0
 0
 0
 0
 0
 0
 0
 0
 0
 0
 0
 0
 0
 0
 0
 0
 0
 0
 0
 0
 0
 0
 0
 0
 0
 0
 0
 0
 0
 0
 0
 0
 0
 0
 0
 0
 0
 0
 0
 0
 0
 0
 0
 0
 0
 0
 0
 0
 0
 0
 0
 0
 0
 0
 0
 0
 0
 0
 0
 0
 0
 0
 0
 0
 0
 0
 0
 0
 0
 0
 0
 0
 29.6311
 0
 0
 0
 0
 0
 0
 0
 0
 0
 0
 0
 0
 0
 0
 0
 0
 0
 0
 0
 0
 0
 0
 0
 0
 0
 0
 0
 36.4555
 36.4555
 0
 0
 0
 0
 0
 0
 0
 0
 0
 0
 0
 0
 0
 0
 0
 0
 0
 0
 0
 0
 0
 0
 0
 0
 0
 0
 0
 0
 0
 0
 0
 0
 0
 0
 0
 0
 0
 0
 0
 0
 0
 0
 0
 0
 0
 0
 0
 0
 0
 0
 0
 0
 0
 0
 0
 0
 0
 0
 0
 0
 0
 0
 0
 0
 0
 0
 0
 0
 0
 0
 0
 0
 0
 0
 0
 0
 0
 0
 0
 0
 0
 0
 0
 0
 0
 0
 0
 0
 0
 0
 0
 0
 0
 0
 0
 0
 0
 0
 0
 0
 0
 0
 0
 0
 0
 0
 0
 0
 0
 0
 0
 0
 0
 0
 0
 29.5466
 29.5466
 29.5466
 29.5466
 29.5466
 29.5466
 20.6155
 20.6155
 20.6155
 20.6155
 20.6155
 20.6155
 20.6155
 20.6155
 26.9444
 26.9444
 26.9444
 26.9444
 19.1572
 19.1572
 19.1572
 19.1572
 19.1572
 19.1572
 19.1572
 17.8885
 17.8885
 0
 0
 0
 0
 0
 0
 0
 19.5959
 19.5959
 19.5959
 19.5959
 19.5959
 21.7256
 21.7256
 21.7256
 21.7256
 21.7256
 20.8087
 20.8087
 20.8087
 20.8087
 20.8087
 20.9045
 20.9045
 53.479
 53.479
 53.479
 53.479
 20.9045
 20.9045
 20.9045
 20.9045
 20.9045
 20.9045
 20.9045
 22.5832
 22.5832
 22.5832
 22.5832
 22.5832
 22.5832
 22.6274
 22.6274
 0
 0
 0
 0
 20.8567
 20.8567
 20.8567
 20.8567
 20.8567
 0
 0
 26.0768
 26.0768
 26.0768
 26.0768
 26.0768
 26.0768
 22.5832
 22.5832
 22.5832
 22.5832
 22.5832
 22.5832
 22.5832
 22.5832
 22.5832
 22.5832
 22.5832
 22.5832
 22.5832
 22.5832
 22.5832
 22.5832
 22.5832
 22.5832
 22.5832
 22.5832
 0
