 7.14143
 0
 15.6205
 13.5277
 19.2614
 19.2614
 20.347
 30.9031
 24.8193
 33.5708
 30.3974
 30.1164
 29.5804
 34.4238
 28.931
 33.3167
 27.6406
 35.7491
 28.3549
 28.0713
 21.2838
 22.9783
 16.5831
 12.9615
 7.81025
 20.9284
 13.0767
 20.8087
 18.5203
 22.3159
 20.0499
 22.6274
 24.2074
 25.7099
 8.12404
 18.2209
 25.2587
 24.5153
 8.83176
 6.08276
 24.3311
 28.2843
 7.34847
 13.1909
 27.7308
 25.9422
 17.4069
 7.74597
 28.0179
 6.48074
 24.8395
 33.2415
 29.7321
 8.544
 21.7486
 23.4521
 19.0526
 6.245
 16.5529
 24.5764
 0
 17.8885
 0
 19.1572
 27.4955
 0
 23.8537
 26.1343
 0
 29.9333
 18.2483
 26.4953
 15.8114
 30.1496
 16.5227
 31.3528
 21.7486
 30.05
 23.516
 28.9828
 25.2982
 17.3494
 19.0788
 18.2483
 27.8209
 23.1733
 24.8596
 24.5764
 28.8617
 27.4591
 27.1477
 13.9642
 30.315
 31.6228
 13.8924
 34.2929
 17.5784
 32.2955
 21.9545
 22.8692
 30.7409
 20.664
 22.6495
 20.6882
 30.3645
 20.3224
 0
 23.4947
 24.5561
 28.688
 29.6816
 29.7153
 27.7849
 37.8418
 18.6011
 35.623
 17.5499
 34.4093
 21.9545
 33.2716
 22.8473
 28
 26.3249
 22.8692
 23.388
 31.6544
 21.7025
 27.8029
 30.7571
 35.609
 28.0357
 29.8664
 31.607
 35.2562
 26.0768
 35.1568
 16.6132
 35.2278
 16.6132
 35
 25.3772
 25.5343
 26.0576
 25.5539
 29.1376
 25.8457
 25.5734
 34.2491
 32.0936
 33.9559
 30.8869
 29.189
 31.607
 39.4968
 31.7333
 39.8121
 26.1151
 37.6829
 16.5831
 21.2368
 35.6371
 27.3679
 23.7697
 28.6531
 24.779
 31.8748
 26.7769
 31.3528
 29.2404
 36.1525
 38.6911
 30.3974
 33.2566
 42.2019
 30.1828
 30.5123
 40.2741
 24.3721
 41.4849
 35.609
 35.609
 29.7321
 38.2623
 31.273
 30.5287
 32.187
 30.3315
 33.3317
 33.0303
 40.5216
 41.7133
 37.6298
 30.3645
 39.3065
 45.3431
 45.7821
 33.5708
 14
 29.6479
 42.3202
 14
 38.2361
 25.4558
 33.9264
 32.6803
 38.2099
 33.0757
 30.249
 34.0734
 37.1214
 33.0303
 33.0303
 32.28
 41.0122
 41.9047
 33.8378
 45.3431
 40.8167
 42.5323
 33.0606
 42.3556
 34.7851
 27.2764
 37.3631
 32
 26.4575
 33.4813
 28.4781
 29.6479
 36.4829
 35.1283
 30.4631
 40.8779
 37.1753
 29.1719
 34.4093
 44.1701
 38.833
 40.5339
 46.0977
 40.8656
 34.4093
 33.9853
 39.4462
 28.9137
 34.3802
 30.5614
 30.4631
 29.6816
 46.3465
 34.7707
 58.0689
 38.3145
 34.8138
 39
 38.4448
 32.4808
 33.0757
 42.2019
 48.7237
 39.2556
 41.9643
 36.2767
 41.8688
 33.8378
 34.4093
 33.3017
 31.9374
 38.7427
 42.6263
 35.171
 52.1057
 40.8289
 47.8435
 36.4829
 38
 37.7492
 32.4808
 34.6987
 45.913
 41.7732
 29.5127
 43.8748
 38.8587
 36.6879
 34.4674
 32.1403
 33.8969
 30.4959
 28.8964
 32.2955
 43.4396
 43.4396
 33.5857
 33.5857
 36.524
 34.8855
 35.7911
 35.7911
 36.3043
 41.2311
 38.3927
 42.2493
 40.6817
 40.0999
 0
 40.2865
 0
 47.571
 31.749
 31.749
 31.1929
 31.1929
 37.4433
 0
 36.5787
 27.2947
 27.2947
 39.1024
 0
 30.5287
 49.051
 35.6791
 58.3438
 38
 60.7371
 34.8281
 35.6371
 43.6921
 21.7945
 39.6863
 22.7376
 33.0757
 21.3307
 32.6956
 21.7715
 28.4429
 42.2611
 36.4692
 36.4692
 36.4692
 41.7971
 0
 49.8197
 48.8876
 0
 0
 0
 0
 31.6544
 40.025
 27.3861
 42.3556
 0
 48.0416
 48.0416
 33.2716
 33.2716
 39.2428
 51.3517
 29.6142
 48.4458
 48.4458
 52.5262
 56.2761
 42.5441
 42.5441
 49.679
 0
 37.9605
 0
 43.4626
 43.4626
 41.833
 27.6043
 37.4299
 36.0139
 0
 32.3265
 39.2683
 39.2683
 39.2683
 30.6268
 53.5257
 36.5787
 0
 36.524
 39.8497
 44.5758
 34.176
 37.5633
 41.7493
 49.7996
 40.8534
 32.9848
 0
 46.2817
 46.2817
 37.55
 37.55
 50.1498
 31.686
 31.6544
 28.7402
 51.1371
 33.0908
 34.1028
 46.3141
 36.6879
 0
 36.6742
 48.8979
 25.5734
 0
 34.8712
 39.0512
 25.2587
 0
 34.2053
 34.0147
 32.5576
 0
 42.1663
 47.7493
 34
 0
 37.3631
 42.7317
 44.6542
 0
 0
 41.0731
 35.9861
 0
 0
 45.793
 35.3977
 38.6135
 38.6135
 43.4281
 39.5601
 45.1442
 48.8979
 37.1483
 54.3415
 54.3415
 33.0757
 52.8204
 35.819
 35.819
 0
 40.1622
 52.5167
 29.5804
 19.8746
 48.1248
 26.9444
 33.9411
 38.1314
 0
 31.305
 41.7373
 41.7373
 41.7373
 35.4824
 36.8375
 33.8674
 24.0208
 0
 35.805
 42.8486
 33.4216
 33.4216
 36.3043
 34.0441
 35.2704
 47.0532
 36.4966
 32.665
 42.6263
 41.2068
 40.0625
 44.6318
 39.8372
 39.8372
 34.6121
 48.0312
 44.5646
 0
 43.5431
 30.7896
 35.5106
 45.5082
 35.6511
 9.43398
 39.128
 50.5173
 30.1496
 36.4966
 0
 0
 32.2955
 36.4829
 36.4829
 36.4829
 0
 35.8608
 55.8659
 33.0454
 33.0454
 43.8292
 41.845
 35.4542
 35.4542
 34.2929
 41.7732
 33.0757
 36.9865
 33.541
 34.8999
 0
 0
 0
 0
 36.6197
 29.95
 7.14143
 7.14143
 7.14143
 33.8969
 29.9165
 29.9165
 29.9165
 36.6606
 27.8747
 54.461
 39.8623
 39.4081
 28.8617
 28.8617
 40.6817
 29.0861
 38.6264
 38.6264
 31.305
 34.7563
 31.7175
 39.5474
 36.9459
 41.9643
 0
 0
 36.1663
 46.6798
 11.6189
 35.609
 35.609
 0
 0
 0
 30.6757
 48.1871
 34.0441
 34.0441
 0
 0
 27.5681
 46.6262
 27.1846
 27.8568
 45.2659
 38.1445
 33.7787
 37.3229
 37.3229
 29.5296
 36.0694
 29.7321
 37.6165
 32.7872
 32.7872
 31.0322
 31.5436
 30.8058
 0
 30.6105
 26.2107
 27.7849
 46.7868
 0
 0
 0
 41.7373
 37.6032
 26.4197
 35.8469
 35.8469
 44.3283
 27.2764
 40.2368
 26.8142
 38.5097
 26.0384
 35.3412
 41.0244
 22.9783
 35.6651
 34.7563
 27.8388
 37.1214
 32.7414
 32.1403
 32.1403
 33.9264
 0
 47.9687
 30.5778
 29.9666
 35.6511
 35.6511
 30.5123
 30.5123
 49.3964
 49.3964
 0
 28.7054
 36.4829
 36.4829
 44.9889
 44.9889
 16.3707
 27.037
 31.0161
 54.2218
 65.1383
 37.1753
 40.5832
 40.5956
 29.5466
 40.5339
 29.5127
 27.8568
 39.1918
 27.7849
 33.2716
 32.28
 35.8329
 32.0312
 27.0924
 27.0924
 30.7896
 30.7896
 27
 24.9199
 25.2389
 30.3645
 28.5132
 48.4871
 47.927
 35.1852
 30.2985
 22.9347
 0
 46.744
 34.8425
 37.8286
 47.8957
 47.8957
 0
 34.7275
 34.7275
 18.2483
 28.9828
 24.1039
 30.5123
 53.4883
 42.0238
 6.48074
 6.48074
 39.5601
 33.4365
 33.5857
 30.4959
 31.0966
 29.5127
 16.8523
 22.7816
 40.6694
 29
 7.34847
 44.8442
 28.178
 34.9428
 28.6182
 27.7849
 43.1161
 7.4162
 33.121
 0
 0
 0
 17.3781
 42.4971
 34.9857
 31.4802
 7.4162
 25.807
 41.7971
 26.9444
 37.9342
 8.544
 50.4876
 25.6515
 48.9285
 15.6525
 7.93725
 26.6646
 32.187
 40.8656
 24.6982
 9.21954
 32.8938
 50.4282
 43.589
 43.589
 43.589
 7.28011
 39.7366
 22.6274
 46.8402
 30.3809
 30.3809
 57.55
 10.3923
 45.9783
 45.9783
 29
 29
 36.4966
 11.7898
 54.7723
 54.7723
 54.7723
 54.7723
 54.7723
 8.66025
 8.66025
 46.2925
 42.9418
 46.465
 46.465
 46.465
 14.7309
 31.6228
 39.724
 45.5961
 20.8567
 20.8567
 11.7898
 16.3707
 16.3707
 45.1885
 37.3631
 44.7214
 44.7214
 26.9815
 26.9815
 41.7133
 26.1534
 34.3657
 34.4674
 34.4674
 40.8534
 27.7489
 27.7489
 30.3645
 13.8924
 13.8924
 13.8924
