 16.7332
 12.1244
 15.5242
 11
 13.4164
 13.4164
 11.0454
 31.6228
 19.6723
 29.4788
 29.4788
 28.4077
 32.1559
 36.0971
 28.688
 34.9571
 19.4936
 24.3105
 19.1572
 20.664
 14.0712
 19.975
 19.975
 15.5885
 15.5885
 15.5885
 8
 11.2694
 14.7648
 14.3178
 14.0712
 15.9687
 15.9374
 20.3715
 7.14143
 6.9282
 30.7246
 18.6548
 8.544
 8.544
 32.1248
 31.7962
 8.544
 13.0384
 30.7246
 29.5296
 16.5529
 9.64365
 17.8606
 10.4881
 17.8606
 33.2114
 19.4936
 11.9583
 16.7929
 10.3923
 17.5784
 9.69536
 28.2843
 22.1585
 0
 0
 0
 12.1655
 16.7033
 0
 13.1909
 20.8567
 0
 27.5681
 11.5326
 31.0966
 31.0966
 32.6803
 15.6205
 27.8568
 26.0576
 19.5192
 13.1529
 21.7486
 18.3303
 18.3303
 23.4094
 21.1187
 29.5296
 22.5167
 17.1464
 15.2315
 16.8523
 28.7228
 20.1246
 6.08276
 30.282
 35.7491
 35.7491
 32.7567
 13.1529
 20.4939
 14.9332
 14.5602
 20.9284
 20.9284
 11.5758
 11.5758
 29.5466
 29.5466
 0
 15.6205
 15.4596
 17.8606
 27.7849
 29.9333
 19.3649
 41.6413
 16.5831
 33.8083
 17.6635
 22.3159
 14.9666
 20.2978
 13.8924
 18.9737
 18.412
 23.4307
 23.4307
 23.4307
 25.0599
 14.8324
 28.4077
 28.9137
 19.6977
 36.0278
 22.1133
 41
 20.025
 38.0657
 38.0657
 22.9347
 22.9347
 21.9545
 18.3848
 20.2978
 14.3178
 14.3178
 21.4009
 29.3769
 15
 34.6266
 20.8087
 20.8087
 35.623
 18.5472
 32.7872
 47.2652
 19
 43.1625
 18.7617
 26.1343
 26.1343
 26.1343
 22.6053
 22.4944
 16.5831
 19.1572
 19.1572
 24.4745
 18.412
 22.6495
 31.8748
 42.9535
 35.7911
 39.6358
 38.0526
 48.0729
 20.8327
 20.4206
 45.8803
 15.1327
 28.3901
 20.8567
 20.8567
 20.9045
 39.975
 19.975
 19.975
 22
 18.9737
 18.9737
 25.1794
 34.6121
 45.1774
 45.5851
 39.0256
 36.8375
 50.5371
 49.8598
 25.923
 9.53939
 23.5797
 31.5119
 8
 26.1151
 27.2397
 35.7211
 32.7719
 32.7719
 32.7719
 20.6882
 33.9117
 33.7046
 25.1595
 25.1595
 31.8277
 35.0143
 43.6119
 41.4488
 51.8266
 40.1746
 48.4045
 32.3265
 33.0151
 23.2594
 14.8997
 23.6008
 25.6515
 25.6515
 25.6515
 25.6515
 25.6515
 33.8821
 27.1109
 21.7715
 34.3802
 32.4654
 36.1663
 41.0974
 51.672
 47.0956
 42.332
 51.3712
 47.6445
 30.7409
 21
 28.6356
 18.1384
 25.923
 35
 33
 33
 49.5883
 26.3818
 60.0083
 32.2335
 22.5389
 36.8239
 44.1248
 42.6849
 30.7734
 45.2548
 52.9717
 38.1707
 49.7192
 26.2679
 28.4429
 20.8327
 23.388
 28.4429
 28.4429
 28.4429
 43.795
 26.9815
 54.2771
 33.9264
 33.9264
 27.1662
 44.7325
 36.3318
 44.3959
 43.8748
 48.3218
 49.2747
 42.45
 38.3145
 28.0357
 29.1376
 24.2281
 21.7715
 21.7715
 21.7715
 21.7715
 30.0333
 50.6063
 50.6063
 50.6063
 50.6063
 50.6063
 42.8486
 29.9833
 29.9833
 34.8999
 50.1597
 44.3283
 55.6507
 28.178
 32.5576
 0
 0
 0
 29.7321
 21.7945
 21.7945
 32.909
 32.909
 43.589
 0
 27.1846
 27.1846
 27.1846
 35.0143
 0
 16.5227
 56.7274
 29.1376
 69.2459
 33.5261
 68.1762
 39.37
 39.37
 48.0937
 36.6197
 36.6606
 42.9069
 26.1725
 28.8791
 23.4521
 8.66025
 33.541
 41.1218
 41.1461
 41.1461
 41.1461
 51.4879
 51.4879
 61.0492
 58.9237
 58.9237
 58.9237
 58.9237
 58.9237
 29.95
 34.7707
 35.1426
 48.2597
 0
 0
 0
 44.1022
 44.1022
 38.1314
 59.1101
 59.1101
 59.1101
 59.1101
 58.8303
 58.8303
 58.8303
 58.8303
 58.8303
 58.8303
 32.3265
 0
 0
 0
 28.7228
 35.4119
 35.4119
 28.775
 0
 0
 0
 0
 0
 33.2716
 33.2716
 33.2716
 0
 27.9285
 43.4511
 34.3948
 36.0555
 30.5941
 34.0147
 51.6624
 42.0595
 27.7669
 0
 0
 0
 0
 0
 0
 36.1801
 36.1801
 21
 57.7148
 30.6757
 25.6905
 42.638
 23.7276
 0
 35.2278
 36.1248
 36.1248
 0
 47.8121
 30.8058
 9.69536
 0
 0
 46.8828
 46.8828
 0
 36.5103
 49.1325
 49.1325
 0
 30.7409
 40.9512
 40.9512
 0
 0
 32.7109
 26.5518
 0
 0
 0
 0
 32.573
 0
 49.7494
 49.7494
 55.0091
 60.4897
 60.4897
 46.3033
 0
 28.5657
 58.0172
 26.3818
 26.3818
 0
 36.6333
 54.231
 22.8473
 18.6279
 50.2295
 26.1343
 41.9643
 41.9643
 0
 43.566
 31.3209
 31.3209
 31.3209
 30.8221
 43.4396
 33.2265
 24.4336
 0
 0
 38.8458
 24.8797
 24.8797
 27.4226
 27.0555
 29.1204
 50.8429
 37.8418
 29.1719
 41.1461
 41.1461
 31.3847
 51.817
 51.817
 51.817
 51.817
 56.0981
 56.0981
 56.0981
 44.6654
 32.2335
 30.0333
 50.6261
 30.4138
 30.4138
 38.704
 63.7417
 21.7715
 42.72
 0
 0
 30.3645
 47.7808
 47.7808
 47.7808
 0
 42.6849
 42.6849
 42.6849
 0
 0
 35.6791
 35.6791
 0
 36.3593
 36.3593
 25.2982
 47.4131
 27.4773
 27.4773
 0
 0
 0
 0
 46.1844
 46.1844
 3.4641
 3.4641
 0
 0
 37.4299
 0
 0
 44.8442
 44.8442
 44.8442
 40.6817
 48.1871
 48.1871
 0
 0
 29.9165
 41.0366
 41.0366
 20.2978
 35.6791
 21.7256
 36.524
 48.7442
 48.7442
 0
 0
 35.5106
 55.6687
 55.6687
 21.5174
 0
 0
 0
 0
 0
 0
 30.9839
 30.9839
 0
 0
 35.9722
 48.5695
 48.5695
 48.5695
 48.5695
 30.315
 34.4384
 45.9674
 45.9674
 37.1349
 40.3856
 40.3856
 38.7685
 25.2587
 25.2587
 25.2587
 23.1517
 14.8324
 0
 0
 17.4069
 17.4069
 42.107
 0
 0
 0
 35.6371
 34.6699
 34.6699
 35.2987
 0
 42.7317
 26.9444
 46.5403
 25.2785
 31.496
 30.7896
 30.7896
 42.6497
 42.6497
 31.5753
 31.5753
 36.647
 25.318
 31.1288
 27.9464
 27.9464
 45.1996
 0
 0
 0
 14.1421
 44.3396
 44.3396
 26.1916
 26.1916
 53.6936
 53.6936
 53.6936
 28.688
 42.6146
 42.6146
 54.8726
 54.8726
 54.8726
 33.0908
 17.5499
 51.6043
 72.3187
 72.3187
 72.3187
 43.6463
 12.1655
 49.1325
 23.622
 19.9499
 26.0768
 16.7631
 22.5167
 22.5167
 27.8388
 27.9821
 20
 20
 20
 20
 23.4094
 23.4094
 31.8434
 29.3428
 26.2869
 57.2014
 57.2014
 24.5561
 30.6757
 30.6757
 0
 0
 0
 40.9268
 40.7922
 40.7922
 0
 45.1774
 45.1774
 19.1311
 21.2603
 4.69042
 4.69042
 4.69042
 4.69042
 13.6382
 13.6382
 34.3511
 34.3511
 36.524
 38.7298
 24.7184
 24.7184
 19.105
 19.105
 47.4025
 31.6386
 12.6491
 46.1952
 34.8425
 34.8425
 21.4709
 31.4325
 42.6146
 12.3693
 12.3693
 0
 0
 0
 8.60233
 8.60233
 25.2982
 25.6515
 12.083
 15.4272
 48.775
 15.5885
 15.5885
 13.8924
 42.7551
 14.8661
 36.5513
 36.5513
 12.1244
 17.088
 17.088
 48.6929
 18.9473
 13.0384
 13.0384
 40.0375
 47.1169
 47.1169
 47.1169
 14.7309
 14.7309
 8
 49.4065
 49.4065
 49.4065
 45.1553
 13.9284
 13.9284
 13.9284
 3.60555
 3.60555
 44.2945
 14.7648
 40.7554
 40.7554
 40.7554
 40.7554
 40.7554
 13.8564
 13.8564
 13.8564
 32.3419
 49.96
 49.96
 49.96
 18.2757
 18.2757
 25.7099
 51.8073
 51.8073
 51.8073
 14.7648
 14.7648
 14.7648
 46.2817
 46.2817
 46.2817
 46.2817
 46.2817
 46.2817
 33.2415
 33.2415
 30.6594
 29.8998
 29.8998
 29.8998
 24.3516
 24.3516
 24.3721
 24.3721
 24.3721
 24.3721
