 372.441
 0
 13.4536
 13.5647
 13.5647
 0
 29.189
 33.0757
 31.4802
 28.6705
 32.4191
 32.4191
 32.8634
 34.7563
 31.8904
 33.4515
 30.1662
 34.7131
 34.7707
 34.8425
 33.0454
 34.7994
 38.4057
 30.4138
 27.8927
 35.5668
 27.8209
 31.289
 29.5466
 34.8425
 33.9411
 33.9706
 35.1426
 39.4842
 25.7488
 28.3019
 38.4968
 41.0731
 41.0731
 19.4165
 34.7563
 35.2704
 35.2704
 22.0227
 35.6371
 28.5132
 24.3721
 26.1343
 34.7994
 25
 28
 35.5949
 39.1535
 25.865
 25.865
 38.223
 25.219
 24.0208
 32.1559
 32.1559
 32.1559
 31.496
 31.496
 34.7994
 37.3631
 37.3631
 40.0749
 33.0454
 33.0454
 44.7437
 27.9285
 35.0856
 24.5357
 35.8469
 25.1992
 36.8103
 26.9815
 42.6263
 33.0454
 42.638
 33.4365
 32.218
 29.5466
 37.4433
 30.1496
 39.975
 30.4138
 41.7732
 34.7851
 46.0977
 35
 25.4558
 40.025
 40.025
 27.7849
 40.1622
 28.6531
 40.8289
 32.1403
 35.6931
 43.0349
 34.0147
 38.0263
 39.4715
 35.6511
 40.1497
 40.1497
 43.4051
 32.311
 37.4433
 48.6621
 45.1774
 39.37
 44.7884
 30.4959
 43.5546
 30.4959
 47.0213
 33.0606
 49.0408
 33.8969
 41.7373
 47.2335
 36.7151
 42.6497
 40.939
 45.6727
 47.833
 36.0416
 54.7631
 35.6511
 48.6415
 41.8808
 47.0106
 38.0263
 47.8017
 31.289
 51.4587
 30.4302
 51.2738
 36.4829
 50.3587
 37.4032
 48.6518
 47.0213
 40.8534
 49.4469
 41.3884
 54.0833
 41.1582
 56.6127
 41.7013
 49.5984
 52.1728
 45.3431
 54.7905
 41.0853
 55.9643
 31.3688
 37.3497
 58.8133
 52.259
 41.7133
 45.1664
 48.9796
 50.4876
 49.4368
 56.8331
 47.833
 47.4658
 61.6685
 53.9351
 47.3181
 55.857
 49.548
 53.6097
 56.5509
 48.7032
 60.05
 60.4979
 43
 55.0182
 47.55
 52.6213
 52.7352
 55.6058
 52.9056
 55.6147
 56.9561
 62.5859
 56.1783
 53.3667
 55.0091
 53.4696
 56.9122
 60.1997
 56.5066
 23.3666
 55.5788
 60.8194
 18
 63.0635
 47.2229
 43.6692
 57.5674
 50.1199
 54.2125
 53.4322
 55.0908
 58.2323
 58
 58
 51.3128
 63.7024
 56.4358
 56.8507
 58.66
 56.1605
 61.7252
 55
 62.6259
 59.9917
 56.0981
 62.2013
 60.4566
 49.7795
 55.4887
 50.1797
 56.5774
 55.2721
 61.6847
 55.9106
 67.1789
 61.7576
 54.9545
 60.3987
 61.7414
 57.0175
 57.8792
 60.9754
 62.7455
 58.2752
 59.6154
 64.2729
 55.4707
 62.8967
 57.7754
 49.2646
 56.6304
 50.8134
 61.5305
 55.4617
 65
 61.1719
 60.8441
 64.4438
 56.0803
 52.6118
 56.9034
 61.9516
 56.7098
 63.4429
 56.4889
 65.1383
 58.4466
 61.3025
 52.3163
 56.9912
 57.4543
 47.3392
 61.5549
 52.8583
 66.3325
 53.619
 61.9355
 63.6003
 60
 56.9034
 56.285
 62.153
 66.2495
 50.9019
 61.1719
 64.0234
 60.8194
 63.293
 56.5685
 58.2323
 56.0268
 51.1273
 57.576
 46.7226
 46.7226
 51.517
 51.517
 58.8982
 55.5968
 58.2838
 58.2838
 58.2838
 64.6065
 55.9017
 58.0517
 63.4665
 57.9137
 57.9137
 60.0167
 60.0167
 68.2569
 59.0508
 54.5894
 51.7494
 64.2962
 58.0517
 58.0517
 64.591
 46.7333
 51.2348
 55.8122
 55.8122
 55.2087
 68.8404
 62.6019
 77.7239
 57.4543
 70.3776
 54.8361
 70.1997
 58.0345
 51.1175
 56.701
 55.1725
 56.8507
 50.547
 57.5413
 53.3104
 51.6527
 71.239
 60.7536
 51.3907
 56.921
 58.112
 58.112
 58.643
 73.7835
 73.7835
 64.8074
 64.8074
 64.8074
 57.4195
 67.838
 52.7067
 68.8331
 68.8331
 57.6715
 57.6715
 58.8982
 51.8556
 57.0789
 65.5668
 50.774
 62.6019
 62.6019
 66.2646
 75.7562
 57.1227
 57.1227
 75.2728
 75.2728
 57.3847
 57.3847
 67.7348
 64.5058
 64.304
 48.9183
 59.2537
 59.716
 59.716
 56.2317
 57.5674
 60.3573
 60.3573
 52.0192
 63.561
 59.2537
 59.2537
 66.053
 59.9583
 63.7809
 59.2115
 64.4981
 68.7823
 60.7618
 70.406
 55.4346
 55.4346
 71.6031
 71.6031
 56.6216
 74.2967
 64.304
 68.1616
 57.1839
 55.6687
 62.1932
 57.1139
 61.7009
 63.0238
 65.4752
 65.4752
 60.075
 68.6586
 57.4195
 57.4195
 58.155
 63.8905
 48.6313
 48.6313
 60.2661
 58.0086
 49.7996
 49.7996
 56.0625
 63.1269
 59.1946
 59.1946
 62.6339
 63.7338
 60.8851
 60.8851
 65.6277
 63.8827
 58.2151
 58.2151
 58.2151
 59.2706
 58.258
 69.5414
 69.5414
 70.8731
 58.0431
 58.4722
 68.7095
 63.8671
 58.2838
 58.2838
 57.3672
 64.7611
 61.3351
 61.3351
 61.3351
 65.3223
 67.9632
 57.2887
 39
 65.4294
 53.0283
 59.0593
 53.9351
 53.9351
 54.4426
 65.7723
 45.9565
 43.909
 63.5138
 58.1808
 50.319
 37.5233
 37.5233
 64.3972
 62.6019
 56.0714
 56.0714
 63.726
 59.1354
 65.3605
 63.5689
 61.0983
 59.1185
 68.0221
 55.8659
 67.9485
 58.1893
 55.9553
 55.9553
 58.5747
 59.9083
 67.8086
 67.8086
 61.131
 46.8828
 58.66
 71.0845
 59.0847
 28.178
 63.5374
 63.5374
 57.6715
 60.3821
 60.3821
 60.3821
 56.3028
 57.6802
 65.123
 67.7864
 67.7864
 56.7186
 70.406
 59.2874
 59.2874
 61.4898
 56.3205
 52.8583
 52.8583
 50.448
 63.498
 54.0648
 51.6527
 51.614
 59.7327
 59.7327
 59.7327
 59.7327
 59.7327
 54.8361
 60.2661
 32.311
 32.311
 32.311
 57.1402
 54.2586
 54.2586
 54.2586
 53.7122
 49.689
 63.9766
 55.0364
 59.5903
 52.2494
 52.2494
 63.498
 50.5767
 55.6776
 55.6776
 58.6259
 66.5207
 55.9553
 60.696
 54.1941
 68.9057
 68.9057
 68.9057
 48.6518
 60.1082
 38.4838
 57.463
 57.463
 57.463
 57.463
 57.463
 55.9196
 61.7657
 60.8358
 60.8358
 60.8358
 60.8358
 51.6624
 56.8155
 48.7545
 50.4183
 50.4183
 54.0925
 54.8361
 52.5928
 63.4744
 48.949
 56.4889
 52.5262
 54.0925
 53.8238
 55.1906
 50.448
 51.2445
 54.074
 54.074
 52.0096
 50.5668
 46.551
 73.3008
 73.3008
 51.0392
 51.0392
 58.3267
 81.1234
 49.1935
 50.6261
 50.6261
 60.5888
 46.8295
 55.5158
 53.2541
 62.0322
 46.7868
 56.0625
 65.1997
 48.5592
 60.0916
 58.2065
 49.295
 65.8331
 52.5928
 57.4978
 57.4978
 51.1664
 51.1664
 65.4294
 57.4456
 52.192
 55.8928
 54.9181
 53.4228
 56.7715
 61.4736
 61.4736
 61.4736
 48.1768
 53.6004
 53.6004
 51.9519
 51.9519
 42.0357
 47.833
 51.4976
 57.3498
 63.2535
 49.5379
 54.6077
 52.8772
 63.4744
 61.4248
 50.4183
 50.6063
 68.7168
 49.5782
 55.5428
 52.2877
 50.1896
 56.3383
 50.6656
 51
 55.1543
 55.1543
 51.7591
 46.3789
 46.7333
 51.8652
 52.3068
 61.6523
 62.8808
 56.0981
 58.5747
 43.8292
 0
 0
 0
 0
 44.9889
 63.8201
 63.8201
 56.107
 59.8749
 29.1548
 56.6833
 44.4072
 54.2125
 59.4054
 53.0943
 22.8692
 59.1185
 68.4471
 55.0908
 50.9215
 50
 57.3847
 56.8946
 27.2213
 49.5681
 62.3699
 48.7955
 19.8242
 64.9153
 48.0729
 55.6776
 49.558
 40.8901
 65.6963
 19
 55.8928
 55.8928
 46.5833
 0
 42.6146
 65.9697
 53.1225
 50.4678
 16.8226
 41.7732
 64.7534
 47.8435
 50.6261
 21.7715
 50.5767
 43.5775
 62.145
 44.2945
 20.2731
 45.3762
 52.0481
 61.8142
 46.8935
 21.1187
 44.0341
 51.6817
 49.7494
 54.2218
 54.2218
 19.5959
 60.0417
 41.8569
 55.0818
 54.1849
 44.2832
 54.6809
 20.9284
 60.9098
 53.7959
 43.0116
 42.1545
 44.9222
 21.8632
 63.1664
 63.1664
 92.6283
 50.5767
 50.5767
 20.8567
 56.6569
 65.8483
 57.3934
 58.2924
 58.2924
 55.5698
 25.7099
 53.7587
 68.9348
 58.9322
 42.0119
 55.9643
 22.3383
 45.8694
 51.517
 58.9237
 63.4586
 60.0666
 44.0568
 46.7868
 54.4059
 65.4294
 45.4863
 56.4624
 52.3355
 50.6063
 68.2788
 50.6063
 47.2335
 51.643
 45.2327
 69.3181
 69.3181
