 22.5832
 28.6356
 15.6525
 15.5885
 14.7986
 14.7986
 12.083
 2.82843
 2.23607
 0
 4.12311
 2.44949
 14.6969
 4.24264
 3.31662
 16.4621
 1.73205
 1.41421
 7.93725
 10.4881
 17.3494
 17.3494
 23.8328
 22.8035
 30
 26.7769
 23
 10.4881
 23.7276
 15.7162
 19.975
 14.1067
 10.8167
 7.93725
 16.5227
 17.2916
 4.24264
 8.544
 17.3781
 20.0749
 4.69042
 2.44949
 17.3494
 23.4307
 3.60555
 2.44949
 22.1811
 18.2483
 3.4641
 18.2483
 15.5885
 12.1655
 11.3578
 19.0526
 2.44949
 15.6525
 2.44949
 18.2757
 25.0799
 6.16441
 0
 25.5734
 0
 21.3073
 5.65685
 0
 12.1655
 11.5758
 0
 4.12311
 16.2481
 1.41421
 19.5959
 3
 22.3607
 2.44949
 20.8567
 6.9282
 14.9666
 14.7986
 3.74166
 23.7276
 0
 27.2397
 8.83176
 24.4949
 3.4641
 17.3205
 7.68115
 7.4162
 12.6491
 20.6155
 2.23607
 3.4641
 23.9165
 2.44949
 23.6643
 6
 20.0998
 16.4621
 14.0357
 6.48074
 24.4949
 27.1846
 10.0499
 25.5343
 0
 18.412
 0
 7.87401
 8.18535
 1.73205
 18.1659
 9.32738
 21.7945
 0
 26.9258
 6
 25.2587
 15.6205
 21.7256
 15.748
 24.4745
 2.44949
 29.6816
 13.1909
 28.8097
 18.6548
 6
 7.74597
 0
 2.82843
 9.84886
 8.06226
 15.6525
 1.73205
 22.6495
 6.9282
 25.6905
 16.6132
 24.2487
 24.98
 20.6882
 29.1204
 13.7113
 2.82843
 25.2785
 10.0499
 16.4621
 5.19615
 7.14143
 2.64575
 0
 9.74679
 13
 6.245
 18.412
 6.85565
 25.6905
 27.2213
 16.4924
 27.4773
 24.8998
 20.6155
 30.7896
 8.88819
 28.6531
 18.412
 3.31662
 10.1489
 5.38516
 1.73205
 7.87401
 13.6382
 0
 13.8924
 5.47723
 21.7025
 3.4641
 18.2757
 28.7054
 24.7588
 29.1376
 23.622
 31.607
 16.2481
 29.6816
 12.083
 21.7025
 7.93725
 14
 13.2288
 3.31662
 8.60233
 15.6525
 11.6189
 1.41421
 3.31662
 17.7482
 0
 4.24264
 18.2209
 26.4764
 30.7246
 26.1534
 29.4618
 35.1994
 32.45
 26.1343
 11.3137
 22.2935
 21.1187
 0
 6
 18.0278
 0
 17.1172
 13.9642
 8.94427
 5.09902
 0
 9.48683
 22.2486
 13.8924
 27.6586
 30.3315
 32.7414
 34.0734
 31.8904
 29.4788
 23.1084
 22.8473
 13.1149
 11.4018
 1.41421
 5.19615
 17.1464
 16.3095
 15.4596
 14.3527
 3.31662
 0
 12.1655
 9.69536
 25.5343
 22.3607
 33.0908
 33.5112
 33.8378
 34.3657
 24.779
 29.3428
 15.9687
 21
 13.1529
 4.24264
 14.3178
 3.60555
 17.9165
 16.3401
 10.4881
 3.4641
 1.41421
 10.5357
 15.3948
 22.2935
 27.4408
 35.2136
 36.8239
 36.2491
 27.2029
 34.9428
 14.7986
 28.6531
 19.2873
 7.93725
 14.5602
 20.025
 20.025
 20.025
 3.4641
 20
 10.0995
 7.93725
 0
 22.3383
 19.2094
 28.9655
 31.8748
 32.249
 0
 37.4433
 37.4433
 37.3497
 37.3497
 29.0689
 14.7309
 14.7986
 0
 3.4641
 3.4641
 18.3848
 1.41421
 6.9282
 12.9615
 0
 2.82843
 0
 7.81025
 20.664
 20.664
 30.5287
 26.3249
 21.7486
 21.7486
 21.7486
 37.9868
 35.0143
 41.3038
 0
 25
 36.2491
 10.583
 26.9815
 11.225
 5.09902
 5.09902
 5.09902
 23.388
 32.2645
 9.53939
 40.9268
 6.245
 27.9643
 23.1948
 32.3265
 34.322
 21.7025
 36.3043
 39.8623
 39.8623
 41.3521
 0
 26.7769
 32.665
 0
 29.0689
 0
 0
 0
 10.5357
 1.73205
 3.4641
 0
 23.7065
 23.7065
 23.7065
 23.7065
 13.1149
 28.0891
 28.0891
 0
 0
 18.9737
 6
 5.74456
 5.74456
 5.74456
 5.74456
 8.544
 8.544
 8.544
 8.544
 13.0384
 40.4722
 6
 32.1092
 0
 36.2905
 45.3542
 0
 0
 28.2489
 0
 45.31
 0
 10.3923
 3.74166
 37.7094
 4.79583
 9.53939
 24.1661
 29.0172
 1.73205
 18.303
 0
 25.2982
 25.2982
 34.8425
 34.3948
 29.4958
 13.8924
 43.1045
 6.08276
 23.622
 31.5753
 21.8174
 15.5885
 3.4641
 0
 15.9687
 1.73205
 34.176
 0
 28.6182
 23.8956
 23.8956
 0
 41.7732
 30.545
 36.4829
 0
 27.4408
 15.6844
 46.422
 0
 1.41421
 43.1045
 9.64365
 0
 29.1548
 22.1359
 5.19615
 0
 0
 29.3598
 36.2491
 8.48528
 0
 16.4317
 43.9659
 27.8747
 32.6956
 30.9839
 18.3576
 18.3576
 1.41421
 32.7414
 18.735
 18.735
 0
 6.08276
 23.7065
 19.4422
 3.31662
 8.66025
 33.5261
 20.6398
 0
 0
 32.1714
 12.3693
 43.9886
 8.60233
 33.0757
 24.2487
 40.5709
 12.083
 0
 47.5605
 9.53939
 33.5112
 33.5112
 13.8924
 17.2916
 48.3632
 38.8587
 8.66025
 30.9677
 39.5854
 9.64365
 0
 25.7294
 35.327
 0
 33.541
 32.619
 0
 0
 22
 11.225
 23.1517
 29.0172
 1.73205
 19
 0
 37.7227
 13.6382
 18.2209
 0
 35.4542
 16.6733
 17.088
 22.561
 22.561
 22.561
 26.1151
 0
 4.24264
 0
 41.1461
 6
 6
 6
 40.5832
 17.8885
 12.8841
 7.14143
 29.6985
 40.3856
 0
 0
 0
 0
 0
 0
 0
 0
 0
 16.2481
 16.2481
 0
 0
 20.0998
 7.28011
 7.28011
 26.1343
 8.544
 19.9499
 0
 6.16441
 1.41421
 21.7715
 21.7715
 3
 3.4641
 28
 15.3297
 7
 34.641
 0
 0
 0
 4.24264
 2.23607
 2.23607
 2.23607
 0
 43.589
 0
 22.9347
 13.1149
 1.41421
 36.7831
 36.7831
 0
 8.42615
 8.66025
 7.4162
 10.3441
 21.7256
 33.9117
 5.19615
 9.84886
 2.44949
 0
 15.748
 12.2882
 56.6657
 13.0384
 23.388
 5.65685
 5.47723
 43.0813
 0
 17.9165
 4.47214
 9.32738
 46.8935
 0
 26.9444
 0
 20.7846
 50.7543
 21.1187
 31.8434
 31.8434
 32.0156
 33.4066
 7.28011
 16
 32.4346
 34.4384
 13.5647
 7.81025
 23.9583
 3.4641
 24.1247
 4.24264
 3.4641
 27.037
 0
 19.5192
 35.1283
 0
 36.3043
 1.73205
 13.1909
 36.318
 36.318
 6
 11.2694
 43.0697
 0
 0
 26.2488
 21.1424
 38.4838
 2.44949
 47.634
 1.41421
 34.8138
 15.6205
 5.74456
 23.4307
 0
 14.0357
 27.8927
 0
 0
 6.9282
 0
 0
 3.31662
 4.58258
 18.2757
 1.41421
 40.694
 5.19615
 43.9659
 43.9659
 0
 5.2915
 19.105
 23.7065
 35.0428
 49.7896
 26.2679
 19.105
 4.47214
 46.0217
 32.7261
 0
 36.6879
 2.44949
 4.24264
 4.24264
 32.2335
 32.2335
 2.44949
 30.692
 13.4536
 1.73205
 22.561
 0
 38.3536
 6
 20.6155
 20.1246
 12.8452
 0
 37.3095
 25.1794
 32.078
 1.73205
 17.2047
 13.1909
 21.6795
 22.7156
 16.8523
 40.0999
 1.41421
 14.7648
 16.4924
 0
 37.1349
 17.3781
 5.09902
 0
 26.7769
 26.7769
 54.4059
 28.6531
 0
 0
 18.2209
 34.7707
 14.8661
 7.74597
 8.66025
 15.1658
 34.3802
 27.9106
 41.5331
 8
 14.5602
 24.1661
 4.89898
 11.3578
 4.12311
 14.8661
 8.7178
 35.9861
 27.8029
 35.0143
 0
 17.0587
 1.73205
 0
 22.2711
 45.9565
 2.44949
 42.4028
 15.5242
 4.24264
 19.0788
 0
 3.4641
 7.14143
 10.9545
 30.5287
 0
 15.6525
 8
 8
 8
 33.8969
 61.0246
 13.1909
 35.1283
 35.1283
 11.2694
 2.44949
 29.5466
 0
 37.3497
 2.44949
 33.8821
 33.8821
 11.6189
 13.0767
 32.1403
 31.1609
 20.8327
 10.583
 0
 26.9629
 42.0476
 10.4403
 10.3923
 5.09902
 15.4272
 38.4708
 0
 21.9773
 12.4499
 9.16515
 28.8964
 0
