 37.3095
 31.9531
 32.7567
 34.5832
 35.4542
 35.4542
 40.5463
 41.5933
 44.4072
 40.025
 45.4643
 45.3652
 42.5558
 41.4729
 44.3283
 43.1972
 47.0638
 52.4881
 48.9694
 50.6162
 39.724
 46.4112
 46.8828
 38.2492
 34.9428
 48.6826
 37.7624
 40.4104
 46.0543
 47.833
 44.7325
 42.4853
 51.4198
 50.8626
 34.5543
 36.973
 44.3396
 47.4658
 33.7639
 37.3631
 42.9535
 43.9318
 33.7343
 41.7493
 45.8694
 43.9204
 42.1782
 31.9061
 49.4166
 31.8591
 47.0106
 47.0532
 51.6624
 32.7414
 44.4185
 45.1664
 41.6413
 33.5857
 46.9681
 47.676
 0
 47.8121
 0
 0
 46.3789
 0
 0
 45.5631
 45.5631
 54.4334
 40.694
 47.3075
 41.9643
 48.6004
 47.8226
 48.8876
 47.8644
 51.1175
 50.4282
 49.4672
 47.8121
 46.9681
 47.571
 53.9815
 46.9681
 55.7494
 41.9166
 60.5145
 48.4974
 57.5587
 45.0999
 39.598
 51.643
 49.7695
 45.2438
 52.6118
 51.4296
 51.7107
 52.1728
 56.921
 54.2033
 51.9326
 49.163
 54.7357
 53.6563
 59.0931
 59.0931
 62.6498
 42.7668
 51.8652
 63.1823
 56.8771
 44.2719
 58.7026
 44.3959
 49.3964
 49.6387
 47.4868
 55.0999
 52.5357
 58.2838
 58.9661
 54.7175
 50.8527
 59.0931
 54.4243
 60.8769
 66.242
 48.4562
 66.6483
 44.441
 57.9655
 56.2761
 53.2635
 47.1063
 49.96
 45.618
 64.7997
 50.3885
 53.6097
 57.0701
 50.774
 60
 59.2368
 58
 51.7301
 65.1844
 50.9804
 66.0908
 47.2864
 66.0227
 56.921
 56.701
 56.1516
 45.607
 53.2165
 43.4511
 68.1249
 50.448
 56.5155
 56.921
 51.7591
 62.0403
 62.6418
 61.7333
 64.304
 67.2086
 70.4273
 58.8048
 57.4195
 71.1758
 65.7343
 46.0652
 64.1639
 62.1369
 54.6168
 53.301
 44.2832
 71.5402
 55.0999
 51.303
 50.7247
 65.2763
 65.284
 62.57
 68.9275
 69.0145
 65.5134
 72.1388
 72.9178
 64.1249
 56.6922
 70.6116
 49.8999
 68.469
 59.4979
 65.7495
 29.5296
 46.7333
 74.1283
 29.1719
 52.7067
 50.7543
 58.2237
 54.5894
 68.7168
 62.7375
 72.0139
 70.3776
 72.8629
 75.6175
 75.6175
 59.4138
 75.9934
 65.7875
 59.0085
 68.4909
 56.8858
 59.1608
 46.0435
 73.8986
 69.0869
 69.0869
 53.9166
 53.0189
 55.0545
 62.6019
 62.9524
 71.1969
 70.8308
 75.3459
 71.3022
 78.2624
 73.6207
 56.6127
 74.8398
 70.5124
 65.1537
 57.0438
 62.5779
 53.2916
 51.7397
 48.7134
 69.9929
 47.55
 56.9122
 59.2115
 58.3181
 68.7677
 67.5722
 74.3841
 74.3438
 76.4984
 72.1734
 72.9383
 74.458
 57.4717
 73.0548
 61.7576
 63.8279
 51.6624
 54.6352
 58.515
 55.6327
 47.8644
 55.0454
 50.1099
 60.8276
 70.8802
 59.649
 76.3086
 67.9191
 78.2176
 72.3533
 74.7329
 74.6458
 72.5948
 57.81
 70.3278
 71.9514
 74.8599
 66.9851
 51.8459
 75.9276
 70.5975
 70.0571
 70.0571
 59.975
 70.7107
 54.0185
 73.1847
 43.3705
 43.3705
 70.4557
 70.4557
 74.411
 58.6515
 75.6703
 75.6703
 71.1829
 76.7072
 62.6977
 58.8133
 78.4538
 49.2037
 49.2037
 68.7095
 68.7095
 68.7095
 46.4866
 71.5681
 56.4712
 56.4712
 77.2205
 77.2205
 79.2591
 64.1249
 72.298
 74.9066
 74.9066
 68.7386
 84.3386
 72.2565
 89.627
 70.9507
 66.9029
 58.2666
 83.0181
 57.9914
 60.4979
 49.8899
 48.7134
 67.7938
 56.9034
 56.9034
 64.1483
 55.5788
 68.5711
 58.5491
 64.9846
 74.2361
 72.6085
 72.6085
 75.2064
 86.238
 86.238
 88.9663
 88.9663
 88.9663
 67.4833
 89.7831
 59.9833
 84.1843
 84.1843
 61.6441
 61.6441
 81.6701
 48.7442
 53.1789
 73.3008
 73.3008
 73.3008
 73.3008
 64.1639
 87.0402
 65.3146
 65.3146
 62.0322
 62.0322
 63.8279
 63.8279
 74.0675
 76.8895
 54.7175
 65.6049
 65.6049
 52.469
 52.469
 70.2353
 66.1589
 67.5722
 67.5722
 75.9473
 63.773
 75.06
 75.06
 74.5855
 59.3633
 88.3233
 56.9122
 72.2288
 86.3076
 69.0217
 82.9638
 46.0652
 46.0652
 83.2466
 83.2466
 61.8547
 73.6817
 73.6817
 46.465
 71.5751
 57.6368
 57.6368
 73.5731
 55.6687
 72.3326
 75.6439
 75.6439
 51.4004
 86.931
 50.6754
 50.6754
 61.1228
 48.6929
 65.8027
 65.8027
 56.5155
 68.5711
 75.6571
 75.6571
 75.0467
 75.0467
 74.3976
 74.3976
 66.5056
 84.6581
 73.0274
 73.0274
 85.8138
 55.7494
 53.9351
 53.9351
 53.9351
 72.5259
 56.5597
 86.18
 86.18
 84.3505
 67.4685
 65.238
 79.3662
 80.1311
 52.3068
 52.3068
 68.6076
 68.6076
 75.8551
 75.8551
 75.8551
 75.8551
 85.1058
 57.9569
 57.9569
 58.6174
 49.5681
 59.3212
 62.8331
 62.8331
 63.5295
 83.4266
 57.8187
 51.4296
 51.3907
 76.3413
 72.5603
 40.6571
 0
 0
 0
 0
 0
 0
 0
 0
 0
 0
 0
 0
 0
 0
 0
 0
 0
 0
 0
 0
 0
 0
 0
 0
 0
 0
 0
 0
 0
 46.5725
 46.5725
 46.5725
 68.775
 48.1041
 59.1185
 56.4004
 56.4004
 56.4004
 74.3034
 67.0149
 57.376
 57.376
 57.2626
 78.5939
 57.3585
 57.3585
 73.0821
 47.0956
 47.0956
 47.0956
 70.9859
 47.9166
 47.9166
 47.9166
 47.9166
 47.9166
 47.9166
 72.1318
 38.3275
 38.3275
 38.3275
 38.3275
 81.0802
 81.0802
 81.0802
 51.7107
 56.5597
 87.3899
 68.4105
 63.4902
 49.5379
 49.5379
 85.4751
 49.5984
 81.0432
 81.0432
 81.0432
 82.6982
 60.8441
 72.5396
 72.5396
 80.895
 80.895
 80.895
 80.895
 59
 39.1024
 53.8516
 53.8516
 53.8516
 72.5741
 72.5741
 72.5741
 72.5741
 67.7938
 60.2246
 60.2246
 60.2246
 48.6929
 48.6929
 48.6929
 50.8429
 51.8652
 50.8429
 50.8429
 50.8429
 77.5242
 62.1369
 62.1369
 62.1369
 51.3323
 68.5274
 42.6028
 42.6028
 60.1332
 50.4579
 50.4579
 50.4579
 59.1016
 56.8155
 87.178
 87.178
 87.178
 87.178
 65.2917
 99.94
 54.1018
 54.1018
 54.1018
 54.1018
 57.9741
 70.4344
 55.5878
 81.9085
 81.9085
 81.9085
 74.0743
 62.7853
 76.5245
 76.5245
 54.0093
 79.9812
 79.9812
 48.1248
 48.1248
 58.2323
 58.2323
 80.7837
 64.9384
 50.1298
 68.7532
 52.4881
 49.5681
 59.9416
 74.0135
 74.0135
 74.0135
 48.8569
 63.1348
 55.6327
 56.5332
 56.5332
 49.1528
 49.8899
 49.8899
 68.6513
 51.614
 72.0347
 56.542
 42.9535
 78.492
 51.3517
 48.7955
 50.4381
 76.4003
 48.1248
 48.4252
 58.8812
 54.2125
 50.892
 56.1427
 56.1427
 56.1427
 56.1427
 56.0625
 49.1223
 49.1223
 61.3677
 65.8027
 68.4763
 62.474
 62.1048
 79.4733
 57.4282
 57.4282
 74.8933
 61.9597
 71.239
 57.5326
 84.4393
 84.4393
 60.3158
 57.1577
 33.6006
 61.7333
 51.4781
 48.0833
 75.9342
 75.9342
 32.0312
 49.1833
 79.6932
 79.6932
 51.643
 49.689
 72.3326
 60.1831
 34.6266
 34.6266
 52.8867
 57.3934
 30.4631
 30.4631
 50.448
 60.05
 60.05
 45.5192
 70.5975
 32.0468
 63.7181
 63.7181
 63.7181
 63.7181
 51.6914
 51.6914
 51.6914
 45.4863
 34.5688
 58.4637
 58.4637
 52.5357
 51.0196
 29.1719
 56.0535
 53.619
 73.6003
 73.6003
 29.0345
 58.0086
 62.145
 80.05
 80.05
 80.05
 61.709
 70.7672
 54.1664
 54.1664
 54.1664
 29.6816
 56.0535
 56.0535
 75.2263
 62.474
 62.474
 79.7747
 32.2645
 77.6144
 55.3805
 55.254
 48.5798
 48.5798
 33.7639
 33.7639
 33.7639
 33.7639
 33.7639
 33.7639
 33.121
 60.3407
 64.7148
 68.2642
 73.6003
 73.6003
 57.376
 31.7333
 58.3524
 80.0562
 67.8086
 67.8086
 65.3223
 32.9242
 32.9242
 53.647
 64.0078
 82.7949
 56.7891
 56.7891
 47.9062
 53.6377
 76.4199
 50.3984
 49.4166
 59.4895
 48.3115
 71.6729
 63.1664
 63.1664
 62.2334
 62.2334
 62.2334
 62.2334
