 357.653
 0
 10.4881
 7.14143
 7.14143
 7.14143
 5.09902
 6.245
 1.73205
 2.44949
 5.47723
 5.47723
 7.93725
 9.8995
 7.4162
 8.12404
 7.14143
 11.2694
 7.14143
 7.81025
 3.87298
 6.32456
 8.7178
 7.74597
 7.87401
 6
 5.74456
 4.69042
 4.24264
 6.16441
 5.38516
 3.87298
 3
 7.28011
 9.53939
 5.19615
 10.8167
 9
 9
 4.24264
 7.74597
 7.93725
 7.93725
 6.85565
 7.4162
 5.56776
 3.31662
 9.48683
 8
 8.94427
 2.44949
 9.79796
 7.14143
 9.05539
 9.05539
 4.47214
 2.82843
 8.30662
 4.24264
 4.24264
 4.24264
 5.19615
 5.19615
 6.08276
 6.7082
 6.7082
 6.55744
 0
 6.9282
 8.88819
 2.23607
 5.83095
 1.73205
 8.12404
 2.44949
 7.34847
 0
 8.88819
 1.73205
 5
 2.44949
 2.82843
 4.58258
 6.08276
 7.14143
 5.19615
 13.3791
 6.245
 6.08276
 8.60233
 6
 6.16441
 7.93725
 9.11043
 3.4641
 7.14143
 2.44949
 9.53939
 3.87298
 2.23607
 7.07107
 4.58258
 6.245
 6.9282
 3.4641
 6.9282
 7.34847
 7.28011
 9.69536
 6.9282
 9.79796
 9.8995
 6.9282
 9.84886
 2.44949
 9.21954
 2.23607
 8.18535
 2.44949
 9.74679
 2.44949
 3.31662
 10.583
 3.60555
 7.4162
 3.4641
 8.12404
 8.18535
 3.4641
 11.2694
 6.9282
 10.583
 7.81025
 11.0454
 6.85565
 10.4403
 2.44949
 9.79796
 2.44949
 10.4403
 2.44949
 14.1067
 3
 11.1803
 7.14143
 7.87401
 11.6189
 8.48528
 12.3693
 6.48074
 13.5647
 8.60233
 11.8322
 12.2066
 6
 14.1067
 4.89898
 12.2882
 1.73205
 3.4641
 12.9228
 12.3288
 5.09902
 5.09902
 11.6189
 8.12404
 9.84886
 13.7113
 10.6301
 10.583
 13.1909
 14.3527
 10.3923
 14.4568
 11.0905
 12.49
 13.9642
 12.9615
 12.2882
 14.3875
 12.4097
 14.2127
 8.66025
 12.4499
 12.49
 12.8452
 12.083
 13.9642
 12.8452
 14.6969
 13.9642
 13.9642
 15.1987
 9.84886
 13.2665
 12.3693
 12.49
 11.0454
 12.49
 11.7898
 9.69536
 14.4222
 11.0905
 8.88819
 12.3693
 9.21954
 12.4499
 10.9087
 10.583
 11.3137
 12.4499
 12.4499
 11.7473
 13.2665
 11.7898
 14.7648
 13.0384
 13.0384
 16
 13.9642
 14.7648
 13.5277
 15.906
 12.3693
 14.8997
 14.6629
 13.5277
 13.5277
 13.9642
 12.49
 14
 13.5277
 14.3527
 14.3875
 15.1658
 15.5885
 17.1756
 14.7309
 11.1355
 12.3693
 14.2478
 13.2665
 13.1909
 15.4272
 14
 17.1172
 14.2127
 12
 14.3527
 10.8628
 13.6015
 10.3923
 14.3527
 13.1909
 13.9642
 15.1658
 14.8661
 11.7898
 12.8062
 15.9687
 10.4403
 15.3297
 9.8995
 12.3288
 12.3288
 12.9228
 10.4881
 13.0384
 13.2665
 8.544
 13.9642
 11.1803
 13.2665
 9
 12.8452
 15.1658
 13.9642
 13.6748
 13.5647
 13.6382
 15.0997
 11.3137
 12.0416
 14.8997
 12.7671
 15.9687
 13
 10.8167
 12
 9.8995
 12.4097
 8.83176
 13.4536
 10.6301
 14.7648
 10.8167
 13.7477
 9.38083
 13.7477
 11.7047
 15.1658
 12.083
 13.2288
 13.7113
 11.3137
 13.7113
 12.4097
 12.8452
 13.1909
 13.9642
 9.43398
 8.18535
 14.2478
 8.06226
 12.3693
 12.2474
 8.66025
 8.94427
 10.0995
 10.0995
 10.4881
 15.5242
 13.0767
 17.1464
 10.9545
 10.5357
 13.1909
 19.2094
 12.8062
 14.2127
 9.84886
 17.3494
 11.2694
 13.6015
 11.7898
 16.1245
 8.83176
 15.6525
 12.4097
 10.3923
 8.66025
 9.21954
 20.7364
 10.7238
 21.4476
 21.4476
 8
 8
 8
 13.6015
 8.7178
 14.3527
 10.3923
 14.8324
 11.0905
 11.0905
 10.7238
 12.2474
 9.38083
 12.3288
 11.0454
 10.0499
 9.69536
 10.4403
 9.84886
 10.3923
 12.083
 13.2665
 10.6301
 9.84886
 6.32456
 11.7473
 11.1355
 9.84886
 10.4881
 13.6015
 9.38083
 9.38083
 12
 10.3923
 12.9228
 9.69536
 3.4641
 14.7309
 11.225
 11.225
 13.8924
 12.7671
 9.53939
 12.3693
 12.6491
 12.6095
 12.9228
 13.8203
 12.083
 8.06226
 14.1067
 14.1067
 9.11043
 9.79796
 10.5357
 23.8328
 13.2288
 13.4164
 9.21954
 12.1244
 13.8564
 10.3923
 12.3693
 5.47723
 14.5945
 8.88819
 13
 13
 12.083
 12.4097
 6
 6
 11.6189
 14.7648
 3.4641
 3.4641
 6.9282
 10.0995
 10.5357
 10.5357
 12.7671
 11.4018
 12.1244
 12.1244
 10.4881
 13.9642
 11.6189
 11.6189
 8.66025
 12
 12.2066
 13.4536
 11.0905
 13.8924
 13.0767
 12.6886
 12.6095
 13.0767
 7.14143
 9.16515
 8.88819
 12.49
 12.1655
 8.544
 8.544
 12.8452
 10.3923
 12.4097
 9
 8.66025
 13.0384
 13.5277
 6.9282
 6.9282
 11.6619
 10.0995
 8.12404
 18.303
 13.1149
 11.2694
 7.28011
 10.8628
 10.8628
 13.3041
 11.2694
 12.4097
 10.5357
 12.8452
 12.1244
 14.7986
 12.2882
 13.2288
 13.9642
 13.6748
 9.16515
 12.083
 9.32738
 8.77496
 18.303
 13
 11.225
 10.3923
 22.6274
 10.3923
 8.12404
 10.3923
 13
 11.2694
 10.8628
 10.6771
 10.6771
 13.8564
 12.6491
 12.1655
 12.1655
 13
 12.0416
 9.64365
 9.64365
 9.64365
 11.7473
 12.3693
 10.3923
 8.77496
 12.5698
 6.08276
 10.8628
 7.74597
 7.4162
 12.8452
 9.38083
 10.9087
 8.18535
 11.3137
 10.0995
 9.59166
 10.5357
 8.544
 11.7473
 12.2882
 11.0905
 12.2066
 9
 10.4403
 8.66025
 11.3137
 12.4097
 12.3693
 8
 9
 10.7703
 12.2066
 10.583
 9.69536
 10.8167
 13.1909
 11.3137
 11.0454
 13.1149
 13.2288
 9.69536
 10.6771
 11.225
 12.2066
 8.66025
 0
 10.4403
 12.7671
 13.5647
 10.6771
 11.6619
 11.6619
 11.6619
 0
 13.2288
 13.5647
 11.5326
 11.5326
 13.6015
 0
 12.2066
 8.66025
 12.0416
 9.05539
 9.05539
 11.2694
 9.69536
 11.2694
 9.53939
 11.2694
 12.8452
 9.59166
 9.53939
 10.9087
 9.48683
 9.53939
 10.9545
 8.88819
 11.2694
 7.81025
 9.74679
 10
 10.9087
 6.9282
 6.9282
 6.9282
 11.3137
 12.53
 11.5758
 9.32738
 8.48528
 10.3441
 9.38083
 10.4403
 11.7898
 13.2665
 9.48683
 12.9615
 12.8452
 11.3137
 11.3137
 12.0416
 8.88819
 9.69536
 10.9087
 12.7671
 0
 8.60233
 13.0767
 12.2066
 12.2474
 11.3137
 12.6095
 10.7238
 11.2694
 12.1655
 8.66025
 8.66025
 0
 11.2694
 7.4162
 7.4162
 10.8167
 0
 9.8995
 11.5326
 10.0995
 6
 10.3923
 10.0499
 9.53939
 10.3923
 13.0767
 9.84886
 11.5326
 10.1489
 14.4914
 9.53939
 11.0454
 10.6771
 9.38083
 12.6095
 10.4403
 10.4403
 8.66025
 8.66025
 9.32738
 11.2694
 10.4881
 10.9545
 9.94987
 11.4018
 9.8995
 10.4403
 11.6189
 9.8995
 0
 11.3137
 13.7113
 10.583
 13.1909
 12.3288
 0
 9.53939
 9.84886
 9.84886
 13.5277
 11.0454
 12.0416
 7.74597
 10.5357
 10.5357
 12
 13.4536
 12.9228
 12.2474
 12.2474
 13.0384
 13.6382
 12.4097
 12.8062
 11.3578
 10.3923
 11
 11.2694
 11.2694
 11.3137
 8.83176
 7.81025
 13
 10.0995
 9.21954
 0
 0
 0
 9.64365
 12.1244
 9.27362
 8.60233
 8
 10.9545
 11.4891
 10.7238
 9.59166
 8.60233
 10.4881
 10.5357
 13.2665
 12.3693
 8
 11.7473
 12.2882
 12.2474
 10.8628
 9.74679
 9.69536
 14
 13.7113
 13.7113
 13.7113
 10.5357
 14.4222
 9.64365
 14.0357
 11.6189
 11.6189
 13.5277
 8.60233
 12.4097
 11.1355
 9.84886
 12.49
 9.21954
 8.77496
 14.7309
 10.8167
 10.8167
 10.8167
 0
 9.27362
 10.7238
 8.94427
 14.1067
 6.9282
 10.4881
 9.38083
 10.9545
 10.4881
 15.1658
 10.9545
 11.6619
 8.12404
 11.225
 11.0454
 8.12404
 11.3578
 12.4499
 11.3137
 9.16515
 10.4881
 10.3923
 12.3693
 9.53939
 10.4403
 14.3875
 8.88819
 13.2665
 12.2474
 12.2474
 10.0995
 11.3137
 11.3137
 11.3137
