 33.3167
 31.1288
 39.7869
 43.8406
 41
 34.2053
 29.7153
 19.5959
 29.6311
 29.6311
 33.9264
 29.3939
 32.909
 28.3196
 27.1109
 23.7065
 30.8707
 29.95
 28.4956
 28.2135
 16.7631
 21.166
 10.0995
 4.58258
 3.4641
 8.18535
 14.1067
 27
 14.7648
 33.0151
 22.2711
 25.7488
 31.9061
 35.8748
 12.8452
 15.9687
 33.7787
 40.2368
 12.8062
 6.08276
 38.4448
 28.6007
 11.225
 19.0526
 27.9285
 35.2278
 25.0998
 10.9087
 30.282
 10.1489
 2.44949
 15.9374
 29.5466
 10.4881
 2.44949
 19.4165
 34.3074
 12.7671
 5.74456
 25.6905
 0
 7.93725
 0
 24.0208
 29.9333
 0
 31.9061
 21.5174
 21.5174
 37.3363
 13.3041
 33.3017
 8.66025
 32.5423
 15.5563
 30.1828
 28.3725
 29.5804
 23.6008
 25.671
 34.1174
 8
 36.3318
 7.93725
 32.7414
 17.7764
 34.0734
 32.7872
 14.3178
 36.3456
 25.8263
 15.6525
 38.223
 35.1283
 3.4641
 34.7419
 16
 33.9264
 27.1109
 35.8608
 31.1127
 37.6298
 18.2483
 7.93725
 33.4664
 13
 13
 30.5941
 26.9815
 32.8177
 40.7922
 36.4966
 25.1794
 38.223
 8.83176
 34.6843
 5.65685
 33.7935
 14.9332
 27.7308
 31.607
 38.4838
 20.1494
 37.7227
 7.48331
 34.8999
 15.3623
 33.2415
 31.3209
 44.6878
 33.8821
 40.3361
 31.4802
 36.7423
 24.98
 33.5708
 8.48528
 32.6343
 9.21954
 26.8142
 15.9374
 12.8841
 31.9844
 5
 37.4166
 41.4005
 15.3623
 36.7287
 31.9687
 34.8138
 40.025
 33.8231
 42.0951
 38.6911
 30.133
 39.7869
 24.2899
 36.2491
 7.93725
 7.34847
 28.5832
 16.4924
 19.799
 38.1445
 6.08276
 40.8656
 13
 28.3196
 39.5601
 39.0768
 43.1045
 43.1741
 39.6737
 39.8748
 36.8646
 30.1164
 38.0657
 23.6008
 35.609
 28.1069
 5.19615
 19.0788
 10.583
 23.6008
 7.93725
 38.4448
 13
 39.8748
 33.3617
 42.9418
 40.3733
 39.281
 44
 39.6863
 39.8999
 40.0125
 36.3868
 14.9666
 27.6767
 36.8917
 36.8917
 26.4575
 13.1909
 4.47214
 17.8326
 19.8242
 4.47214
 13.5277
 31.0322
 31.0805
 26.4575
 26.4575
 45.1553
 43.3013
 41.2553
 43.1393
 39.8873
 38.7556
 39.3573
 39.975
 39.3065
 32.8481
 24.8596
 31.8119
 21.166
 5.74456
 8.66025
 5.09902
 9.74679
 19.2094
 22.8035
 31.9531
 43.2782
 43.6348
 43.4396
 39.2173
 41.2795
 41.9047
 40.9268
 36.1663
 42.4264
 38.4187
 31.9531
 35.4683
 23.3666
 25.2587
 8.88819
 6.08276
 6.245
 4.79583
 20.9523
 27.037
 39.4081
 43.2319
 45.4973
 25.0799
 23.4734
 43.0116
 41.1825
 41.1825
 42.0119
 36.8782
 36.8646
 39.7366
 31.3688
 27.4226
 27.4226
 7.93725
 6.08276
 0
 16.7631
 4.24264
 39.975
 24.1868
 40.3237
 33.9411
 45.0555
 20.9523
 17.1172
 42.8135
 21.4009
 42.8369
 43.1277
 31.305
 39.1024
 27.7849
 30.133
 12.1244
 4.47214
 13.1529
 15.3623
 3.4641
 22.9565
 8.544
 8.544
 25.0799
 25.0799
 39.3573
 39.3573
 44.7437
 44.7437
 42.8135
 42.4617
 42.4617
 41.6773
 41.6773
 34.4093
 4.89898
 31.8904
 26.7769
 5.19615
 13.9642
 22.3607
 5.65685
 6.9282
 6.9282
 0
 8.7178
 17.7764
 0
 26.4764
 24.5967
 43.0813
 39.7995
 35.4965
 43.7493
 45.9891
 47.8121
 42.8602
 49.7695
 41.7253
 47.4447
 33.3916
 41.5331
 25.04
 36.1525
 10.6301
 32.1092
 14.7986
 7.93725
 11.5758
 10.1489
 10.1489
 29.1376
 15.6525
 15.6525
 26.9444
 0
 0
 48.2494
 43.1509
 44.5421
 44.5421
 18.2209
 44.0908
 55.9017
 46.6905
 46.6905
 40.5463
 47.0213
 42.72
 42.72
 36.1801
 42.4735
 36.9594
 36.9594
 25.3377
 16.2173
 39.8497
 42.3556
 9.69536
 9.69536
 41.6773
 32.2645
 3.87298
 46.0652
 26.0768
 0
 10.4403
 9.59166
 43.6692
 43.6692
 27.7669
 43.5431
 7.81025
 0
 11.6189
 38.6523
 22.9783
 20.8806
 29.6816
 25.02
 25.02
 25.02
 23.4947
 48.4768
 48.4768
 42.2847
 8.48528
 8.48528
 8.48528
 8.48528
 5.38516
 33.3167
 33.3167
 31.3528
 22.6053
 43.8976
 34.9857
 34.9857
 41.497
 34.1614
 11.0905
 0
 45.111
 22.6495
 5.74456
 0
 9.74679
 41.2068
 17.3494
 0
 27.7669
 38.7814
 7.93725
 0
 32.0468
 15.6844
 41.6053
 0
 29.2062
 22.891
 22.891
 0
 45.0666
 45.0666
 13.5647
 40.4599
 51.1468
 29.1376
 7.14143
 7.14143
 48.5798
 11.2694
 11.2694
 23.4734
 35.0428
 49.3356
 26.3629
 23.6854
 0
 16.5831
 41.9404
 23.6008
 12.1655
 38.1969
 15.1327
 42.4146
 18.6279
 0
 45.5192
 28
 9.53939
 25.2785
 22.3383
 40.8656
 12.0416
 25.865
 0
 10.4403
 36.8103
 21.7486
 36.9459
 28.4253
 22.3383
 13.1149
 42.1663
 42.1663
 16.3095
 24.3926
 42.9069
 29.9333
 29.9333
 12
 34.3802
 9.84886
 42.1663
 32.573
 32.573
 43.3705
 12.8841
 19.105
 43.359
 33.8378
 33.8378
 29.3258
 42.9302
 23.1948
 43.1972
 43.1972
 42.0476
 14.8661
 42.391
 35.9861
 0
 28.6531
 43.1741
 34.4238
 16.1245
 16.1245
 13.0384
 38.3014
 28.6531
 35.4542
 12.3288
 25.4558
 30.7083
 46.4758
 20.2978
 14.5258
 36.4006
 36.4006
 35.0571
 23.0868
 30.9354
 8.77496
 19.4679
 19.4679
 19.4679
 31.4484
 8.60233
 16.7033
 23.7276
 23.7276
 21.0713
 35.4965
 13.4907
 13.4907
 14.8324
 16.5831
 27.5862
 16.7631
 16.7631
 29.1548
 31.1769
 29.4958
 29.4958
 26.0576
 40.0125
 39.975
 39.975
 0
 13.8564
 42.3202
 25.7876
 21.3307
 24.4745
 24.4745
 24.4745
 24.4745
 14.8661
 41.833
 41.833
 41.833
 41.833
 41.833
 18.3303
 39.5727
 39.5727
 27.8388
 33.7787
 30.7246
 35.1283
 37.6829
 29.0861
 26.9629
 31.305
 26.8701
 32.0624
 16.5529
 16.2481
 31.3369
 28.3019
 13.7477
 13.7477
 20.1742
 25.318
 24.5967
 24.5967
 10.4403
 10.4403
 10.4403
 21.5174
 32.573
 14.5258
 16.1245
 18.4932
 23.8537
 21.8861
 21.8861
 20.0998
 25.1595
 22.2711
 34.8425
 22.1585
 22.1585
 26.7395
 29.7153
 39.6232
 41.2189
 14.8661
 24.3311
 0
 41.5692
 27.4773
 30.0167
 23.6432
 24.8596
 40.4104
 44.3058
 27.7128
 33.7935
 33.7935
 33.7935
 0
 31.0805
 36.3318
 36.3318
 35.9722
 0
 14.8324
 35.7911
 32.7719
 28.4253
 35
 35
 21.9317
 31.4802
 38.1576
 38.1576
 24.2074
 27.1109
 26.4197
 20.6882
 23.516
 20.3715
 23.8537
 18.1659
 21.9773
 21.9773
 21.9773
 21.9773
 20
 14.3875
 27.258
 17.2337
 18.3848
 18.3848
 21.8861
 21.2132
 21.4709
 16.3707
 16.3707
 16.3707
 32.4037
 34.1028
 18.4391
 27.9106
 0
 33.3317
 33.3317
 13.4907
 31.3528
 14.5945
 30.3809
 36.5787
 30.8221
 11.3137
 30.5614
 25.4362
 31.273
 35.4119
 27.9821
 19.6214
 33.9559
 15.2315
 25.9422
 29.5804
 25.5734
 10.4403
 16.2788
 26.5518
 24.98
 23.388
 33.8378
 8
 14.0712
 26.9444
 26.9444
 0
 0
 31.5119
 7.81025
 18.5472
 22.1133
 15.1658
 21.7715
 10.4403
 10.4403
 12.9615
 11.4455
 23.7908
 26.9629
 23.388
 23.388
 11.4018
 25.5539
 25.5539
 14.5602
 20.2485
 11.3137
 28.4077
 21.7256
 21.7256
 21.7256
 21.7256
 13.8564
 13.8564
 20.6398
 24.0832
 16.3401
 16.3401
 25.02
 14.3527
 32.9848
 23.9165
 21.7945
 21.7945
 42.2493
 15.1658
 27.6948
 34.2199
 34.2199
 0
 0
 10.9545
 35.2562
 38.6911
 25.865
 33.5261
 24.6779
 25.5343
 16.3095
 31.5753
 29.6648
 30.0333
 17.8606
 33.8969
 18.2483
 33.9117
 23.8956
 30.7571
 27.4408
 29.4958
 34.5832
 11.2694
 26.9258
 25.632
 34.7131
 25.04
 20.8567
 25.7099
 26.7955
 27.2764
 27.2764
 21.4709
 29.0345
 29.0345
 29.0345
