 7.07107
 9.53939
 8.66025
 8.83176
 9.53939
 11.2694
 7.68115
 5.74456
 6.08276
 3.4641
 7.34847
 5.19615
 7.34847
 5.74456
 7.14143
 6
 7
 6.9282
 7.74597
 6.9282
 6.9282
 6.9282
 6
 4.58258
 5.74456
 6
 5.74456
 5.19615
 5.74456
 7.34847
 6.245
 4.3589
 7.14143
 7.93725
 6
 2.44949
 8.83176
 7.74597
 6.85565
 1.73205
 7
 7.34847
 6.08276
 3.4641
 7.07107
 7.34847
 6.16441
 6.08276
 7.14143
 6.85565
 4.24264
 6.85565
 6.9282
 6.85565
 4.24264
 6.08276
 6.55744
 6.85565
 6
 6.85565
 0
 6.245
 0
 5.74456
 6.9282
 0
 7.34847
 6.08276
 6.08276
 8.77496
 3.4641
 7.74597
 6
 8.12404
 5.09902
 7.74597
 6
 7.81025
 6
 7.81025
 7.87401
 6.85565
 8
 6.08276
 7.81025
 6.9282
 8.77496
 7
 8.66025
 7.81025
 7.74597
 6.08276
 7.74597
 8
 6.48074
 7
 4.89898
 8.66025
 3.74166
 7.07107
 7.87401
 8
 7.81025
 6.08276
 6.9282
 6.08276
 6.08276
 7.81025
 8.66025
 9.53939
 7.81025
 7
 8.77496
 10.3923
 5.47723
 8.66025
 3.4641
 9.53939
 3.4641
 10.3923
 4.58258
 7.34847
 9.64365
 7.14143
 6.9282
 8.94427
 7.81025
 7.81025
 7.74597
 7.74597
 7.81025
 8.66025
 7.81025
 8.66025
 7.81025
 7.81025
 6.9282
 7.81025
 6.08276
 8.66025
 6
 9.48683
 7.81025
 7.07107
 7.93725
 8.18535
 6.9282
 9.27362
 7.87401
 7.93725
 7.81025
 7.4162
 7.81025
 10.3441
 7.81025
 11.225
 8.66025
 10.3923
 6.9282
 6.9282
 8.83176
 7.81025
 6.9282
 7.74597
 6.9282
 7.81025
 6.9282
 6.9282
 7.81025
 10.3923
 7.74597
 7
 10.3923
 7.81025
 8.66025
 9.53939
 8.66025
 7.81025
 8.7178
 8.66025
 6.08276
 9.48683
 7.81025
 7.74597
 7.93725
 8.66025
 6.9282
 9.53939
 7.81025
 7.81025
 9.48683
 8
 8.66025
 7.81025
 7.81025
 8.66025
 8.66025
 0
 8.66025
 7.81025
 2.44949
 8.83176
 7
 7.74597
 8.18535
 10.3923
 6.9282
 7.74597
 10.3441
 7.81025
 7.81025
 6.08276
 7.87401
 7.81025
 8.66025
 7.81025
 8.7178
 9.53939
 11.225
 10.3923
 8.7178
 7.81025
 8.66025
 7.81025
 8.66025
 7.81025
 8.66025
 6.9282
 7.74597
 7.81025
 8.66025
 8.66025
 8.66025
 8.66025
 8.7178
 9.48683
 12.083
 7.81025
 7.87401
 8.66025
 7.81025
 8.77496
 9.53939
 9.48683
 10.3923
 12.083
 8.66025
 8.66025
 7.81025
 8.77496
 7.81025
 8.77496
 7
 9.48683
 9.48683
 7.81025
 8.7178
 8.7178
 7.93725
 10.3923
 11.2694
 11.3137
 7.81025
 8.83176
 10.3923
 9.84886
 7.81025
 7.81025
 6.9282
 6.85565
 7.74597
 6.9282
 7.74597
 7.81025
 9.53939
 7.81025
 9.53939
 7.87401
 8.66025
 10.3923
 8.66025
 11.2694
 10.3923
 8.66025
 11.2694
 10.3923
 11.3578
 8.12404
 7.74597
 9.59166
 6.08276
 6.9282
 7.81025
 8.66025
 9.48683
 9.48683
 8.66025
 8.66025
 7.87401
 9.48683
 8.66025
 7.81025
 7.93725
 11.2694
 8.60233
 8.66025
 7.81025
 5.19615
 7.81025
 8.66025
 6.08276
 5.19615
 7.81025
 6
 6.08276
 6.9282
 5.19615
 6.9282
 14.7648
 0
 6.9282
 9.59166
 7.74597
 10.3923
 6.9282
 8.7178
 9.53939
 7
 7.81025
 9.53939
 10.3923
 11.2694
 7
 7.93725
 7.93725
 8.66025
 6.9282
 10.0995
 7.34847
 3.4641
 3.4641
 7.2111
 7.2111
 6.9282
 7.74597
 7.74597
 6.08276
 0
 0
 10.3923
 6.85565
 8.77496
 6.16441
 9.48683
 7.81025
 7.34847
 7.81025
 3.4641
 8.66025
 7.81025
 6.9282
 6.9282
 10.3923
 7.81025
 8.66025
 6.9282
 7.81025
 7.81025
 6.9282
 7
 5.19615
 7.74597
 8.60233
 9.53939
 6.9282
 8.7178
 8.18535
 8.18535
 7.07107
 6.9282
 7.81025
 4.3589
 6.9282
 9.53939
 6.9282
 0
 6.245
 10.3441
 6
 8.66025
 8.66025
 6.9282
 7
 6.08276
 7.93725
 6.08276
 7.81025
 7.81025
 7.74597
 7.74597
 8.66025
 7.74597
 6.9282
 9.53939
 9.48683
 2.44949
 6.9282
 11.225
 6
 3.4641
 7
 9.27362
 5.09902
 0
 10.4403
 7.81025
 6.245
 0
 7.74597
 8.66025
 7.68115
 0
 7.34847
 7.93725
 7.07107
 0
 7.81025
 6
 6
 0
 6.08276
 8.66025
 6.9282
 0
 7.14143
 7.81025
 6.9282
 3.4641
 9.21954
 6
 6.85565
 8.66025
 7.81025
 6
 6.9282
 7.07107
 7.81025
 9.59166
 5.19615
 7.74597
 0
 6.85565
 9
 7.74597
 3.4641
 9.69536
 5.09902
 8.66025
 4.24264
 0
 11.225
 8
 4.3589
 4.47214
 7.34847
 7.81025
 4.24264
 6
 0
 6.9282
 10.6301
 2.44949
 6.08276
 8.12404
 6.08276
 6.85565
 10.3923
 6.08276
 6
 2.44949
 7.07107
 3.4641
 8.66025
 3.4641
 8.66025
 3.4641
 6.9282
 4.24264
 7.07107
 7.74597
 5.19615
 5.09902
 5.09902
 6.9282
 6.9282
 0
 5.19615
 6.9282
 6.08276
 3.4641
 6
 5.19615
 7.93725
 2.64575
 2.64575
 4.24264
 9.79796
 6.9282
 5.09902
 2.64575
 4.24264
 9.64365
 6.85565
 5.19615
 6
 6.08276
 6.9282
 7.74597
 6
 6.16441
 7.74597
 5.19615
 6.08276
 6.16441
 9.48683
 5.19615
 6.9282
 4.3589
 6.85565
 6.08276
 6
 5.09902
 6.9282
 7.81025
 2.44949
 5.19615
 3.31662
 7.74597
 4.24264
 9.48683
 2.44949
 0
 6.9282
 10.3923
 4.24264
 1.73205
 2.44949
 6
 6
 3.60555
 5.19615
 5.19615
 1.41421
 7.87401
 7.07107
 6
 1.41421
 1.41421
 1.41421
 0
 5.19615
 10.3923
 4.24264
 3.31662
 1.73205
 0
 6
 9.53939
 6.9282
 2.64575
 2.44949
 6.16441
 9.59166
 6.9282
 6
 3.4641
 6.08276
 6.9282
 6.08276
 4.3589
 5.2915
 6.9282
 6.85565
 7.81025
 5.19615
 5.19615
 6
 6.9282
 4.3589
 5.09902
 5.09902
 5.09902
 9.53939
 4.3589
 4.3589
 0
 2.64575
 6.9282
 3.4641
 6.55744
 3.4641
 0
 4.3589
 7
 2.44949
 5.09902
 3.31662
 3.87298
 3.4641
 3.4641
 1.41421
 0
 0
 7.81025
 6.16441
 5.19615
 5.09902
 2.44949
 8.60233
 5.09902
 5.09902
 5.19615
 1.41421
 1.41421
 1.41421
 6
 8.60233
 4.24264
 6.08276
 6.08276
 1.41421
 6.08276
 6.9282
 6.245
 5.09902
 1.73205
 5.19615
 6
 3.4641
 2.64575
 5.19615
 4.24264
 3.4641
 5.19615
 3.31662
 1.41421
 7.07107
 3.4641
 5.09902
 5.09902
 2.44949
 2.44949
 3.4641
 2.44949
 6.08276
 4.24264
 4.24264
 5.19615
 3.4641
 5.2915
 1.41421
 1.41421
 0
 6.85565
 4.89898
 0
 1.41421
 0
 0
 3.4641
 4.24264
 7.87401
 1.73205
 0
 1.41421
 9
 4.24264
 8.66025
 3.4641
 3.31662
 0
 7.74597
 5.19615
 5.19615
 5.19615
 7
 0
 5.19615
 6.08276
 7.34847
 6
 4.3589
 0
 6.08276
 5.19615
 6
 6.9282
 2.23607
 0
 0
 0
 2.64575
 6.08276
 6.85565
 0
 7.81025
 2.44949
 6
 6.16441
 4.58258
 8.18535
 0
 0
 3.74166
 2.44949
 6.9282
 1.41421
 4.24264
 0
 3.4641
 6.245
 1.73205
 3.31662
 3.4641
 3.4641
 3.4641
 7.74597
 4.79583
 4.24264
 2.82843
 2.44949
 2.44949
 2.44949
 6.08276
 2.82843
 0
 0
 1.41421
 6
 6.9282
 4.24264
 2.44949
 2.44949
 2.44949
 0
 6.9282
 5.09902
 6.9282
 3
 4.3589
 1.41421
 2.44949
 8.66025
 1.73205
 0
 3.74166
 0
 5.19615
 7.81025
 4.24264
 1.41421
 5.19615
 1.41421
 5.19615
 0
 3.31662
 1.73205
 3.31662
 5.19615
 6
 6.16441
 4.3589
 2.44949
 8.18535
 8.18535
 0
 3.4641
 3.4641
 3.4641
