 7
 12.2474
 10.5357
 8.18535
 17.1172
 6.9282
 2.44949
 6.16441
 1.41421
 3.74166
 3.74166
 4.24264
 6.08276
 9.84886
 6.7082
 6.9282
 6.08276
 10.3923
 5.19615
 6
 2.23607
 6
 7.93725
 5.56776
 6.08276
 5.09902
 4.24264
 3
 3.31662
 4.12311
 3.87298
 1.73205
 2.23607
 5.47723
 9.32738
 5.19615
 8.06226
 6.32456
 9.79796
 5.47723
 6.48074
 6.245
 9.74679
 6.9282
 5
 5.47723
 1.41421
 9.48683
 6.9282
 8.88819
 3.31662
 9.27362
 6
 8.3666
 0
 3.31662
 1.41421
 8.30662
 2.44949
 5.19615
 5.19615
 4.3589
 4.3589
 5.2915
 4.58258
 4.58258
 5.47723
 0
 6
 6.85565
 2.44949
 5.38516
 1.73205
 6.9282
 2.44949
 6.245
 0
 6.16441
 1.41421
 2.64575
 2.44949
 1.73205
 3.4641
 4.3589
 6.08276
 1.73205
 13.2288
 2.44949
 5.19615
 4.3589
 5.19615
 4.24264
 4.89898
 7.4162
 2.44949
 6.08276
 0
 9.32738
 2.44949
 1.41421
 5.19615
 3.74166
 2.44949
 5.19615
 1.73205
 5.19615
 8
 3.87298
 8.66025
 5.38516
 6.7082
 8.544
 5.74456
 7.93725
 1.73205
 6.7082
 1.73205
 5.47723
 3
 7.4162
 2.44949
 1.73205
 5.83095
 2.44949
 5.47723
 3
 4.69042
 4.69042
 3.4641
 9
 6.9282
 9.32738
 6.9282
 8
 6
 7.93725
 0
 6.55744
 0
 8.48528
 0
 11
 2.44949
 8.83176
 5.19615
 6.63325
 10.1489
 7.87401
 9.64365
 5.38516
 10.9545
 6.55744
 10.5357
 8.66025
 4.12311
 9.8995
 2.82843
 8.66025
 0
 0
 9.94987
 8.94427
 1.41421
 1.41421
 8.12404
 6.85565
 7.81025
 12.2474
 8.66025
 8.60233
 8.88819
 12.0416
 8.544
 12.49
 9.16515
 9.79796
 11.2694
 9.8995
 9.84886
 11.2694
 9.64365
 10.4403
 7.4162
 8.88819
 11.2694
 9.84886
 9.84886
 12.0416
 12.3288
 12.5698
 12.7279
 12.7671
 13.1909
 6.78233
 10.583
 10.0995
 10.0995
 10.7703
 10.0995
 10.0499
 9.64365
 13.1909
 8.544
 7.14143
 10.583
 7.87401
 10.7703
 8.83176
 8.88819
 9.64365
 10.1489
 7.87401
 9
 11.6619
 8.544
 12.6491
 10.4403
 8.544
 10.6301
 10.5357
 11.0905
 9
 12.6095
 9.8995
 10.3923
 12.3693
 9.84886
 10.6771
 10.4403
 9.84886
 12.5698
 10.6771
 12.3693
 11.7473
 11.8322
 12.4499
 13.5277
 12.0416
 9.38083
 9.69536
 13.6382
 11.6189
 9.84886
 12.2882
 11.6189
 11.0905
 10.8167
 8.88819
 10.0995
 9.64365
 9.69536
 6.7082
 9.69536
 10.8167
 12.4097
 10.583
 9.69536
 10.5357
 11.225
 13.4907
 8.66025
 12.49
 7.74597
 11.0905
 9.69536
 9.38083
 9.16515
 10.5357
 8.94427
 6.85565
 10.9545
 7.34847
 8.7178
 6.245
 10.0995
 10.7238
 12
 9.32738
 10.4403
 10.583
 12.4499
 8.66025
 10.0995
 11.7473
 10.0995
 11.7898
 10.5357
 8.94427
 8.77496
 8.12404
 11.2694
 7.74597
 12.3693
 10.0499
 12.6095
 9.27362
 10.4403
 9
 10.4403
 10.9087
 13.9284
 8.88819
 10.9087
 11.2694
 8.77496
 11.7473
 10.3923
 11.2694
 10.4403
 11.6189
 7.81025
 6.9282
 10.9087
 7.81025
 8.18535
 10.3923
 7.87401
 7.34847
 8.18535
 8.18535
 7.74597
 12.0416
 10.3923
 15.0997
 7.74597
 8.66025
 10.4403
 17.4356
 9.84886
 10.4403
 6.7082
 12.8062
 10.3923
 12.083
 10.0995
 12.49
 7.81025
 11.7898
 9.69536
 9.27362
 8.12404
 8.66025
 18.6279
 9.53939
 16.3095
 16.3095
 7.34847
 7.34847
 7.34847
 12.0416
 8.60233
 10.7238
 9.69536
 11.6189
 8.88819
 7
 10.4881
 11.225
 8.12404
 9.38083
 9.38083
 7.14143
 8.12404
 6.55744
 8.66025
 7.68115
 8.83176
 9.05539
 8.94427
 7.34847
 6
 9.38083
 8.48528
 8.83176
 6.08276
 11.0905
 6.9282
 6.9282
 6.9282
 6.9282
 11.6619
 7.81025
 2
 12.083
 7.07107
 7.07107
 11.3578
 10.4403
 7.34847
 9.64365
 11.4455
 10.4881
 7.81025
 13.9284
 11.5758
 6.08276
 13
 13.8564
 5
 9.16515
 8.18535
 13.8924
 8.7178
 10.3923
 7
 10.8167
 12.1244
 8.48528
 10.3923
 4.24264
 12.1655
 7.34847
 9.69536
 9.69536
 10.8628
 11.225
 4.3589
 4.3589
 7.87401
 12.6095
 2.23607
 2.23607
 5.47723
 8
 6.9282
 6.9282
 10.5357
 10.0995
 9.69536
 9.69536
 8.18535
 13.3791
 9.53939
 9.53939
 7
 10.1489
 9.48683
 12.083
 9.84886
 13.9284
 10.3923
 12.2474
 11.3578
 11.2694
 6
 6.245
 7.81025
 9.32738
 9.84886
 6.7082
 6.7082
 9.53939
 9
 8.7178
 8.42615
 6.9282
 9.64365
 10.9545
 7.14143
 7.14143
 9.38083
 7.93725
 8.06226
 18.2209
 9.53939
 8.83176
 6.7082
 9.74679
 9.74679
 10.3923
 10.1489
 9.8995
 9.32738
 11.2694
 10.3923
 10.3923
 9.8995
 10.3923
 13
 10.1489
 7.34847
 11.6189
 8.18535
 8.12404
 14
 11.7473
 9.53939
 7.68115
 17.8606
 9.84886
 6.08276
 8.83176
 9.38083
 8.66025
 9
 10.0995
 12.1244
 13.2288
 10.7238
 9.84886
 18.3576
 12.2474
 9.79796
 8.83176
 8.83176
 8.83176
 9.84886
 11.2694
 8.66025
 7
 11.0905
 4.79583
 8.83176
 6.55744
 8
 11.4018
 7.14143
 9.69536
 7.93725
 9
 8.83176
 8
 8.66025
 7.14143
 10.0995
 11.2694
 9.8995
 12.3288
 6.9282
 8
 8.18535
 11.2694
 8.83176
 11.2694
 9.32738
 9.84886
 11.225
 11.2694
 9
 8.544
 9.21954
 12.2882
 8.7178
 9.38083
 11.7898
 11.1355
 11
 9.32738
 10.3923
 11.4018
 7.87401
 7.87401
 9.27362
 10.9545
 11.5758
 11.2694
 12
 12
 10.6771
 0
 13.3791
 11.2694
 10.4403
 12.1244
 13.1529
 0
 8.83176
 7.93725
 8.66025
 8.88819
 6.48074
 10.9087
 9
 8.83176
 8.544
 10.3441
 9.64365
 8.7178
 9.27362
 9.21954
 6.55744
 10.0499
 7.81025
 7.74597
 9.8995
 6.9282
 10.4403
 6.9282
 9.84886
 5.19615
 5.19615
 5.19615
 8.48528
 10.5357
 11
 9.11043
 7.74597
 7.74597
 9.38083
 8.544
 11.1355
 11.6619
 8.18535
 11.3137
 11.7898
 8.83176
 11
 10.0995
 9.64365
 9.38083
 9.84886
 12.49
 0
 8
 13.1529
 11.6189
 12.4097
 11.1355
 10.6771
 10.1489
 9.69536
 11.4455
 8.544
 8.544
 0
 8.66025
 7.14143
 7.14143
 8.83176
 0
 9.79796
 7.81025
 8.66025
 3.4641
 9
 9.84886
 8
 8.88819
 13.1909
 9.84886
 10.4403
 9.38083
 14.3178
 9.48683
 11.1355
 10.583
 8.66025
 12.7279
 9.79796
 9.79796
 11.0905
 11.0905
 8.88819
 9.21954
 9
 10.4403
 10.6301
 11.2694
 10.0995
 10.6771
 11.7047
 10.0995
 0
 10.4403
 15.4919
 11.0905
 13.1909
 12.9228
 0
 9.69536
 10.0995
 8.83176
 14.1067
 11.6189
 11.8322
 6.63325
 8
 7.74597
 9.79796
 14
 14.4222
 12.083
 10.4403
 13.6382
 13.1909
 9.05539
 12.4499
 9.84886
 8.66025
 8.83176
 11.3137
 9
 9.79796
 7.81025
 7.14143
 12.1244
 8.18535
 9.79796
 0
 0
 0
 9.32738
 11.4018
 6.9282
 9.16515
 7.81025
 11.225
 10.4881
 8.94427
 10.0995
 7.28011
 12.083
 11.6189
 14.3527
 11.3137
 6.7082
 10.9087
 13.9642
 12.9615
 11.0905
 8.544
 10.3441
 15.906
 15.1327
 15.1327
 15.1327
 9.27362
 14.1774
 10.9545
 17.0587
 10.583
 10.583
 15.1987
 7.74597
 13.6748
 12.8062
 9.79796
 12.4499
 9.21954
 7.93725
 14.9332
 12
 12
 12
 0
 8.12404
 8.94427
 7
 15.1987
 6.55744
 9.74679
 9.79796
 10.6301
 12.083
 14.9332
 9.69536
 10.0995
 9.16515
 10.1489
 10.3923
 8.60233
 9.79796
 12.8062
 10.9087
 9.16515
 11.0905
 8.48528
 12.083
 8.18535
 10.6301
 14.0357
 9.21954
 13.2288
 9.53939
 9.53939
 9.8995
 10.4403
 10.4403
 10.4403
