 17.5784
 19.7737
 16.2788
 19.0788
 21
 21
 24.8998
 27.5862
 31.4325
 29
 31.1288
 29.4109
 28.7924
 29.6479
 29.5635
 27.8209
 30.7409
 35.426
 34.1174
 35.0999
 31.4484
 33.3916
 29.6311
 23.4947
 20
 29.5296
 22.7156
 27.0924
 26.9815
 32.0312
 28.6531
 30.3809
 32.8786
 35.4683
 16.3401
 26.9258
 30.282
 32.8938
 17.1172
 20
 28.0179
 30.8221
 17.088
 21.166
 32.2335
 25.3772
 20.9284
 17.088
 34.1467
 16.7631
 27.7669
 30.5287
 37.855
 17.8885
 29.1204
 33.9117
 22.8473
 17.6068
 27.8029
 29.4958
 0
 26.3059
 0
 28.7228
 33.6155
 0
 34.2637
 33.0908
 33.0908
 37.9473
 26.0384
 30.3974
 23.516
 32.9697
 24.4131
 35.7211
 26.1151
 38.8844
 32.2025
 39.975
 33.0757
 29.5296
 28.1069
 31.289
 30.692
 34.7707
 29.5635
 35.8608
 34.1906
 40.7185
 34.7707
 21.8403
 35.6371
 35.1994
 24.3105
 39.6232
 26.0768
 41.5812
 30.5778
 34.0734
 40.8289
 32.8938
 35.6371
 32.5883
 35.7211
 33.2114
 33.2114
 36.5787
 31
 37.6165
 42.2137
 38
 37.4299
 40.7063
 28.0357
 38.5746
 28.9655
 42.8019
 32.4346
 41.7373
 33.121
 38.3797
 40
 34.4384
 35.2987
 39.3446
 37.5899
 39.9875
 35.8329
 45.6946
 35.8329
 40.398
 40.9512
 40.4351
 37.3497
 41.9404
 28.6705
 44.4297
 27.8388
 43.4741
 33.9117
 38.3667
 35.7491
 37.51
 40.2865
 35.327
 38.3927
 37.108
 42.5793
 39.8372
 44.4185
 36.9053
 40.2989
 45.0999
 40.8412
 46.7654
 38.2361
 47.927
 29.5804
 33.8674
 47.9583
 41.2674
 36.5377
 39.9875
 37.5766
 43.0349
 39.5727
 43.5201
 39.6989
 40.4351
 49.6085
 41.1218
 42.3202
 45.3542
 41.4488
 42.6263
 45.3762
 37.3765
 50.5668
 47.244
 30.8707
 42.1545
 40.0125
 41.7253
 40.8901
 43.5316
 41.4126
 42.9651
 45.1996
 49.8096
 45.913
 42.9185
 41.7971
 48.0729
 47.2969
 52.0288
 46.5833
 20.2731
 44.3847
 51.6527
 17.9722
 49.8096
 37.51
 35.1426
 46.5188
 42.5676
 42.0714
 42.8019
 46.0326
 49.0102
 46.9361
 0
 42.4735
 52.192
 48.9285
 43.4741
 50.03
 47.7912
 50.9804
 44.2945
 51.7687
 47.9062
 41.1096
 51.4879
 46.3897
 35.8748
 42.9767
 37.0405
 42.9651
 44.3058
 48.0625
 43.5086
 53.8609
 48.8774
 41.8688
 46.9894
 51.4587
 45.8912
 50.8331
 52.5071
 51.5655
 47.5815
 47.8435
 51.2738
 42.1663
 48.2908
 44.2832
 37.8286
 42.638
 40.4351
 48.3839
 46.9894
 51.4004
 49.4874
 49.0408
 50.4083
 42.7551
 42.5793
 47.0532
 51.9808
 50.1398
 52.8204
 48.9285
 54.7723
 47.8853
 50.4083
 43.1161
 44.5197
 44.5084
 38.7943
 47.7284
 41.7732
 53.8424
 44.6766
 49.5177
 49.5782
 48.2183
 44.5084
 45.1442
 52.7826
 53.1037
 40.8656
 52.0288
 51.2835
 49.9099
 49.163
 45.2327
 47.613
 43.9659
 41.9285
 45.1442
 37.9473
 37.9473
 41.6173
 41.6173
 48.816
 43.4741
 49.5782
 49.5782
 48.1664
 51.3323
 44.5982
 48.7032
 52.4023
 49.7494
 49.7494
 48.8057
 48.8057
 56.5066
 45.7602
 45.3431
 43.4626
 50.1996
 50
 50
 52.3355
 38.5876
 42.6028
 48.5901
 0
 44.6654
 54.1018
 49.5681
 62.522
 46.9255
 59.9917
 42.0238
 51.4101
 48.4045
 37.7094
 49.9199
 38.092
 45.5192
 36.9188
 46.6798
 37.6696
 42.8019
 55.6956
 48.3839
 41.6413
 48.4871
 49.4571
 49.4571
 47.9687
 52.792
 52.792
 57.3236
 57.3236
 57.3236
 45.4203
 59.1101
 38.7427
 58.438
 58.438
 51.1762
 51.1762
 48.1768
 39.5601
 50.3885
 57.5587
 40.6817
 55.848
 55.848
 59.4979
 68.7168
 50.9117
 50.9117
 63.4744
 63.4744
 49.95
 49.95
 57.5152
 55.6956
 55.7494
 38.4838
 48.9796
 50.5767
 50.5767
 44.3396
 47.0956
 53.7773
 53.7773
 49.051
 52.792
 47.9583
 0
 0
 49.0306
 54.6168
 46.9574
 52.1536
 57.0614
 50.9411
 56.542
 44.3621
 44.3621
 58.66
 58.66
 48.3011
 69.2243
 57.2101
 45.7602
 43.9886
 42.6146
 57.4891
 45.618
 47.9166
 57.6021
 53.1413
 53.1413
 46.1194
 60.803
 45.2106
 0
 46.6905
 51.4781
 42.6146
 0
 48.6415
 43.6234
 46.594
 0
 49.163
 55.5968
 48.9387
 0
 0
 0
 48.7647
 0
 0
 49.98
 47.9583
 0
 0
 0
 46.3465
 56.745
 56.745
 57.0526
 45.4753
 47.9687
 58
 50.8527
 51.8459
 51.8459
 48.6826
 56.6657
 49.4368
 49.4368
 0
 0
 0
 44.8553
 29.9833
 59.1861
 40.2119
 45.9021
 47.4658
 0
 43.8292
 55.8659
 39.7115
 26.4008
 50.5569
 47.571
 44.5084
 29.1204
 0
 0
 0
 45.9674
 45.9674
 51
 47.0532
 51
 56.0803
 48.5695
 45.5631
 56.3649
 49.95
 57.1577
 50.8626
 47.55
 47.55
 46.2493
 52.0673
 57.376
 57.376
 51.4004
 39.1152
 48.7442
 58.4038
 47.8017
 18.2757
 53.3573
 54.7083
 43.7721
 47.7389
 47.7389
 59.0254
 43.9886
 45.9347
 55.7315
 55.7315
 55.7315
 45.8803
 58.2065
 48.8979
 48.8979
 49
 51.5073
 44.7996
 44.7996
 44.5982
 50.6952
 46.076
 43.1856
 44.3283
 48.9592
 48.9592
 48.9592
 48.9592
 48.9592
 46.3789
 48.6107
 22.2036
 22.2036
 22.2036
 47.2546
 46.669
 46.669
 46.669
 42.391
 41.7013
 56.1516
 46.669
 47.3075
 42
 42
 54.4794
 38.0132
 44.7996
 44.7996
 45.4973
 54.754
 48.0521
 49.94
 43.1741
 56.7186
 56.7186
 56.7186
 41.4246
 49.7393
 26.096
 46.9255
 46.9255
 0
 0
 0
 43.9773
 50.3289
 49.558
 51
 51
 51
 40.8289
 50.8331
 38.0263
 41.7732
 52.4976
 44.3959
 46.5403
 42.5793
 53.9351
 42.3674
 44.5309
 42.8602
 45.111
 44.5421
 45.9456
 40.8534
 40.939
 45.111
 45.111
 44.1248
 40.8779
 37.4299
 63.8592
 63.8592
 63.8592
 63.8592
 48.734
 69.9786
 38.5746
 45.111
 45.111
 50.1797
 39.6989
 45.0666
 42.5911
 52.0769
 37.6563
 43.4511
 53.0754
 37.9605
 50.4678
 47.0425
 41.0609
 56.4092
 44.238
 45.1553
 45.1553
 42.6146
 42.6146
 53.4322
 45.4092
 42.9185
 43.2551
 44.3283
 42.1189
 44.699
 52.9622
 52.9622
 52.9622
 37.027
 46.3141
 51.9808
 45.1442
 45.1442
 32.218
 36.2767
 42.5676
 51.2738
 53.3104
 39.5601
 45.3542
 43.2319
 50.4183
 51.788
 39.2683
 40.8412
 54.3507
 39.9875
 45.9891
 44
 41.0609
 46.2493
 40.8167
 40.8167
 49.2443
 49.2443
 42.7317
 38.2361
 36.6606
 42.9418
 44.7549
 50.5866
 53.7308
 45.7165
 50.547
 40.7676
 0
 0
 46.1736
 52.3737
 41.9404
 55.857
 55.857
 47.0213
 50.2195
 22.7376
 47.2229
 36.9324
 43.4396
 54.4059
 42.8719
 14.0712
 47.1593
 55.0727
 46.1519
 38.7943
 37.7094
 45.0999
 43.3128
 22.7816
 38.704
 50.9706
 38.3406
 10.4403
 54.1295
 37.3898
 45.0333
 40.8534
 33.5112
 53.647
 12.1244
 48.6415
 0
 0
 0
 34.0881
 54.5619
 44.8553
 45.0666
 14
 36.9324
 53.2165
 37.3497
 40.9634
 15.1987
 47.5184
 39.281
 52.3163
 32.078
 13.9642
 38.6394
 40.939
 54.4059
 37.5766
 14.3875
 40.8412
 49.3964
 42.2729
 42.2729
 42.2729
 13.6748
 48.1871
 33.9559
 51.1175
 51.3225
 51.3225
 51.1273
 18.3848
 56.0981
 43.5086
 36.8103
 35.0143
 37.3898
 20.8806
 56.6392
 56.6392
 56.6392
 56.6392
 56.6392
 14.8997
 46.5725
 56.9122
 49.5278
 51.3809
 51.3809
 46.2061
 22.3383
 43.4051
 55.6327
 47.9479
 30.692
 47.9375
 18.1384
 35.1994
 43.4396
 47.8644
 51.303
 49.4469
 35.9583
 36.4555
 44.1588
 53.0377
 36
 46.0326
 44.3509
 41.7253
 55.0091
 40.7799
 40.7799
 44.0568
 33.8821
 33.8821
 33.8821
