 6.9282
 7.74597
 17.8885
 21.095
 15.6525
 19.0788
 26.0384
 17.8885
 24.0416
 16.6733
 25.5343
 23.388
 25.3574
 21.3542
 21.7486
 21.4709
 22.6716
 20.2731
 22.9129
 21.4709
 24.8193
 25.1595
 26.4008
 21.7025
 24.1454
 25.7876
 25.2982
 19.4936
 22.4277
 26.1151
 20.4939
 17.8885
 23.6643
 27.1662
 16.6433
 18.4391
 25.7488
 25.2785
 16.6733
 18.6011
 22.2486
 24.5764
 16.6733
 19.3907
 23.3452
 23.622
 20.2978
 16.6733
 21.5174
 18.2209
 18.6548
 22.0681
 25.7876
 17.4356
 19.3907
 22.7376
 21.3542
 18.2483
 24.6779
 22.9347
 0
 22.7376
 0
 24.9199
 20.7123
 0
 26.8328
 19.7231
 19.7231
 27.4591
 20.2978
 24.0624
 23.622
 23.3666
 22.4277
 24.6171
 22.1359
 24.0208
 22.9347
 25.923
 24.5561
 24.6982
 22.4499
 28.2312
 22.4054
 28.3196
 23.3452
 25.1197
 22.2486
 28.3019
 24.1039
 22.2486
 28.8444
 24.6577
 23.3024
 25.3574
 22.4277
 25.9037
 19.799
 24.1247
 26.0384
 26.2488
 31.6386
 28.3549
 25.8263
 28.3196
 28.3196
 30.2324
 23.4521
 24.5357
 30.05
 29.4958
 25.7876
 28.3549
 22.1585
 25.5539
 24.6982
 26.7582
 25.1396
 28.5307
 23.4521
 25.0599
 31.7962
 27.6948
 29.2233
 25.219
 31.3847
 28.8791
 25.3377
 31.3688
 24.0624
 30.9193
 26.0384
 30.05
 29.4618
 26.7769
 27.6225
 27.7308
 27.6767
 31.8904
 25.1794
 29.189
 23.4947
 29.2404
 27.0555
 27.074
 30.9516
 27.0185
 30.7571
 25.5343
 30.1164
 22.2261
 30.5614
 30.8545
 26.2869
 31.0966
 29.0345
 31.4484
 26.7395
 27.6767
 33.3916
 31.1609
 28.2666
 28.2666
 31.0805
 29.5466
 31.8119
 34.2491
 29.4958
 28.3725
 31.289
 30.8869
 29.4958
 31.8748
 28.9137
 29.2404
 30.315
 30.2324
 29.95
 32.311
 25.8263
 32.3265
 31.8277
 30.7083
 33.3916
 29.5466
 33.0757
 28.9482
 33.541
 32.311
 30.2324
 27.3313
 32.5269
 29.6479
 31.5119
 33.4216
 29.6985
 20.8806
 31.3369
 30.7409
 17.4929
 33.8231
 29.9833
 30.6594
 34.1467
 32.1403
 32.6497
 32.6497
 32.573
 34.0294
 35.2136
 11.4018
 32.7261
 32.7567
 32.5115
 31.8904
 33.4216
 31.305
 33.8378
 32.7719
 32.28
 30.3974
 31.3688
 33.7787
 32.6956
 30.3974
 31.9218
 28.4781
 32.249
 32.665
 33.8674
 32
 33.5261
 34.0734
 33.0151
 33.541
 36.1663
 30.8545
 32.078
 35.7911
 31.8591
 31.0966
 31.4802
 33.7935
 33
 34.2345
 32.3265
 32.5269
 32.249
 33.2716
 32.6497
 35.2562
 32.311
 33.1512
 33.5112
 30.7409
 35.3695
 35.4401
 28.7924
 33.0908
 33.2265
 34.9142
 32.2955
 35.8329
 33.8378
 36.5103
 33.2415
 33.0908
 34.5398
 30.7409
 33.5112
 32.0624
 34.5832
 33.0606
 33.2566
 30.8707
 33.541
 35.7631
 34.5543
 33.541
 31.5595
 32.7872
 31.7962
 32.6497
 31.8277
 33.4066
 35.8748
 33.0151
 31.1929
 33.5261
 29.6816
 31.8591
 31.1288
 34.2345
 32.8024
 32.8634
 35.7771
 32.5423
 32.5423
 34.6987
 34.6987
 34.2053
 32.3728
 31.0966
 31.5753
 31.5753
 30.7083
 30.7083
 30.7896
 32.5269
 32.5269
 31.1769
 35.5246
 29.4618
 30.7734
 30.7734
 30.0333
 33.2566
 38.4838
 0
 31.1769
 40.0125
 32.6956
 43.3935
 31.8591
 34.6987
 32.6497
 8.24621
 31.0966
 31.8748
 31.8748
 35.1994
 31.8591
 34.6987
 32.5115
 37.8153
 31.8277
 34.6987
 33.9117
 30.1993
 9.16515
 37.4433
 37.4433
 33.4963
 36.2629
 0
 35.3836
 0
 0
 34.4674
 35.3695
 33.0454
 34.2053
 34.2053
 33.7935
 38.5876
 38.5876
 16.3095
 31.1609
 32.4808
 23.622
 33.0757
 33.0757
 33.5261
 54.7814
 33.0151
 31.5911
 25.5147
 34.5977
 32.6803
 31.4643
 21.8174
 37.081
 34.5688
 29.9666
 33.8378
 36.0139
 0
 30.9516
 35.1852
 35.0286
 35.0286
 33.0454
 34.3511
 33.0606
 0
 32.5269
 31.8434
 34.3802
 32.3419
 34.8712
 37.4166
 33.4515
 32.6803
 33.0151
 18.9209
 34.2637
 31.9061
 33.8821
 26.0576
 36.1386
 31.4325
 32.665
 32.7872
 36.2629
 31.8748
 31.496
 37.2827
 29.9333
 29.9333
 32.665
 36.5924
 30.7734
 0
 37.7359
 35.8329
 35.8329
 0
 32.3419
 34.9714
 35.3553
 0
 35.9305
 36.6197
 32.4962
 0
 34.6121
 32.7109
 33.0908
 0
 35.4965
 33.4813
 32.7567
 0
 27.6043
 33.7935
 31.0966
 34.9142
 30.3315
 34.1174
 32.4808
 29.2062
 32.45
 31.496
 29.5804
 20.5913
 31.8748
 32.9393
 33.5112
 22.6274
 0
 33.4515
 34.3657
 32.28
 22.1359
 36.318
 29.189
 35.3695
 27.258
 0
 36.318
 36.6197
 28.8964
 20.4939
 35.5387
 37.47
 30.6757
 27.9643
 0
 34.6843
 35.0143
 31.4802
 24.8596
 34.1906
 31.1127
 34.6554
 26.9629
 32.5423
 29.3939
 34.4093
 30.692
 33.5559
 31.9061
 29.3598
 29.6311
 31.4325
 31.0805
 32.1559
 28.7402
 30.3974
 26.8142
 30.2159
 33.9117
 31.4802
 21.1896
 28.4605
 33.541
 30.7246
 32.6497
 23.6432
 32.665
 29.5127
 34.5832
 33.0757
 0
 29.2233
 35.805
 35.805
 28.4605
 28.4605
 26.7395
 30.3315
 25.8457
 26.7955
 30.6431
 35.7911
 31.8904
 29.5635
 29.5466
 34.3511
 34.3511
 44.2719
 28.3725
 31.607
 31.0805
 33.7935
 33.7935
 32.311
 75.3591
 30.282
 30.282
 29.8329
 73.9932
 33.0454
 27.6948
 27.6948
 25.4558
 31.8434
 26.4386
 24.8998
 31.3847
 23.622
 30.7083
 27.258
 30.0333
 33.5112
 26.5141
 31.496
 28.3901
 30
 30
 30
 30
 35.4824
 21.166
 29.1376
 26.5895
 26.5895
 31.3369
 0
 23.1301
 35.0286
 30.5287
 27.8747
 22.9129
 0
 25.593
 32.28
 28.8791
 27.4226
 29.6648
 26.9258
 31.8434
 29.6816
 35.0143
 26.2107
 29.5466
 31.1288
 27.2397
 24.8797
 33.4066
 29.5127
 26.0576
 31.496
 21.1896
 30.7571
 28.3196
 26.4197
 52.3068
 52.3068
 52.3068
 52.3068
 30.3809
 22.561
 26.5141
 31.0483
 29.3769
 24.5967
 23.388
 21.587
 32.6956
 31.0322
 24.1039
 22.8035
 33.2866
 24.8395
 30.5123
 27.6767
 32.6956
 34.1614
 26.1151
 25.593
 25.593
 36.9459
 23.8537
 29.9666
 30.1828
 27.5681
 37.2827
 26.096
 28.0535
 27.4773
 28.6705
 28.6705
 28.6705
 27.6043
 36.4417
 29.8664
 27.6225
 27.6225
 22.2036
 26.8514
 26.7395
 34.3657
 29.1204
 25.5147
 31.9374
 25.318
 29.5635
 26.4575
 25.2389
 28.7402
 31.9218
 24.7184
 28.3373
 28.931
 27.9643
 31.8591
 27.55
 27.55
 26.096
 26.096
 28
 25.6515
 26.4197
 30.1662
 32.8481
 28.7576
 31.3528
 26.4386
 33.7194
 24.5764
 0
 29.5296
 26.0384
 32.0156
 32.0156
 34.1467
 34.1467
 30.5614
 29.189
 22.2486
 29.7658
 25.5539
 23.516
 34.3366
 28.0535
 25.3377
 27.2764
 30.3645
 26.9072
 31.496
 24.4949
 31.9374
 28.4605
 22.2486
 25.3772
 29.1204
 25.671
 22.9347
 30.2324
 24.7386
 27.6043
 26.1151
 25.2587
 28.8617
 23.5797
 30.348
 0
 0
 0
 0
 29.95
 29.5466
 29.5466
 24.3105
 23.7487
 30.5614
 24.8395
 29.5973
 20.3715
 29.5127
 26.1534
 30.0333
 24.4745
 19.8494
 28.178
 26.2679
 29.7658
 22.9347
 18.6279
 29.3769
 29.6648
 26.9072
 26.9072
 26.9072
 22.8035
 27.2213
 22.5832
 31.289
 32.1714
 32.1714
 33.0454
 21.7025
 30.3809
 24.1661
 22.383
 28.3725
 29.8664
 22.1811
 33.0151
 33.0151
 33.0151
 33.0151
 0
 18.3303
 27.4955
 28.2489
 29.5296
 30.1164
 24.4336
 26.4008
 21.9317
 25.4755
 33.9559
 26.1916
 21.4243
 26.4197
 21.7025
 28.0179
 26.0192
 25.923
 29.6479
 29.5466
 27.2397
 24.98
 24.3311
 29.6985
 24.8998
 31.9218
 29.4958
 27.6767
 27.9285
 29.3939
 29.3939
 27.8209
 22
 22
 22
