 357.653
 0
 0
 0
 0
 6
 6
 6
 0
 0
 4.12311
 4.12311
 6.16441
 8
 6
 6.55744
 4.58258
 6.08276
 3
 5.19615
 2.44949
 5.47723
 8.88819
 8.12404
 7.14143
 7.14143
 5.38516
 5.38516
 5.38516
 3.4641
 5.74456
 5.74456
 2.44949
 5.74456
 8.12404
 8.12404
 8.77496
 6.9282
 8.83176
 7.61577
 7.14143
 6.7082
 8.30662
 8.30662
 3.87298
 3.87298
 3.87298
 8.83176
 6.245
 8.24621
 8.24621
 6.9282
 5.38516
 7.61577
 7.61577
 4.24264
 4.24264
 7.48331
 3.16228
 3.16228
 3.16228
 5.65685
 5.65685
 6.85565
 5.47723
 5.47723
 6.08276
 0
 5.19615
 8.18535
 8.18535
 5.19615
 5.19615
 5.38516
 2.44949
 4.12311
 0
 5.74456
 0
 3
 1.41421
 2.44949
 3.87298
 6.08276
 4.58258
 4.24264
 11.4891
 6
 4.3589
 6.08276
 4.24264
 1.41421
 5.38516
 6.7082
 6.7082
 5.74456
 2.44949
 7.74597
 7.74597
 1.73205
 3.4641
 1.73205
 1.73205
 7
 0
 6.9282
 5
 6.85565
 6
 5.09902
 7.14143
 8.18535
 4.24264
 7.93725
 6.16441
 6.9282
 3.74166
 6.63325
 3.4641
 8.12404
 8.12404
 2.44949
 7.4162
 2.44949
 6.9282
 3.4641
 7.81025
 7.81025
 2.44949
 9.64365
 3.4641
 9.64365
 5.19615
 8.24621
 3.31662
 7.68115
 1.41421
 7.14143
 0
 7.74597
 0
 12.4097
 1.41421
 10.4403
 6.85565
 6
 10.583
 7.28011
 11.225
 3.4641
 12.1244
 5
 10.4403
 9.79796
 4.58258
 11.3137
 3
 8.94427
 8.94427
 0
 11.3137
 11.7898
 3.31662
 4.24264
 10.3923
 7.74597
 10.3923
 13
 9
 9.64365
 12.1655
 13.2665
 8.66025
 13.5647
 10.7703
 12.3288
 13.5277
 11.2694
 11.225
 12.6095
 11.225
 12.6095
 8.12404
 10.4881
 11.6189
 12.2066
 10.4403
 13.4164
 12.8452
 13.9284
 13.1529
 13.1909
 13.4536
 8
 11.7898
 10.9545
 10.5357
 10.198
 10.5357
 9.8995
 8.24621
 13.5277
 8.88819
 7.87401
 11.6619
 8.12404
 11.7473
 10.5357
 8.83176
 9.74679
 11.6189
 11.6189
 10.5357
 12.8841
 9.84886
 14.1067
 11.7898
 11
 13.2665
 12.7671
 13.5647
 12.1244
 14.0712
 11.6619
 13.4536
 13.6382
 12.4097
 12.2066
 12.4097
 10.4403
 13.2665
 12.2474
 14.4568
 13.2288
 13.2665
 15.0997
 14.7309
 13.1149
 9.8995
 11
 13.9642
 12.3693
 12.8062
 14.6629
 13.9642
 13.9642
 12.8452
 10.9545
 12.3693
 10.1489
 13.1149
 8.42615
 13
 11.7473
 12.6491
 14
 12.6095
 11.1803
 11.4018
 13.5277
 8.94427
 13.9642
 8
 11.7898
 10.4881
 11.6619
 9.69536
 13.2288
 12.5698
 8.66025
 13.4536
 8.66025
 13
 8.66025
 12.2474
 13.8924
 13.6382
 12.3693
 12.1244
 12.3693
 14.7648
 10.4881
 11.5758
 14.2829
 12
 14.6969
 11.6619
 9.84886
 11.3578
 8.544
 12.1655
 8.66025
 13.2665
 10.0995
 13.4536
 9.84886
 12.4097
 9.74679
 12.7671
 11.5326
 14.3178
 9.59166
 10.583
 12.4097
 9.53939
 12.5698
 11.2694
 12.9615
 12.6095
 11.7473
 8.7178
 8.66025
 13.1909
 8.7178
 10.4403
 12.1655
 9.27362
 8.77496
 8.48528
 8.48528
 9.53939
 14.1067
 12.9615
 15.1658
 11.2694
 10.6771
 11.7898
 19.105
 11.225
 12.8062
 8.12404
 14.8324
 11.2694
 17.9165
 10.198
 15.0665
 8.7178
 14.2829
 10.3923
 11.2694
 9.32738
 9.32738
 19.5192
 10.4403
 17.8885
 17.8885
 17.8885
 17.8885
 17.8885
 13.4907
 8.7178
 13.1149
 10.5357
 14.2829
 10.0995
 10.0995
 10.4403
 12.1244
 28.0179
 9.32738
 9.32738
 7.87401
 8.77496
 8
 9.27362
 8.18535
 12.1244
 11.5326
 9.38083
 8.83176
 6.08276
 11.1803
 9.84886
 9.64365
 8.66025
 12.8452
 7.87401
 7.87401
 10.3923
 10.3441
 12.49
 9.48683
 2.44949
 13.7113
 10.1489
 10.1489
 14
 12.8452
 10.6771
 19.0788
 13.1149
 13.1909
 13
 13
 12.7671
 6.9282
 13.8924
 43.9659
 7.34847
 9.32738
 9
 15.6205
 13.0384
 12.1244
 8.60233
 12.3693
 13.8564
 9.79796
 13
 7.07107
 13.8924
 8.18535
 13.4536
 13.4536
 11.6189
 13
 5.19615
 5.19615
 12.083
 13.2665
 2.64575
 2.64575
 8.60233
 8.7178
 9.53939
 9.53939
 12.1655
 12.1655
 13.1149
 13.1149
 9.69536
 14.4568
 13
 13
 7.28011
 10.4403
 12.083
 12.083
 10.0499
 10.0499
 12.9615
 13.0384
 12.2882
 13.0384
 6.9282
 7.34847
 9.53939
 10.1489
 12.2882
 16.5227
 0
 13
 10.1489
 11.3137
 9.84886
 8.88819
 12.2474
 13.9642
 26.4008
 0
 10.0995
 9.59166
 8.60233
 20.8327
 13
 9.79796
 8.12404
 11.2694
 11.2694
 13.8924
 11.2694
 11.2694
 9.69536
 12.4097
 12.3693
 14.7309
 10.1489
 13.0384
 13.8924
 14.7309
 8.18535
 14.4222
 8.66025
 9
 15.6525
 13.9284
 10.3923
 11.5758
 17.4642
 17.4642
 7.81025
 9.53939
 9.53939
 12.083
 9.79796
 10.8628
 10.8628
 13.9284
 12.6095
 13.6382
 13.6382
 13.2288
 10.5357
 10.5357
 10.5357
 10.5357
 11.225
 11.3137
 9.53939
 7.81025
 12.53
 6.08276
 9.53939
 6.9282
 6.9282
 13.0384
 9
 11.2694
 11.2694
 13.1529
 8.83176
 9.48683
 9.48683
 8.24621
 10.8167
 13.0384
 9.79796
 12.4097
 9.53939
 9.53939
 10.3441
 12.1655
 12.2474
 12.1244
 9.38083
 11.7898
 11.7898
 12.1655
 12.1655
 9.27362
 13.5277
 13.5277
 12.1655
 11.2694
 13.2665
 13.2665
 11.0905
 12.4097
 11.2694
 11.2694
 8.66025
 0
 10.3923
 10.3923
 11.4018
 11.4018
 13.4907
 13.4907
 13.4907
 0
 0
 12.8841
 12.5698
 12.5698
 13.9284
 0
 12.2474
 8.18535
 11.2694
 10.4403
 10.4403
 10.9545
 10.9545
 10.0995
 10.0995
 10.0995
 12.1244
 9.59166
 9.79796
 9.79796
 9.79796
 10.8628
 10.3923
 7.81025
 12.8062
 7.87401
 7.87401
 8.66025
 13.1529
 13.1529
 13.1529
 13.1529
 10.0995
 11.7473
 11.7473
 9.8995
 8.544
 9.48683
 9.38083
 10.4881
 10.4881
 17.8606
 9
 13
 13.9642
 9.64365
 14.9332
 11.7473
 11.7473
 11.7473
 11.1355
 11.1355
 0
 8.83176
 8.83176
 8.83176
 8.83176
 11.6619
 12.3693
 12.3693
 12.3693
 12.2474
 12.2474
 12.2474
 0
 10.3923
 8
 8
 9.69536
 0
 9.84886
 10.3923
 8.7178
 6.08276
 6.08276
 10.5357
 9.69536
 9.69536
 14
 9.84886
 11.2694
 11.2694
 15.1327
 10.3923
 11.0454
 14.4914
 8.7178
 13.1909
 13.1909
 13.1909
 11.0454
 11.0454
 11.0454
 11.0454
 10.1489
 10.1489
 11.7898
 11.7898
 11.7898
 11.7898
 12.2882
 12.2882
 0
 11.2694
 15.8745
 15.8745
 12.7671
 13.4907
 0
 10.0995
 10.0995
 8.60233
 8.60233
 8.60233
 13.1909
 7.68115
 11.3578
 6.9282
 10.583
 10.583
 10.583
 12.1655
 13
 13
 13
 8.66025
 8.66025
 13.0767
 10.3923
 8.18535
 8.18535
 8.18535
 8.18535
 8.66025
 7.07107
 7.07107
 8.60233
 8.60233
 0
 0
 0
 10.0499
 10.0499
 8.66025
 9.74679
 7.74597
 7.74597
 7.74597
 7.74597
 10.1489
 7.34847
 14.3178
 13.5277
 13.5277
 13.5277
 6.55744
 13.1909
 13.9642
 13.9642
 13.9642
 7.68115
 7.68115
 7.68115
 15.1658
 0
 0
 9.16515
 15.1658
 15.1658
 17.1464
 17.1464
 0
 15.5885
 8.12404
 8.12404
 15.4919
 15.4919
 13.6748
 9.79796
 7.34847
 7.34847
 12.0416
 0
 0
 0
 7.34847
 7.34847
 7.87401
 16.8523
 7.07107
 7.07107
 7.07107
 8.48528
 13.9642
 13.9642
 11.225
 11.225
 10.3441
 8.18535
 8.18535
 8.66025
 8.66025
 8.66025
 8.66025
 8.66025
 8.66025
 8.66025
 8.66025
 8.66025
 8.66025
 8.66025
 8.66025
 8.66025
 8.66025
 0
 10.4881
 10.4881
 0
 0
