 24.1661
 27.4408
 27.4955
 32.2335
 30.2655
 27.8209
 29.1548
 27.2764
 30.8221
 28.2843
 29.7321
 28.4077
 31.6386
 25.8263
 26.8701
 32.7567
 31.5119
 35.1852
 35.327
 36.4966
 36.8917
 39.95
 42.7551
 36.3593
 38.1707
 44.1362
 36.8782
 28.775
 37.3898
 37.1618
 35.426
 30.692
 31.5753
 36.9188
 17.6068
 32.7414
 28.0179
 32.249
 18.7883
 31.7962
 25.318
 28.775
 18.0555
 33.0303
 29.4109
 25.2982
 33.2716
 18.5742
 34.4093
 19.7737
 33.0606
 35.6371
 39.6106
 19.7484
 28.8791
 38.092
 23.3666
 19.799
 41.2068
 24.4336
 0
 37.3631
 0
 40.025
 32.45
 0
 37.3095
 33.1059
 33.1059
 36.6197
 34.6121
 29.9666
 34.7994
 30.5778
 35.7211
 34.9428
 35.1568
 39.8623
 34.2491
 43.2319
 32.4191
 44.6878
 27.3679
 43.6119
 26.3818
 44.6206
 27.4955
 42.0714
 32.4808
 38.2361
 34.2053
 37.1618
 34.3802
 32.0156
 38.7943
 38.1838
 39.5474
 42.332
 36.1248
 40.0749
 45.0444
 32.28
 50.0999
 45.0999
 28.7924
 45.8476
 45.8476
 47.0319
 30.3645
 37.6431
 41.7373
 36.3043
 40.4722
 33.6155
 40.0749
 37.51
 43.5086
 42.9884
 43.8862
 45.6946
 43.1856
 41.1947
 51.7107
 34.0881
 50.1398
 31.3847
 50.8822
 50.319
 33.9853
 43.9318
 34.8138
 38.1707
 40.3856
 34.8999
 39.724
 40.7676
 42.8252
 44.5309
 44.4185
 48.3425
 45.4863
 51
 46.7119
 49.0612
 40.0625
 34.176
 49.7795
 29.8998
 50.309
 37.855
 43.6692
 36.5513
 39.3954
 36.8782
 42.8602
 43.852
 40.025
 48.8979
 46.6262
 48.2597
 50.1099
 53.4509
 47.8957
 49.4065
 51.8266
 43.4741
 52.9811
 51.9904
 36.3043
 34.9285
 48.5489
 40.4351
 38.7427
 35.6931
 41.6293
 44.587
 42.8252
 47.4868
 50.1199
 50.448
 47.4131
 52.5357
 54.7996
 50.1896
 55.3624
 51.1664
 55.3624
 45.2217
 55.0091
 49.5681
 36.606
 35.6371
 42.107
 45.4753
 36.5103
 45.2327
 46.8615
 22.2486
 50.02
 50.7937
 21.4942
 52.0673
 52.1632
 52.8488
 56.0089
 56.356
 55.8391
 56.9649
 55.1996
 51.6914
 57.9655
 21.0238
 41.7373
 52.6688
 35.7211
 42.6146
 39.128
 40.0625
 45.3652
 44
 51.643
 49.5177
 51.4296
 51.9808
 56.921
 53.6656
 57.4978
 54.4334
 55.0364
 58.3095
 57.9828
 55.2449
 53.7494
 49.4874
 41.1704
 46.5725
 40.7922
 36.5377
 41.7373
 45.1996
 52.1728
 47.4342
 49.98
 53.7122
 52.7541
 55.0182
 58.5235
 55.5788
 55.0818
 58.2838
 57.7927
 59.4895
 56.0892
 56.1338
 47.1593
 48.0521
 49.6286
 41
 38.4578
 42.5558
 44.3734
 52.3832
 48.2908
 57.0088
 53.3292
 56.0268
 54.7083
 58.2924
 58.8558
 53.7401
 57.4108
 55.5878
 56.4889
 56.0446
 54.9636
 48.7647
 47.8435
 52.5262
 52.5262
 52.5262
 53.3667
 50.3389
 45.3872
 53.591
 49.0714
 55.848
 53.619
 52.2398
 50.8822
 57.4108
 44.0795
 54.1202
 52.0384
 59.1185
 51.0392
 58.7452
 44.486
 57.1139
 57.1139
 45.288
 45.288
 48.6621
 48.1041
 53.535
 46.8935
 46.8935
 50.7642
 50.7642
 56.9473
 52.0673
 52.0673
 54.69
 57.9914
 48.3322
 59.0931
 59.0931
 53
 56.3738
 66.0908
 66.0908
 34.2491
 68
 52.2015
 70.0785
 47.4342
 61.2209
 36.7967
 36.7967
 40.7308
 54.754
 49.5278
 59.6154
 46.9255
 54.7266
 43.4281
 62.1208
 54.1849
 55.0182
 62.0967
 54.1018
 54.1018
 62.3217
 62.3217
 58.1034
 37.1349
 0
 0
 0
 0
 44.4635
 61.441
 36.8782
 58.2323
 58.2323
 44.6206
 60.0666
 60.0666
 60.0666
 46.9361
 49.295
 49.295
 56.9912
 56.9912
 53.3479
 70.8025
 55.0454
 50.9019
 50.9019
 60.9918
 55.6597
 53.7308
 53.7308
 53.7308
 57.1314
 54.1295
 49.94
 59.8415
 59.8415
 57.1664
 60.3738
 52.9528
 52.9528
 58.112
 52.4976
 59.8331
 59.8331
 53.6936
 47.8853
 63.1189
 43.5546
 52.8678
 64.4748
 42.2847
 56.5951
 54
 54
 50.309
 42.0714
 59.279
 40.9145
 49.2747
 44.3959
 61.7657
 43.1741
 49.2849
 56.9298
 50.1797
 55.6417
 52.1344
 52.1344
 52.5071
 60.9016
 48.9285
 0
 0
 0
 0
 0
 0
 0
 0
 0
 0
 0
 0
 0
 0
 0
 0
 0
 0
 0
 46.9468
 0
 40.0375
 41.5812
 57.81
 60.0417
 60.0417
 51.9038
 58.8643
 43.6234
 46.8295
 56.9034
 44.643
 46.9787
 46.9468
 48.4768
 56.2761
 37.8418
 0
 0
 0
 49.2849
 26.5707
 59.1354
 50.06
 51.8459
 47.0319
 0
 0
 0
 0
 34.6843
 62.4019
 55.2901
 54.4151
 41.1947
 0
 0
 0
 0
 41.5572
 51.6236
 53.768
 60.6795
 35.6511
 48.6929
 49.3356
 64.0781
 48.621
 57.2975
 43.3128
 48.1041
 48.1041
 52.7162
 41.5692
 58.2151
 58.2151
 45.4863
 42.0238
 53.0189
 53.9351
 47.8226
 34.6121
 52.4881
 49.548
 48.3942
 47.9479
 47.9479
 50.7839
 31.305
 40.2244
 55.2087
 55.2087
 58.2838
 54.9363
 59.1354
 47.833
 47.833
 43.9204
 57.4369
 57.4369
 45.4863
 54.3783
 56.8507
 43.7264
 47.0956
 50.5668
 63.5925
 63.5925
 49.2443
 52.4976
 34.8568
 46.5725
 62.2013
 62.2013
 47.085
 47.085
 49.5379
 49.5379
 49.5379
 49.5379
 44.3283
 44.9667
 44.9667
 39.2683
 42.6146
 45.0555
 45.0555
 57.4108
 36.8782
 43.2319
 42.1782
 47.571
 54.8088
 46.7761
 44.4747
 46.465
 47.9375
 47.9375
 47.9375
 47.9375
 53.1131
 27.8029
 27.8029
 53.2823
 53.2823
 49.0408
 0
 28.1425
 52.5262
 50.4083
 51.3517
 40.9512
 0
 41.6893
 52.6118
 43.715
 41.6173
 51.449
 39.8372
 48.4665
 49.1732
 54.7357
 41.6053
 47.085
 52.1632
 68.0147
 43.4741
 55.4256
 46.0326
 43.4396
 58.8897
 58.8897
 51.1273
 43
 41.4608
 76.3872
 76.3872
 76.3872
 76.3872
 54.0463
 31.1127
 42.3556
 48.4974
 58.7197
 30.7571
 45.1664
 42.4146
 48.2079
 57.9569
 47.0638
 49.7192
 53.2916
 31.1448
 53.0283
 40.7922
 40.3237
 55.9017
 47.5184
 45
 45
 56.9561
 56.9561
 45.3652
 45.288
 48.2804
 57.1927
 57.1927
 42.6146
 43.4281
 47.8226
 47.8226
 0
 44.6878
 54.9818
 50.5173
 47.4342
 47.4342
 32.249
 43.8634
 44.8219
 54.0925
 50.7445
 39.064
 49.6588
 36.1663
 51.2738
 51.3712
 40.4599
 41.7493
 55.3263
 40.0625
 48.6724
 36.7015
 41.2916
 56.3738
 42.107
 42.107
 42.107
 42.107
 45.1442
 37.3095
 44.7437
 56.3116
 59.0508
 42.8952
 54.0463
 45.3762
 59.8999
 44.7996
 0
 33.7491
 46.9361
 52.9717
 52.9717
 58.2924
 58.2924
 44.2719
 39.4842
 24.7184
 48.8672
 38.8072
 44.3396
 42.0476
 43.2204
 19.4165
 40.8901
 50.8331
 46.2169
 52.8772
 43.1393
 52.2303
 43.0349
 22.561
 36.2905
 44.3283
 45.4863
 17.9165
 44.4072
 37.9078
 43.9659
 44.0795
 32.6956
 44.0227
 20.9762
 49.8598
 0
 0
 0
 0
 0
 44.9889
 44.9889
 23.7908
 38.5097
 54.111
 39.064
 40.3361
 19.4679
 53.5724
 42.9651
 47.1169
 38.7685
 18.3303
 50.05
 45.0444
 54.8179
 33.9559
 19.4679
 43
 56.542
 45.8476
 45.8476
 45.8476
 22.5389
 49.7594
 34.9714
 55.6327
 56.921
 56.921
 56.5332
 22.5167
 56.0268
 38.2884
 36.8511
 36.5103
 36.1525
 23.3452
 56.5685
 56.5685
 56.5685
 56.5685
 56.5685
 56.5685
 37.8682
 39.2428
 52.9717
 47.085
 40.5339
 42.5793
 24.454
 34.9142
 55.6866
 40.7922
 32.7414
 34.7275
 34.7275
 44.3959
 42.6028
 45.1442
 48.239
 47.2123
 43.9773
 37.51
 35.6651
 44.1701
 40.0999
 46.1194
 49.5379
 39.4081
 46.2709
 41.4488
 41.4488
 47.8121
 41.4246
 41.4246
 41.4246
