 19.975
 26.9444
 40.8412
 31.3688
 39.5474
 14.6969
 25.0998
 27.3313
 31.8591
 31.8591
 31.8591
 44.8553
 40.7554
 38.8201
 32
 32.8634
 29.5296
 29.5635
 21.3307
 22.3383
 5.38516
 12.1655
 12.1655
 3.31662
 3.31662
 3.31662
 8
 21.7715
 12.3693
 26.0384
 23.622
 19.4679
 23.1301
 40.6817
 4.24264
 7.87401
 39.2683
 46.2601
 5.19615
 5.19615
 44.4522
 36.0139
 3.60555
 19.1572
 35.3412
 45.7712
 23
 3.74166
 29.95
 1.73205
 11.225
 26.4008
 20.2237
 0
 16.2788
 9.79796
 50.9608
 3.4641
 10.0995
 40.0874
 0
 0
 0
 17.3781
 26.096
 0
 34.6987
 14.2829
 0
 41.509
 4.47214
 40.4228
 40.4228
 38.1445
 10.8167
 34.8138
 41.5812
 26.1916
 24.8797
 11.6189
 41.2674
 41.2674
 40.0375
 11.3137
 41.3521
 6
 42.5088
 27.9464
 25.219
 40.5463
 18.7083
 7.34847
 44.8999
 41.4246
 41.4246
 40.8779
 11.5326
 30.4959
 18.9737
 31.257
 17.8885
 17.8885
 9.84886
 9.84886
 44.0454
 44.0454
 0
 23.6854
 36.4006
 30.4138
 37.4032
 43.6463
 16.4621
 40.8412
 4.24264
 37.8682
 7
 28.7228
 11.6189
 17.4356
 21.6795
 35.6651
 6.08276
 40.5586
 40.5586
 40.5586
 8.88819
 27.8029
 43.1509
 41.7253
 38.3927
 43.4971
 30.4631
 40.9756
 12.5698
 37.8946
 37.8946
 28.6531
 28.6531
 18.2483
 7.07107
 12.083
 24.3311
 24.3311
 37.8418
 44.317
 17.7764
 46.7868
 23.4947
 23.4947
 41.7133
 39.8873
 47.8017
 40.7676
 27.0185
 42.638
 9.53939
 30.5778
 30.5778
 30.5778
 14.8997
 5.09902
 12.1244
 28.0357
 28.0357
 38.3275
 13.7113
 21.7715
 46.2709
 48.6518
 41.9404
 48.239
 46.9148
 43.6005
 38.6005
 26.0384
 42.3792
 12.5698
 32.1559
 16.4924
 16.4924
 8.83176
 11.6619
 13.1529
 13.1529
 25.8844
 15.4272
 15.4272
 26.9072
 42.1782
 47.7598
 49.548
 48.3942
 41.8688
 46.8508
 43.9318
 37.4433
 2.82843
 20.0499
 33.2415
 33.2415
 16.4924
 0
 8.18535
 3.87298
 3.87298
 3.87298
 14.1421
 28.7054
 28.7576
 21.2838
 0
 47.9062
 41.7732
 49.7192
 48.2494
 45.0222
 48.4665
 40.1248
 42.5911
 36.1386
 33.7639
 18.3848
 21.6795
 3.4641
 3.4641
 3.4641
 3.4641
 3.4641
 11.5758
 20.0499
 20.8567
 40.5586
 42.0119
 52.4976
 41.8091
 44.6206
 50.3984
 45.2438
 45.2327
 44.587
 41.833
 26.4197
 29.1204
 17.8606
 8
 1.41421
 9.53939
 9.53939
 17.7764
 12.3693
 38.1182
 35.5949
 27.8209
 46.7226
 30.3974
 28.7228
 50.4876
 55.8211
 55.8211
 46.9468
 38.5487
 40.4228
 30.348
 28.4429
 8.60233
 8.60233
 8.60233
 8.60233
 11.0454
 9.27362
 15.0997
 31.0483
 31.0483
 34.9857
 33.3766
 48.0416
 26.5141
 22.0227
 50.448
 25.4165
 59.6322
 46.9255
 25.2389
 38.2361
 8
 21.8174
 21.8174
 21.8174
 21.8174
 5.19615
 17.5214
 15.1327
 15.1327
 15.1327
 15.1327
 15.1327
 32.6956
 32.6956
 44.8888
 44.8888
 56.2672
 51.0294
 51.0294
 44.3621
 0
 0
 0
 24.3311
 12.1244
 12.1244
 5.38516
 5.38516
 2.44949
 2.44949
 2.44949
 2.44949
 2.44949
 26.0768
 0
 16.8523
 34.0441
 36.524
 49.95
 43.6692
 56.542
 60.1664
 60.1664
 58.2666
 55.5158
 43.7264
 49.7795
 28.6531
 45.4423
 21.7945
 37.3363
 4.89898
 22.7156
 13.5277
 13.5277
 13.5277
 15.6525
 0
 45.1774
 25.02
 25.02
 25.02
 0
 0
 0
 28.2312
 55.0908
 55.0908
 55.0908
 54.9181
 54.9181
 58.3952
 58.3952
 47.833
 55.1996
 55.1996
 55.1996
 37.4032
 47.4974
 47.4974
 0
 6.9282
 6.9282
 6.9282
 31.607
 31.607
 0
 0
 14.9332
 1.73205
 1.73205
 7.4162
 0
 0
 0
 0
 0
 28.3019
 28.3019
 28.3019
 0
 24.1247
 36.6333
 5.47723
 39.3192
 19.8494
 13.9284
 13.9284
 13.9284
 6.85565
 6.85565
 6.85565
 6.85565
 6.85565
 0
 0
 0
 0
 26.9815
 26.9815
 15.8114
 10.3441
 47.0744
 14.0712
 0
 46.2169
 20.5913
 20.5913
 0
 0
 7.28011
 28.8617
 0
 0
 0
 0
 0
 20.9045
 43.1509
 43.1509
 0
 25.4558
 7.4162
 7.4162
 0
 0
 7.34847
 7.34847
 0
 47.4447
 47.4447
 47.4447
 30.3974
 30.3974
 42.72
 42.72
 42.72
 59.3549
 59.3549
 59.3549
 59.3549
 30.7409
 56.3383
 56.3383
 31.0966
 0
 20.6398
 48.4562
 10.3923
 3.4641
 38.4968
 0
 0
 0
 0
 0
 9.32738
 9.32738
 9.32738
 10.6771
 46.465
 0
 27.7308
 0
 0
 37.1214
 0
 41.7971
 9.64365
 6.32456
 27.4044
 41.6173
 41.6173
 2.44949
 17.2047
 17.2047
 15.1658
 15.1658
 15.1658
 15.1658
 15.1658
 53.9537
 53.9537
 53.9537
 48.0521
 11.225
 1.73205
 51.1468
 30.4631
 0
 22.9129
 53.3198
 8.66025
 50.2096
 50.2096
 55.0182
 55.0182
 54.8817
 54.8817
 54.8817
 54.8817
 50.6754
 50.6754
 50.6754
 50.6754
 50.6754
 38.8072
 38.8072
 38.8072
 1.73205
 1.73205
 16.2788
 56.3205
 56.3205
 56.3205
 56.3205
 56.3205
 56.3205
 56.3205
 30.4138
 30.4138
 12.1244
 12.1244
 0
 0
 0
 0
 0
 0
 0
 0
 2.23607
 2.23607
 2.23607
 2.23607
 2.23607
 5.19615
 5.19615
 20.8567
 9.59166
 27.8927
 27.8927
 34.6266
 54.909
 54.909
 54.909
 54.909
 13.1909
 53.6377
 20.6155
 7.74597
 7.74597
 7.74597
 0
 0
 0
 0
 0
 0
 0
 0
 29.7825
 46.2169
 0
 0
 0
 32.6803
 36.0694
 50.3786
 50.3786
 39.5727
 34.9571
 34.9571
 33.4216
 3.60555
 3.60555
 3.60555
 20.2485
 22.9565
 0
 0
 10.5357
 10.5357
 10.5357
 10.5357
 10.5357
 10.5357
 13.1529
 35.7911
 35.7911
 3.4641
 3.4641
 25.0998
 13.7113
 13.7113
 6.85565
 11.225
 22.2935
 22.2935
 4.24264
 0
 14.7648
 14.7648
 50.3686
 34.4238
 1.73205
 6.7082
 0
 0
 0
 29.0345
 29.0345
 8.88819
 52.5071
 52.5071
 26.9444
 26.9444
 26.9444
 26.9444
 0
 36.1386
 48.5695
 0
 49.3356
 0
 0
 42.6028
 16.4924
 30.2985
 50.5767
 50.5767
 50.5767
 38.1707
 8.60233
 8.60233
 13.5647
 15.6525
 8.544
 12.8452
 1.73205
 1.73205
 17.8885
 0
 6.08276
 6.08276
 0
 0
 21
 0
 35.1141
 2.44949
 0
 0
 0
 15.1327
 1.73205
 1.73205
 1.73205
 1.73205
 1.73205
 27.2764
 26.9444
 26.9444
 0
 43.7035
 0
 9.53939
 8.544
 22.1133
 22.1133
 47.5815
 47.5815
 9.53939
 9.53939
 9.84886
 9.84886
 54.4794
 40.9878
 14.7986
 14.7986
 7.81025
 7.81025
 31.8748
 31.1609
 7.07107
 17.6635
 38.7427
 38.7427
 14
 45.3431
 18.4662
 7.93725
 7.93725
 7.93725
 0
 0
 30.3645
 30.3645
 3.74166
 5.09902
 8.48528
 5.38516
 0
 0
 0
 7.87401
 29.5635
 1.73205
 31.0161
 0
 8.66025
 13.1149
 0
 0
 9.64365
 7.81025
 7.81025
 20.8567
 20.8567
 20.8567
 20.8567
 9.84886
 0
 10.4403
 33.0908
 33.0908
 33.0908
 36.2905
 7.81025
 7.81025
 7.81025
 15.3623
 0
 0
 7.81025
 30.1662
 46.2601
 46.2601
 0
 0
 9
 9
 9
 12.6491
 39.0384
 10.4403
 10.4403
 10.9545
 10.9545
 4.24264
 40.2368
 40.2368
 40.2368
 12.4097
 12.4097
 12.4097
 37.2022
 37.2022
 37.2022
 37.2022
 37.2022
 37.2022
 12.1655
 12.1655
 12.4499
 19.975
 19.975
 19.975
 19.4165
 19.4165
 5.47723
 5.47723
 5.47723
 5.47723
