 23.1948
 29.9666
 22.7816
 22.3383
 16.1864
 30.7083
 14.4914
 7.81025
 13.0767
 18.2483
 18.2483
 15.4596
 7.81025
 13.0384
 5.47723
 10.6771
 17.72
 14.3178
 18.5203
 15.7797
 17.3494
 13.9642
 13.9642
 8.18535
 8.18535
 8.18535
 15.3623
 17.5214
 12.1655
 18.2757
 14.8324
 15.3623
 18.2209
 18.3848
 13
 19.975
 5.38516
 15.6844
 12.1655
 12.1655
 7.34847
 7.28011
 12.1244
 8.18535
 8.12404
 10.5357
 4.3589
 11.4018
 19.3132
 11.7473
 10.9087
 10.583
 19.105
 10.9545
 15.3623
 23.4521
 17.2337
 12.4097
 6.08276
 17.088
 0
 0
 0
 16.5227
 18.3576
 0
 22.6495
 12.1655
 12.1655
 12.4097
 14.8324
 7.07107
 7.07107
 5.74456
 9
 13.4907
 21.7025
 22
 19.0526
 18.2483
 16.5831
 16.5831
 5.38516
 11.6189
 9.16515
 14.4222
 18.412
 20.8567
 20.664
 14.5258
 14.7309
 15.748
 9.94987
 6.245
 6.245
 12.49
 13
 24.6982
 15.6205
 19.975
 19.9249
 19.9249
 24.3311
 24.3311
 13.6748
 13.6748
 13.6748
 20.9284
 18.5742
 22.1359
 14.7309
 12.0416
 18.2483
 2.44949
 11.4018
 8.66025
 11.2694
 21.9545
 17.4356
 21.8403
 19.1833
 20
 22.9565
 12.3693
 12.3693
 12.3693
 13.1149
 25.1396
 16.0935
 17.3205
 22.561
 6.245
 21.7025
 4.24264
 17.4356
 8.60233
 8.60233
 24.454
 24.454
 22.3159
 15.6205
 19.4165
 21.7256
 21.7256
 20.1494
 7.81025
 23.4094
 11.6619
 21.7486
 21.7486
 10.8167
 22.5832
 11.7898
 2.23607
 23.1517
 8.544
 20.3961
 24.2281
 24.2281
 24.2281
 25.6905
 21.2838
 20.025
 20.9523
 20.9523
 19.1311
 21.7025
 20.8327
 12.49
 9.69536
 15.6205
 6.48074
 11.7047
 3.60555
 27.258
 23.2379
 5.19615
 22.6274
 25.2982
 26.7955
 26.7955
 21.7025
 1.41421
 21.7256
 21.7256
 21.7025
 22.6274
 22.6274
 20
 17.3205
 8.88819
 10.5357
 6.245
 17.0294
 6.85565
 7.34847
 27.7489
 14
 21.4709
 23.6432
 12.6491
 24.1661
 14
 3.4641
 20.9762
 20.9762
 20.9762
 22.1133
 15.1987
 15.6205
 21.7256
 21.7256
 14.3527
 19.4679
 13.5647
 6.48074
 5.19615
 16.7929
 4.12311
 17.8885
 23.1084
 27.8388
 26.1725
 28.8097
 21.7486
 21.7486
 21.7486
 21.7486
 21.7486
 10.4403
 20.9284
 21.7486
 20.9045
 17.8885
 14.2127
 6.63325
 3.4641
 9
 12.3693
 10.3923
 8.60233
 21.1424
 27.1846
 24.7386
 24.3311
 22.561
 10.5357
 6.7082
 6.7082
 12.8841
 21.9545
 13.1529
 20.0499
 26.9258
 15.1658
 9.16515
 5.19615
 15.6525
 17.6068
 5.19615
 17.0587
 6.78233
 28.5482
 28.2843
 27.2397
 27.1109
 14.7309
 14.7309
 14.7309
 10.4403
 20.8806
 13.0384
 20.0749
 20.0749
 25.318
 6.7082
 15.5242
 6.85565
 6.245
 12.2882
 6.78233
 17.4356
 19.8242
 25.5343
 24.4745
 25.1794
 23.4307
 23.4307
 23.4307
 23.4307
 15.6205
 14.0712
 16.9115
 16.9115
 8.83176
 8.83176
 6.08276
 20.0998
 7.93725
 15.6205
 6.245
 13.8203
 8.88819
 30.5287
 25.7876
 25.7876
 25.7876
 25.7876
 29.1033
 24.2899
 24.2899
 10.8167
 10.8167
 8.12404
 8.12404
 26.3439
 26.3439
 26.3439
 18.4391
 0
 28.4956
 10.6771
 21.7715
 10.5357
 17.5499
 13.2288
 15.1658
 15.1658
 19.0263
 6
 19.0263
 5.19615
 20.2978
 9.32738
 23.8537
 29.5296
 10.3441
 14.8324
 10.8628
 10.8628
 10.8628
 6.245
 6.245
 16.1555
 10.4403
 0
 0
 0
 0
 21.7486
 26.9444
 11.7473
 19.6723
 19.6723
 11.2694
 11.2694
 14.5602
 14.5602
 24.5764
 9.69536
 9.69536
 9.69536
 20.664
 7.34847
 7.34847
 7.34847
 24.3516
 24.3516
 24.3516
 26.8514
 26.8514
 26.8514
 26.8514
 27
 5.47723
 5.47723
 22.1359
 0
 0
 0
 0
 0
 24.5561
 24.5561
 24.5561
 0
 24.6577
 6.55744
 20.8327
 18.412
 24.1661
 23.1733
 45.0111
 20.5183
 16.6733
 16.6733
 15.906
 22.2486
 22.2486
 22.2486
 7.81025
 17.5499
 17.5499
 21.8403
 3.4641
 15.6525
 22.1811
 25.671
 29.5296
 29.5296
 16.6433
 25.5147
 25.5147
 0
 8.83176
 20.6398
 33.0757
 0
 0
 11.2694
 11.2694
 0
 13.5277
 17.1756
 17.1756
 0
 24.7588
 12.7671
 12.7671
 0
 0
 17.4642
 21.7256
 0
 4.58258
 13.6748
 13.6748
 26.4764
 26.4764
 19.1311
 19.1311
 10.6301
 13.4536
 13.4536
 9.84886
 9.84886
 22.7816
 9
 23.4521
 7.4162
 0
 19.4422
 16.5529
 21.9773
 13.4907
 15.4596
 14.0357
 12.6491
 12.6491
 0
 7.81025
 24.8193
 24.8193
 24.8193
 19.7737
 8.48528
 11.2694
 6.55744
 0
 0
 21.7945
 22.5832
 7.74597
 23.5797
 19.975
 31.1127
 6.48074
 19.2873
 16.8523
 17.2627
 17.2627
 25.923
 13.1909
 13.1909
 13.1909
 13.1909
 12.6095
 12.6095
 12.6095
 16.6733
 9.79796
 19.1833
 20.2978
 17.3781
 17.3781
 19.105
 10.583
 22
 12.0416
 12.0416
 13.9284
 14
 12.6095
 12.6095
 0
 0
 9.8995
 9.8995
 9.8995
 9.8995
 12.2066
 20.4939
 20.4939
 20.4939
 10.5357
 10.5357
 20.9284
 11.3137
 17.4069
 17.4069
 17.4069
 19.4422
 19.4422
 19.4422
 0
 0
 18.8944
 18.3576
 18.3576
 18.3576
 9.79796
 9.79796
 9.79796
 15.4272
 15.4272
 15.4272
 11.4455
 12.2066
 12.2066
 12.2066
 12.2066
 12.0416
 11
 14.8661
 26.096
 21.1424
 27.2213
 16.2173
 21
 21
 21
 0
 18.4662
 11.5758
 22.561
 26.7208
 26.7208
 0
 0
 0
 0
 10.9087
 20.664
 20.664
 20.664
 0
 11.4018
 12.0416
 12.0416
 12.0416
 12.0416
 24.6577
 21.1896
 13.1909
 13.1909
 13
 10.583
 10.583
 13.5277
 20.0499
 20.0499
 20.0499
 18.2757
 30.3315
 30.3315
 30.3315
 23.5584
 23.5584
 22.5832
 22.5832
 0
 14.3527
 13.2288
 35.9166
 35.9166
 14.3527
 14.3527
 8.18535
 13.8924
 13.9642
 20.445
 21.3542
 7
 7
 19.105
 19.105
 20.3224
 20.3224
 18.6815
 41.2795
 13.8564
 19.3907
 0
 13.6748
 13.6748
 14.7648
 14.7648
 28.7576
 12.4499
 12.4499
 21.8632
 21.8632
 15.9374
 24.5561
 0
 11.0454
 20.8806
 20.8806
 14.7986
 0
 0
 8
 25.3969
 6
 20
 20
 20
 11.7898
 38.223
 18.3848
 16.8226
 20.9284
 28.7402
 25.2785
 25.2389
 25.2389
 13.4164
 18.412
 20.7846
 0
 0
 13.8924
 20.1246
 14.8324
 10.8167
 14.7309
 18.6815
 18.7083
 18.7083
 23.5372
 19.8494
 19.8494
 0
 14.9666
 14.9666
 13.7113
 17.8045
 17.8045
 0
 13.8924
 13.8924
 4.79583
 27.7489
 34.2637
 34.2637
 13.2288
 13.2288
 1.73205
 1.73205
 23.4094
 23.4094
 20.8567
 18.2209
 21
 21
 7.34847
 7.34847
 11
 16.3707
 3.74166
 23.1084
 13.8564
 13.8564
 20.6398
 13
 24.1039
 6.08276
 6.08276
 0
 0
 0
 27
 27
 19.975
 19.5704
 6.55744
 23.8747
 10.4881
 21.7486
 21.7486
 3.4641
 17.5499
 28.7054
 17.088
 17.088
 3
 22.7156
 22.7156
 14.5602
 19.0788
 3.4641
 3.4641
 14.2829
 22.1133
 0
 29.0172
 4.47214
 4.47214
 27.0555
 30.133
 30.133
 0
 28.0179
 6.9282
 6.9282
 6.9282
 34.1614
 34.1614
 9.84886
 8
 29.1548
 28.0535
 0
 0
 0
 1.73205
 1.73205
 1.73205
 22.5389
 11.2694
 15.0997
 15.0997
 5.38516
 5.38516
 31.1609
 11.3578
 11.3578
 11.3578
 5.74456
 5.74456
 5.74456
 12.3693
 12.3693
 12.3693
 12.3693
 12.3693
 12.3693
 22.6495
 22.6495
 17.9444
 15.5885
 15.5885
 15.5885
 20.1494
 0
 22.4499
 22.4499
 0
 20.8327
