 19.1311
 35.0571
 22.1359
 17.4642
 21.7486
 27.1477
 17.0294
 4.24264
 13
 14.3527
 14.3527
 12.3288
 13.2665
 21.5174
 12.2882
 14.3178
 19.105
 19.5959
 20.1742
 17.1172
 19.0526
 13.8924
 13.8924
 12.1655
 12.1655
 12.1655
 19.4165
 20.445
 12.4097
 21.0476
 18.2757
 17.3205
 20.1494
 22.7816
 21.4942
 20.6155
 12.8452
 21.9773
 20.025
 20.025
 10.1489
 13.5647
 20.025
 8.94427
 13.2288
 15.1327
 6
 18.5472
 22.1585
 17.3205
 9.59166
 19.4936
 21.166
 15.6525
 15.9687
 26.9258
 19.105
 16.0312
 6.48074
 20.4695
 20.4695
 20.4695
 20.4695
 21.8403
 20.8806
 20.8806
 28.0357
 11.2694
 11.2694
 19.2094
 15.6525
 11.0454
 11.0454
 12.7279
 8.66025
 18.3848
 22.4722
 26.6458
 19.9249
 19.3132
 17.8606
 17.8606
 8
 15.6525
 14.7648
 15.9687
 26.0576
 23.4521
 22.5167
 18.2757
 15.0997
 16.7033
 14.7986
 13.5647
 13.5647
 17.2337
 13
 24.5561
 15.7162
 21
 21.6795
 21.6795
 25.1396
 25.1396
 14.7648
 14.7648
 14.7648
 24.3516
 21.9317
 22.2261
 20.4695
 20.6882
 16.2481
 10.0995
 11.2694
 15.4919
 11.2694
 26.3629
 15.6205
 28.5832
 18.2483
 21.8632
 25.2389
 14.5258
 14.5258
 14.5258
 17.3781
 29.5296
 18.3848
 26.2679
 25.318
 15.6525
 24.5561
 11.7898
 17.0587
 16.6433
 16.6433
 31.0483
 31.0483
 29.9666
 16.5529
 27.258
 21.9773
 21.9773
 25.318
 14.4222
 33.2415
 19.5959
 31.3369
 31.3369
 21.7486
 27.2029
 22.383
 9.38083
 27.1477
 18.4932
 21.7256
 32.45
 32.45
 32.45
 34.9142
 28.688
 21.7256
 22.6495
 22.6495
 26.0576
 29.5296
 33.0757
 21.2132
 17.1172
 24.4745
 17.3494
 20.2485
 13.4907
 35.8608
 32.4654
 15.3623
 30.7409
 34.6987
 37.6431
 37.6431
 31.5278
 8.48528
 29.7321
 29.7321
 31.4643
 32.4191
 32.4191
 31.8277
 29.9666
 20.8567
 20.9762
 18.7617
 23.6854
 15.1658
 17.2047
 37.9078
 13.6382
 31.5911
 33.5559
 10.0499
 37.027
 20.2731
 7.93725
 27.313
 27.313
 27.313
 31.0161
 24.1247
 24.8596
 31.0644
 31.0644
 23.388
 31.1448
 21.9545
 17.5784
 13.4907
 25.2982
 14.9666
 28.3901
 33.8231
 36.9324
 38.704
 38.223
 31.5753
 31.5753
 31.5753
 31.5753
 31.5753
 18.9737
 33.4216
 32.1248
 33.2566
 29.7321
 24.8797
 19.0788
 16.8523
 19.0526
 21.7486
 19.0263
 22.0681
 32.7567
 36.0694
 36.5513
 35.2987
 32.2335
 20.2731
 15.4596
 15.4596
 13.0384
 31.7175
 11.0905
 29.7489
 36.8646
 27.5862
 19.0788
 12.8841
 26.2488
 27.6406
 17.8606
 25.6125
 19.1572
 36.2629
 38.8973
 36.6333
 35.8329
 22.8035
 22.8035
 22.8035
 8.66025
 31.7017
 7.34847
 28.8791
 28.8791
 35.4965
 17.1464
 27.55
 13.5277
 16.1555
 22.8035
 19.1311
 24.1868
 29.8998
 36.973
 34.3948
 35.6371
 32.8786
 32.8786
 32.8786
 32.8786
 26.9815
 6.85565
 29.3087
 29.3087
 21.4243
 21.4243
 14.7309
 29.1204
 15.9374
 26.6083
 18.9737
 18.3303
 12.8062
 41.6413
 34.5977
 34.5977
 34.5977
 34.5977
 39.5474
 35.2562
 35.2562
 17.5784
 17.5784
 15.9687
 15.9687
 36.647
 36.647
 36.647
 26.1151
 26.1151
 36.0139
 17.0587
 32.078
 16.7033
 24.5357
 12.2474
 23.1301
 23.1301
 27
 15.1658
 25.6515
 8.60233
 30.315
 20.4695
 33.8969
 41.5211
 17.088
 26.6833
 18.6279
 18.6279
 18.6279
 10.9545
 10.9545
 10.1489
 15.4919
 15.4919
 15.4919
 15.4919
 15.4919
 33.7787
 34.9428
 19.6469
 26.4008
 26.4008
 17.8606
 17.8606
 21.4709
 21.4709
 32.619
 17.6068
 17.6068
 17.6068
 28.8617
 12.9615
 12.9615
 12.9615
 33.0606
 33.0606
 33.0606
 34.2199
 34.2199
 34.2199
 34.2199
 35.2704
 9.38083
 9.38083
 29.1548
 29.1548
 29.1548
 29.1548
 29.1548
 29.1548
 26.9815
 26.9815
 26.9815
 26.9815
 35.6791
 17.088
 27.8388
 26.9629
 35.4542
 32.1403
 51.8266
 30.348
 28.0179
 28.0179
 25.5343
 32.7719
 32.7719
 32.7719
 13.0384
 30.2159
 30.2159
 32.2645
 10.4881
 25.593
 34.1028
 33.9853
 39.9625
 39.9625
 27.5862
 32.8177
 32.8177
 32.8177
 15.8745
 31.8277
 37.1214
 37.1214
 37.1214
 15.9374
 15.9374
 15.9374
 17.8606
 24.3105
 24.3105
 24.3105
 35.242
 19.975
 19.975
 19.975
 19.975
 30.8058
 31.3369
 31.3369
 11.6189
 21.5639
 21.5639
 36.1109
 36.1109
 29.1204
 29.1204
 15.3948
 20.8567
 20.8567
 15.4919
 15.4919
 30.348
 16.6132
 33.0606
 8.18535
 8.18535
 28.3196
 24.7992
 30.6268
 20.8327
 22.4277
 22.8473
 20.9284
 20.9284
 20.9284
 14.7648
 32.8634
 32.8634
 32.8634
 29.1548
 15.4596
 15.6205
 16.3401
 16.3401
 16.3401
 31.9531
 31.0322
 16.5227
 34.9142
 29.7153
 38.1445
 16.4012
 28.0891
 28.8444
 22.6053
 22.6053
 35.623
 19.6723
 19.6723
 19.6723
 19.6723
 17.8045
 17.8045
 17.8045
 23.8956
 15.5242
 27.8209
 25.7099
 26.0768
 26.0768
 24.5153
 10.583
 34.7851
 20.2731
 20.2731
 32.0468
 26.0192
 15.906
 15.906
 15.906
 15.906
 18.7617
 18.7617
 18.7617
 18.7617
 10.8628
 25.3574
 25.3574
 25.3574
 12.6095
 12.6095
 28.0713
 17.8885
 24.0416
 24.0416
 24.0416
 27.4591
 27.4591
 27.4591
 9.69536
 9.69536
 27.5862
 28.6007
 28.6007
 28.6007
 15.3948
 15.3948
 15.3948
 20.9523
 20.9523
 20.9523
 13.9642
 16.6433
 16.6433
 16.6433
 16.6433
 20.025
 17.9165
 21.7715
 37.4032
 28.688
 33.1059
 24.3311
 23.8537
 23.8537
 23.8537
 23.8537
 27.7669
 16.6733
 33.541
 37.5899
 37.5899
 37.5899
 37.5899
 0
 0
 16.3401
 28.8791
 28.8791
 28.8791
 0
 14.1067
 19.799
 19.799
 19.799
 19.799
 34.7131
 29.95
 18.3576
 18.3576
 10.583
 18.7883
 18.7883
 20.9523
 27.2947
 27.2947
 27.2947
 26.096
 37.7624
 37.7624
 37.7624
 33.6898
 33.6898
 30.8707
 30.8707
 30.8707
 30.8707
 20.8087
 44.3621
 44.3621
 14.7309
 14.7309
 15.3623
 22.1585
 13.2288
 30.8545
 26.9629
 13.8924
 13.8924
 23.0868
 23.0868
 26.9629
 26.9629
 19.0263
 48.0937
 22
 29.7321
 0
 15.1658
 15.1658
 19.0263
 19.0263
 36.1663
 16.7033
 16.7033
 29.0517
 29.0517
 15.9374
 15.9374
 0
 17.8885
 25.3377
 0
 17.8885
 0
 0
 12.3288
 33.9559
 6.16441
 11.7898
 11.7898
 11.7898
 15.6525
 50.5866
 21.4009
 27.2764
 29.5127
 42.2019
 34.3802
 32.9242
 32.9242
 21.9545
 28.6531
 28.8791
 28.8791
 28.8791
 28.8791
 27.8568
 20.9045
 18.4662
 19.2614
 26.096
 18.4932
 18.4932
 33.8674
 26.9629
 26.9629
 0
 19.0526
 19.0526
 19.9499
 30.5941
 30.5941
 0
 12.9615
 12.9615
 8.88819
 35.623
 41.8091
 41.8091
 17.9165
 17.9165
 6.7082
 6.7082
 34.7851
 34.7851
 25.2982
 21.4476
 31.8434
 31.8434
 5.47723
 5.47723
 17.5214
 22.2486
 4.89898
 32.3883
 14.8324
 14.8324
 28.2843
 13.6748
 35.171
 3.87298
 3.87298
 0
 0
 0
 35.4683
 35.4683
 26.9444
 25.318
 3.74166
 30.0167
 15.7162
 30.0167
 30.0167
 6.245
 28.8791
 35.4683
 30.0832
 30.0832
 7.07107
 28.8097
 28.8097
 12.6491
 28.8617
 7.28011
 7.28011
 27.0185
 36.7696
 36.7696
 36.7696
 4.79583
 4.79583
 35.1141
 46.7119
 46.7119
 46.7119
 41.9643
 6.85565
 6.85565
 6.85565
 40.05
 40.05
 0
 7.07107
 42.6263
 20.8806
 20.8806
 20.8806
 0
 7.34847
 7.34847
 7.34847
 35.2278
 13.9642
 23.9583
 23.9583
 8.48528
 8.48528
 42.6028
 12.4499
 12.4499
 12.4499
 7.34847
 7.34847
 7.34847
 18.735
 18.735
 18.735
 18.735
 18.735
 18.735
 34
 34
 27.8388
 27.0555
 27.0555
 27.0555
 29.5973
 29.5973
 27
 27
 27
 27
