 24.3721
 35.4542
 26.7582
 23.7276
 20.9045
 28.0357
 17.5499
 13.3041
 14.5258
 21.1424
 21.1424
 20.2731
 15.1658
 18.3576
 12.4097
 14.7986
 21.0476
 18.0555
 21.4243
 18.3303
 18.3848
 13.9642
 13.9642
 11.7898
 11.7898
 11.7898
 17.3494
 19.8746
 15.906
 21.7025
 19.5192
 17.8885
 21.4709
 22.5167
 14.3527
 20.1246
 14.2829
 20.9523
 12.8062
 12.8062
 13.0384
 14.7648
 12.4499
 10.5357
 15.1658
 17.9165
 8.544
 12.083
 22.9565
 10.9087
 13.6748
 17.5214
 20.664
 10.1489
 17.8606
 24.8395
 23.3452
 12.0416
 12.1655
 20.9284
 0
 0
 0
 19.5959
 21
 0
 26.6646
 13.9642
 0
 17.8606
 16.4621
 14.7986
 14.7986
 13.9642
 12.2882
 18.9209
 27.5681
 25.2587
 20.6155
 19.0526
 20.567
 20.567
 11.7898
 15.9687
 16.3095
 13.0767
 22.9129
 22.7816
 25.04
 19.0788
 17.0587
 17.088
 16.4012
 14.3178
 14.3178
 17.3781
 15.9374
 26.8328
 17.8885
 23.0651
 20.1742
 20.1742
 24.2074
 24.2074
 19.105
 19.105
 0
 22.5389
 22.6716
 25.7876
 17.4929
 17.2627
 18.303
 13
 14.7648
 15.5242
 12.8841
 24.5967
 18.9473
 24.5357
 21.6795
 24.1661
 21.4942
 16.8226
 16.8226
 16.8226
 15.1327
 26.9258
 22.1811
 20.199
 26.533
 13.5647
 25.7682
 13.0767
 18.3848
 15.5885
 15.5885
 27
 27
 25.02
 17.2916
 19.2354
 24.1868
 24.1868
 24.0832
 14.7986
 24.7184
 20.664
 24.7184
 24.7184
 16.6433
 27.6586
 18.1108
 12.1655
 26.8142
 18.3576
 20.3715
 27.9821
 27.9821
 27.9821
 27.2764
 21.095
 21.7486
 23.7065
 23.7065
 21.7715
 22.8035
 22.2711
 18.1108
 20.1246
 19.6977
 13.4536
 20.567
 11.4018
 31.6386
 27.0185
 13.8924
 22.5832
 27.4773
 29.9165
 29.9165
 22.9129
 9.48683
 23.6008
 23.6008
 23.7276
 24.1661
 24.1661
 22.5832
 21.7256
 18.0831
 18.5472
 14.2829
 22.1133
 14.7648
 15.3297
 31.8119
 13.1909
 24.3105
 26.2869
 11.5758
 26.1916
 12.1244
 11.225
 15.843
 15.843
 15.843
 24.8596
 22.383
 18.6279
 23.4094
 23.4094
 19.6469
 24.1247
 20.7123
 14.3178
 13.9284
 23.6008
 14.2829
 23.9583
 26.6458
 31.4802
 28.4077
 31.1127
 22.6053
 22.6053
 22.6053
 22.6053
 22.6053
 12.53
 23.3024
 22.8035
 24.8596
 22.4054
 21.8403
 14
 15.5885
 16.8819
 17.2627
 18.7083
 15.3948
 26.7395
 29.9666
 28.5132
 26.7955
 25.2587
 11.7898
 14.3527
 14.3527
 20.6882
 24.454
 18.0831
 23.1733
 27.8029
 20.3715
 15.4919
 13.9642
 21.2368
 25.2982
 15.6205
 23.9583
 16.7332
 32.0468
 30.5941
 30.6594
 27.5681
 16.4012
 16.4012
 16.4012
 16.6733
 22.891
 15.5885
 22.4499
 22.4499
 29.6142
 13.5647
 21.587
 14.7986
 14.7986
 20.9762
 14.5258
 28.688
 25.1992
 28.7054
 29.0517
 26.8328
 24.8797
 24.8797
 24.8797
 24.8797
 17.088
 16.8226
 20.025
 20.025
 15.906
 15.906
 14.7648
 22.9347
 15.843
 20.8567
 14.7986
 21.7025
 15.8745
 35.2704
 29.8831
 29.8831
 29.8831
 29.8831
 31.5595
 26.096
 26.096
 13.5277
 13.5277
 8.48528
 8.48528
 29.95
 29.95
 29.95
 28.0535
 0
 30.7083
 20.1494
 25.0599
 20.2978
 21.5639
 21.7256
 24.5764
 24.5764
 26.4197
 15.6205
 25.1794
 12.7671
 23.6432
 16
 26.0384
 31.9218
 15.4919
 18.1108
 16.7332
 16.7332
 16.7332
 13.2665
 0
 21.0476
 17.1172
 17.1172
 17.1172
 0
 0
 28.2666
 29.3769
 20.567
 23.388
 23.388
 19.1311
 19.1311
 22.3383
 22.3383
 30.0998
 17.4356
 17.4356
 17.4356
 26.4008
 14.8324
 14.8324
 14.8324
 25.4951
 25.4951
 25.4951
 30.1828
 30.1828
 30.1828
 30.1828
 28.4077
 12.4097
 12.4097
 22.6274
 22.6274
 22.6274
 22.6274
 22.6274
 22.6274
 29.8831
 29.8831
 29.8831
 0
 28.0179
 14
 21.1187
 25.318
 27.7849
 25.632
 49.7795
 24.6171
 18.0831
 18.0831
 23.0434
 28.775
 28.775
 28.775
 16.5227
 22.7596
 22.7596
 25.2785
 13.0384
 16.8523
 24.4949
 31.9531
 30.9677
 30.9677
 22.2711
 25.2982
 25.2982
 0
 19.1833
 23.0651
 34.4674
 0
 0
 19.8242
 19.8242
 0
 16.1245
 22.5389
 22.5389
 0
 27.5136
 16.5529
 16.5529
 0
 0
 19.4936
 23.1084
 0
 11.3137
 21.2838
 21.2838
 28.0179
 28.0179
 24.1247
 24.1247
 19.1833
 21.1424
 21.1424
 15.1987
 15.1987
 26.3059
 18.2483
 24.2074
 14.1421
 0
 23.9583
 22.5167
 23.7487
 14.7648
 21.7486
 16.7033
 21.1187
 21.1187
 0
 19.1572
 26.0192
 26.0192
 26.0192
 20.5183
 15.843
 13.5647
 10.0499
 0
 0
 26.5895
 23.5584
 13.7113
 23.3238
 21.1187
 36.9324
 14
 23.4094
 20.8806
 19.0788
 19.0788
 26.1534
 21.6795
 21.6795
 21.6795
 21.6795
 19.6214
 19.6214
 19.6214
 22.891
 13.2288
 20.2978
 24.1454
 19.0788
 19.0788
 19.7231
 15.1987
 24.1039
 17.9165
 17.9165
 19.9499
 15.5563
 20.6398
 20.6398
 20.6398
 20.6398
 19.1311
 19.1311
 19.1311
 19.1311
 16.4924
 26.2488
 26.2488
 26.2488
 15.906
 15.906
 21.8174
 19.105
 19.1833
 19.1833
 19.1833
 19.2094
 19.2094
 19.2094
 8.66025
 8.66025
 21.2132
 21.6102
 21.6102
 21.6102
 14.3527
 14.3527
 14.3527
 23
 23
 23
 14.7986
 19.975
 19.975
 19.975
 19.975
 12.0416
 16.6733
 14.7986
 26.7395
 21.8174
 28.3725
 18.7617
 27.1109
 27.1109
 27.1109
 27.1109
 17.3781
 19.5959
 25.4951
 26.0384
 26.0384
 26.0384
 26.0384
 0
 0
 21.095
 23.3666
 23.3666
 23.3666
 0
 17.5784
 20.8567
 20.8567
 20.8567
 20.8567
 28.0179
 26.7395
 20.0998
 20.0998
 16.5831
 16
 16
 17.8045
 21.7025
 21.7025
 21.7025
 20.1246
 33.9411
 33.9411
 33.9411
 22.8254
 22.8254
 23.1517
 23.1517
 23.1517
 23.1517
 14.6969
 36.7015
 36.7015
 15.1658
 15.1658
 13.2288
 14.5945
 20.567
 20
 21.7486
 9.8995
 9.8995
 21.1896
 21.1896
 21.7715
 21.7715
 21.9773
 42.2847
 13.9642
 18.7083
 18.7083
 21.3073
 21.3073
 19.4936
 19.4936
 29.1033
 21
 21
 24.3721
 24.3721
 17.4356
 17.4356
 17.4356
 16.3401
 29.1204
 29.1204
 20.8806
 20.8806
 20.8806
 14.0712
 24.5561
 12.2066
 20.4206
 20.4206
 20.4206
 17.088
 37.6431
 21.0238
 19.4165
 21.0238
 28.8964
 27.1477
 25.7294
 25.7294
 15.3297
 19.105
 20.445
 20.445
 20.445
 20.445
 21.6564
 15.9687
 16.7332
 17.8606
 20.6882
 23.9792
 23.9792
 26.096
 20.5426
 20.5426
 0
 21.9545
 21.9545
 13.5647
 17.3781
 17.3781
 17.3781
 17.4069
 17.4069
 6.63325
 26.1151
 34.4093
 34.4093
 21.7025
 21.7025
 6.85565
 6.85565
 24.5357
 24.5357
 28.6531
 23.4307
 24.6779
 24.6779
 2.44949
 2.44949
 15.1327
 21.7945
 3.4641
 27.6043
 18.2483
 18.2483
 22.9347
 18.1934
 27.9643
 1.41421
 1.41421
 0
 0
 0
 27.8029
 27.8029
 20.2978
 18.9737
 3
 25.2785
 15.5242
 24.0208
 24.0208
 5.47723
 16.8523
 28.6705
 17.7764
 17.7764
 4.89898
 23.4521
 23.4521
 15.3948
 19.2614
 3.4641
 3.4641
 14.6629
 24.3516
 24.3516
 24.3516
 3.4641
 3.4641
 27.8029
 31.0966
 31.0966
 31.0966
 27.4955
 2.44949
 2.44949
 2.44949
 34.3948
 34.3948
 15.1327
 5.19615
 28.4429
 27.9821
 27.9821
 27.9821
 0
 5.19615
 5.19615
 5.19615
 20.6882
 14.7986
 13.7113
 13.7113
 4.89898
 4.89898
 30.1828
 15.1327
 15.1327
 15.1327
 3
 3
 3
 17.1464
 17.1464
 17.1464
 17.1464
 17.1464
 17.1464
 23.1517
 23.1517
 19.5192
 17.2047
 17.2047
 17.2047
 23.2164
 23.2164
 22.9565
 22.9565
 22.9565
 22.9565
