 28.3019
 42.391
 34.4819
 31.4484
 29.6311
 28.4605
 21.0238
 18.5742
 17.4356
 24.8395
 24.8395
 25.5343
 23.6432
 24.8998
 19.0526
 21.1187
 27.0555
 24.8193
 26.9815
 23.388
 21.7256
 17.1172
 17.1172
 14.7309
 14.7309
 14.7309
 20.567
 25.0799
 19.2354
 24.6171
 22.9783
 22.2486
 25.7876
 27.1477
 16
 20.8806
 21.4243
 25.5539
 15.3623
 15.3623
 21.9317
 23.3452
 15.3297
 13
 22.8473
 25.2982
 13.7477
 14.2127
 28.3019
 12.3693
 19.5959
 23.1948
 25.2389
 11.1355
 20.9045
 27.6043
 28.3725
 12.8841
 18.2757
 25.1992
 0
 0
 0
 22.9347
 25.2785
 0
 32.2955
 16.6132
 16.6132
 24.5561
 19.5192
 22.7376
 22.7376
 21.9773
 15.4596
 25.2982
 31.9374
 30.1496
 24.5153
 23.3238
 25.3772
 25.3772
 20.4695
 21.9317
 24.0832
 15.906
 30.9354
 25.7876
 30.7246
 25.3772
 21.4476
 22.1811
 24.5357
 25.2785
 25.2785
 26.7955
 18.2757
 33.1964
 21.3776
 26.9629
 23.3238
 23.3238
 25.7682
 25.7682
 26.2298
 26.2298
 0
 25.7682
 29.6142
 31.9844
 22.1811
 24.8998
 22.1585
 21.8174
 18.5472
 22.8254
 16.6733
 29.5296
 22.2036
 28.8444
 24.8395
 27.6948
 23.1301
 22.1585
 22.1585
 22.1585
 20.199
 30.6594
 28.8964
 25.2389
 32
 22.5832
 32
 21.0238
 21.587
 23.6854
 23.6854
 32.5576
 32.5576
 29.5635
 21.3542
 22.9129
 29.1719
 29.1719
 29.6816
 24.8797
 28.8964
 29.5127
 28.4956
 28.4956
 24.1039
 34.1028
 27.6225
 21.7256
 32.573
 26.5518
 23.1084
 32.665
 32.665
 32.665
 30.7409
 22.9347
 25.1197
 27.8029
 27.8029
 26.5141
 26.2679
 26.0384
 27.9643
 28.3019
 24.8998
 23.6854
 29.6816
 22.561
 39.3446
 33.2415
 24.3105
 26.7582
 33.9559
 34.4238
 34.4238
 27.074
 18.2483
 27.6948
 27.6948
 28.4781
 27.2764
 27.2764
 27.0555
 27.8388
 28.8097
 29.3087
 23.0217
 28.931
 24.3926
 25.671
 38.0789
 10.0995
 29.5804
 32.0624
 32.0624
 32.6497
 14.4222
 18.1934
 16.4317
 16.4317
 16.4317
 28.8964
 29.4958
 24.6171
 27.8388
 27.8388
 28.775
 30.2324
 29.2233
 23.8328
 22.6936
 30.7409
 22.0227
 31.5911
 34.7419
 36.9865
 32.9848
 35.623
 24.6577
 24.6577
 24.6577
 24.6577
 24.6577
 19.5448
 27.6586
 27.4955
 30.8545
 28.3019
 31.0644
 22.8254
 23.516
 27.6043
 27.1846
 28.1425
 26.3818
 35.1283
 35.7211
 35.9444
 31.4325
 28.8617
 16.3707
 22.6936
 22.6936
 27.9821
 27.7489
 26.5707
 28.2843
 32.8329
 29.1033
 23.1084
 24.3516
 31.1609
 35.9861
 25.1992
 30.3974
 26.1534
 39.37
 36.0139
 34.5109
 30.0832
 23.1517
 23.1517
 23.1517
 22.2711
 26.0576
 20.9762
 25.807
 25.807
 35.1568
 20.9045
 30.2655
 23.4734
 25.2587
 29.9666
 24.5764
 37.4166
 32.078
 35.0714
 35.1568
 31.3528
 29.4788
 29.4788
 29.4788
 29.4788
 20.3224
 22.6936
 25.2587
 25.2587
 23.3452
 23.3452
 22.6274
 27.6406
 25.318
 26.9815
 24.3105
 32.1714
 27.0185
 40.5709
 36.9594
 36.9594
 36.9594
 36.9594
 35.0143
 29.6985
 29.6985
 18.2209
 18.2209
 11.7898
 11.7898
 34.5688
 34.5688
 34.5688
 35.4683
 35.4683
 34.7275
 31.4643
 28.9482
 31.3688
 28.0179
 28.8271
 33.3167
 33.3167
 35.1852
 26
 32.8024
 20.347
 28.9482
 24.3516
 32.0468
 36.3043
 21.4476
 24.2281
 24.3926
 24.3926
 24.3926
 22.8035
 22.8035
 26.8514
 24.7184
 24.7184
 24.7184
 0
 0
 35.1568
 33.1662
 30.133
 29.189
 29.189
 27.8209
 27.8209
 32.0468
 32.0468
 37.5766
 25.2785
 25.2785
 25.2785
 32.2955
 22.6274
 22.6274
 22.6274
 28.4429
 28.4429
 28.4429
 36.6742
 36.6742
 36.6742
 36.6742
 30.8221
 18.412
 18.412
 24.7184
 24.7184
 24.7184
 24.7184
 24.7184
 24.7184
 35.7491
 35.7491
 35.7491
 0
 31.5911
 22.9783
 22.6495
 31.8591
 32.6803
 27.8209
 57.6975
 28.6705
 22.9347
 22.9347
 29.7153
 36.524
 36.524
 36.524
 26.0576
 28.4605
 28.4605
 30.8707
 23.4307
 17.8606
 28.4077
 37.4166
 31.8277
 31.8277
 28.4077
 29.4279
 29.4279
 29.4279
 27.8747
 26.4575
 37.054
 37.054
 37.054
 28.1603
 28.1603
 28.1603
 20.567
 29.9666
 29.9666
 0
 32.6343
 18.0831
 18.0831
 0
 0
 22.2261
 26.096
 0
 19.1311
 31.5595
 31.5595
 30.1164
 30.1164
 28.775
 28.775
 26.0384
 28.7924
 28.7924
 22.2711
 22.2711
 31.3528
 26.0768
 24.5764
 19.799
 19.799
 27.8029
 28.8617
 27.7128
 15.2315
 28.5482
 19.0788
 31.3847
 31.3847
 0
 27.2029
 27.6406
 27.6406
 27.6406
 23.6643
 26.0768
 15.9687
 15.6525
 0
 0
 32.665
 23.9165
 20.3961
 27.0185
 21.7715
 41.9524
 21.6795
 28.9137
 24.8596
 22.6716
 22.6716
 27.7308
 29.4618
 29.4618
 29.4618
 29.4618
 27.6043
 27.6043
 27.6043
 29.1719
 16.7332
 21.3542
 26.5141
 22.8473
 22.8473
 21.4942
 21.9545
 26.7955
 24.7184
 24.7184
 23.4734
 18.4662
 28.4781
 28.4781
 28.4781
 28.4781
 28.688
 28.688
 28.688
 28.688
 18.2209
 31.9218
 31.9218
 31.9218
 17.5499
 17.5499
 23.4307
 26.9258
 19.0263
 19.0263
 19.0263
 20.0499
 20.0499
 20.0499
 16.6733
 16.6733
 25.807
 25.3969
 25.3969
 25.3969
 16.8819
 16.8819
 16.8819
 29.7489
 29.7489
 29.7489
 14.7986
 27.0185
 27.0185
 27.0185
 27.0185
 11.3137
 23.1084
 19.5959
 27.1477
 23.8537
 28.3549
 22.0907
 32.2645
 32.2645
 32.2645
 32.2645
 17.3494
 28.2666
 28.7054
 25.5539
 25.5539
 25.5539
 0
 0
 0
 29
 23.6432
 0
 0
 0
 24.0624
 29.1376
 29.1376
 29.1376
 29.1376
 29.95
 31.496
 27.0185
 27.0185
 22.0227
 22.561
 22.561
 22.2036
 22.1133
 22.1133
 22.1133
 22.8035
 38.3014
 38.3014
 38.3014
 23.388
 23.388
 23.1084
 23.1084
 23.1084
 23.1084
 19.6469
 38.2623
 38.2623
 15.6525
 15.6525
 19.5192
 16.9115
 24.98
 20
 21.4942
 14.7986
 14.7986
 23.6643
 23.6643
 21.7256
 21.7256
 27.037
 42.7902
 14.5258
 17.8885
 0
 29.1548
 29.1548
 21.1896
 21.1896
 28.4781
 28.1425
 28.1425
 26.0768
 26.0768
 20.3224
 20.3224
 0
 20.9762
 35.7911
 35.7911
 27.8747
 27.8747
 27.8747
 21.0238
 26.1151
 17.8606
 22.7816
 22.7816
 22.7816
 20.6398
 38.5616
 25.0998
 21.5639
 22.3159
 29.6985
 27.9285
 26.096
 26.096
 19.0526
 20.3715
 21.6564
 21.6564
 21.6564
 21.6564
 22.561
 17.9165
 22.7816
 18.0555
 19.105
 27.4226
 27.4226
 26.9444
 17.8885
 17.8885
 17.8885
 27.258
 27.258
 15.3623
 20.9284
 20.9284
 0
 21.7486
 21.7486
 12.8062
 23.4094
 35.3695
 35.3695
 29.5973
 29.5973
 14.8324
 14.8324
 24.9199
 24.9199
 35.6791
 27.8209
 25.865
 25.865
 9.84886
 9.84886
 20.025
 27.4591
 11.2694
 30.1496
 20.9762
 20.9762
 26.4575
 23.4521
 32.5423
 9.05539
 9.05539
 9.05539
 9.05539
 0
 28.688
 28.688
 22.4054
 17.5784
 11.5758
 25.2785
 18.7083
 26.1151
 26.1151
 13.7113
 14.7309
 27.8388
 19.0526
 19.0526
 12.8841
 23.4521
 23.4521
 16.1555
 20.567
 10.9087
 10.9087
 12.2474
 26.8887
 26.8887
 26.8887
 13.1529
 13.1529
 28.0535
 31.8904
 31.8904
 31.8904
 30.0832
 8.18535
 8.18535
 8.18535
 34.6266
 34.6266
 19.7737
 8.88819
 29.6985
 27.1477
 27.1477
 27.1477
 0
 12.9615
 12.9615
 12.9615
 21.4942
 20.2731
 13
 13
 13
 13
 30.1164
 20.0998
 20.0998
 20.0998
 11.2694
 11.2694
 11.2694
 21.7945
 21.7945
 21.7945
 21.7945
 21.7945
 21.7945
 22.3383
 22.3383
 19.8242
 17.7764
 17.7764
 17.7764
 28.4077
 28.4077
 22.8035
 22.8035
 22.8035
 22.8035
