 362.552
 0
 26.4575
 20.0499
 20.0499
 20.0499
 19.3391
 4.3589
 13.8564
 15.4919
 15.4919
 15.4919
 14.7648
 21.5174
 12.9615
 15.3297
 21.7945
 20.8567
 22.4944
 18.7883
 19.3132
 14.7986
 14.7986
 14.7309
 14.7309
 14.7309
 20.0499
 22.1359
 14.9332
 22.2036
 19.975
 19.2354
 21
 24.6982
 21.3073
 21.4709
 15.3297
 24.6779
 24.6779
 24.6779
 11.2694
 14.9332
 14.9332
 9.69536
 15.6205
 15.1658
 7.74597
 18.5472
 23.3452
 17.2916
 10.3923
 19.8242
 22.3159
 15.843
 15.843
 27.8029
 20.3224
 16.0624
 8.06226
 8.06226
 8.06226
 8.06226
 8.06226
 22.6053
 23.6432
 23.6432
 29.0517
 12.1655
 12.1655
 21.1424
 16.5227
 11.7898
 11.7898
 13.9284
 9.53939
 19.6214
 22.9347
 28.4077
 20
 21.2603
 17.9165
 17.9165
 9.21954
 17.5499
 15.906
 19
 26.7395
 26.9629
 23.6854
 22.5167
 16.2481
 19.4422
 17.8606
 15.1327
 15.1327
 18.4662
 15.6844
 27.9821
 17.5499
 21.8632
 23.0651
 23.0651
 26.4008
 26.4008
 16.5529
 16.5529
 16.5529
 27.7669
 23.8956
 24.4949
 22.8254
 21.9089
 20.0499
 12.0416
 13.8924
 17.8326
 13
 28.0713
 18.2209
 30.1828
 19.975
 23.5372
 28.9828
 15.6844
 15.6844
 15.6844
 20.8087
 33.0151
 19.0263
 27.7849
 26.096
 16.8523
 25.7488
 14.8997
 18.1384
 19.105
 19.105
 33.4066
 33.4066
 31.4643
 18.303
 30.1496
 23.7065
 23.7065
 27.258
 15.6525
 34.3948
 20.2485
 33.4216
 33.4216
 24.4745
 29.8998
 23.6643
 12.49
 28.4956
 22.7156
 22.561
 34.9571
 34.9571
 34.9571
 37.4299
 30.6105
 25.1992
 26.1151
 26.1151
 27.1109
 31.3688
 34.2491
 23.1733
 18.7883
 28.8617
 19.799
 22.0907
 15.3623
 37.8021
 35.2136
 17.8606
 33.5559
 36.9594
 40.6817
 40.6817
 34.1174
 9.79796
 32.7109
 32.7109
 34.2199
 33.9264
 33.9264
 32.0936
 31.9531
 22.1359
 22.2711
 21.0238
 26.5141
 17.4069
 19.6469
 40.0625
 13.9642
 33.5559
 35.0428
 10.0499
 38.1969
 20.8806
 10.4403
 27.9643
 27.9643
 27.9643
 32.7414
 25.7876
 26.1534
 33.0908
 0
 26.0576
 32.6497
 25.3969
 20.347
 16.6733
 29.8496
 20.347
 31.8591
 37.3229
 41.2432
 41.2674
 40.4969
 35
 35
 35
 35
 35
 21.7025
 34.5832
 34.1467
 35.1994
 32.1714
 28.9482
 22.2036
 20.347
 22.0907
 23.4307
 22.2486
 22.7596
 34.2491
 39.6106
 39.6485
 37.3363
 37.0675
 22.8035
 18.5472
 18.5472
 13.9284
 35.2136
 10.0995
 34.3366
 38.8587
 29.1376
 24.1247
 18.412
 27.5136
 29.4788
 20.3224
 27.2397
 22.1359
 38.0789
 40.0749
 38.4578
 37.9473
 23.9374
 23.9374
 23.9374
 11.3137
 34.5543
 6.48074
 33.0757
 33.0757
 38.223
 21.7715
 29.5296
 18.5203
 19.105
 25.8457
 21.7256
 26.0576
 31.8748
 40.0625
 37.1214
 39.0384
 34.9571
 34.9571
 34.9571
 34.9571
 28.0179
 6.78233
 30.3645
 30.3645
 23.7065
 23.7065
 18.4391
 29.3769
 18.303
 27.313
 20.2485
 22.9347
 16.2788
 43.9318
 36.9594
 36.9594
 36.9594
 36.9594
 42.0833
 37.2693
 37.2693
 19.0788
 19.0788
 15.6525
 15.6525
 38.5487
 38.5487
 38.5487
 28.3901
 28.3901
 39.0384
 20.6882
 34.7707
 19.4422
 28.3725
 13.4536
 25.3969
 25.3969
 30.7083
 18.5472
 28.775
 13.5277
 31.3847
 22.2261
 35.3553
 44.8888
 18.6279
 30.5287
 22.1585
 22.1585
 22.1585
 11.7898
 11.7898
 12.4097
 21
 21
 21
 21
 21
 35.3836
 35.2278
 23.9374
 28
 28
 20.5426
 20.5426
 22.1811
 22.1811
 34.0294
 20.7364
 20.7364
 20.7364
 30.3645
 17.3494
 17.3494
 17.3494
 35.8887
 35.8887
 35.8887
 36.6742
 36.6742
 36.6742
 36.6742
 35.6791
 14
 14
 31.0322
 31.0322
 31.0322
 31.0322
 31.0322
 31.0322
 28.2666
 28.2666
 28.2666
 28.2666
 38.4448
 19.4165
 30.4138
 29.6311
 36.8239
 34.7563
 57.3585
 32.4037
 28.3373
 28.3373
 27.2764
 34.2345
 34.2345
 34.2345
 16.3707
 40.6571
 40.6571
 35.1568
 12.53
 27.8209
 36.0278
 35.6651
 41.7732
 41.7732
 30.7409
 34.0734
 34.0734
 34.0734
 17.1172
 33.0606
 39.0256
 39.0256
 39.0256
 19.4422
 19.4422
 19.4422
 20.025
 27.1293
 27.1293
 27.1293
 37.4566
 23
 23
 23
 23
 31.209
 32.7414
 32.7414
 13.2288
 24.1039
 24.1039
 37.9868
 37.9868
 30
 30
 16.8523
 22.7376
 22.7376
 16.7033
 16.7033
 31.6702
 20.3224
 35.623
 8.66025
 8.66025
 32.2955
 26.533
 34.4238
 21.7025
 24.1247
 26.9444
 24.0208
 24.0208
 24.0208
 17.4642
 34.9428
 34.9428
 34.9428
 32.8786
 19.0263
 17.4069
 17.4929
 17.4929
 17.4929
 33.121
 34.2929
 17.7764
 36.2767
 32.1248
 42.5558
 18.6011
 31.8591
 29.9833
 27
 27
 36.565
 20.9523
 20.9523
 20.9523
 20.9523
 21.5174
 21.5174
 21.5174
 26.0192
 17.8326
 29.5127
 31.0805
 28.6531
 28.6531
 26.9629
 26.9629
 35.8887
 22.1811
 22.1811
 22.1811
 26.9258
 19.4422
 19.4422
 19.4422
 0
 20.4695
 20.4695
 20.4695
 20.4695
 15.5885
 26.6083
 26.6083
 26.6083
 14.3527
 14.3527
 29.5466
 19.105
 25.318
 25.318
 25.318
 29.1204
 29.1204
 29.1204
 11.2694
 11.2694
 28.7576
 28.8964
 28.8964
 28.8964
 16.7929
 16.7929
 16.7929
 23.9792
 23.9792
 23.9792
 14.9332
 17.8885
 17.8885
 17.8885
 17.8885
 21.7025
 20.664
 22.6716
 39.0896
 31.257
 34.4238
 26.1343
 25.7682
 25.7682
 25.7682
 0
 28.8791
 19.3907
 35.426
 37.4833
 37.4833
 37.4833
 0
 0
 0
 18.6279
 30.8707
 0
 0
 0
 16.8523
 20.3961
 20.3961
 20.3961
 0
 35.9583
 30.8707
 20.6398
 20.6398
 12.53
 22.4054
 22.4054
 22.2711
 30.4302
 30.4302
 30.4302
 29.1033
 39.3065
 39.3065
 39.3065
 33.3167
 33.3167
 33.1059
 33.1059
 33.1059
 33.1059
 22.8254
 47.7912
 47.7912
 15.906
 15.906
 18.1108
 22.7816
 17.1172
 32.249
 30.5287
 16
 16
 26.4197
 26.4197
 28.688
 28.688
 21
 49.0816
 24.0208
 30.4795
 0
 16.8523
 16.8523
 22.2036
 22.2036
 38.3797
 18.3576
 18.3576
 32.2645
 32.2645
 17.1464
 17.1464
 0
 20.6398
 26.1151
 0
 21.4476
 0
 0
 16.6733
 33.9559
 8.544
 9.59166
 9.59166
 9.59166
 19.3907
 51.264
 21.4942
 28.4429
 30.8869
 42.8369
 34.7707
 33.6006
 33.6006
 22.8254
 29.6648
 30.8058
 30.8058
 30.8058
 30.8058
 28.6705
 23.4734
 20.2978
 22.5389
 27.2764
 22.6936
 22.6936
 33.9411
 28.7576
 28.7576
 0
 20.3224
 20.3224
 20.0998
 30.8869
 30.8869
 0
 16.1864
 16.1864
 10.4403
 35.6791
 42.5793
 42.5793
 19.105
 19.105
 9.74679
 9.74679
 35.7351
 35.7351
 26.1151
 23.8328
 32.7261
 32.7261
 8.83176
 8.83176
 19.4936
 24.1661
 7.34847
 32.7719
 17.8045
 17.8045
 29.4958
 14.8997
 36.2629
 6.48074
 6.48074
 0
 0
 0
 36.1525
 36.1525
 28.8444
 26.096
 4.69042
 31.4802
 18.9209
 32.3574
 32.3574
 8
 27.8388
 35.8329
 29.4958
 29.4958
 8.18535
 31.6386
 31.6386
 14.0357
 29.2746
 8.42615
 8.42615
 26.0576
 35.1426
 35.1426
 35.1426
 6.08276
 6.08276
 35.6651
 44
 44
 44
 41.0122
 7.07107
 7.07107
 7.07107
 40.9512
 40.9512
 1.73205
 7.34847
 42.8719
 22.6716
 22.6716
 22.6716
 0
 8.544
 8.544
 8.544
 35.3695
 15.6205
 25.3969
 25.3969
 9.16515
 9.16515
 43.4626
 14.4222
 14.4222
 14.4222
 8.66025
 8.66025
 8.66025
 20.6882
 20.6882
 20.6882
 20.6882
 20.6882
 20.6882
 34.7563
 34.7563
 28.0713
 27.6948
 27.6948
 27.6948
 32.1714
 32.1714
 28.0713
 28.0713
 28.0713
 28.0713
