 12.3288
 13
 12.1244
 12.4097
 8.18535
 16.6733
 9.32738
 0
 6.9282
 8.48528
 8.48528
 3.31662
 6.55744
 3.74166
 5.47723
 3.87298
 9.8995
 11.7898
 10.3923
 7.81025
 7.14143
 4.89898
 4.89898
 3
 3
 3
 5.09902
 10.3923
 4.12311
 8.7178
 6.08276
 7.4162
 8.66025
 6.9282
 5.74456
 11.2694
 8
 6
 5.47723
 5.47723
 10.9545
 7.34847
 6.16441
 0
 6.85565
 5.09902
 0
 5.65685
 10.7238
 7.07107
 6.9282
 0
 10.4403
 5.19615
 6.08276
 13
 3.4641
 5.19615
 13.1909
 5.19615
 0
 0
 0
 6.9282
 11.3137
 0
 11.2694
 5.19615
 0
 2.44949
 6.85565
 8.544
 8.544
 7.4162
 1.41421
 4.24264
 12.8452
 11.3137
 10.3923
 7.34847
 7.81025
 7.81025
 7
 3.4641
 4.47214
 0
 11.2694
 9.48683
 13.9284
 3.31662
 6.9282
 7.87401
 0
 7.74597
 7.74597
 1.73205
 4.24264
 13.0384
 6.9282
 8.66025
 9.84886
 9.84886
 11.225
 11.225
 1.41421
 1.41421
 0
 7.87401
 10.4403
 12.2882
 1.41421
 2.44949
 9.32738
 9.84886
 2.23607
 5.09902
 2.44949
 12.2474
 7.34847
 12.9615
 9
 9.69536
 9
 1.41421
 1.41421
 1.41421
 3.4641
 12.9615
 6.08276
 6.85565
 11.3137
 8.48528
 10.3923
 12.53
 6.55744
 6.08276
 6.08276
 13.0384
 13.0384
 13.0384
 6.85565
 6.55744
 12.53
 12.53
 9
 3.4641
 10.4881
 1.41421
 11.2694
 11.2694
 4.89898
 12.1655
 0
 14.4222
 13
 5.74456
 8.88819
 11.5758
 11.5758
 11.5758
 13
 8.60233
 7.2111
 9.69536
 9.69536
 7.74597
 8.66025
 8.66025
 2.82843
 7.14143
 4.24264
 10.5357
 4.69042
 14.2478
 14.8324
 10.583
 11.7473
 9.64365
 13.8564
 14.7309
 0
 9.79796
 3.16228
 11.2694
 11.2694
 10.5357
 11.4018
 11.4018
 7.81025
 7.68115
 3.4641
 8.12404
 11.225
 3.4641
 11.2694
 9.8995
 12.1244
 12.8452
 6.08276
 11.2694
 13.5277
 12.083
 6.9282
 3.74166
 12.083
 12.083
 12.083
 9.64365
 11.2694
 3.4641
 7.81025
 0
 0
 8.66025
 1.73205
 9.32738
 13.1909
 0
 11.7898
 5.47723
 10.4403
 13.3041
 12.3288
 13.9642
 8.48528
 8.48528
 8.48528
 8.48528
 8.48528
 3
 8
 8.66025
 8.18535
 5.47723
 7.87401
 9.38083
 12.7671
 8.77496
 2.44949
 8.48528
 9.64365
 5.74456
 13.0767
 11.4455
 10.7238
 8.60233
 6.48074
 2.82843
 2.82843
 4.24264
 8.544
 9
 7.4162
 12.4097
 5.47723
 8.12404
 13.2288
 2.44949
 5.19615
 11.0905
 3.4641
 10.0995
 13.6748
 13.9642
 13.0384
 11.2694
 5.38516
 5.38516
 5.38516
 6.9282
 8.544
 6.16441
 7.28011
 7.28011
 12.083
 8.88819
 4.24264
 14.3527
 13.1909
 2.44949
 9.64365
 14.1067
 8.12404
 11.2694
 10.4881
 10.4403
 10.3923
 10.3923
 10.3923
 10.3923
 2.23607
 11.3137
 4.89898
 4.89898
 7.93725
 7.93725
 11.7898
 6.32456
 12.0416
 1.73205
 11.6189
 7.34847
 14.7648
 16.1864
 11.5758
 0
 0
 0
 18.2209
 10.3923
 0
 1.73205
 0
 6.245
 0
 11.2694
 11.2694
 0
 5.56776
 0
 14.1421
 10.6301
 8.7178
 13.1909
 5.74456
 11.7898
 7.68115
 7.68115
 8.66025
 14.7986
 6.245
 20.2485
 7.14143
 7.81025
 10.583
 13.4907
 5.09902
 1.73205
 5.65685
 0
 0
 11.6189
 0
 11.2694
 10.4403
 0
 0
 0
 0
 7.34847
 11.2694
 7.81025
 8.544
 0
 7.34847
 7.34847
 10.9545
 0
 10.4403
 12.083
 12.083
 12.083
 6.78233
 11.2694
 11.2694
 11.2694
 12.4097
 12.4097
 0
 11.2694
 0
 0
 0
 13.0384
 7.74597
 7.74597
 7.81025
 0
 0
 0
 0
 0
 7.81025
 7.81025
 7.81025
 0
 9.69536
 7.28011
 10.4403
 7.81025
 8.88819
 9.16515
 27.6767
 12.1244
 5.19615
 0
 11
 11.0454
 11.0454
 0
 13.4164
 9.48683
 9.48683
 7.81025
 14.1774
 2.64575
 8.48528
 11.0905
 13.0384
 0
 4.24264
 13
 13
 0
 13.1149
 8.18535
 15.5885
 0
 0
 13.0767
 13.0767
 0
 8.7178
 4.24264
 4.24264
 0
 10.0995
 2.44949
 2.44949
 0
 0
 8.60233
 9.64365
 0
 7.34847
 8.60233
 8.60233
 12.0416
 12.0416
 8.544
 8.544
 12.083
 11.6189
 11.6189
 8.48528
 8.48528
 9.21954
 8.18535
 9.48683
 10.6771
 0
 6
 3.31662
 7.34847
 1.73205
 6.08276
 0
 8.48528
 8.48528
 0
 12.6095
 10.3923
 0
 0
 4.58258
 8.60233
 1.73205
 5.47723
 0
 0
 9.16515
 8.83176
 2.44949
 8.77496
 6.9282
 12.7671
 7.93725
 9
 6.9282
 6.9282
 6.9282
 9.8995
 7.34847
 7.34847
 7.34847
 7.34847
 8.12404
 8.12404
 0
 6.48074
 1.41421
 5.38516
 8.66025
 5.19615
 5.19615
 6.08276
 19.7484
 8.88819
 6.32456
 0
 10.0995
 1.41421
 11.2694
 0
 0
 0
 7.14143
 7.14143
 7.14143
 7.14143
 10.8628
 8.66025
 8.66025
 8.66025
 8.12404
 8.12404
 7.81025
 10.3923
 6.16441
 6.16441
 0
 5.19615
 5.19615
 5.19615
 12.0416
 12.0416
 4.24264
 8.544
 8.544
 8.544
 7.81025
 7.81025
 7.81025
 8.66025
 8.66025
 8.66025
 3
 8.7178
 8.7178
 8.7178
 8.7178
 4.3589
 2.44949
 7.81025
 13.1529
 7.87401
 10.8628
 4.89898
 14.3875
 14.3875
 0
 0
 0
 10.3923
 7.2111
 15.5885
 15.5885
 0
 0
 0
 0
 9.69536
 10.1489
 0
 0
 0
 13.7113
 1.73205
 1.73205
 1.73205
 1.73205
 13.8924
 9.38083
 8.88819
 0
 10.8628
 4.69042
 4.69042
 2.44949
 7.93725
 0
 0
 8.66025
 15.9374
 0
 0
 8.77496
 8.77496
 4.58258
 0
 0
 6.245
 10.0499
 11.7473
 11.7473
 2.44949
 2.44949
 4.58258
 0
 6.9282
 1.73205
 10.0995
 6.48074
 6.48074
 7.81025
 7.81025
 7.34847
 7.34847
 12.2882
 20.347
 1.41421
 5.38516
 0
 11.2694
 0
 8
 8
 15.9374
 8.66025
 0
 10.4881
 0
 6.9282
 14.4914
 0
 2.44949
 14.3178
 0
 9.79796
 0
 0
 6
 15.6205
 13.9284
 7.14143
 7.14143
 7.14143
 3.31662
 17.4356
 12.9615
 6.08276
 8.18535
 14.5602
 13.5277
 12.2066
 12.2066
 11.7898
 4.24264
 7.34847
 0
 0
 10.583
 3.4641
 4.24264
 7.4162
 7.87401
 2.44949
 10.7238
 10.7238
 12.2066
 0
 0
 0
 11.7047
 11.7047
 9.32738
 8.83176
 0
 0
 10.5357
 0
 9.11043
 11.6189
 20.8327
 20.8327
 9.64365
 9.64365
 9.79796
 0
 9.21954
 9.21954
 14.0712
 12
 10.1489
 10.1489
 10.8628
 10.8628
 8.12404
 6.9282
 11.0905
 10.5357
 9.74679
 9.74679
 7.07107
 5.56776
 12.2474
 10.8628
 10.8628
 0
 0
 0
 8.66025
 8.66025
 11.0905
 5.74456
 10.0995
 10.583
 8
 11.2694
 11.2694
 9.84886
 8.12404
 13.9284
 13.9642
 13.9642
 9.74679
 9.69536
 9.69536
 8.48528
 5.74456
 9.79796
 9.79796
 10.5357
 7.74597
 0
 13.1529
 10.8628
 10.8628
 14.6969
 12.9615
 12.9615
 0
 17
 9.21954
 9.21954
 0
 25.5539
 0
 7.74597
 8.66025
 15.5885
 11.0454
 0
 0
 0
 8.66025
 0
 0
 10.5357
 6.48074
 3
 0
 8
 8
 18.4391
 6.9282
 6.9282
 0
 8.60233
 8.60233
 0
 1.73205
 1.73205
 1.73205
 0
 0
 0
 22.9129
 22.9129
 6.16441
 4.47214
 0
 0
 7.14143
 0
 10.1489
 10.1489
 0
 11.0905
