 362.552
 0
 0
 0
 0
 27.4226
 27.4226
 27.4226
 13.8564
 13.8564
 13.8564
 13.8564
 12.8452
 18.9473
 11.6619
 13.4164
 20.6882
 17.5784
 20.8806
 17.4642
 19.9499
 14.7309
 14.7309
 14.8661
 14.8661
 0
 20.8567
 20.8567
 20.8567
 21.7715
 20
 20
 20.8806
 24.0208
 20.7364
 20.7364
 12.49
 22.6274
 19.3907
 19.3907
 9.69536
 13.6382
 19.1572
 19.1572
 11.6619
 11.6619
 11.6619
 18.303
 22.5832
 17.1172
 17.1172
 15.906
 21.7486
 15.4272
 15.4272
 27.8029
 27.8029
 15.7797
 4.89898
 4.89898
 4.89898
 4.89898
 4.89898
 22.9783
 23.1948
 23.1948
 28.7402
 13
 13
 20.6398
 20.6398
 10.3923
 0
 11.0905
 8.7178
 17.5214
 22.1585
 27.6043
 19.975
 20.9284
 18.2757
 18.2757
 8.66025
 17.088
 13.6748
 18.412
 25.0799
 26.8887
 22.9347
 20.664
 15.5885
 16.5529
 15.2315
 12.49
 0
 17.7764
 14.2829
 27.1293
 27.1293
 21.7715
 22.8254
 22.8254
 26.0384
 26.0384
 14.8997
 14.8997
 14.8997
 27.7849
 21.4009
 24.5153
 21.7945
 20.1742
 19.4165
 9.8995
 13.7113
 15.6525
 13.2288
 28
 18.3303
 29.4618
 29.4618
 22.6495
 28.6705
 14.9666
 14.9666
 14.9666
 20.8327
 32.9848
 18.412
 27.0555
 24.5153
 15.906
 23.7487
 11.0454
 17.4642
 16.1864
 16.1864
 31.6702
 31.6702
 29.9666
 16.6132
 30.4302
 23.4734
 23.4734
 26.9629
 13.7113
 33.9559
 19
 33.0151
 33.0151
 22.5389
 27.5136
 22.2036
 9.8995
 27.7489
 19.799
 22.6936
 33
 0
 0
 36.8782
 32.1248
 23.4734
 25.2389
 25.2389
 26.9629
 32.1403
 33.8969
 21.3542
 17.3205
 27.6043
 17.8606
 20.347
 14.1421
 37.9342
 35.4542
 17.2047
 33.121
 36.524
 39.4335
 39.4335
 34.0147
 9.11043
 32.1403
 32.1403
 33.9264
 33.1361
 33.1361
 32.5423
 31.1448
 20.9762
 20.9045
 18.6548
 24.96
 14.6969
 17.5214
 38.2099
 13.9284
 32.0468
 33.5559
 10.9087
 37.5899
 21.4942
 8.12404
 29.1548
 29.1548
 29.1548
 32.7109
 23.7487
 25.3377
 32.7414
 0
 24.7184
 32.4191
 22.9565
 18.6279
 14.2127
 27.5681
 17.4929
 30.692
 36.6333
 39.9124
 40.2741
 40.398
 34.9428
 34.9428
 34.9428
 34.9428
 34.9428
 20.3224
 34.1906
 33.8674
 35.4119
 31.1929
 25.8263
 21.7715
 17.3494
 18.7883
 22.2711
 19.6723
 22.1811
 33.4963
 39.8497
 39.3446
 37.8153
 35.6371
 22.7156
 17.1172
 17.1172
 12.1655
 35.1283
 7.34847
 32.909
 38.3797
 27.7669
 22.2486
 14.8997
 26.8142
 26.6083
 17.2047
 26.0384
 20.4939
 36.5377
 39.7115
 37.5233
 38.3406
 24.0416
 24.0416
 24.0416
 7.93725
 34.2637
 4.89898
 33.1361
 33.1361
 37.3497
 19.8242
 29.1376
 15.4272
 16.7332
 24.2899
 20.9762
 24.4949
 31.4643
 39.8246
 36.524
 38.9872
 34.4238
 34.4238
 34.4238
 34.4238
 27.8568
 5.65685
 30.1993
 30.1993
 22.2711
 22.2711
 15.5885
 29.8831
 16.8226
 27.1846
 19.105
 18.1108
 11.3578
 42.9418
 35.2136
 35.2136
 35.2136
 35.2136
 41.7612
 35.8469
 35.8469
 18.9473
 18.9473
 16.8523
 16.8523
 38.3536
 38.3536
 38.3536
 26.6083
 26.6083
 37.8682
 17.1756
 34.5832
 14.9332
 27.7669
 9.27362
 23.4947
 23.4947
 27.1293
 16.5529
 27.2397
 10.0995
 30.9839
 25.632
 34.1028
 44.5084
 17.9165
 29.1376
 18.3848
 18.3848
 18.3848
 18.3848
 18.3848
 9.84886
 16.3401
 16.3401
 0
 0
 0
 35.0143
 35.0286
 21
 27.1662
 27.1662
 18.0278
 18.0278
 20.9284
 20.9284
 49.5681
 16.7033
 0
 0
 29.4279
 13.6015
 13.6015
 13.6015
 36.4966
 36.4966
 36.4966
 35.3977
 35.3977
 35.3977
 35.3977
 36.1801
 11.2694
 11.2694
 30.05
 30.05
 30.05
 30.05
 30.05
 30.05
 27.0185
 27.0185
 27.0185
 27.0185
 38.2753
 19.4679
 31.305
 34.6554
 37.081
 35.6511
 55.7136
 55.7136
 29.1033
 29.1033
 26.2869
 54.7083
 54.7083
 54.7083
 13.5647
 31.8591
 31.8591
 33.9117
 11.8322
 27.2947
 35.7911
 35.4119
 42.5676
 42.5676
 29.189
 33.7194
 33.7194
 33.7194
 16.3401
 33.4066
 37.6431
 37.6431
 37.6431
 15.6844
 15.6844
 15.6844
 19.105
 24.6171
 24.6171
 24.6171
 36.8646
 36.8646
 36.8646
 36.8646
 36.8646
 31.8119
 34.7563
 34.7563
 11.7898
 20.2485
 20.2485
 20.2485
 20.2485
 20.2485
 20.2485
 15.3623
 21.5407
 21.5407
 16.3095
 16.3095
 31.8748
 17.2337
 35.6511
 9.69536
 0
 31.6386
 26.0192
 33.1964
 22.561
 24.3105
 25.4362
 23.9165
 23.9165
 0
 15.1658
 34.4093
 34.4093
 34.4093
 32.5576
 16.6433
 17.3205
 17.8885
 17.8885
 17.8885
 33.0908
 33.0908
 16.5831
 36
 32.187
 41.4729
 16.7631
 30.5287
 29.6816
 26.4386
 26.4386
 37.3898
 19.0526
 19.0526
 19.0526
 19.0526
 18.412
 18.412
 18.412
 18.412
 17.088
 28.6705
 28.6705
 29.4788
 29.4788
 25.3574
 25.3574
 35.6511
 22.0907
 22.0907
 22.0907
 26.9258
 15.4919
 0
 0
 0
 19.7231
 19.7231
 19.7231
 19.7231
 12.4097
 26.7395
 26.7395
 26.7395
 26.7395
 26.7395
 29.8664
 18.7617
 18.7617
 18.7617
 18.7617
 28.9828
 0
 0
 10.4403
 10.4403
 27.9464
 28.688
 28.688
 0
 14.7648
 14.7648
 14.7648
 22.1359
 22.1359
 22.1359
 22.1359
 17.2047
 0
 0
 0
 0
 21.1424
 23.4734
 39.1024
 39.1024
 34.0441
 27.8568
 24.3926
 0
 0
 0
 28.8791
 28.8791
 33.9853
 33.9853
 33.9853
 33.9853
 0
 0
 0
 17.1464
 31.5911
 0
 0
 0
 16.7929
 19.7231
 19.7231
 19.7231
 0
 34.7275
 34.7275
 18.2483
 0
 0
 20.567
 20.567
 21.9317
 21.9317
 0
 0
 28.6356
 37.8286
 37.8286
 37.8286
 37.8286
 37.8286
 34.9857
 0
 0
 0
 22.561
 46.9574
 46.9574
 15.5242
 15.5242
 17.0294
 22.1811
 15.5242
 15.5242
 32.28
 14.7648
 14.7648
 25.5147
 25.5147
 31.3209
 31.3209
 31.3209
 31.3209
 23.622
 23.622
 0
 15.3623
 0
 0
 0
 36.9865
 17.5784
 0
 0
 0
 0
 0
 0
 19.8494
 25.7876
 0
 18.2483
 0
 0
 14.4222
 34.0147
 7.93725
 7.93725
 7.93725
 7.93725
 7.93725
 51.4781
 21.4942
 28
 28
 43.0929
 35.2562
 33.5708
 33.5708
 22
 29.5466
 29.5466
 29.5466
 29.5466
 29.5466
 29.5466
 29.5466
 19.6977
 19.6977
 26.9444
 26.9444
 0
 0
 27.8209
 0
 0
 19.6469
 19.6469
 19.6469
 30.3809
 30.3809
 0
 12.3288
 0
 9.27362
 9.27362
 9.27362
 9.27362
 19.0263
 19.0263
 7.14143
 7.14143
 7.14143
 0
 25.3377
 22.9347
 22.9347
 0
 7.74597
 0
 21.0476
 24.1247
 5.19615
 5.19615
 5.19615
 0
 29.1548
 13.7113
 13.7113
 6
 0
 0
 0
 0
 36.2905
 0
 28.6705
 26.1725
 6
 6
 6
 6
 6
 6.9282
 30.692
 36.7696
 36.7696
 0
 7.81025
 32.28
 32.28
 32.28
 32.28
 7.74597
 0
 0
 36.7831
 0
 0
 5
 5
 5
 46.8081
 0
 0
 42.5793
 7.74597
 0
 0
 0
 0
 0
 7.74597
 7.74597
 20.8567
 0
 0
 0
 7
 0
 0
 37.1214
 15.0997
 15.0997
 0
 7.68115
 7.68115
 7.68115
 13.9284
 0
 0
 7.14143
 0
 0
 0
 0
 0
 0
 0
 0
 0
 0
 0
 0
 0
 0
 0
 0
 27.7489
 0
 0
 0
