 13.9642
 27.8209
 41.7732
 33.2866
 41.2674
 17.3494
 32.4654
 46.2061
 32.6956
 45.0555
 45.0555
 48.6415
 49.1833
 50.5272
 45.8803
 54.7449
 36.2215
 44.9333
 38.7556
 43.1277
 38.6911
 44.0114
 44.0114
 47.9479
 47.9479
 47.9479
 37.8682
 29.5466
 44.8553
 30.6757
 40.5216
 36.8511
 31.4802
 31.5119
 21.3542
 31.8591
 41.7852
 31.9844
 21.4709
 21.4709
 50.1199
 46.2601
 21.4476
 43.3935
 47.4342
 47.5289
 40.5832
 21.4476
 35.805
 22.561
 38.9358
 52.4118
 39.3954
 22.2261
 34.7275
 35.6931
 38.1969
 21.7945
 62.849
 36.1663
 0
 0
 0
 37.8814
 35.6371
 0
 32.7261
 40.0749
 0
 38.1838
 38.1051
 50.2394
 50.2394
 48.7237
 45.0888
 45.3872
 52.0865
 40.0749
 27.8568
 42.5088
 34.4529
 34.4529
 44.6766
 55.4346
 44.2945
 39.281
 33.9117
 30.4138
 35.5246
 38.1445
 41.2795
 40.7431
 48.4252
 50.8527
 50.8527
 52.2781
 41.7013
 42.4382
 28.178
 26.5141
 47.4447
 47.4447
 43.7721
 43.7721
 41.1825
 41.1825
 0
 36.1109
 37.4967
 39.5727
 35.6791
 49.8197
 41.2189
 55.7046
 47.4974
 53.7308
 47.3181
 27.8209
 39.3446
 46.2817
 30.3974
 27.2947
 47.4868
 42.19
 42.19
 42.19
 47.4025
 31.9061
 45.7712
 36.9324
 40.939
 54.4426
 44.7214
 56.6039
 46.2601
 57.8705
 57.8705
 47.5184
 47.5184
 49.0102
 36.565
 51.5752
 27.6406
 27.6406
 29.8998
 49.3559
 44.0114
 46.2493
 34.2637
 34.2637
 42.0595
 38.1838
 47.0425
 62.1691
 42.7668
 63.4271
 30.348
 48.6621
 48.6621
 48.6621
 49.4267
 53.301
 36.1801
 30.1496
 30.1496
 46.0109
 43.6463
 35.9722
 53.0754
 59.8582
 41.2795
 55.0273
 56.2672
 59.7495
 40.1871
 46.2493
 67.1044
 45.5851
 50.636
 49.3964
 49.3964
 32.8634
 62.0806
 37.3898
 37.3898
 28.9482
 47.085
 47.085
 38.6911
 40.0749
 57.28
 61.7009
 50.1996
 54.3323
 60.4731
 67.2235
 46.8081
 22.8035
 55.1906
 53.7308
 20.9284
 56.2139
 55.2268
 67.1342
 53.9073
 53.9073
 53.9073
 55.4256
 50.4975
 40.5093
 42.0714
 42.0714
 49.6185
 40.6202
 42.4264
 55.2268
 61.2046
 54.074
 68.6731
 54.5344
 55.2992
 46.9894
 50.2693
 53.1413
 58.3009
 58.3009
 58.3009
 58.3009
 58.3009
 49.93
 45.0444
 31.3528
 41.2916
 36.1801
 55.9017
 50.9804
 59.8498
 60.8276
 59.0847
 67.0671
 70.4131
 51.7591
 50.2693
 57.7927
 38.3014
 58.4294
 69.3325
 70.3562
 70.3562
 78.1025
 44.6318
 68.0515
 43.795
 28.9482
 41.2916
 50.1298
 62.2334
 50.9215
 55.6597
 69.5557
 33.7343
 71.3723
 50.4282
 57.1577
 50.5569
 56.7803
 61.4654
 61.4654
 61.4654
 78.4411
 47.8435
 72.753
 58.7878
 58.7878
 37.4566
 68.1249
 44.6766
 44.6766
 44.6766
 44.6766
 70.4273
 72.581
 53.9815
 54.7083
 51.303
 52.6213
 55.8838
 55.8838
 55.8838
 55.8838
 57.6455
 80.9444
 59.3043
 59.3043
 64.3428
 64.3428
 57.3324
 38.5876
 38.5876
 59.1693
 59.1693
 77.9295
 67.7569
 55.9553
 50.4381
 50.4381
 50.4381
 50.4381
 59.925
 33.1059
 0
 0
 0
 0
 0
 0
 0
 0
 0
 0
 0
 0
 41.0366
 78.0769
 44.3734
 44.3734
 58.5235
 58.5235
 58.7707
 82.9096
 56.4889
 79.3473
 52.7447
 78.3582
 38.092
 60.3738
 70.9366
 60.531
 86.7468
 86.7468
 86.7468
 89.9389
 89.9389
 70.8378
 70.8378
 70.8378
 70.8378
 70.8378
 70.8378
 44.3959
 44.5421
 57.3236
 75.4718
 75.4718
 69.6419
 69.6419
 69.6419
 69.6419
 54.1387
 73.0411
 73.0411
 73.0411
 73.0411
 82.7829
 82.7829
 82.7829
 53.0566
 53.0566
 53.0566
 61.8547
 61.8547
 61.8547
 61.8547
 62.9126
 72.0208
 72.0208
 67.7864
 67.7864
 67.7864
 67.7864
 67.7864
 67.7864
 57.2713
 57.2713
 57.2713
 57.2713
 52.0096
 52.0096
 56.356
 52.0288
 57.6888
 72.298
 43.3013
 70.1071
 62.2254
 62.2254
 51.817
 56.8507
 56.8507
 56.8507
 69.2676
 56.5332
 56.5332
 36.3318
 82.1097
 45.3431
 54.037
 65.1997
 31.305
 0
 0
 0
 0
 0
 0
 0
 0
 0
 0
 0
 0
 0
 49.6689
 49.6689
 49.6689
 0
 0
 0
 0
 0
 0
 48.949
 37.4032
 0
 0
 0
 0
 0
 0
 40.1622
 40.1622
 72.1041
 65.9469
 65.9469
 63.8044
 63.8044
 49.2849
 74.7596
 33.4515
 33.4515
 0
 46.0326
 74.98
 52.45
 52.45
 73.9392
 64.7457
 61.8304
 61.8304
 61.8304
 67.7569
 62.3217
 62.3217
 62.3217
 71.6798
 66.6633
 52.9245
 52.1057
 52.1057
 52.1057
 62.5779
 38.4838
 49.3964
 48.5901
 35.3129
 35.3129
 46.4004
 50.0999
 53.2729
 65.6887
 65.6887
 61.7171
 59.1101
 59.1101
 59.1101
 59.1101
 63.6867
 63.6867
 63.6867
 60.0583
 55.3624
 42.1426
 46.0326
 52.9811
 52.9811
 54.8726
 73.2462
 42.0238
 42.0238
 0
 0
 0
 0
 0
 0
 0
 0
 0
 0
 0
 0
 0
 0
 0
 0
 0
 0
 0
 0
 0
 0
 40.1373
 40.1373
 0
 0
 0
 0
 40.0874
 40.0874
 0
 0
 0
 0
 0
 0
 0
 0
 0
 0
 0
 0
 41.2674
 63.0555
 37.7227
 37.7227
 64.0547
 50.5371
 53.2541
 65.146
 65.146
 65.146
 65.146
 65.146
 66.6333
 23.8956
 23.8956
 0
 0
 0
 0
 0
 0
 0
 0
 0
 0
 45.9347
 65.0077
 65.0077
 65.0077
 65.0077
 28.7228
 49.7996
 49.7996
 49.7996
 58.532
 63.6632
 63.6632
 63.6632
 63.6632
 63.6632
 63.6632
 40.4475
 74.6056
 74.6056
 74.6056
 36.6606
 36.6606
 78.848
 78.848
 78.848
 78.848
 61.2862
 61.2862
 61.2862
 61.2862
 61.2862
 43.7379
 54.7631
 54.7631
 35.2278
 54.7175
 54.3231
 54.3231
 63.8514
 63.8514
 54.9909
 54.9909
 50.8035
 49.163
 40.5586
 34.6987
 34.6987
 77.6209
 77.6209
 51.9615
 51.9615
 33.4365
 82.128
 82.128
 39.2683
 39.2683
 58.2752
 58.2752
 58.2752
 53.7029
 53.7029
 53.7029
 69.8355
 69.8355
 69.8355
 69.8355
 38.1182
 63.6003
 101.198
 101.198
 101.198
 101.198
 101.198
 101.198
 101.198
 101.198
 101.198
 101.198
 101.198
 101.198
 101.198
 74.0608
 36.2077
 36.2077
 0
 0
 38.6005
 35.0286
 56.0803
 53.0471
 65.3682
 47.8853
 47.8853
 37.7359
 70.7955
 70.7955
 70.7955
 70.7955
 70.7955
 60.6053
 60.6053
 60.6053
 60.6053
 62.9921
 62.9921
 31.1929
 36.5787
 36.5787
 36.5787
 54.5619
 54.5619
 33
 33
 59.8415
 59.8415
 85.3405
 70.739
 64.5368
 64.5368
 34.6987
 0
 0
 0
 36.1525
 46.2601
 53.0848
 53.0848
 52.5071
 52.5071
 49.8397
 31.0644
 31.0644
 0
 0
 0
 0
 0
 40.0749
 40.0749
 34.5977
 35.4542
 73.2939
 28.775
 28.775
 32.6497
 59.397
 26.8142
 55.5788
 55.5788
 31.4643
 35.426
 35.426
 76.433
 76.433
 31.8904
 31.8904
 53.591
 45.9456
 45.9456
 45.9456
 38.5746
 38.5746
 38.5746
 28.4605
 28.4605
 28.4605
 39.5474
 32.6497
 32.6497
 32.6497
 22.891
 22.891
 62.8649
 33.0908
 33.0908
 33.0908
 33.0908
 33.0908
 0
 0
 0
 0
 26.6458
 54.0648
 54.0648
 54.0648
 29.5973
 29.5973
 51.8363
 58.1636
 58.1636
 58.1636
 58.1636
 58.1636
 58.1636
 60.4566
 60.4566
 60.4566
 60.4566
 60.4566
 60.4566
 36.8239
 36.8239
 55.1725
 55.1725
 55.1725
 55.1725
 47.2969
 47.2969
 41.6173
 0
 0
 0
