 16.4621
 25.5343
 27.6948
 29.6479
 21.7256
 26.4197
 25.318
 24.5153
 23.0651
 27.4226
 27.4226
 33.9117
 32.4808
 33.8083
 24.4131
 32.1248
 23.1517
 18.2209
 22.1359
 18.2483
 19.2614
 13.7113
 13.7113
 20.6155
 20.6155
 20.6155
 19.8242
 23.3024
 19.0788
 25.02
 18.412
 20.8567
 22.7816
 27.5681
 7.93725
 16
 29.4788
 24.7184
 7.34847
 7.34847
 29.3598
 28.7402
 7.28011
 19.9249
 26.0768
 31.9218
 19.3132
 6.9282
 17.72
 6.7082
 20.025
 29.5127
 18.2483
 6.63325
 22.5167
 16.2788
 30.6268
 6.7082
 28.931
 27.258
 0
 0
 0
 22.5832
 20.2978
 0
 26.9444
 13.8924
 0
 25.3969
 16.4924
 28.7576
 28.7576
 25.5539
 21.2838
 22.7596
 39.0768
 19.4422
 20.6155
 16.6132
 22.8692
 22.8692
 21.4942
 26.9444
 26.1343
 15.9687
 23.4094
 21.9317
 23.388
 25.6905
 19.8997
 15.6844
 29.5296
 27.8029
 27.8029
 24.4949
 17.3494
 21.2603
 16.8819
 23.0651
 16.5227
 16.5227
 17.3781
 17.3781
 26.9629
 26.9629
 0
 21.7256
 22
 23.1301
 22.561
 28.3901
 16.4621
 30.0832
 17.2627
 24.3516
 18.2757
 19.1572
 19.0526
 19.9499
 20.3961
 23.3666
 14.2829
 24.2281
 24.2281
 24.2281
 21.7715
 20.6398
 26.1343
 22.6053
 22.0681
 29.5973
 21.7486
 32
 19.3649
 26.7582
 26.7582
 21.6564
 21.6564
 21.7025
 17.4642
 14.5258
 20.2978
 20.2978
 22.6495
 26.0384
 20.0499
 29.5466
 20.8567
 20.8567
 28.3019
 21.5407
 28.931
 33.2716
 20
 30.0998
 14.1067
 21.2603
 21.2603
 21.2603
 21.3073
 12.8062
 19.105
 21.7486
 21.7486
 21.0238
 18.7617
 21.9317
 29.2062
 34.2199
 25.2389
 32.5576
 30.6431
 35.1283
 27.258
 20.1494
 32.28
 17.3781
 21.7715
 21.0476
 21.0476
 17.5784
 32.8634
 19.9249
 19.9249
 20.8567
 19.1833
 19.1833
 21.9545
 26.1343
 32.9848
 33.5261
 33.1813
 24.5153
 35.9722
 33.2716
 25.2389
 21.5174
 23.1517
 22.1811
 17.3781
 22
 15.9687
 33.2716
 13.1909
 13.1909
 13.1909
 21.1187
 31.607
 24.454
 21.5174
 21.5174
 29.4958
 26.1343
 31.5595
 33.2566
 36.1663
 29.5804
 32.3728
 28.5132
 23.6643
 22.6053
 20
 22.7156
 17.1172
 17.1172
 17.1172
 17.1172
 17.1172
 24.8395
 20.2237
 20.0749
 25.02
 26.9629
 35.4401
 30.7409
 37.3363
 34.3948
 27.4591
 37.027
 31.3528
 25.7488
 18.2757
 23.622
 20.0998
 19.4936
 22.2261
 32.5576
 32.5576
 46.0977
 20.2978
 47.1275
 22.9347
 22.7376
 29.1204
 28.8964
 38.1314
 32.0312
 32.6956
 35.2704
 27.9464
 34.0147
 26.0768
 23.4307
 21
 20
 23.1517
 23.1517
 23.1517
 40.5709
 20.6398
 44.2493
 21.7715
 21.7715
 28.1247
 29.4788
 29.8831
 39.2938
 36.2077
 32.8634
 30.8545
 43.4281
 27.1846
 22.2935
 25.3377
 17.088
 21.1424
 21.1424
 21.1424
 21.1424
 16.5831
 45.618
 20.7123
 20.7123
 29.5296
 29.5296
 38.4448
 21.9773
 21.9773
 27.7308
 27.7308
 41.7852
 40.3485
 24.3311
 25.3377
 0
 0
 0
 17.4929
 19.3132
 0
 25.807
 25.807
 21.2838
 21.2838
 21.2838
 21.2838
 21.2838
 37.5899
 0
 21.7486
 48.5695
 23.0868
 53.3573
 27.2764
 46.0543
 38.7298
 38.7298
 35.4683
 34.9285
 25.6905
 40.1373
 22.9129
 34.0734
 26.4386
 22.6053
 29.4618
 25.8263
 34.4819
 34.4819
 34.4819
 42.7785
 0
 49.6991
 46.2709
 0
 0
 0
 0
 31
 25.2982
 36.8511
 32.8024
 0
 39.3827
 39.3827
 39.3827
 39.3827
 29.3428
 34.7275
 34.7275
 34.7275
 34.7275
 33.8378
 33.8378
 33.8378
 16.6433
 16.6433
 16.6433
 27.6225
 27.6225
 27.6225
 27.6225
 17.0294
 31.4643
 31.4643
 20.4939
 0
 0
 0
 0
 0
 37.7359
 37.7359
 37.7359
 0
 22.7156
 27.9643
 17.2627
 33.0757
 22.5389
 22.6495
 42.8369
 29.1376
 21.7256
 21.7256
 36.3868
 35.7911
 35.7911
 35.7911
 39.975
 27.55
 27.55
 20.0749
 36.9324
 19.6723
 20.025
 29.9666
 13.2288
 0
 30.4138
 20.1742
 20.1742
 0
 44
 23.0868
 23.0868
 0
 0
 44.1248
 44.1248
 0
 31.0966
 33.8969
 33.8969
 0
 23.9165
 25.3574
 25.3574
 0
 0
 20.347
 19.2354
 0
 28.4781
 38.1182
 38.1182
 23.4094
 23.4094
 32.8634
 32.8634
 36.6333
 36.2629
 36.2629
 27.074
 27.074
 23.388
 34.4674
 15.1658
 29.9666
 0
 26.0384
 30.692
 20.8567
 14.7648
 31.3528
 21.5639
 39.3446
 39.3446
 0
 40.6079
 21.3307
 21.3307
 21.3307
 22.9565
 38.1051
 24.5561
 24.1039
 0
 0
 27.5681
 15.6525
 26.4008
 18.2483
 16.7631
 40.6694
 23.9374
 31.6386
 23.6432
 28.8964
 28.8964
 17.1464
 35.819
 35.819
 35.819
 35.819
 35.6651
 35.6651
 35.6651
 29.1204
 24.6374
 14.7986
 28.3549
 18.8149
 18.8149
 22.383
 41.7852
 18.9209
 35.6791
 35.6791
 37.0675
 19.8242
 43.9545
 43.9545
 0
 0
 38.4448
 38.4448
 38.4448
 0
 31.1127
 28.1069
 28.1069
 28.1069
 30.692
 30.692
 17.4356
 37.8682
 16.3401
 16.3401
 0
 25.2587
 25.2587
 25.2587
 30.692
 30.692
 30.692
 28.7576
 28.7576
 28.7576
 28.7576
 28.7576
 28.7576
 39.598
 39.598
 0
 27.7308
 39.4208
 39.4208
 39.4208
 39.4208
 15.6844
 29.6142
 13.6748
 13.1149
 20.567
 15.6525
 22.6716
 40.7799
 40.7799
 0
 0
 0
 43.1625
 14
 6.9282
 6.9282
 6.9282
 6.9282
 0
 0
 43.1161
 20.567
 20.567
 20.567
 0
 31.3688
 33.8378
 33.8378
 33.8378
 33.8378
 13.8924
 29.6816
 37.7492
 37.7492
 29.6311
 30.1496
 30.1496
 21.0476
 12.3288
 12.3288
 12.3288
 15.3948
 28.7228
 28.7228
 28.7228
 10.4881
 10.4881
 31.5119
 0
 0
 0
 18.412
 21.5174
 21.5174
 30.9193
 30.9193
 22.2486
 12.3288
 29.1719
 12.4097
 21.7715
 20.9523
 20.9523
 30.8221
 30.8221
 19.799
 19.799
 38.704
 27.6948
 13.2288
 9.84886
 9.84886
 47.2652
 47.2652
 30.7246
 30.7246
 8.83176
 45.8476
 45.8476
 20.0499
 20.0499
 25.6125
 25.6125
 25.6125
 26.5707
 44.6206
 44.6206
 35.4401
 35.4401
 35.4401
 30.133
 12.6491
 36.9188
 47.6445
 47.6445
 47.6445
 26.9629
 19.1311
 27.1846
 15.906
 11.5758
 13.8564
 14.7309
 13
 13
 19.7737
 20.3715
 12.6095
 12.6095
 12.6095
 12.6095
 15.6525
 18.303
 28.3373
 24.0624
 20.2485
 37.3631
 37.3631
 12.1655
 20.8806
 20.8806
 0
 37.054
 37.054
 24.8395
 24.8395
 24.8395
 24.8395
 36.6879
 36.6879
 17.3494
 13.4536
 16.0624
 16.0624
 37.8814
 37.8814
 23.5797
 23.5797
 14.7648
 14.7648
 43.852
 35.2562
 25.2389
 25.2389
 16.3401
 16.3401
 27.1477
 29.5296
 22.4944
 24.4949
 31.3369
 31.3369
 18.412
 32.5883
 21.4709
 19.799
 19.799
 0
 0
 0
 45.7493
 45.7493
 19.2094
 19.2094
 19.0263
 14
 28.4429
 14
 14
 17.6068
 17.088
 10.5357
 20.2978
 20.2978
 16.8819
 13.8203
 13.8203
 30.6105
 10.3923
 15.906
 15.906
 16.7929
 26.2298
 26.2298
 26.2298
 21.7486
 21.7486
 10.0995
 26.7955
 26.7955
 26.7955
 17.1756
 15.5242
 15.5242
 15.5242
 17.8885
 17.8885
 39.4715
 14.7986
 14.3527
 14.3527
 14.3527
 14.3527
 0
 16.6733
 16.6733
 16.6733
 10.4403
 28.1957
 10.4403
 10.4403
 16.7332
 16.7332
 10.0995
 27.9821
 27.9821
 27.9821
 16.7033
 16.7033
 16.7033
 23.3452
 23.3452
 23.3452
 23.3452
 23.3452
 23.3452
 8.544
 8.544
 20.4206
 15.906
 15.906
 15.906
 21.9773
 21.9773
 21.8174
 21.8174
 21.8174
 21.8174
