 11.0905
 9.84886
 10.4403
 12.2066
 7.34847
 8
 19.5704
 16.3401
 18.412
 13.9642
 19.4936
 19.0788
 20.5183
 18.4662
 17.1756
 19.7737
 17.7764
 16.6733
 17.3494
 17.1172
 19.6469
 21.4009
 23.3666
 19.6723
 21.4942
 21.9317
 21.8861
 15.1658
 20.2978
 21.166
 19.2614
 14.7648
 19.0526
 21.5639
 14.7986
 16.5831
 22.8692
 21.5174
 13.9284
 17.8326
 20.7123
 22.1359
 14
 16.8226
 20.9045
 20.4695
 15.6205
 14.7986
 18.9737
 15.6205
 15.4596
 18.6279
 21.7025
 14.7648
 16.1555
 19.8242
 17.7764
 15.6205
 22.1359
 17.2627
 0
 20.2731
 0
 21.7256
 16
 0
 22.7156
 16.4012
 0
 22.2711
 18.5742
 22.2261
 19.6977
 21.4243
 19.0263
 21.3776
 17.3781
 20.6155
 18.4662
 21
 19.6469
 21.7945
 18.1108
 25.02
 17.3781
 23.6432
 17.8606
 20.2731
 17.088
 23.8537
 18.5472
 18.5742
 24.5764
 22.2486
 21.7256
 21.7486
 20.9045
 20.664
 18.4662
 19.6214
 20.6398
 21.6102
 26.8328
 25.593
 22.2486
 25.0599
 0
 25.3377
 18.3303
 18.6279
 25.7099
 26.0192
 19.3907
 23.8956
 20.6155
 21.7256
 23.3666
 21.7256
 23.5584
 22.8254
 21.4942
 21.5407
 25.8263
 24.3105
 26.3629
 22.6053
 27.5681
 24.5764
 22.2261
 27.6043
 20.6155
 27.2029
 23.0217
 27.1477
 24.5561
 23.8747
 24.1247
 23.6432
 24.8395
 27.7849
 21.9317
 23.9583
 18.8149
 24.779
 23.3666
 24.1247
 27.2029
 25.318
 27.5862
 23.6008
 26.3818
 20.664
 27.7128
 27.6225
 23.6432
 27.2213
 24.4949
 27.258
 23.3452
 23.7487
 28.6531
 28
 24.5764
 24.1454
 28.6182
 25.6515
 28.3901
 30.7083
 24.9199
 23.9165
 27.7669
 28.5307
 24.5153
 28.8444
 24.8596
 25.7682
 27.4226
 25.2389
 25.0799
 29.2746
 23.8956
 27.8209
 27.2764
 26.8142
 28.8617
 24.5357
 30.1828
 24.5153
 30.3315
 29.189
 26.1343
 25.0599
 28.6182
 27.1846
 29.5127
 30.3315
 26.1916
 21
 26.6646
 27
 19.1572
 29.3087
 27.2029
 27.7489
 28.8617
 26.9072
 29.4958
 29.7321
 26.8328
 30.6268
 31.6544
 8.42615
 29.1033
 30.2159
 29.3598
 29.6985
 31.1609
 27.2213
 29.9833
 27.7308
 28.4956
 28
 27.5136
 30.315
 28.688
 26.4764
 28.3373
 25.593
 29.4788
 28.3549
 30.5778
 26.8887
 29.9666
 30.3315
 28.8791
 29.6816
 31.8591
 28.2843
 28.5832
 33.3766
 28.4605
 28.5657
 28.2843
 30.0167
 28.2843
 29.1204
 29.0172
 27.7849
 29.4449
 27.8029
 29.7153
 29.1548
 29.7658
 26.8328
 28.0891
 27.8568
 32.2025
 31
 27.5862
 28.4956
 28.6182
 29.8329
 29.0689
 31.7333
 30.133
 31.0161
 28.8964
 30.0167
 31.3847
 27.6406
 30.2159
 28.8791
 31.5911
 29.2062
 28.3196
 28.3019
 28.8791
 33.0454
 31.0161
 29.4958
 28.4956
 28.4605
 26.3818
 29.1719
 26.1725
 29.1719
 29.7153
 28.8271
 28.2135
 28.0713
 28.1247
 29.4618
 28.5132
 30
 28.931
 28.9137
 32.4654
 28.6007
 28.6007
 30.7896
 30.7896
 31.4006
 30.7896
 27.0555
 28.0713
 28.0713
 28.6531
 28.6531
 28.6531
 28.5832
 28.5832
 28.7054
 32.5423
 28.6531
 28.2843
 28.2843
 28.4429
 29.9833
 29.0172
 0
 28.2666
 35.4683
 29.6985
 37.9737
 28.6356
 30.7571
 29.8496
 4.3589
 29.3087
 29
 28.2666
 32.1714
 29.4958
 30.8707
 27.258
 34.4529
 28.6531
 28.8964
 29.3428
 28.4605
 11.7898
 33.7194
 0
 29.8664
 33.4066
 33.4066
 33.2716
 0
 0
 29.9666
 32.2645
 31.8277
 30.5614
 30.5614
 31.1609
 35.6791
 35.6791
 16
 27.8029
 31.257
 20.2978
 30.1496
 30.1496
 31.305
 51.3128
 29.6985
 28.2489
 21.9089
 31.4006
 29.4788
 28.8617
 20.8327
 34.1321
 30.8221
 28.0357
 30.5123
 31.5911
 31.5911
 28.7576
 32.5576
 33.4963
 33.4963
 29.5466
 31.4166
 30.1993
 0
 31.0966
 28
 31.8748
 28.8964
 32.218
 35.426
 31.1769
 30.5778
 28.6705
 18.2483
 31.8748
 28.8617
 30.8221
 27.1846
 32.7261
 28.6182
 29.5296
 29.6985
 33.1964
 31.5911
 28.8791
 33.2415
 28.6531
 28.6531
 30.7734
 30.8707
 28.4429
 0
 33.9264
 32.6803
 32.6803
 0
 29.2062
 31.241
 29.4279
 0
 30.3809
 32.7261
 29.6648
 0
 31.1769
 31.4484
 30.4795
 0
 33.6898
 30.0167
 29.6648
 0
 23.388
 31.1769
 29.6311
 33.9117
 24.5764
 32.6037
 31.3209
 27.0555
 30.5941
 29.5127
 26.9815
 16.7033
 28.8444
 29.5466
 32
 16.4621
 0
 32
 30.4302
 28.3196
 20.8567
 32.311
 27.6043
 32.6803
 25.3574
 0
 33.0908
 32.6956
 28.4253
 19.8746
 31.0483
 34.4384
 29.1204
 25.0599
 0
 31.8591
 29.7658
 31.1127
 23.3452
 29.3258
 28.8617
 32.6803
 22.1585
 29.5466
 27.9821
 33.7491
 26.7582
 31.9061
 29.4958
 28.7576
 26.1343
 30.7246
 29.4958
 30.1993
 24.4745
 28.0713
 23.8747
 28.9655
 33.0757
 28.8791
 17.2916
 28.2666
 32.9848
 28.0713
 30.5614
 22.0227
 32.1092
 27.4773
 30.348
 32.5269
 32.5269
 27.8568
 30.7246
 33.7343
 27.8568
 27.8568
 26.1534
 25.593
 22.5389
 25.04
 28.6356
 32.45
 28.6705
 25.219
 28.0179
 31.4802
 31.4802
 42.8135
 25.3377
 27.1477
 27.2947
 31.686
 31.686
 31.0805
 73.1984
 28.3901
 28.3901
 28.6531
 71.9027
 29.9333
 26.9258
 26.9258
 25.219
 29.3258
 25.0599
 21.9089
 30.8545
 23.6008
 28.0179
 22.5389
 28.688
 33.0908
 26.1534
 29.1204
 26.9815
 31.305
 31.305
 6.7082
 6.7082
 31.7175
 19.799
 26.9815
 24.8998
 23.4094
 29.5635
 0
 21.8861
 32.311
 30.133
 27.8927
 22.7156
 0
 24.2281
 29.1033
 27.9821
 26.7208
 28.8271
 27.1293
 26.7395
 28.0179
 33.8674
 26.9444
 27.2029
 25.923
 26.4008
 24.1868
 29.7321
 27.8029
 23.388
 27.8209
 18.7083
 28.8791
 25.2785
 23.9792
 51.2933
 51.2933
 29.5296
 0
 26.7208
 20.8567
 25.3377
 30.8545
 28.6182
 21.7025
 22.3607
 20.6155
 31.8591
 30.7571
 22.5832
 20.664
 32.6956
 23.6008
 29.5466
 27.5681
 31.0161
 32.7109
 25.7294
 24.5764
 23.4947
 34.5254
 22.7816
 28.9137
 28.1603
 27.1109
 34.4964
 25.5147
 26.5895
 26.2679
 28.688
 0
 21.1187
 26.1343
 32.8481
 28.688
 26.9258
 54.4059
 21.6564
 24.5153
 22.5832
 31.0161
 27.2213
 25.8844
 29.4958
 22.8473
 27.2764
 26.3818
 24.2281
 27.2029
 30.545
 23.5584
 27.1846
 28.7228
 24
 30.1496
 24.7588
 30.4138
 24.4336
 0
 27.4591
 24.7386
 25.04
 29.5804
 32.218
 27.8029
 30.3645
 26.5141
 33.3766
 23.0434
 0
 27.8388
 23.8537
 31
 31
 34.1028
 2.64575
 29.8496
 27.8029
 20.0499
 28.0357
 25.2982
 21.8861
 30.3974
 26.7582
 21.166
 25.7099
 29.7658
 26.096
 28.3196
 22.1585
 31.1769
 26.9258
 18.6815
 25.04
 27.2029
 23.3452
 21.8861
 29.7489
 23.7487
 27.2029
 23.622
 23.3666
 28.1247
 21.095
 28.3019
 0
 25.0799
 25.0799
 69.2315
 28.775
 24.8797
 24.8797
 20.8327
 23.622
 29.0689
 23.3666
 25.9808
 18.9473
 28.6182
 26.096
 27.8927
 23.3666
 17.3494
 27.9464
 24.4745
 29.6648
 21.4709
 17.2916
 29.1548
 28.6531
 25.2785
 29.7321
 0
 19.5192
 25.2785
 21.8174
 29.5296
 29.5635
 28.7402
 31.305
 17.8885
 27.8388
 24.1661
 22.1811
 27.6406
 26.8328
 19.5448
 30.4467
 30.4467
 68.9855
 25.7876
 0
 15.843
 25.6905
 23.8956
 26.9815
 28.688
 22.8254
 25.318
 17.72
 24.5561
 33.2114
 27.7849
 20.7123
 23.8328
 17.3205
 26.9444
 25.318
 26.0768
 28.6705
 27.8029
 26.9072
 24.8395
 24.1039
 29.4958
 22.8035
 29.2746
 28.2666
 25.7488
 27.8388
 25.2389
 24.3516
 27.6043
 21.1896
 28.8617
 0
