 23.3452
 27.258
 14.8324
 16.2788
 19.1572
 19.1572
 25.7682
 28.3901
 29.95
 27.8029
 30.7571
 29.0517
 29.1376
 31.3369
 29.1376
 30.8545
 29.3258
 34.8568
 32.9848
 34.7851
 31.4325
 33.8969
 30.5614
 25.8844
 23.4094
 30.1662
 25.3377
 27.8568
 30.315
 33.8378
 32.4191
 31.7017
 33.9117
 35.7351
 19.6977
 27.0555
 33.0757
 35.623
 20.2731
 21.0238
 31.3688
 31.5278
 19.6977
 22.8254
 32.9545
 26.2298
 23.4307
 20.347
 34.7563
 19.6723
 28.8444
 30.3974
 37.3631
 20.8567
 29.4958
 35.0143
 25.2785
 20.347
 29.4788
 27.4226
 0
 29.3939
 0
 31.496
 33.8969
 0
 36.524
 34.1321
 0
 38.2753
 27.037
 33.0606
 24.6982
 33.9853
 26.1343
 34.9285
 27.3313
 39.128
 33.1813
 39.5727
 33.8526
 31.1609
 29.7658
 33.0606
 29.1719
 35.4542
 28.8791
 36.7015
 35.0143
 40.8534
 35.2562
 23.0434
 35.6371
 35.6651
 27.7669
 38.3667
 29.1204
 39.9875
 32.8634
 35.805
 39.724
 33.9264
 35.8329
 34.8568
 35.0714
 35.2278
 0
 37.7094
 31.3847
 37.7227
 42.5323
 38.223
 37.3631
 39.2683
 30.7896
 37.3765
 30.545
 42.0238
 33.9264
 41.9524
 35.426
 40.9634
 39.8873
 35.6511
 37.1214
 39.5348
 40.0749
 41.4367
 35.6371
 46.076
 35.609
 40.8534
 41.8927
 40
 38.1445
 41.6653
 30.3315
 43.8064
 29.5296
 43.8292
 35.623
 39.5727
 36.8917
 38.1445
 41.7612
 37.4166
 39.6611
 38.4708
 44.9555
 40.0874
 45.5192
 39.1535
 40.9268
 44.3396
 42.4382
 45.1442
 39.1791
 47.4658
 30.7896
 34.9857
 47.8748
 43.0929
 38.2099
 41.5572
 39.724
 43.4856
 41.2432
 44.3621
 39.1663
 39.2301
 49.7092
 41.7971
 40.9756
 43.7721
 41.7732
 43.8748
 44.3734
 37.7359
 48.8569
 48.8979
 33.2716
 43.7379
 40.4351
 43.3128
 41.6533
 43.909
 43.1277
 43.6921
 46.8722
 50.448
 44.643
 42.9185
 42.19
 47.2546
 46.4435
 50.5767
 46.1086
 19.6723
 44.8776
 50.4381
 17.8326
 49.7594
 38.7814
 37.0945
 45.9021
 44.2041
 43.9318
 45.1996
 47.2123
 49.5076
 47.8853
 6
 42.5793
 53.3948
 47.5395
 44.8776
 49.0204
 45.5961
 49.5076
 42.6615
 50.4975
 48.7955
 42.9302
 52.0384
 48.2804
 37.4566
 45.0777
 38.8072
 45.4753
 45.1664
 49.7594
 44.2267
 54.5619
 49.7293
 42.0951
 48.4252
 49.5883
 44.8665
 49.1427
 51.3323
 50.5173
 48.6724
 48.9796
 51.4684
 44.8665
 50.6261
 46.6047
 39.3573
 45.4533
 41.0122
 50.2494
 46.422
 52.3641
 49.5782
 47.9583
 50.774
 44.2945
 42.5911
 47.2123
 49.0306
 48.6313
 50.448
 48.734
 54.1664
 49.7393
 50.6557
 44.2606
 46.6476
 46.2709
 40.8779
 49.7594
 43.7493
 54.5252
 46.2169
 49.94
 50.7543
 47.9583
 45.9347
 45.1442
 50.6656
 53.3479
 42.6146
 49.5883
 51.1664
 48.9796
 50.8724
 45.618
 47.8121
 46.2709
 43.5316
 47.1487
 40.8167
 40.8167
 44.0795
 44.0795
 51.2152
 44.6878
 49.8999
 49.8999
 47.927
 51.7107
 46.1844
 48.4562
 51.6236
 48.0937
 48.0937
 49.7393
 49.7393
 56.2939
 47.8644
 47.0319
 44.4185
 51.8073
 52.1344
 52.1344
 54.2033
 40.8656
 44.5084
 48.2286
 0
 45.9565
 55.8301
 50.2792
 62.426
 46.5618
 58.6515
 44.238
 52.3355
 47.4658
 41.2068
 48.621
 43.2551
 46.8615
 40.0375
 46.9787
 40.5463
 44.6318
 55.0091
 48.6313
 42.4028
 49.4672
 50.5272
 50.5272
 49.0918
 54.8361
 54.8361
 58.6259
 58.6259
 58.6259
 45.618
 58.8643
 42.6028
 56.4889
 56.4889
 48.9183
 48.9183
 50.6162
 41.0974
 48.8365
 56.0268
 42.5558
 52.915
 52.915
 57.5152
 67.7864
 48.4768
 48.4768
 64.1794
 64.1794
 48.6724
 48.6724
 59.279
 55.109
 56.4447
 41.9762
 48.7955
 51.3225
 51.3225
 47.8121
 49.7192
 52.0192
 52.0192
 50.3786
 49.4773
 50.2991
 50.2991
 54.3967
 47.9896
 55.5518
 47.927
 52.1536
 58.3952
 48.3529
 56.7715
 43.8292
 43.8292
 57.0701
 57.0701
 49.8698
 67.2978
 54.4977
 44.486
 45.9239
 44.2945
 54.9818
 47.2652
 49.7594
 54.909
 54.7083
 54.7083
 47.2546
 57.7754
 46.7119
 0
 49.4975
 53.2635
 43.566
 0
 0
 45.5631
 45.5851
 0
 48.1352
 52.4786
 50.8724
 50.8724
 50.5074
 56.3028
 49.4267
 0
 0
 0
 47.833
 0
 0
 48.7237
 49.4267
 57.1489
 57.1489
 56.5509
 48.8774
 45.3872
 55.8838
 52.9434
 50.636
 50.636
 48.9285
 52.3641
 50.6162
 50.6162
 50.6162
 54.2771
 55.3082
 45.9347
 29.5804
 56.4978
 42.4028
 48.1248
 45.9347
 0
 47.0213
 55.4437
 42.5206
 27.1662
 50.9313
 48.6415
 46.2601
 27.0555
 0
 0
 0
 47.5289
 47.5289
 50.319
 47.8644
 54.074
 53.9351
 47.8644
 48.2804
 57.1752
 47.1275
 56.9473
 49.3964
 49.3761
 49.3761
 47.8435
 50.02
 56.701
 56.701
 50.2991
 38.3667
 50.3786
 57.3062
 48.3115
 18.3848
 53.4696
 53.0943
 45.1553
 49.2341
 49.2341
 57.2713
 45.9347
 47.0638
 55.2811
 46.6047
 46.6047
 46.0435
 58.6089
 49.6387
 49.6387
 47.3603
 51.4879
 43.9773
 43.9773
 47.085
 51.4684
 45.618
 41.833
 46.669
 50.4083
 50.4083
 50.4083
 50.4083
 50.4083
 44.3396
 50.6162
 24.8395
 24.8395
 24.8395
 49.3862
 48.9183
 48.9183
 48.9183
 40.9878
 41.7493
 57.7927
 48.4252
 48.9387
 42.7785
 42.7785
 54.8999
 38
 43.1509
 43.1509
 45.1885
 54.7996
 48.7237
 48.9285
 43.4511
 57.6108
 57.6108
 57.6108
 39.7366
 46.9894
 28.2489
 47.2123
 47.2123
 47.2123
 53.8609
 53.8609
 45.8803
 49.548
 50.7149
 51.9519
 51.9519
 51.9519
 44.4072
 49.548
 38.223
 42.0357
 51.9808
 43.2319
 44.3734
 43.2897
 55.263
 44.8442
 44.3621
 40.694
 43.4511
 46.7868
 46.0109
 42.1545
 40.939
 48.2079
 48.2079
 44.5197
 40.2368
 38.3275
 65.1153
 65.1153
 44.3847
 0
 49.1325
 71.1899
 40.7185
 45.4863
 45.4863
 51.7204
 41.2068
 45.9891
 43.4626
 52.3068
 39.3065
 43.2897
 53.2823
 40.5216
 50.8035
 49.1528
 41.2189
 55.9106
 44.7661
 44.1362
 30.6594
 45.4203
 45.4203
 51.7301
 45.3872
 43.2897
 46.2169
 45.288
 41.7133
 43.7607
 52.3163
 52.3163
 52.3163
 39.2938
 47.2546
 52.6308
 42.6263
 62.8331
 31.4802
 38.5227
 42.1545
 49.9199
 51.8652
 39.8623
 45.913
 40.5709
 49.7092
 51.6527
 40.0125
 41
 53.9907
 40.4104
 45.4753
 44.8219
 40.7063
 47.0956
 40.2368
 43.6119
 49.1325
 0
 43.4281
 39.0896
 38.5487
 44.699
 46.9787
 49.4672
 54.4059
 46.4004
 51.2543
 38.8716
 0
 47.8226
 44.1588
 51.6333
 40.0125
 55.8032
 55.8032
 48.1144
 48.1975
 24.8395
 45.4863
 37.1618
 41.7493
 48.6826
 42.5676
 17.8606
 45.9565
 54.8088
 45.2327
 41.328
 37.9868
 47.833
 43.5086
 21.7025
 38.8716
 49.163
 39.2046
 14.7309
 52.792
 38.9615
 44.8888
 41.2795
 35.3412
 52.192
 14.3527
 47.0106
 0
 33.8231
 0
 35.2987
 52.5642
 43.4626
 44.5646
 15.1327
 38.8844
 52.3737
 39.5348
 39.8497
 17.8885
 46.7333
 39.2683
 51.4393
 31.5911
 15.6525
 39.6989
 40.0375
 54.6077
 38.1576
 15.8114
 41.6653
 47.0319
 39.3319
 48.6313
 0
 14.3178
 46.8188
 35.171
 48.621
 48.6621
 41.6533
 48.7237
 16.5227
 53.3198
 43.4971
 37.1214
 35.2987
 37.7757
 19.975
 53.0377
 53.0377
 84.7231
 40.9512
 40.9512
 15.6844
 44.3959
 59.8749
 46.6047
 49.3356
 49.3356
 45.1553
 21.095
 42.4382
 54.7723
 48.3529
 29.8998
 45.0666
 16.7033
 34.7994
 42.8836
 46.744
 50.1398
 48.0416
 35.8329
 36.7287
 43.852
 52.0673
 34.9714
 44.4072
 43.2088
 40.0874
 54.3783
 39.4208
 38.7943
 44.2945
 33.9853
 55.8391
 55.8391
