 350.588
 0
 0
 0
 0
 5.47723
 5.47723
 5.47723
 5.19615
 5.19615
 3.4641
 3.4641
 4.12311
 3.31662
 3.4641
 2.44949
 2.44949
 0
 5.38516
 1.73205
 6.48074
 1.73205
 11.0454
 10.0995
 8.12404
 8.12404
 7.34847
 7.34847
 7.34847
 6.08276
 8
 8
 6.08276
 6.245
 7.81025
 7.81025
 7.4162
 7.68115
 7.34847
 9.64365
 5.47723
 3.4641
 7.34847
 7.34847
 5.47723
 5.47723
 5.47723
 6.48074
 0
 6.48074
 6.48074
 6.08276
 2.44949
 5.56776
 5.56776
 7
 7
 3.87298
 8
 8
 8
 9.27362
 9.27362
 9.27362
 4.89898
 4.89898
 8.544
 5.19615
 5.19615
 8.60233
 8.60233
 6.245
 6.245
 4.58258
 7.74597
 4.58258
 6
 6.7082
 5.19615
 6.85565
 7.74597
 7.14143
 4.24264
 8.66025
 3.4641
 8.12404
 2.44949
 8.60233
 4.24264
 8.60233
 3.4641
 4.3589
 7.4162
 4.89898
 4.89898
 3
 7.07107
 0
 0
 6.08276
 6.63325
 6.85565
 7.28011
 9.84886
 6
 9.21954
 9.21954
 9.16515
 2.44949
 4.24264
 8.60233
 8.18535
 5
 7.28011
 11.225
 8
 6.9282
 7.93725
 7
 9.84886
 9.84886
 6.9282
 9.38083
 6.9282
 9.16515
 6
 9.79796
 9.79796
 5.09902
 10.583
 4.24264
 8.94427
 2.44949
 9.11043
 4.3589
 7.48331
 6.9282
 9.84886
 7
 9.32738
 6.9282
 12.8062
 6.9282
 13.1529
 10.0499
 7.68115
 11.6189
 3.87298
 11.7473
 5.19615
 13.1529
 4.69042
 9.32738
 8.06226
 6.9282
 10.9087
 7.28011
 10.5357
 10.5357
 6.9282
 12.8452
 12.1244
 7.34847
 8.544
 12.0416
 9.79796
 12.0416
 14.2829
 10.0499
 9.84886
 13.9284
 12.9228
 8
 12.2474
 9.27362
 12.0416
 12.3693
 11.7898
 12.8062
 13.2288
 11.6189
 14.2829
 8.544
 11.2694
 12.3693
 13.9284
 12.0416
 13.5647
 11.7473
 14.2829
 12.083
 10.7238
 14
 9.16515
 11.2694
 11.5758
 12.4499
 9.48683
 13.1909
 11.5758
 5.74456
 14.1067
 10.1489
 10.4403
 13.2665
 9.21954
 12.6095
 12.083
 12.2066
 10.6301
 10.7703
 10.7703
 11.3137
 11.7898
 10.6301
 14
 11.6619
 12.0416
 13.6015
 12.083
 13.1909
 13.2665
 15.0997
 11.5758
 14.7986
 13.3791
 12.5698
 13.1909
 13.2665
 10.1489
 14.3527
 13.9642
 14.4914
 13.6015
 14.3527
 13.4907
 13.9284
 13.5647
 10.8167
 11.6619
 12.9615
 12
 13.1529
 14.0357
 14
 14.0357
 13.6748
 12.4097
 13.2288
 12.4097
 14.3178
 10.8167
 14.3527
 13.4907
 14.2829
 15.1327
 13.2288
 12.0416
 11.3137
 13.6748
 10.4403
 14.5258
 9.8995
 11.4455
 11.3578
 13.6748
 10.1489
 13.2288
 13.4536
 11.7898
 13.7113
 10.583
 14.7648
 11.0905
 15.1327
 14.7309
 13.9642
 13.2288
 12.8841
 12.3693
 14.2478
 11.7473
 12.4097
 14.0357
 13.9284
 14.2829
 13.5277
 13.2288
 13.5277
 11.2694
 13.2288
 11.0905
 14.0357
 9.38083
 14.3527
 11.1355
 13.5277
 11.7898
 12.2474
 13.1909
 13.2665
 11.7898
 10.6301
 13.5647
 12.2882
 14
 12.49
 13.5647
 13.7477
 12.4097
 10.9087
 10.8628
 14.8324
 11.0905
 12.3693
 12.7671
 12.2474
 10.0995
 10.583
 10.583
 11.7898
 15.5563
 14.7309
 17.0587
 13.9284
 16.5227
 12.8062
 20.0749
 12.4097
 11.7898
 11
 15.906
 13.7113
 19.4165
 12.083
 14.9666
 11.8322
 18.412
 14.6969
 13.6748
 11.0905
 11.0905
 11.0905
 12.53
 17.3494
 14.2829
 14.2829
 14.2829
 14.4914
 14.7309
 12.3288
 13.2665
 14.3875
 15.0997
 10.4881
 12.6095
 11.8322
 11.4891
 30.3645
 9.69536
 9.69536
 10.0995
 12.2882
 10.583
 8.544
 9.74679
 13.9642
 12.4097
 10.198
 10.8628
 8.18535
 10.0995
 12
 10.9087
 11.0454
 11.5758
 12.53
 2.64575
 11.6189
 13.1909
 9.59166
 9.32738
 6.55744
 14.7309
 10.9545
 10.9545
 14.4568
 14.2829
 14.2127
 20.9523
 15.4919
 16.0935
 14.7309
 14.7309
 13.1149
 9.16515
 15.4919
 47.4763
 9.32738
 8.18535
 11.225
 17.4356
 15.1327
 15.3297
 7.68115
 13
 15.906
 10.0995
 13.2288
 7.07107
 14.3875
 12.8062
 16.3401
 16.3401
 11.6189
 15.906
 9.79796
 9.79796
 14.6287
 15.1327
 8.60233
 8.60233
 15.3948
 12.4499
 13.1529
 13.1529
 14.3527
 14.3527
 15.1987
 15.1987
 12.3693
 15.3623
 14.7309
 14.7309
 7.07107
 12.53
 13.5647
 13.5647
 12.6095
 12.6095
 14.6969
 15.1658
 13.6015
 14.3875
 9.21954
 9.64365
 12.8841
 12.7671
 14
 21.4709
 0
 14
 13.1909
 14.4222
 11.2694
 10.9087
 13.9642
 13.4907
 27.4226
 0
 11.2694
 13.2665
 11.2694
 19.5959
 17.088
 11.6189
 11.0454
 11.4018
 11.4018
 16.2788
 12.8452
 12.8452
 8
 15.5885
 14.9332
 16.2788
 10.8167
 14.7309
 14.8324
 16.1864
 10.4403
 17.2047
 11.0905
 10.5357
 15.1327
 14.8324
 11.8322
 14.7309
 17.3494
 17.3494
 9.64365
 11.2694
 11.2694
 13.9284
 11.225
 11.3578
 11.3578
 16.2788
 12.4499
 15.8745
 15.8745
 15.1658
 13.4907
 13.4907
 13.2288
 13.2288
 12.5698
 13.2665
 10.8628
 8.24621
 15.3297
 9.16515
 10.583
 8.66025
 8.66025
 15.1327
 10.4881
 11
 11
 16.6733
 10.583
 11.2694
 11.2694
 11.5758
 11.225
 14.8661
 7.81025
 13.2665
 11.3137
 11.3137
 15.6205
 14.3527
 13.1909
 14.4222
 11.0454
 15.4596
 15.4596
 13.9642
 13.9642
 10.5357
 14.8661
 14.8661
 14.3875
 10.4881
 14.7309
 14.7309
 12.8452
 14.9332
 12.49
 12.49
 10.583
 10.583
 11.7898
 11.7898
 10.8628
 10.8628
 14.6629
 11.6189
 11.6189
 0
 0
 13.5647
 13.7113
 13.7113
 14.6969
 0
 13.7113
 8.60233
 12.0416
 11.8322
 11.8322
 12.8452
 12.8452
 10.1489
 10.1489
 10.1489
 13.1909
 14.3527
 12.2066
 12.2066
 12.2066
 14.8997
 13
 11.0454
 15.9374
 10.1489
 10.1489
 10.6301
 15.4272
 15.4272
 11.0905
 0
 11.2694
 13.7113
 12.9615
 10.4403
 9.8995
 11.7473
 11.6619
 13.4907
 13.4907
 18.4932
 11.0905
 13.7113
 15.4272
 11.0454
 17.1464
 11.7898
 11.7898
 11.7898
 12.2474
 12.2474
 12.2474
 10.6301
 10.6301
 10.6301
 10.6301
 13.7113
 13.6015
 13.6015
 13.6015
 14
 14
 0
 0
 11.3137
 11.1355
 11.1355
 10.4881
 10.4881
 11
 12
 11.3137
 10.4403
 10.4403
 11.0454
 12.53
 12.53
 16.3707
 11.0905
 11.6189
 11.6189
 16.8819
 12
 13.7477
 15.0997
 12.49
 15.6205
 15.6205
 14.3527
 13.6748
 0
 0
 0
 9.11043
 9.11043
 14.7648
 14.7648
 14.7648
 14.7648
 13.4907
 13.4907
 0
 12.9615
 14.0712
 14.0712
 12.9615
 13.5277
 13.5277
 12.2882
 12.2882
 3.4641
 3.4641
 3.4641
 14.2829
 10.8628
 12.7671
 7.87401
 12.8452
 12.8452
 12.8452
 14.6969
 14.7648
 14.7648
 14.7648
 5.09902
 5.09902
 15.4596
 11.6189
 5
 5
 5
 5
 10.6301
 9.74679
 9.74679
 4.24264
 4.24264
 0
 13.5277
 0
 11
 11
 12.2882
 10.9545
 3.4641
 3.4641
 3.4641
 3.4641
 13.7113
 4.89898
 14.6969
 13.5647
 13.5647
 13.5647
 6.7082
 14.3527
 12.8841
 12.8841
 12.8841
 5.74456
 5.74456
 5.74456
 14.6969
 14.6969
 0
 5.19615
 14.1067
 14.1067
 15.6844
 15.6844
 15.6844
 15.2971
 5.09902
 5.09902
 15.4919
 15.4919
 15.1327
 14.7309
 2.44949
 2.44949
 13.9642
 13.9642
 15.4919
 0
 5.47723
 5.47723
 9.8995
 17.1172
 9.84886
 9.84886
 9.84886
 4.3589
 15.4919
 15.4919
 11.6619
 11.6619
 14.2829
 5.19615
 5.19615
 9.79796
 9.79796
 9.79796
 9.79796
 9.79796
 9.79796
 9.79796
 9.79796
 9.79796
 9.79796
 9.79796
 9.79796
 9.79796
 9.79796
 9.79796
 11.0454
 11.0454
 11.0454
 0
