 42.1663
 37.4032
 29.1376
 31.4802
 30.8383
 30.8383
 38.8201
 41.7612
 41.497
 37.7492
 43.1045
 43.2551
 40.5586
 41.2311
 43.4741
 44.6878
 45.0777
 50.309
 45.913
 48.4458
 39.1024
 46.8935
 48.239
 40.1373
 37.4032
 49.0714
 40.0125
 39.064
 48.8876
 48.9694
 47.8017
 41.2189
 51.7591
 50.4579
 36.2353
 36.647
 45.7165
 48.4768
 35.0428
 38.2361
 44.5084
 44
 34.7131
 42.9069
 44.7661
 43.7264
 43.4511
 33.5857
 48.6518
 33.0757
 47.1911
 46.4866
 48.8876
 33.8969
 43.6921
 45.2548
 42.107
 34.6843
 47.9896
 44.3396
 0
 49.9099
 0
 0
 44.911
 0
 0
 44.2832
 0
 0
 41.0488
 48.734
 42.6263
 47.8017
 49.1223
 45.8476
 48.816
 50.1298
 50.547
 46.7333
 46.7761
 48.0833
 47.0638
 54.8088
 43.9545
 55.7405
 38.4578
 60.8523
 47.9062
 56.9386
 42.3792
 39.9875
 50.4083
 48.7134
 48.1871
 49.3862
 54.5344
 47.571
 54.0925
 57.5674
 50.1797
 51.8941
 47.8017
 55.9821
 51.7107
 60.3573
 60.3573
 63.5531
 38.8973
 50.4975
 62.8172
 55.8749
 41.0122
 55.8659
 46.2385
 45.9021
 50.8626
 43.6578
 56.4535
 49.2037
 60.3324
 60.8276
 52.1632
 50.6261
 59.4811
 53.6004
 62.1208
 66.9701
 45.5302
 66.3626
 40.5339
 56.5332
 55.848
 51.2055
 44.6542
 47.085
 46.0652
 63.4744
 51.7204
 50.892
 59.0847
 49.689
 61.2536
 58.3609
 58.4808
 52.192
 65.8635
 50.5767
 68.1396
 44.6878
 66.1211
 59.0847
 56.0535
 54.037
 46.1086
 48.8876
 41.845
 66.9925
 50.5668
 57.2014
 53.479
 51.264
 63.9453
 63.8436
 62.1772
 63.8044
 68.2056
 70.7814
 56.8067
 53.4509
 70.4911
 64.7534
 41.6413
 61.3025
 62.6259
 53.1601
 49.7996
 42.5911
 69.6132
 53.9073
 52.5928
 49.7795
 65.2993
 66.9253
 61.4654
 68.7314
 70.0571
 64.2028
 73.5119
 73.0548
 61.2781
 54.037
 68.3813
 46.6047
 66.4831
 55.848
 65.192
 29.5466
 45.2106
 73.0274
 30.6105
 50.3786
 50.3786
 58.8558
 51.3323
 69.8642
 62.7296
 73.5663
 71.2952
 72.9931
 76.302
 76.302
 57.9396
 76.4853
 62.7774
 58.5235
 66.242
 52.0961
 54.4243
 40.8656
 73.3621
 69.4694
 69.4694
 53.2447
 51.2835
 54.8544
 62.57
 64.0937
 72.7186
 72.1318
 76.9285
 71.7426
 78.4729
 73.2325
 54.6077
 73.7089
 66.8581
 62.2254
 52.6308
 59.1016
 49.7896
 53.0189
 49.6588
 68.7023
 46.9787
 53.9722
 59.4727
 58.3695
 70.4273
 67.6905
 75.7034
 74.1687
 76.8375
 71.9792
 70.2282
 73.3417
 56.5066
 68.942
 59.4811
 58.643
 49.0204
 50.6458
 58.2409
 54.461
 49.5177
 52.2398
 48.6724
 60.6053
 71.2461
 60.1082
 77.7689
 69.8427
 78.5939
 74.0405
 74.7395
 74.2496
 70.4273
 56.648
 70.1427
 67.6461
 75.7232
 68.352
 45.1664
 74.7864
 69.8212
 66.468
 66.468
 58.0172
 71.0774
 52.4118
 74.4446
 46.1628
 46.1628
 72.3533
 72.3533
 76.9415
 57.4978
 75.7826
 75.7826
 68.542
 77.8267
 61.7738
 55.7225
 77.5113
 44.7437
 44.7437
 69.7352
 69.7352
 69.7352
 46.1736
 72.0902
 55.6956
 55.6956
 78.702
 78.702
 80.8764
 65.4446
 74.162
 72.1041
 72.1041
 70.1926
 86.2264
 72.2565
 89.9166
 68.3667
 65.5286
 59.3212
 80.9197
 54.0093
 60.025
 44.7214
 49.548
 68.0882
 57.463
 57.463
 65.7343
 55.1634
 67.3424
 55.6417
 65
 75.3857
 72.5948
 72.5948
 76.3151
 87.7326
 87.7326
 90.6808
 90.6808
 90.6808
 64.3195
 89.7329
 62.0484
 81.5046
 81.5046
 56.8595
 56.8595
 79.4796
 49.6085
 48.239
 69.2098
 69.2098
 69.2098
 69.2098
 62.5939
 86.1162
 61.0164
 61.0164
 61.6523
 61.6523
 62.538
 62.538
 73.9865
 75.6241
 54.827
 68.1542
 68.1542
 49.5379
 49.5379
 73.9594
 66.0227
 64.5058
 64.5058
 76.883
 57.6888
 76.1906
 76.1906
 75.6902
 56.1872
 89.2973
 55.1815
 72.3049
 87.6755
 65.1076
 82.5954
 44.8776
 44.8776
 80.2932
 80.2932
 62.0081
 69.1881
 69.1881
 44.7549
 72.374
 58.4038
 58.4038
 75.06
 54.3323
 62.2174
 76.7984
 76.7984
 52.2781
 84.214
 49.5681
 0
 0
 48.2701
 65.7039
 65.7039
 55.9464
 69.6276
 74.5721
 74.5721
 74.0608
 74.0608
 74.8131
 74.8131
 64.5213
 86.8044
 73.1027
 73.1027
 87.3957
 53.9073
 52.5833
 52.5833
 52.5833
 68.4178
 57.1402
 86.406
 86.406
 83.0602
 69.5414
 59.808
 75.8947
 81.9207
 47.8017
 47.8017
 68.9855
 68.9855
 76.9155
 76.9155
 76.9155
 76.9155
 76.1906
 55.9017
 55.9017
 55.6147
 49.6689
 58.2666
 60.1415
 60.1415
 64.2962
 81.9024
 59.6825
 52.144
 48.7955
 77.4984
 74.1148
 38.1707
 0
 0
 0
 0
 0
 0
 0
 0
 0
 0
 0
 0
 0
 0
 0
 0
 0
 0
 0
 0
 0
 0
 0
 0
 0
 0
 0
 0
 0
 48.1144
 48.1144
 48.1144
 64.6607
 46.6047
 57.8273
 54.9545
 54.9545
 54.9545
 74.2159
 67.7274
 57.6281
 57.6281
 55.263
 79.1581
 56.9122
 56.9122
 75.1864
 47.0744
 47.0744
 47.0744
 73.7428
 49.0612
 49.0612
 49.0612
 49.0612
 49.0612
 49.0612
 72.6017
 39.724
 39.724
 39.724
 39.724
 82.456
 82.456
 82.456
 50.03
 56.4801
 89.202
 69.527
 64.1794
 49.9099
 49.9099
 85.9186
 49.5883
 79.0127
 79.0127
 79.0127
 82.4803
 61.0082
 71.3232
 71.3232
 81.0555
 81.0555
 81.0555
 81.0555
 56.542
 41.4126
 54.3783
 54.3783
 54.3783
 71.6519
 71.6519
 71.6519
 71.6519
 68.695
 62.7136
 62.7136
 62.7136
 50.1797
 50.1797
 50.1797
 50.1398
 50.2096
 49.3255
 49.3255
 49.3255
 78.9747
 64.0937
 64.0937
 64.0937
 48.9694
 70.9084
 41.1218
 41.1218
 54.7996
 49.9199
 49.9199
 49.9199
 58.3952
 56.4447
 87.9716
 87.9716
 87.9716
 87.9716
 65.4523
 101.168
 53.7215
 53.7215
 53.7215
 53.7215
 58.8727
 69.3037
 56.2939
 82.201
 82.201
 82.201
 73.9392
 64.304
 76.7594
 76.7594
 53.5817
 79.0253
 79.0253
 47.0106
 45.1221
 58.4808
 58.4808
 78.1793
 65.0154
 50.5767
 70.6187
 53
 48.4974
 58.6259
 72.9246
 72.9246
 72.9246
 49.5379
 64.0781
 57.7927
 53.6563
 90.6642
 48.6621
 51.049
 51.049
 67.2086
 48.1041
 71.5332
 56.0714
 39.7366
 78.0641
 51.1664
 46.465
 50.7839
 75.7298
 46.8402
 46.6583
 59.1101
 50.3984
 49.6689
 54.8635
 59.3127
 59.3127
 59.3127
 55.8301
 48.8467
 48.8467
 62.6578
 66.8356
 66.5132
 63.1031
 62.3618
 80.0437
 55.6147
 55.6147
 71.6101
 60.0083
 70.3989
 55.6058
 84.3801
 84.3801
 59.4979
 54.0648
 34.7707
 60.0167
 51.7204
 46.744
 69.0072
 69.0072
 31.3528
 46.7547
 78.943
 78.943
 53.1037
 49.6085
 70.8872
 60.2578
 33.9117
 33.9117
 48.8057
 57.6888
 33.3617
 78.7591
 50.448
 59.7327
 59.7327
 46.9787
 66.4831
 32.1559
 62.2254
 62.2254
 48.6415
 0
 0
 0
 0
 44.7437
 33.8674
 59.8331
 59.8331
 55.254
 47.8435
 31.3528
 55.1543
 53.6004
 73.9527
 73.9527
 29.6648
 59.2115
 62.0484
 80.181
 80.181
 80.181
 62.57
 68.4909
 51.3517
 50.3885
 50.3885
 29.5296
 57.5674
 57.5674
 72.6636
 59.7578
 69.9428
 77.4726
 30.4959
 74.8999
 55.3805
 55.5518
 48.3322
 48.3322
 33.0303
 33.0303
 33.0303
 33.0303
 58.8558
 58.8558
 32.187
 57.1577
 66.9104
 65.3529
 70.746
 70.746
 56.0625
 30.6105
 57.2276
 79.278
 66.9253
 66.9253
 61.5224
 31.3369
 31.3369
 52.9528
 60.9098
 81.3818
 53.563
 53.563
 47.5184
 52.8867
 74.6726
 47.5289
 45.5302
 59.397
 45.5192
 70.0643
 61.4166
 54.2863
 62.0322
 62.0322
 61.0737
 61.0737
