 17.5499
 26.0384
 19.0788
 14.9666
 18.2757
 16.3401
 16.0312
 13.4164
 17.9165
 16.5227
 19.2354
 17.8885
 19.8242
 20.664
 17.8885
 17.2916
 15.6205
 14.2829
 14.4222
 12.3693
 13
 12.8062
 14.8324
 13.1909
 15.9687
 11.6619
 12.1655
 11.0905
 11.7898
 13.1529
 13.5277
 10.5357
 14.2127
 16.0935
 11.6189
 9.05539
 20.2237
 16.1245
 11.7898
 14.9666
 19.975
 20.4695
 13
 10.0995
 21.166
 19.799
 8.66025
 12.8841
 15.9687
 13.5647
 9.64365
 17.5214
 12.2882
 12.2882
 12.3288
 12.083
 20.4695
 14.0712
 13.1909
 16.6433
 0
 11.5758
 0
 12.6095
 12.2882
 0
 16.8523
 9.84886
 0
 15.906
 9.69536
 21.7025
 11.0454
 20.6882
 10.5357
 16.3401
 14.7309
 16.5529
 10.8628
 14.6969
 14.0712
 14.3527
 18.4662
 16.3707
 19.975
 12.2474
 14.1774
 13.9642
 14
 17.1172
 12.3288
 10.6301
 16.3401
 20.2485
 14.2829
 16.4317
 11.4891
 17.2916
 11
 14.7309
 14.2127
 17.1172
 14
 14.2478
 17.3494
 15.1327
 0
 15.0665
 14.8997
 15.4596
 16.3707
 14.7309
 13.7477
 20.9762
 12.4097
 20.5913
 13.1149
 17.0587
 12.1655
 15.8745
 12.6095
 14.6969
 14.4222
 15.906
 13.9642
 19
 18.3576
 14.7648
 16.3707
 14.2478
 17.2337
 20.8806
 17.2047
 23.3452
 14.2127
 21.2132
 14
 17.6352
 13.2288
 16.6433
 10.4881
 14.8997
 11.6619
 13.0384
 15.1658
 16.7033
 14.3875
 18.7617
 14.4222
 18.5472
 18.0555
 17.8045
 17.9722
 22.9565
 16.6433
 22.9129
 14.8324
 22.1811
 14.7309
 13.784
 18.0831
 16.4012
 14.5258
 14.4222
 15.1327
 14.4568
 14.7309
 14
 17.2047
 20.5913
 15.3623
 20.2731
 19.6723
 22.2036
 17.2916
 17.8045
 23.3238
 14.4568
 17.9165
 18.5472
 18.5472
 16.5529
 12.1655
 13.2288
 12.3288
 13.7113
 13.2288
 17.2627
 15.6205
 14.1774
 18.6011
 19.2873
 22.9347
 19.0263
 22.9129
 24.1454
 20.2485
 9.53939
 19.5959
 18.7883
 11.4018
 17.5784
 13.9642
 14.6969
 14.2829
 12.8452
 11.0905
 15.1987
 13.9642
 15.5885
 15.9374
 15.9374
 18.412
 15.4596
 19.799
 21.2132
 24.1039
 23.0868
 24.5357
 18.4391
 18.8414
 19.0788
 16.4012
 19.0263
 17.8606
 11.8322
 12.9228
 11.1803
 15.8745
 11.7047
 15.6205
 15.1658
 16.6433
 17.2047
 19.6723
 22.7816
 24.8596
 19.1833
 19.6977
 24.8797
 23.1517
 20.9762
 18.4662
 19.2614
 16.3401
 18.412
 17.7482
 13.6382
 16.1245
 21.4476
 15.906
 22.6716
 15.6525
 15.5242
 14.7986
 22.9347
 23.7065
 19.0788
 20.7364
 24.2074
 20.2978
 23.4094
 19.0788
 19.2873
 19.0263
 18.3848
 13.5277
 14.9332
 8.66025
 22.8035
 14.5602
 18.5203
 15.1327
 15.1658
 17.8045
 21.5639
 17.2337
 24.5764
 24.8596
 20.2237
 22.4054
 22.5832
 18.3303
 19.7737
 19.0263
 17.9165
 17.2337
 16
 16.5831
 18.7617
 14.8324
 20.6155
 15.1987
 13.0384
 23.6008
 18.3848
 24.0416
 16.8226
 23.1301
 19.0526
 23.3666
 17.5499
 19.1311
 21.1896
 19.6469
 19.6469
 17.3494
 17.3494
 18.6279
 17.3781
 17.3781
 14.7648
 14.7648
 14.6969
 14.6969
 18.6548
 13.5647
 13.5647
 23.6854
 0
 17.2916
 26.7955
 16.2788
 24.8797
 16.3401
 26.8701
 18.7083
 19.8746
 18.2757
 22.7816
 19.0788
 23.4094
 17.2337
 20.025
 15.4272
 19.1311
 18.4662
 16.1555
 15.9374
 15.9374
 15.9374
 20.2731
 0
 16.6132
 19.105
 19.105
 10.4403
 0
 0
 20.8806
 19.4936
 23.8328
 19.799
 19.799
 16.3401
 13.1529
 24.0416
 24.0416
 19.6214
 25.318
 16
 16.6433
 19.5959
 23.6854
 16.6132
 17.9165
 18.3576
 19.0263
 19.0263
 19.0526
 19.0526
 18.5203
 18.5203
 16.6433
 16.6433
 22.2711
 16.5529
 16.5529
 17.8326
 11.1355
 11.1355
 16.5831
 24.5764
 20.2731
 13.7477
 0
 18.3576
 20.9523
 11.225
 19.0526
 19.0263
 16.7631
 23.7487
 16.7929
 13.4907
 13.4907
 20.9045
 19
 17.8326
 17.8326
 23.3666
 16.6733
 16.0312
 18.0278
 24.4336
 14.2478
 16
 20.9762
 18.3576
 18.3576
 17.9165
 14.9332
 24.0208
 0
 23.6854
 15.2971
 23.1084
 0
 18.4391
 22.3383
 16.1864
 0
 20.4695
 18.3576
 16.8226
 0
 17.3494
 14.0712
 14.5258
 0
 0
 13
 17.8606
 0
 15.5885
 19.3132
 19.8242
 18.5203
 17.5784
 20.347
 14.2127
 21.3073
 20.9284
 16.6433
 19.1833
 13
 17.5214
 22.561
 14.7986
 12.1655
 0
 17.8885
 19.3649
 19.6214
 12.7671
 16.6433
 16
 20.7123
 19.2873
 0
 24.8193
 17.7764
 17.7764
 17.7764
 16
 22.9129
 12.53
 15.6205
 0
 19.0526
 17.5499
 14.7648
 15.4919
 14.9332
 14.3178
 24.1039
 21.4243
 15.7162
 15.6205
 14.7648
 11.6619
 16.8523
 22.3607
 14.2829
 19.2614
 15.6205
 18.6548
 14.9332
 14.9332
 16.5831
 14.8997
 14.8324
 18.735
 14.4222
 14.7648
 15.5242
 23.0868
 15.1658
 18.7883
 18.7883
 19.4422
 13.6015
 20.9284
 20.9284
 20.9284
 20.9284
 22
 18.5742
 19.2873
 14.1421
 15.3623
 18.2209
 17.2047
 12.2882
 12.9615
 17.1172
 15
 17.5499
 13.2288
 18.303
 18.303
 14
 16.4317
 12.2474
 16.6433
 20.9284
 18.4391
 14.3527
 19.6977
 15.4919
 19.6469
 14.3178
 20.2237
 18.3303
 14.0357
 13
 12.6095
 20.5913
 14.3875
 18.3848
 16.0312
 9.64365
 16.1245
 18.3848
 13.9284
 20.025
 17.4929
 13.6748
 16.8226
 20.6155
 20.6155
 20.6155
 16.7929
 20.9045
 23.0868
 12.4097
 13.7113
 13.7113
 12.2474
 0
 15.1327
 23.3452
 16.6433
 16.6433
 16.6433
 0
 16.8819
 20.5913
 18.412
 15.5242
 8.48528
 15.3948
 17.7482
 16.7929
 16.7929
 15.9374
 14.7986
 12.2882
 15.4596
 15.5885
 15.5885
 16.5529
 12.3288
 19.3132
 19.3132
 15.3948
 13.9642
 12.3288
 18.5472
 18.5472
 18.5472
 18.5472
 17.4642
 39.1918
 14.3875
 12.8452
 22.891
 16.4621
 14.0357
 17.2047
 18.2209
 13.9642
 13.2288
 14.1774
 15.4919
 17.5499
 15.3948
 15.1658
 16.5529
 21.9317
 12.2474
 13.2288
 13.2288
 21.1187
 21.1187
 13.5647
 15.1987
 13.8924
 20.8087
 20.8087
 13.9642
 13.9642
 11.6619
 11.6619
 11.6619
 14.1774
 17.088
 17.088
 15.9374
 15.9374
 19.9499
 15.9687
 16.5831
 26.0576
 13.2288
 14.2127
 8.544
 14.4914
 20.1742
 14.3178
 14.2127
 13.9642
 14.7309
 13.5647
 13.4907
 13.5277
 20.3961
 15.1658
 13.1149
 13.1149
 18.3303
 18.3303
 18.6548
 14.2829
 16.5529
 14.3178
 18.6011
 15.1327
 10.0995
 14.2829
 20.9523
 15.906
 0
 15.9687
 13.5277
 13.8924
 15.748
 15.748
 15.748
 18.7883
 18.7883
 15.1658
 16.4924
 13.8924
 11.4455
 25.2982
 20.8327
 15.906
 15.906
 15.9687
 12.3693
 15
 14.3527
 16.7631
 15.3297
 12.3288
 16.5227
 12.53
 16.1245
 14.4222
 17.3205
 13.7477
 10.0995
 18.412
 14.4568
 15.9374
 12.53
 13.8924
 0
 0
 0
 21.2368
 15.5242
 19.7484
 13.2665
 12.9615
 15.5885
 14.4222
 12.8452
 21.095
 15.3623
 15.4919
 14.7309
 19.0788
 16
 14.7648
 13.9642
 18.5472
 16.6132
 13.8924
 13.4907
 11.7473
 17.0294
 16.5227
 16.5227
 16.5227
 12.3288
 17.3781
 13.8924
 18.0831
 18.4391
 18.4391
 20.9284
 11.1355
 8.18535
 8.18535
 13.1909
 13.1909
 13.1909
 13
 22.1359
 19.9249
 19.9249
 19.9249
 0
 13.0384
 13.0384
 14.1421
 17.3781
 20
 10.5357
 10.5357
 13.0384
 13.9642
 16.7631
 11.0905
 9.74679
 9.74679
 11.7473
 19.0788
 19.0788
 15.6525
 14.4222
 13.6748
 13.6748
 10.6771
 10.6771
 15.6525
 8.77496
 13.2288
 15.5885
 15.5885
 16.0312
 16.0312
 16.0312
 14
 20.2731
 20.2731
 20.2731
