 17.088
 15.9687
 12.4097
 3
 11.0905
 11.0905
 13
 17.5214
 14.7309
 12.8452
 15.3297
 16.6433
 17.5784
 18.2483
 16.1864
 17.5499
 15.6205
 15.6205
 16.5227
 15.6844
 17.3205
 19.9249
 20.0749
 17.2916
 16.4924
 18.2483
 14.7648
 12.0416
 15.8114
 16.2481
 17.4069
 13.4536
 15.3623
 17.9165
 14.7986
 16.7929
 20
 19.5192
 14.7309
 15.4919
 19.2614
 20.2237
 15.1658
 13.2288
 19.9249
 19.2614
 10.9545
 15.1327
 18.1934
 16.3095
 13.6748
 16.5529
 19.0788
 15.9374
 16.6132
 18.2483
 14.7986
 16.7332
 20
 14.7986
 0
 18.303
 0
 19.3907
 13.8924
 0
 18.3848
 14.8324
 0
 19.2873
 16.1864
 20.025
 15.1987
 20.8327
 15.9374
 19.9499
 13.3041
 19.105
 15.1327
 19.1572
 16.4621
 19.975
 17.7482
 21.4942
 16.8819
 20.8567
 15.8114
 17.4642
 14.9666
 20.8806
 15.5885
 15.6844
 21.7945
 22.561
 19.1572
 20.8327
 17.0587
 19.1833
 15.3623
 18.0831
 19.105
 20.6398
 22.5832
 23.4094
 21.2838
 21.9773
 0
 21.095
 16.6733
 16.8523
 22.6274
 23.4521
 16.6132
 22.8473
 18.3303
 22.2935
 20.445
 21.4709
 19.7737
 21.7256
 19.1311
 19.5704
 24.3926
 21.4709
 25.1992
 21.7486
 25.1595
 21.7256
 21.6795
 26.0384
 19.105
 26.0192
 21.6564
 27.0185
 20.8087
 24.5561
 20.8327
 22.561
 21.7486
 26.2488
 19.2094
 23.0434
 16.6433
 23.7487
 21.9317
 22.561
 24.3721
 25.219
 24.3311
 24.2899
 23.4734
 19.975
 26.0768
 27.1662
 22.6936
 27.55
 20.8806
 26.9815
 20.8567
 20.9284
 27.6225
 27.1293
 21.6795
 20.8327
 27.037
 22.6053
 26.0768
 26.9815
 22.6495
 23.7065
 26.9258
 27.7489
 23.6008
 27.8927
 22.6716
 23.8956
 27.1662
 22.6274
 24.2281
 28.6182
 22.6495
 26.7582
 26.0576
 23.4734
 26.2107
 22.6053
 26.9444
 23.4947
 28.6705
 27.7849
 26.0576
 24.3926
 27.8209
 26.8701
 29.5127
 30.5287
 25.4558
 23.8956
 24.3516
 26.5895
 24.7184
 29.4449
 26.0576
 26.1534
 27.1662
 26.0192
 28.8791
 28.9828
 26.0576
 27.7669
 30.4302
 10.7238
 26.9072
 27.8388
 27.8209
 28.6705
 31.5436
 26.9629
 30.9839
 26.1916
 28.0357
 26.9072
 27
 28.4781
 28.4605
 25.2785
 28.1425
 24.3516
 28.9482
 26.0768
 29.0172
 25.219
 27.9643
 28.6531
 26.9815
 28.7576
 31.7175
 27.7849
 27.8388
 33.5261
 28.4956
 28.6356
 27.313
 28.6705
 27.2213
 28.6356
 28.6531
 25.3377
 28.4605
 25.2785
 29.1033
 26.9629
 28.7402
 23.5372
 26.2298
 27.8747
 31.5753
 28.7402
 27.8388
 28.3549
 28.4253
 29.9833
 27.8568
 31.1769
 28.6356
 30.1828
 26.9629
 29.8664
 29.8496
 25.4558
 27.8927
 26.1534
 29.5466
 27.8209
 27.2764
 27.8029
 27.074
 32.1403
 31.686
 29.7153
 28.8791
 29.2746
 27.2764
 28.0713
 26.7769
 29.1376
 27.4591
 29.2916
 28.4429
 27.2947
 27.258
 28.8097
 28.1247
 27.8029
 27.8388
 27.8568
 33.0757
 27.7849
 27.7849
 30.3974
 29.5635
 32.3265
 32.2025
 28.2666
 27.8568
 27.8568
 27.0185
 27.0185
 29.0861
 27.074
 32.3265
 27.8927
 28.8617
 29.2916
 29.2916
 33.0757
 27.2764
 27.7489
 28.8617
 0
 27.2213
 33.0454
 28.8444
 34.8138
 27.8388
 29.3258
 29.1719
 30.1662
 29.6142
 28.7054
 28.1069
 31.1448
 27.2947
 27.8029
 25.2389
 33.1964
 27.4408
 28.0535
 29.5127
 27.074
 27.8029
 33.541
 0
 26.0768
 31.8748
 31.8748
 32.3265
 0
 0
 29.5466
 30.4302
 32.6497
 28.7054
 28.7054
 31.241
 31.241
 30.7246
 16.0624
 27.037
 32.8481
 20.025
 30.4631
 30.4631
 31.1609
 48.775
 28.688
 28.688
 48.0416
 48.0416
 26.9444
 26.9444
 48.7237
 31.1929
 28
 27.9106
 28.9482
 30.3315
 30.3315
 27.8029
 31.209
 33.9411
 33.9411
 26.9258
 31.7333
 29.0517
 0
 29.5296
 28.1247
 30.6105
 28.3019
 31.1769
 33.2866
 30.3974
 28.931
 26.3249
 26.3249
 31.5753
 1.73205
 28.6182
 47.8957
 32.3728
 26.9258
 29.1719
 28.8444
 33.0908
 28.6705
 27.8568
 32.5423
 27.7849
 27.7849
 30.3809
 30.2159
 27.313
 0
 33.3167
 30.2655
 27.4408
 0
 28.7054
 30.6268
 26.9444
 0
 26.9629
 31.3369
 29.7658
 0
 29.6142
 30.0998
 27.7669
 0
 32.2025
 28.1603
 26.9444
 0
 21.7025
 31.241
 29.2746
 32.1092
 18.6279
 32.1714
 30.3315
 27.8029
 30.7409
 28.178
 26.9258
 17.1172
 27.7849
 30.0167
 29.5973
 16.4621
 0
 31.225
 31.1769
 26.1534
 19.105
 31.686
 27.1662
 31.3847
 22.7596
 0
 33.7491
 30.1662
 27.4226
 19.1833
 30
 33.3167
 26.9444
 24.3721
 0
 32.0312
 29.8664
 27.7849
 21.9773
 27.4591
 26.9072
 31.8277
 25.0799
 27.4408
 27.3861
 33
 26.5895
 30.4467
 29.5296
 28.4253
 25.5539
 28.8964
 28.7924
 29.6816
 19.8242
 26.9629
 20.445
 28.1425
 32.1248
 27.8029
 17.0587
 26.9629
 31.3528
 27.1293
 31.257
 22.1811
 31.305
 26.1151
 30.05
 32.1403
 21.4942
 21.4942
 29.1548
 32.1248
 32.1714
 32.1714
 24.4336
 25.923
 21.6795
 25.219
 26.9444
 28.8271
 27.4591
 25.1992
 26.9072
 28.3373
 28.3373
 25.1992
 26.2298
 24.7588
 27.1477
 30.5614
 11.7898
 27.4226
 24.6982
 26.0192
 31.8119
 26.9815
 29.2916
 28.6705
 26.0384
 33.5261
 25.219
 28.8444
 25.4165
 22.0227
 29.7658
 22.6716
 27.8209
 24.6779
 26.9815
 32.45
 26.0384
 28
 25.1992
 31.257
 31.257
 31.257
 25.4558
 29.6985
 20.2237
 26.9072
 24.6982
 24.6982
 30.0167
 0
 21.9089
 33.5261
 29.5127
 29.4958
 22.6495
 0
 24.3926
 28.1425
 29.2575
 25.219
 27.8747
 26.0576
 26.4008
 29.5127
 31.257
 24.454
 27.7849
 23.8328
 26.0768
 23.4734
 27
 26.9072
 22.6274
 26.7395
 20.9523
 28.2489
 23.4734
 23.3666
 48.6826
 48.6826
 27.8029
 0
 26.9629
 49.5379
 24.2899
 27.8388
 27.8388
 20.025
 21.7945
 20.8327
 28.6705
 28.6705
 21.7945
 20.8806
 31.273
 22.5832
 27.8747
 25.1595
 28.6705
 31.8119
 24.3311
 23.5372
 25.1992
 34.1028
 23.4521
 27.9106
 27.0924
 25.1794
 33.0757
 25.4165
 26.1343
 24.3311
 28.3019
 0
 21.1424
 25.1992
 30.4467
 28.688
 27.258
 51.1762
 20.5913
 23.516
 22.561
 28.7054
 25.3377
 23.5797
 26.9815
 21.8403
 21.9317
 26.9072
 24.3311
 24.3721
 28.7576
 22.9565
 26.096
 27.8029
 23.9792
 27.9106
 22.6053
 29
 22.6274
 0
 26.5707
 22.6053
 25.2785
 29.1204
 31.5278
 27.2397
 28.688
 26.0384
 31.273
 21.7715
 0
 27.4591
 23.8956
 28.7924
 21.8174
 32.28
 32.28
 27.8209
 26.9815
 20.025
 26.1151
 23.4947
 22.0227
 29.7658
 26.0576
 20.8806
 25.0599
 29.6648
 25.4165
 28.4956
 22
 30.3974
 26.1151
 19.5959
 24.8596
 27
 22.0227
 21.4243
 29.5466
 23.4734
 26.4008
 23.4521
 22.6053
 27.8209
 19.799
 27.0924
 0
 24.7184
 0
 22.9347
 28.688
 23.6854
 26.9258
 20.3715
 23.4307
 28.7054
 24.3105
 23
 18.7083
 27.9285
 24.454
 27.9821
 22.8254
 17.1172
 25.2587
 25.7876
 28.688
 21.0238
 16.8819
 27.1846
 27.7849
 24.1661
 28.7054
 0
 20.1494
 25.0599
 21.9089
 27.8209
 29.9666
 28.688
 31.4325
 17.3205
 27.037
 24.3105
 21.7715
 25.5734
 24.454
 19.2354
 30.3809
 30.3809
 68.3081
 25.3377
 25.3377
 16.4924
 25.2785
 21.5407
 26.096
 27.8209
 21.166
 25.5539
 17.3205
 24.5967
 32.5883
 26.9258
 21.9089
 22.9347
 16.9115
 26.9258
 25.5539
 25.3377
 28.688
 27.037
 25
 24.4336
 24.5357
 28.7054
 21.7715
 26.9258
 26.7955
 26.0768
 27.9285
 24.5967
 23.4734
 26.9444
 21.7945
 28.2843
 0
