 16.3095
 15.9687
 19.1833
 22.1585
 19.6977
 14.9332
 20.9045
 11.2694
 13.8924
 13.0384
 20.2237
 17.8606
 21.1896
 19.0788
 14.9666
 19.8494
 21.7256
 19.1572
 18.5472
 15.906
 14.4914
 14.3527
 14.7648
 13.9642
 14.2127
 13.7113
 18.6279
 15.6205
 16.3095
 21.9317
 19.0788
 15.3948
 17.4069
 21.7486
 10.9087
 10.4403
 22
 19.2873
 9.74679
 12.9615
 20.2485
 19.2354
 9.69536
 9
 20.025
 18.8149
 14.2829
 10.0499
 20.0998
 9.38083
 12.4097
 15.1987
 18.412
 9.8995
 6.9282
 14.7986
 21.5639
 11.3137
 15.6205
 17.1464
 0
 14.7648
 0
 21
 17.2916
 0
 22.1133
 13.4536
 0
 20.1494
 12.3693
 21.1424
 12.2882
 19.8242
 14.8997
 20.0499
 16.7033
 19.975
 14.3527
 17.2627
 20.664
 15.1987
 20.4939
 17.7482
 19
 19.2873
 19.2094
 21.9317
 16.1864
 20.9284
 14.7986
 14.1774
 21.4942
 20.664
 12.53
 20.8327
 14.2478
 22.1359
 14.9666
 20.2978
 20.2731
 21.7715
 18.5472
 17.2047
 19.8494
 18.5742
 0
 22.5832
 17.5784
 17.088
 23.5584
 21.8403
 15.3623
 22.3383
 12.4499
 21.7025
 14.8661
 22.1359
 17.2047
 19.1572
 18.3848
 20.347
 18.6548
 21.6795
 15.1987
 17.9165
 20.3224
 23.2809
 17.6352
 25.9037
 20.8087
 24.2693
 20.3224
 22.1133
 19.6723
 21.7256
 15.4919
 23.4094
 13.5647
 21.0238
 15.7162
 15.9687
 15.906
 15.1987
 19.2873
 24.5357
 19.975
 20.664
 22.9565
 20.2978
 23.4094
 20.8087
 26.9258
 22.6274
 20.6398
 23.388
 18.4932
 23.1084
 15.0997
 13.5277
 22.4277
 18.6815
 19.5704
 21.4476
 15.1658
 22.8035
 20.199
 22.9565
 25.1595
 20.8806
 22.6274
 26.9258
 22.5832
 26.0192
 25.04
 20.6155
 24.3926
 16.1245
 23.4094
 22.4054
 12.4499
 16.7332
 16.5831
 17.9165
 15.5242
 20.9045
 20.2731
 19.8242
 22.9347
 25.02
 24.6577
 22.8254
 26.9629
 23.388
 26.1151
 23.7276
 22.6495
 10.5357
 20.9045
 22.561
 22.561
 21.5639
 15.9374
 13.6748
 18.6815
 17.8885
 14.3527
 18.0555
 19.6723
 21.7256
 23.1301
 23.1301
 27.5318
 24.1661
 24.5561
 27.1477
 26.0384
 22.1359
 23.4094
 23.8118
 26.7955
 22.2036
 19.6469
 25.318
 21.0238
 14.7648
 15.6844
 13.5647
 19.105
 20.2485
 21
 17.1464
 24.1247
 22.6053
 27.7849
 21.2603
 23.516
 24.8193
 25.1794
 27.258
 28.0179
 22.3159
 21.4942
 26.4386
 17.8885
 21.7715
 18.3848
 14.5602
 16.2481
 15.6525
 20.8327
 20.2485
 23.8118
 23.3452
 25.8457
 17.5784
 14.7309
 26.1343
 24.3516
 20.8327
 22.0454
 23.3452
 23.8537
 25.1794
 20.4939
 21.7715
 18.0555
 18.735
 16.2788
 14.0357
 18.4932
 14.8324
 24.1247
 19.6977
 20.2978
 17.8885
 24.7184
 29.8664
 24.3105
 24.3926
 19.0526
 22.7596
 23.5584
 19.6723
 22.2935
 21.3542
 20.3961
 16.8819
 14.5602
 18.3848
 17.9165
 14.7309
 17.1756
 16.8523
 17.5784
 18.4662
 13.0384
 19.8494
 19.105
 26.1534
 19.9499
 26.0576
 26
 11.6619
 26.7582
 16.4924
 22.9565
 15.6525
 26.5518
 20.8806
 14.7309
 16.8523
 24.1247
 12.1655
 15
 15
 12.1244
 16.3095
 19.0263
 0
 18.0555
 26.0384
 20.2978
 29.5296
 21.9773
 25.3969
 23.4734
 25.7876
 24.3516
 29.5804
 24.7386
 27.037
 23.2809
 26.6083
 19.9499
 28.3196
 18.2209
 24.1247
 19.2354
 13.0384
 16.7631
 21.6564
 0
 19.6977
 21.7256
 24.8998
 23.3666
 0
 25.3377
 25.0799
 22.4054
 26.9444
 26.9444
 23.9165
 23.4521
 35.9861
 28.2312
 28.2312
 24.2281
 27.1293
 27.2213
 27.2213
 19.799
 25.5539
 23.8747
 23.8747
 18.7883
 19.9499
 23.5797
 27.9285
 14.7986
 13.7477
 25.923
 25.2587
 13
 27.8029
 22.8035
 14.5945
 17.2916
 20.0499
 27.8209
 27.8209
 17.5784
 28.6705
 15.7162
 0
 19.0526
 25.6905
 21.4243
 21.1424
 24.1454
 21.0238
 21.0238
 17.3781
 19.2354
 25.2587
 25.2587
 23.8537
 21.0713
 21.0713
 21.0713
 21.0713
 16.5227
 21.7486
 21.7486
 17.8606
 18.5472
 29.3939
 22.0907
 22.0907
 26.096
 24.8596
 13.9284
 0
 28.9828
 22.7816
 12.6491
 0
 20.1494
 27.7849
 15.1658
 0
 17.5784
 28.5832
 19.1311
 0
 25.9808
 21.4243
 23.1301
 0
 23.1084
 22.891
 22.1811
 0
 24.0832
 25.2785
 19.9249
 22.891
 24.6171
 21.4243
 15.5885
 15.5885
 29.7321
 16.3095
 16.3095
 18.6815
 22.5167
 28.7228
 20.347
 12.49
 0
 23.6008
 26.4386
 19.8494
 12.3693
 27.9464
 14.7648
 31.5753
 11.1355
 0
 28.1957
 27.55
 15.9374
 18.2483
 20.6398
 28.4253
 14.7986
 20.4695
 0
 19.8242
 24.5357
 18.303
 20.9045
 22.6716
 21.0238
 20.8806
 24.2281
 21.1424
 19.975
 23.3666
 23.3666
 23.1301
 23.1301
 14.9332
 19.5192
 15.1327
 21.7715
 20.9523
 20.9523
 23.0217
 12.7671
 19.4165
 24.7386
 22.1359
 16.8523
 19.0788
 27.037
 18.5203
 27.5862
 15.1658
 26.1151
 15.3623
 27.9106
 27.5862
 15.4596
 14.9332
 26.4197
 26.0192
 13.0384
 11.6619
 16.6733
 25.3969
 16
 22.8035
 15.1658
 27.2029
 23.4734
 25.0599
 15.9687
 21.8403
 22.383
 14.9332
 24.1661
 21.4942
 24.8596
 19.9249
 15.1987
 16.8226
 16.9115
 20.8567
 21.4476
 17.5499
 19.4936
 19.4936
 15.906
 21.7025
 17.5214
 17.5214
 13.4536
 20.0998
 18.5742
 14.8661
 20.0499
 17.6918
 20.6398
 17.8326
 17.8326
 20.199
 22.5167
 23.388
 23.388
 23.388
 14.0357
 26.9629
 13.9642
 16.5831
 17.5499
 13
 13
 13
 16.2173
 24.4336
 16.7033
 16.7033
 16.7033
 16.7033
 19.1311
 26.3629
 21.9317
 21.4476
 25.5147
 22.6495
 24.8797
 26.5141
 23.4521
 24.3721
 20.9284
 19.8494
 22.1359
 16.2788
 20.2237
 23.6854
 20
 20.3224
 13.7113
 19.975
 18.4662
 16.3401
 9.79796
 18.2483
 18.2757
 0
 13.4907
 20.2237
 16.4621
 17.3781
 20.2731
 15.5563
 15.4596
 19.4422
 19.2354
 22.1359
 18.9473
 27
 15.4596
 14.1067
 19.8494
 17.8326
 23.388
 24.3311
 13.2288
 14.7309
 14.7309
 27.5681
 15.9687
 21.3307
 15.9374
 14.9666
 25.923
 20.2978
 17.6068
 17.6068
 17.6068
 0
 0
 19.1833
 24.8797
 24.8797
 21.7025
 8.60233
 14.8324
 22.561
 22.9565
 22.9129
 25.8457
 18.2483
 20.8806
 21.6795
 22.8254
 18.1934
 18.6011
 21.4009
 22.1359
 16.6433
 13.9642
 17.5784
 13.7113
 18.9737
 15.6844
 18.5203
 13.2665
 0
 17.1464
 15
 19.3649
 16.8226
 19.3907
 17.6068
 18.412
 15.9374
 21.1424
 15.5242
 15.5242
 15.5242
 17.8885
 16.2788
 15.1327
 21.095
 21.095
 21.4476
 22.1359
 17.3494
 19.4165
 15.9687
 13.9284
 22.8692
 18.4662
 14.7986
 18.3303
 18.1108
 14.8324
 22.7156
 19.0788
 20.2731
 17.8326
 17.088
 12.2474
 23.3452
 19.105
 15.1327
 21
 15.8745
 16.6433
 17.3494
 20.445
 17.0587
 16.3401
 21.6795
 21.6795
 21.6795
 0
 20
 14.3527
 13.2288
 20.6398
 18.4391
 13.1909
 15.1987
 19.0263
 15.7797
 16.6132
 20.2485
 16.2481
 18.0831
 15.6525
 15.6205
 15.1327
 12.6095
 17.8326
 15.2971
 16.3401
 15.5563
 17.8606
 14.1067
 19.0263
 0
 17.1172
 15.9374
 15.1658
 17.3494
 20.2237
 15.9374
 20.2237
 17.5499
 18.5472
 14.7309
 14.4222
 16.2481
 19.1833
 18.412
 17.5784
 19
 15.0997
 15.0997
 0
 15.6525
 17.4356
 18.5472
 14.9332
 21.6795
 13.2288
 17.3205
 17.3494
 16.4621
 17.4642
 20.025
 11.7473
 13.8924
 15.6844
 16.8226
 15.906
 21.0238
 18.4932
 23.2809
 18.2209
 10.9545
 12.2066
 18.3576
 17.4356
 20.347
 12.1655
 15.5885
 20.4939
 17.1172
 12.53
 18.7083
 14.0357
 19.0263
 0
