 29.7658
 28.4781
 32.7414
 38.1051
 33.2866
 26.5895
 24.5153
 14
 23.4947
 23.4947
 26.5895
 24.6779
 25.5734
 22.6716
 20.025
 18.1384
 25.807
 24.6577
 24.5357
 24.1039
 15.6205
 16.6132
 10.6301
 8.60233
 3.74166
 8.544
 13.1529
 24.3311
 13.5277
 29.4618
 19.2614
 24.4949
 29.189
 28.4605
 12.2066
 15.1658
 25.0998
 33.0454
 10.4403
 6.9282
 31.5753
 21.1896
 9.69536
 16.6433
 20.8806
 27.8388
 21.5407
 9.53939
 25.2785
 9.27362
 2.44949
 9.38083
 25.593
 9.05539
 1.41421
 18.412
 27.7489
 10.3923
 7
 19.5448
 0
 6.9282
 0
 22.383
 25.1992
 0
 26.4197
 18.6011
 0
 28.7924
 13.9284
 25.6905
 7.81025
 24.454
 14.8661
 23.3024
 24.7184
 24.8193
 18.2483
 22.7376
 26.1725
 10.0499
 28.3901
 6.85565
 25.02
 14
 25.2785
 27.6586
 6.78233
 28.9137
 21.3542
 14.1421
 30.4631
 27.1477
 6.16441
 27.9643
 15.1987
 27.1662
 26.5141
 31.3369
 26.3818
 30.1993
 15.6205
 6.9282
 26.4386
 11.3578
 0
 25.1794
 18.2483
 25.9037
 34.2053
 29.5296
 18.6548
 27.8747
 10.9545
 26.8328
 6
 26.7021
 13.9642
 23.0217
 30.6431
 34.0588
 16.4621
 31.1448
 6.55744
 26.0768
 12.3693
 27.6406
 23.516
 38.1314
 27.2397
 31.8748
 26.5518
 28.2843
 21.6333
 26.7955
 6.85565
 27.2947
 7.74597
 23
 14.8997
 7.81025
 27.4955
 5
 31.1127
 34.322
 11.2694
 27.8209
 28.178
 27.1662
 33.7343
 28.3373
 34.8281
 28.6705
 25.7876
 30.7571
 20.5913
 29.4958
 6.245
 4.3589
 25.219
 15.8114
 17.2627
 34.2491
 4.89898
 34.2637
 10.4403
 23.6432
 31.8434
 28.7054
 36.9594
 36.9053
 29.6985
 32.187
 30.692
 24.5153
 30.5941
 19.2354
 28.688
 26.0768
 1.41421
 16.5831
 7.93725
 20.8806
 4.89898
 33.8674
 10.3923
 31.4802
 28.3549
 37.0675
 31.1609
 31.7175
 35.7071
 33.5261
 32.4346
 32.5423
 30.282
 14.0712
 23.3452
 31.1288
 31.1288
 22.6495
 11.225
 3.60555
 13.8924
 15.7162
 6.16441
 12.1655
 26.3629
 24.7992
 21.1896
 21.1896
 38.3927
 38.1445
 32.8634
 36.1386
 31.5911
 29.3428
 30.1828
 31.0966
 33.0151
 27.6767
 20.8806
 28.4253
 20.6882
 3.60555
 7
 1.73205
 6.9282
 15.9687
 17.1464
 26.5518
 36.8782
 37.027
 35.3695
 29.8329
 29.3769
 34.2345
 33.2566
 27.6225
 36.5103
 31.7805
 26.1151
 30.0333
 18.1384
 23.9792
 10.4403
 5.47723
 6.63325
 5.47723
 19.0788
 20
 34.6266
 37.3095
 36.9324
 17.5784
 14.7309
 34.3511
 33.7194
 33.7194
 31.4802
 27.9464
 30.692
 34.322
 24.5561
 24.7184
 24.7184
 9.21954
 5.47723
 6.9282
 15.7162
 2.44949
 35.171
 22.561
 34.6266
 30.2985
 36.6197
 15.906
 9.8995
 32.7261
 13.7113
 31.9374
 33.5112
 26.6458
 30.1828
 26.3059
 22.1811
 11.7898
 7
 13.7113
 14.8661
 7.68115
 20.2978
 6.55744
 6.55744
 22.1585
 22.1585
 33.3617
 33.3617
 36.7151
 36.7151
 35.1852
 35.171
 35.171
 34.5977
 34.5977
 30.133
 9.32738
 28
 24.4336
 8.18535
 14.7309
 20.9762
 6.16441
 9.21954
 9.21954
 6.08276
 11.0905
 6.9282
 0
 24.5561
 19.4679
 38.3014
 33.9117
 28.5832
 37.1753
 36.6333
 41.6653
 35.5246
 40.8656
 33.2866
 36.973
 29.5466
 34.4238
 20.025
 28.8444
 13.4907
 26.9258
 14.0357
 10.0995
 12.8062
 8.544
 0
 26.7395
 15.9374
 32.0468
 27.6043
 0
 29.6648
 38.8973
 40.6079
 36.5787
 36.5787
 16.5529
 36.5513
 55.254
 40.0999
 40.0999
 33.3617
 40.05
 36.5924
 36.5924
 28.3196
 35.4683
 29.189
 29.189
 24.3105
 8.88819
 37.1214
 39.6989
 12.3288
 12.3288
 36.5103
 28.8444
 10.6771
 38.8973
 24.1868
 24.1868
 14.4568
 11.1355
 36.5377
 36.5377
 26.1916
 34.9571
 9.21954
 0
 8.06226
 31.5595
 21.7715
 15.4919
 26.9629
 23.516
 23.516
 23.516
 23.7065
 43.4626
 43.4626
 34.5832
 13.1529
 13.1529
 13.1529
 13.1529
 9.69536
 27.5136
 27.5136
 32.1248
 21.7715
 35
 33.8674
 33.8674
 36.3731
 27.8388
 14.4222
 0
 35.9166
 22.4722
 11.2694
 0
 12.8841
 32.7261
 15.5563
 0
 23.6008
 32.0624
 10.5357
 0
 27.7128
 16.7631
 39.0384
 0
 27.3861
 22.3383
 22.3383
 0
 38.6782
 38.6782
 18.735
 39.064
 42.391
 23.4094
 13.9642
 13.9642
 41.7133
 12.4097
 12.4097
 18.2757
 30.3809
 40.0999
 26
 17.8885
 0
 13.7113
 33.4066
 21.7486
 12.6095
 31.1127
 17.8885
 34.5543
 17.088
 0
 35.0571
 26.3818
 13.9284
 24.96
 19.2094
 33.7194
 14.2478
 19.7484
 0
 11.7473
 28.1957
 22.6495
 32.28
 25.2785
 21.7025
 14.0357
 33.2716
 33.2716
 19.6469
 24.3105
 37.7094
 28.2843
 28.2843
 15.1327
 28.9137
 12.2882
 35.4119
 28.9482
 28.9482
 37.6165
 11.2694
 19.799
 39.0896
 27.9821
 27.9821
 29.1376
 38.092
 22.6716
 38.7298
 38.7298
 36.5377
 16.3401
 34.5977
 33.8969
 33.8969
 29
 33.7343
 31.1127
 12.3693
 12.3693
 17.3781
 31.5278
 22.2711
 31.3528
 17.4356
 24.4745
 27.5862
 40.1373
 21
 16
 30.1828
 30.1828
 30.1662
 22.4499
 25.3377
 10.4403
 17.3781
 17.3781
 17.3781
 29.4449
 13.1529
 21.1187
 21.8632
 21.8632
 20.3715
 34.2929
 16.8226
 16.8226
 15.9687
 12.2882
 26.4575
 16.7332
 16.7332
 20.3715
 30.4959
 28.3196
 28.3196
 20
 36.9053
 38.2361
 38.2361
 38.2361
 12.1655
 34.6987
 22.6495
 19.3907
 22.7596
 16.4317
 16.4317
 16.4317
 15.1658
 32.28
 32.28
 32.28
 32.28
 32.28
 12.1655
 31.9687
 31.9687
 26.2488
 31.9218
 26.5895
 28.3549
 31.5911
 27.7128
 23.8747
 27.2213
 24.1868
 27.7128
 17.9165
 16.9115
 27.7128
 24.4336
 12.6095
 12.6095
 22.2036
 22.0227
 21.6795
 21.6795
 14
 18.9209
 0
 15.9374
 29.0345
 14.7648
 16.8523
 19.1833
 18.4391
 20.199
 20.199
 20.8806
 25.1595
 19.0788
 28.1603
 24.4745
 24.4745
 26.1916
 29.1719
 36.8782
 39.3319
 14.7648
 23.4521
 23.4521
 34.8712
 26.1534
 29.5804
 21.8403
 24.4131
 33.0151
 42.9069
 24.6374
 30.3974
 30.3974
 0
 0
 26.2488
 30.7083
 30.7083
 31.289
 31.289
 15.1327
 30.2655
 28.3196
 26.0576
 31.4802
 31.4802
 23.3666
 26.2869
 36.7696
 36.7696
 23.7065
 24.5561
 25.5539
 19.975
 24
 21.9773
 19.2614
 18.6548
 20.1246
 17.72
 17.72
 0
 17.8045
 15.6525
 22.1585
 20.347
 20.2237
 20.2237
 22.5832
 20.3224
 22.1359
 14.7309
 14.7309
 14.7309
 29.5466
 33.0606
 16.7033
 27.8388
 27.8388
 31.1448
 31.1448
 7.28011
 29.6142
 14.3527
 28.688
 27.7849
 28.7576
 2.64575
 27.2397
 25.219
 30.4138
 28.2666
 24.4949
 19.975
 30.7571
 8.544
 25.3574
 25.8263
 22.5832
 4.24264
 16.5831
 22.9565
 24.6982
 21.8403
 29.3939
 9.64365
 7.68115
 25.1794
 25.1794
 25.1794
 0
 29.4788
 9.32738
 17.6918
 21.7715
 8.544
 22.6716
 15.4919
 15.4919
 15.9374
 5.47723
 23.2809
 26.9258
 19.5192
 19.5192
 4.89898
 25.2785
 25.2785
 15.3948
 18.7083
 5.74456
 27.1477
 18.4662
 18.4662
 14.9666
 0
 6.32456
 6.32456
 19.975
 21.4476
 14.5258
 33.0454
 22.6053
 8.18535
 30.4302
 23.8956
 21.7486
 21.7486
 36.2905
 9.21954
 23.4734
 31.496
 20.8327
 20.8327
 0
 4.79583
 30.348
 31.8434
 22.9783
 29.5635
 23.0868
 23.1084
 8.544
 29.8496
 28.7924
 27.5681
 17.1172
 28.688
 11.0905
 31.3528
 22.2711
 26.7955
 26.2869
 26.0576
 33.8378
 12.5698
 25.1992
 24.454
 30.7083
 23.4307
 15.6844
 21.6795
 25.8263
 23.622
 25.3772
 21.8174
 26.4008
 27.2397
 0
