 7.34847
 8.77496
 10.4403
 12.0416
 11.3137
 9.53939
 6.32456
 5.09902
 3.74166
 4.47214
 6.245
 5.47723
 8.48528
 6.85565
 6.55744
 6.32456
 8.66025
 9.48683
 7.74597
 7.74597
 6.9282
 6.9282
 6.08276
 2.82843
 5.74456
 6
 7
 6.55744
 5.09902
 6.9282
 4.58258
 5.47723
 6.245
 6.9282
 4.24264
 3.31662
 7.2111
 6.32456
 4.3589
 4.24264
 8.94427
 8.66025
 5.19615
 2.44949
 7.81025
 7.34847
 5.47723
 4.24264
 9.48683
 4.3589
 6.48074
 5.74456
 10.4881
 3.4641
 5.09902
 6
 5
 4.69042
 6
 4.24264
 0
 5.74456
 0
 5.38516
 7.81025
 0
 8.12404
 5.19615
 5.19615
 7.34847
 5.19615
 7.93725
 6.245
 8
 4.3589
 7.81025
 4.24264
 8.60233
 5
 7.74597
 6.32456
 6.08276
 8.60233
 6.9282
 7.68115
 6.9282
 8.94427
 6.9282
 8.66025
 7.81025
 6.9282
 7.28011
 8.18535
 10.9087
 3.4641
 10.3441
 4.3589
 9.53939
 5.38516
 6.85565
 7.93725
 7.2111
 7.93725
 6.85565
 7.34847
 6.9282
 0
 7.74597
 7.68115
 8
 7.81025
 8.60233
 7.81025
 8.83176
 4.47214
 7.81025
 6
 8.66025
 6
 7.81025
 6
 6.08276
 8
 6.9282
 6.9282
 7.74597
 7.74597
 7.81025
 7.14143
 7.81025
 7.81025
 9.53939
 9.48683
 7.81025
 7.81025
 8.66025
 6.85565
 8.66025
 7.28011
 8.83176
 5
 7.81025
 6.55744
 7.74597
 7.93725
 10.6301
 7.74597
 9
 7
 9.64365
 7.93725
 8.18535
 10.3923
 9.53939
 8.66025
 8.66025
 8.66025
 7.87401
 6.08276
 6.9282
 9
 7.81025
 7.74597
 7.81025
 6.9282
 8.66025
 7.74597
 7.74597
 10.4403
 8.18535
 7
 10.3441
 9.53939
 11.225
 10.4881
 9.53939
 10.3923
 9.48683
 10.3923
 8.7178
 6.85565
 7.81025
 8.66025
 7.81025
 9.48683
 7.74597
 7.74597
 8
 9.48683
 8.66025
 10.6771
 10.6771
 8.7178
 9.53939
 9.69536
 10.3923
 8.66025
 3.4641
 8.66025
 9.53939
 9.53939
 10.4403
 7.74597
 6.9282
 11.3137
 7.81025
 6.9282
 6.9282
 7.74597
 9.53939
 8.66025
 7.87401
 11.225
 8.66025
 9.53939
 9.53939
 8.66025
 7.81025
 7.87401
 9.53939
 11.225
 9.48683
 7.81025
 9.69536
 8.18535
 7.81025
 8.66025
 6.9282
 6.9282
 9.53939
 7.74597
 8.7178
 8.66025
 7.81025
 9.48683
 9.53939
 7.87401
 10.6301
 11.2694
 9.59166
 11.225
 11.2694
 10.3441
 11.225
 8.66025
 8
 6.9282
 8.60233
 6.9282
 7.81025
 6.9282
 10.4881
 7.74597
 10.3441
 10.3923
 7.81025
 10.3441
 11.2694
 11.225
 9.53939
 7.87401
 9.48683
 12.0416
 11.7473
 7.87401
 8.18535
 10.3923
 7.81025
 6.9282
 6.08276
 6.08276
 7.81025
 6.9282
 7.81025
 7.81025
 7.81025
 10.3923
 8.66025
 10.4403
 9.53939
 10.3923
 8.66025
 8.66025
 9.53939
 8.66025
 9.48683
 8.66025
 6.08276
 6.9282
 8.18535
 6
 6.55744
 7.74597
 9.48683
 7.81025
 7.81025
 7.81025
 7.81025
 9.53939
 7.81025
 9.53939
 10.4403
 11.2694
 7.81025
 10.4403
 7.81025
 8.66025
 6.85565
 7.93725
 8.66025
 7.61577
 6
 9.84886
 6.08276
 6.9282
 6.9282
 5.19615
 6.08276
 7.81025
 7.81025
 7.74597
 11.2694
 6.9282
 11.2694
 7.81025
 7.14143
 8.66025
 8.66025
 8.83176
 10.3441
 9.53939
 7.81025
 7.74597
 8.77496
 8.66025
 11.7047
 7.07107
 7.93725
 7.74597
 6
 5.19615
 9.59166
 9.59166
 6.9282
 8.66025
 6.08276
 9.53939
 0
 7.81025
 8.66025
 6.9282
 9.59166
 6.9282
 7.14143
 8.66025
 6.9282
 9.64365
 5.74456
 9.53939
 7.81025
 7.74597
 6.245
 7.81025
 7.81025
 8.66025
 7.07107
 7
 7.81025
 7.14143
 9.48683
 4.3589
 7.81025
 7.4162
 9
 6.08276
 11.2694
 7.68115
 1.41421
 6.08276
 6.9282
 12.083
 3.4641
 6.9282
 8.66025
 6
 0
 6.08276
 9.48683
 5.19615
 6.9282
 7.81025
 5.19615
 10.3441
 5.19615
 7.81025
 6.85565
 6.9282
 7.93725
 7.68115
 6.08276
 9.53939
 6.9282
 6.9282
 8.66025
 10.3923
 5.19615
 6.9282
 9.05539
 3.4641
 5.19615
 7.81025
 7.74597
 2.44949
 2.44949
 8.66025
 7.14143
 4.3589
 4.3589
 6.08276
 8.66025
 6
 6
 5.19615
 8.77496
 6.08276
 0
 8.66025
 2.64575
 6.245
 0
 6
 7.34847
 7.74597
 0
 7.74597
 10.3923
 6.245
 6.245
 8.83176
 5.19615
 4.3589
 7.74597
 7.74597
 5.09902
 7.74597
 5.47723
 7.74597
 7.81025
 3.4641
 6.16441
 6.16441
 6.08276
 7
 6.9282
 0
 7.81025
 3.4641
 10.3923
 3.74166
 0
 8
 8.83176
 1.41421
 3.4641
 7.34847
 10.3441
 3.4641
 6.08276
 0
 6.32456
 7.81025
 5.09902
 6.85565
 7.81025
 3.4641
 6.08276
 7.81025
 6.85565
 6.245
 5.09902
 6.55744
 5.09902
 7.74597
 5.19615
 6.9282
 5.09902
 7.87401
 4.3589
 6.9282
 6.9282
 4.24264
 2.44949
 3.4641
 6.9282
 6.9282
 2.44949
 6.85565
 5.19615
 6.9282
 5.09902
 3.4641
 5.09902
 7.81025
 6.85565
 1.41421
 1.73205
 9.53939
 7.07107
 2.44949
 5.09902
 1.41421
 7
 6.08276
 6.08276
 1.73205
 6.9282
 7.34847
 7.81025
 1.73205
 8.12404
 6.9282
 4.24264
 6.9282
 6.63325
 8
 6.85565
 6.9282
 6
 6.08276
 4.3589
 4.24264
 2.23607
 6.9282
 6.9282
 4.3589
 0
 1.41421
 6.9282
 4.24264
 6.9282
 2.82843
 0
 6.9282
 8.66025
 1.73205
 4.24264
 0
 5.19615
 5.19615
 2.44949
 4.24264
 2.44949
 0
 8.60233
 6
 4.3589
 1.41421
 3.4641
 3.4641
 3.4641
 5.19615
 7.81025
 1.73205
 1.73205
 0
 0
 6.55744
 8.66025
 6.08276
 6
 6.85565
 4.3589
 7.34847
 6.9282
 4.3589
 5.38516
 6.9282
 4.69042
 5.19615
 3.31662
 5.19615
 6.08276
 6.08276
 8
 2.44949
 4.79583
 5.19615
 6.85565
 2.44949
 1.41421
 3.60555
 0
 7.81025
 5.19615
 6
 0
 1.73205
 6.9282
 5.09902
 4.3589
 0
 0
 5.19615
 6.55744
 3.31662
 2.44949
 0
 6
 5.19615
 3.4641
 2.44949
 0
 0
 7.81025
 5.19615
 1.73205
 0
 0
 7.07107
 5.19615
 1.73205
 5.09902
 3.31662
 0
 0
 5.19615
 7.14143
 6
 6.9282
 4.24264
 2.44949
 6.85565
 6.08276
 5.74456
 2.82843
 4.24264
 5.74456
 3.4641
 5.19615
 4.3589
 5.19615
 5.19615
 4.24264
 4.47214
 1.41421
 1.41421
 6.245
 3.4641
 1.73205
 1.73205
 1.41421
 0
 2.44949
 3.4641
 6.08276
 0
 2.44949
 3.4641
 1.73205
 2.44949
 2.44949
 0
 0
 5.19615
 4.12311
 2.44949
 4.24264
 1.41421
 1.41421
 4.24264
 6
 7
 2.44949
 0
 0
 7.93725
 4.3589
 7.81025
 4.47214
 2.44949
 2.23607
 7
 4.3589
 1.73205
 2.44949
 9.48683
 2.44949
 5.19615
 6
 7.81025
 3.4641
 2.64575
 2.44949
 6
 5.19615
 6
 7.81025
 3.87298
 3.87298
 0
 0
 6
 5.19615
 6.08276
 5.47723
 9.53939
 0
 3.4641
 4.24264
 4.58258
 8.66025
 3.31662
 0
 5.56776
 5.09902
 7.93725
 0
 1.41421
 0
 2.44949
 7.74597
 1.41421
 4.58258
 2.82843
 1.41421
 0
 9.84886
 3
 0
 3.4641
 0
 0
 5.09902
 7.74597
 3.31662
 0
 0
 1.73205
 5.09902
 6.9282
 3.31662
 4.24264
 0
 0
 0
 7.74597
 4.3589
 6.9282
 3.4641
 6.16441
 0
 3.4641
 8.77496
 3.4641
 0
 5.19615
 2.23607
 4.24264
 8.66025
 0
 3.31662
 4.47214
 0
 4.3589
 4.24264
 0
 2.44949
 0
 2.44949
 1.73205
 0
 4.24264
 1.73205
 6.9282
 5.09902
 0
 2.44949
 1.41421
 0
