 5.19615
 3.4641
 6
 6.32456
 9.21954
 4.58258
 6.85565
 10.3923
 4.3589
 6.9282
 3.31662
 9.53939
 3
 4.12311
 2.82843
 1.73205
 1.73205
 3.31662
 2.44949
 0
 5.2915
 0
 10.3923
 8.18535
 5.56776
 8.66025
 4.69042
 3.74166
 9
 3.4641
 6.9282
 3.4641
 5.19615
 3.87298
 7.81025
 7.81025
 4.12311
 5.65685
 7.74597
 7.28011
 4.24264
 1.73205
 7.74597
 10.3923
 2.44949
 3.74166
 6.9282
 6.48074
 0
 6.48074
 7.87401
 4.24264
 0
 5.56776
 5.19615
 5.74456
 5.19615
 3.87298
 6.32456
 1.41421
 1.41421
 7.34847
 7.34847
 7.34847
 2.44949
 2.44949
 5.74456
 5.38516
 5.38516
 6.7082
 6
 5.2915
 7.93725
 1.73205
 7.74597
 1.73205
 5.19615
 3.4641
 4.3589
 5.38516
 5.19615
 6
 4.24264
 7
 1.73205
 7.07107
 4.24264
 6.245
 3.31662
 4.58258
 2.44949
 1.73205
 3.74166
 3
 6.08276
 0
 5
 2.44949
 6.32456
 5.19615
 3.4641
 4.24264
 5.2915
 8.18535
 5.19615
 8.12404
 8.12404
 6.48074
 0
 4.47214
 5.56776
 6.245
 3.4641
 6
 7.14143
 6.7082
 5.19615
 6.63325
 6.55744
 9.05539
 7.34847
 6
 6.08276
 5.19615
 7.28011
 6
 6.9282
 7
 4.24264
 9.38083
 0
 7.74597
 0
 6.245
 1.73205
 4.69042
 6.08276
 8.544
 6.245
 7.28011
 6.9282
 8.7178
 5.19615
 11.5326
 8.48528
 4.24264
 10.0995
 2.82843
 9.84886
 2.44949
 10.4403
 0
 8
 5.38516
 5.74456
 9.38083
 6.245
 9.32738
 7.74597
 6.9282
 9.84886
 8.544
 7
 7.81025
 8.88819
 9.16515
 9.79796
 13.1529
 7.34847
 8
 10.5357
 10.7238
 6.63325
 10.3441
 6.48074
 8.48528
 9.79796
 8.83176
 9.84886
 9.8995
 9.64365
 11.5758
 7.68115
 7.74597
 11.3578
 11.225
 10.4881
 11.5758
 10.6771
 12.083
 10.9545
 9.64365
 12.53
 5.56776
 8
 9.27362
 10.7703
 10.0995
 11.6189
 9.79796
 7.14143
 13.1149
 8.544
 9.16515
 11.4455
 8
 10.5357
 10.5357
 9.79796
 8.544
 9.05539
 1.73205
 9.38083
 9.84886
 8.66025
 12.0416
 9.74679
 9.79796
 10.0995
 9.64365
 9.64365
 9.43398
 13.1909
 8.83176
 11.2694
 11.4891
 9
 11.2694
 10.198
 7.93725
 13.1909
 12
 11.7898
 11.6619
 12.4097
 9.8995
 8.77496
 10.9545
 8.18535
 9.64365
 12.083
 9.32738
 8.544
 10.5357
 11.6189
 10.8167
 10.9087
 9.64365
 10.4403
 11.1803
 11.2694
 7
 10.8628
 11.225
 12.8062
 12
 9.69536
 9.8995
 9.32738
 11.3578
 9.16515
 12.8452
 8.18535
 10.5357
 10.5357
 11.225
 8
 9.69536
 9.05539
 9.79796
 11.225
 8.12404
 11.0905
 8.60233
 12.0416
 10.9087
 10.9545
 9.69536
 8.83176
 9.64365
 10.583
 9.16515
 10.8167
 10.5357
 11.225
 11
 11.6189
 12.3288
 11.225
 10.0995
 12.3693
 9.84886
 13.1909
 9.27362
 13.5277
 9.84886
 10.4403
 10.5357
 8.66025
 12
 12.2882
 10.5357
 9.69536
 11.6189
 11.0905
 13.1149
 11.7473
 11.6189
 11
 11
 10.0995
 8.94427
 12.0416
 10.3923
 9.32738
 11.2694
 10.3923
 8.12404
 9.79796
 9.79796
 11.0454
 12.4097
 12.53
 15.2971
 11.0454
 12.9615
 10.8628
 18.1384
 10.0499
 8.12404
 7.93725
 13.1909
 12.53
 13.4536
 10.7703
 11.4018
 11.0454
 15.9374
 13.1909
 11.7473
 9.8995
 8.83176
 8.83176
 11.7898
 15.6205
 12.6095
 11.1355
 11.1355
 12.0416
 12.8062
 12.2474
 10.583
 13.7113
 13.1909
 8.60233
 9.32738
 11.2694
 10.6301
 9.8995
 8.24621
 8
 9.38083
 11.0454
 8.60233
 7.68115
 8.544
 10.583
 10.0499
 9
 8.94427
 8.06226
 7.4162
 10.0995
 10.0499
 8.66025
 8.88819
 11.7473
 0
 8.66025
 10.4403
 7.81025
 7.74597
 5.38516
 13.1529
 9.32738
 9.32738
 12.3288
 12
 11.6619
 11.7473
 13.9642
 14.7648
 9.8995
 17.1464
 12.3288
 7.87401
 14.6969
 15.906
 7.28011
 7.14143
 10.5357
 15.906
 11.3137
 12.8841
 5.47723
 11.6619
 14.4222
 8.66025
 10.8167
 4.89898
 12.8062
 12
 12.49
 12.49
 10.8628
 14
 8.60233
 8.60233
 10.5357
 13.9642
 7.28011
 7.28011
 11.6189
 11.2694
 10.5357
 10.5357
 12.8452
 14.2478
 12.3693
 12.3693
 11.7047
 14.7986
 11.3137
 11.3137
 5.09902
 10.4403
 11.2694
 13.7477
 11.5758
 15.843
 12.49
 14
 12.8062
 12.7671
 8.544
 7.74597
 11
 12
 12.3288
 8
 8
 11.0905
 12.7279
 12.2882
 10.3441
 9.8995
 11.7473
 11.6619
 9.21954
 9.21954
 10.5357
 11.3578
 10.6301
 17.0294
 14
 11.3137
 10.0499
 9.64365
 9.64365
 13.2288
 12.4097
 11.1355
 6.9282
 15.4919
 14.1067
 12.53
 9.64365
 12.49
 14.0357
 11.7473
 8.12404
 14.2478
 9.21954
 9.84886
 13.4164
 13.2665
 11.0905
 11
 17.4356
 13.5277
 8.12404
 11.1355
 12.2474
 11.6619
 10.4403
 10.583
 13.1529
 16.0935
 11
 12.0416
 12.8452
 13.9642
 12.3693
 10.4403
 12.49
 10.583
 10.9545
 13.2288
 10.4881
 7.4162
 14.1421
 7.87401
 9.32738
 6.63325
 12.7279
 12.8452
 9.38083
 9.38083
 12.3693
 13.5277
 10.5357
 10.4881
 11.7473
 11
 10.4403
 13.5647
 6.9282
 13.2288
 9.16515
 11.0454
 12.2882
 13.5277
 10.0499
 14.2478
 11
 13.6748
 12.9615
 13.2288
 11.0905
 9.79796
 11.0905
 12.2882
 11.6619
 9.32738
 13.7113
 12.2882
 12.9615
 12.8841
 11.7473
 10.8628
 9.8995
 13.1909
 10.4881
 12.9228
 8.83176
 15.3948
 12.9615
 9.84886
 12.2474
 0
 15.5885
 12.0416
 12.2882
 12.5698
 13.9284
 0
 11
 7.48331
 9.8995
 10.4403
 8
 12.8452
 12.4499
 8.18535
 11.7898
 12.49
 10.4881
 14
 12.3288
 12.083
 10.9545
 14.3875
 10.4403
 11
 13.7113
 9.84886
 14.6287
 9.27362
 13.0384
 8.544
 11.7047
 0
 9.84886
 13.5277
 12.3288
 9.74679
 9.21954
 10.4403
 11.6619
 12.5698
 13.5647
 12.3693
 10.3923
 12.8452
 13.5277
 10.4403
 13.6748
 11.1355
 12.2882
 11.7473
 11.0905
 13.6748
 13.6748
 9.8995
 15.2971
 14.6629
 15.1327
 13.2288
 12.0416
 12.2882
 12.8452
 13.2665
 9.84886
 0
 0
 10.4403
 10.3923
 10.3923
 9.64365
 9.64365
 11.0454
 9.84886
 11.225
 8.66025
 11.6189
 10.4403
 11.1355
 12.9615
 15.6205
 11.0905
 10.4881
 12.2882
 16.1555
 11.2694
 14
 11.7047
 12.4097
 15.4272
 14.3875
 12.8841
 13.6748
 0
 10.4403
 11.0905
 8.544
 13.6748
 13.5647
 14.1774
 12.2474
 11.6189
 12.9228
 10.4403
 0
 12.3693
 13.4536
 12.3288
 13.2288
 12.9228
 12.9228
 11.6619
 12.2882
 2.44949
 15.3297
 12.2882
 12.8062
 10.5357
 9.84886
 3.60555
 12.49
 15.9687
 14.2478
 14.6629
 12.4097
 15.3948
 15.9687
 2.82843
 13
 12.9228
 10.583
 1.73205
 12.9228
 11.0905
 10.4403
 9.8995
 9.79796
 13.2288
 1.73205
 12.2066
 0
 13.1909
 0
 10.4403
 13.6748
 10.4403
 10.4403
 0
 13.1529
 14.8324
 12.0416
 13.6748
 3.4641
 12.53
 11.6619
 12.3288
 12.8841
 4.89898
 12.4097
 12.8841
 13.6748
 13.5277
 4.24264
 12.1244
 13.2665
 14.6629
 12.2882
 0
 4.24264
 12.083
 14.3527
 15.5563
 11.6619
 12.1244
 14.7309
 4.24264
 13.2288
 12.8062
 10.4403
 13.9642
 14.3875
 1.41421
 14.2127
 13.9284
 9.84886
 13.5647
 0
 4.24264
 11.7898
 9.21954
 15.3297
 9.79796
 10.6301
 11.7473
 3.74166
 13.5647
 15.1658
 10.4403
 10.583
 13.1529
 4.47214
 13.5277
 9.74679
 11.6619
 14.4222
 13.5647
 9.84886
 13
 9.84886
 13.7113
 11.0454
 14.1421
 9.84886
 12.0416
 14.7309
 9.74679
 13
 10.4403
 12.3288
 12.9228
 0
