 12.9228
 26.8142
 16.8523
 9.21954
 22.6274
 13.1909
 11.8322
 4.89898
 14.7648
 9.69536
 16
 9.21954
 18.6011
 24.2074
 17.8606
 17.1464
 13.9642
 17.5214
 12.3288
 11.0905
 12.3693
 12.4097
 21.0238
 15.0333
 18.3303
 13.8203
 14.3178
 10.5357
 10.0499
 12.2882
 12.1244
 9.79796
 11.7473
 15.906
 17.4929
 10.1489
 19.975
 16.2481
 17.6068
 9.8995
 19.0526
 19.6977
 19.2614
 9.32738
 19.6469
 17.8606
 5.19615
 18.412
 15.3948
 18.4662
 2.44949
 19.4679
 12.3288
 16.7929
 9.84886
 13.8924
 15.906
 17.6635
 13.8924
 15.906
 15.906
 13.1529
 13.1529
 15.0997
 11.0454
 11.0454
 17.0587
 6.08276
 6.08276
 16.7033
 8.83176
 19.105
 6.9282
 19.7737
 7.87401
 15.4272
 9.84886
 16.8226
 9.48683
 13.2288
 10.4403
 13.8924
 15
 17.5214
 18.5472
 14.8324
 18.303
 13.8924
 10.6301
 17.088
 9.79796
 9.69536
 14.7309
 20.3224
 12.9615
 16.1555
 8.83176
 15.843
 9
 12.2066
 14.2127
 15.3297
 14
 17.3205
 12.9228
 18.1934
 18.1934
 16.4621
 14.4222
 11.0905
 18.9737
 18.5742
 10.4403
 19.7231
 9.64365
 19.6723
 12.5698
 16.0935
 10.8628
 16.6733
 10.1489
 12.1655
 16.8819
 14.1067
 17.4642
 14.7309
 20.8567
 16.5529
 12.3693
 19.4422
 16
 24.1039
 15.9687
 23.9374
 12.49
 22.7596
 12.1655
 19.0788
 10.4403
 19.0788
 9.84886
 21.9545
 9.59166
 21
 16.4924
 17.0587
 22.7156
 17.7482
 20.0499
 16.5227
 25.0599
 17.1172
 22.6716
 22.7596
 15.0997
 24.1868
 14.0357
 23.622
 13.8924
 14.1421
 23.4094
 22.383
 14.9332
 13.0384
 21.095
 18.1934
 20.8327
 24.3516
 21.3542
 20.3715
 20.4206
 27.1662
 20.9762
 27.6225
 21.0476
 22.1585
 27.0555
 21.7025
 22.4722
 24.1454
 24.1454
 22.8035
 11.6619
 18.5472
 21.1424
 20.9045
 20.9762
 23.0868
 24.1661
 22.3607
 23.1084
 25.02
 29.9165
 20.2485
 25.7876
 27.1662
 25.7682
 18.2757
 25.7682
 23.8328
 17.0587
 26.0384
 20.2731
 11.6619
 23.6643
 12.49
 19.7737
 21.7945
 19.9499
 21.4476
 23.2164
 23.2164
 22.2486
 22.8254
 21.7945
 26.8328
 26.5707
 24.5561
 26.7955
 23.4094
 24.3311
 23.622
 26.3249
 24.8797
 24.7588
 21.2838
 18.7083
 19.3132
 23.8537
 17.088
 25.3772
 23.4947
 25.2389
 24.2074
 26.6458
 28.4605
 28.8791
 25.2587
 24.4745
 27.1477
 31.5436
 26.9258
 23.3452
 25.7488
 24.5764
 23.9374
 24.4949
 16.7033
 23.1517
 15.843
 23.4947
 16.7332
 22.8254
 24.4336
 22.8035
 27.2213
 25.923
 23.6008
 24.2899
 28.8617
 22.1359
 28.931
 22.561
 25.807
 23.6432
 25
 18.6011
 22.7596
 14.5602
 15.6525
 24.3516
 11.225
 21.7486
 9
 23.6008
 26.0192
 23.6854
 27.2397
 28.8271
 23.1084
 28.6705
 23.0868
 21.7715
 26.4953
 23.8747
 25.5539
 23.0868
 22.7816
 22.3159
 21.7486
 25.219
 13
 25.2785
 17.8606
 29.1548
 21.9545
 26.4575
 22.8035
 26.6083
 24.6982
 30.3645
 18.0831
 23.2809
 25.6515
 23.0217
 23.0217
 21.1187
 21.1187
 23.1084
 25.2982
 25.2982
 19.2354
 19.2354
 20.8327
 20.8327
 26.1916
 19.9249
 19.9249
 20.7364
 20.7364
 21.8174
 27.1477
 24.3311
 28.2312
 18.6815
 22.1359
 20.4695
 33.8083
 20.9762
 26.9629
 19.4165
 28.5132
 23.1301
 27.6043
 23.6643
 28.0713
 21.9545
 25.2785
 21.7945
 21.7945
 21.7945
 21.8861
 21.8861
 12.2882
 24.5967
 24.5967
 11.2694
 11.2694
 11.2694
 27.4591
 27.7308
 25.8457
 27.258
 27.258
 18.6011
 14.1067
 27.9285
 27.9285
 23.0434
 28.3373
 21
 19.8494
 22.5167
 24.0416
 21.1424
 21.7486
 22.8035
 23.8956
 23.8956
 22.9347
 22.9347
 23.388
 23.388
 22.2935
 16.7631
 27.5318
 21.4942
 21.4942
 18.9737
 14.9332
 14.9332
 20.1742
 22.8692
 21.4942
 19.2614
 19.2614
 26.9629
 24.1039
 17.5214
 23.6432
 26.7769
 25.7488
 24.1868
 29.1204
 22.7596
 22.7596
 29.4958
 21.7715
 17.3781
 17.3781
 25.02
 28.6356
 20.9284
 24.3516
 24.0208
 22.9783
 26.096
 22.9129
 26.9258
 26.9258
 23.8956
 20.025
 28.3901
 28.3901
 26.0192
 23.6643
 23.1084
 23.1084
 22.2711
 26.0384
 16.6733
 16.6733
 16.5831
 21.3542
 22.8254
 22.8254
 25.5734
 19.2094
 15.1658
 15.1658
 15.1658
 22.2935
 23.4307
 23.4307
 17.8326
 23.7276
 21.2132
 29.8329
 24.1454
 29.9666
 15.5242
 24.8596
 26.9444
 24.6374
 15.1658
 11.7473
 23.4521
 24.1661
 23.622
 13
 13
 23.0651
 22.891
 24.1868
 19.0526
 19.5192
 22
 24.8998
 23.1948
 23.1948
 25.2389
 22.7816
 22.7816
 22.7816
 24.5967
 24.1868
 15.6844
 21.4709
 21.4709
 25.2982
 22.9347
 23.1301
 18.9737
 26.096
 22.9783
 26.5141
 24.3311
 23.5584
 26.2869
 21.7486
 16.7033
 28.2666
 23.3666
 13.7113
 29.7153
 20.8806
 21.4476
 19.975
 19.975
 20.0499
 17.4642
 22.6716
 24.3721
 20.8327
 20.3224
 22.6053
 28.7228
 27.1662
 24.1868
 24.1868
 32.3265
 24.2899
 22.7816
 22.7816
 22.7816
 22.7816
 24.5561
 18.6011
 24.8797
 20.8806
 19.105
 16.6733
 21.7025
 16
 16.8226
 22.2036
 20.3224
 21.4709
 20.199
 21.1424
 21.1424
 22.3383
 19.5448
 19.799
 21.7945
 28.8791
 24.3105
 24.2693
 22.8035
 21.7486
 23.1948
 17.4642
 24.4949
 22
 22.2486
 8
 14.5258
 22.6274
 21.7256
 21.9773
 25.6905
 20.0749
 18.9737
 22.2711
 26.1534
 29.7825
 23.5797
 20.0749
 20.347
 28.8097
 28.8097
 28.8097
 27.1477
 24.0208
 29.9833
 21.9545
 21.7025
 21.7025
 21.9317
 0
 26.9815
 23.3666
 25.9037
 25.9037
 25.9037
 0
 21.7715
 20.2237
 22.5832
 21.7025
 16.5529
 20.7846
 23.3666
 19
 19
 18.2483
 20.3224
 21.7715
 20
 24.0624
 24.0624
 19.105
 17.3781
 21.7715
 21.7715
 20.2978
 25.7682
 16.5831
 27
 27
 27
 27
 18.303
 49.5379
 22.6495
 13.6748
 27.4226
 15.6525
 21.1187
 14.7648
 29.2062
 23.0651
 20.0499
 20.8327
 21.7945
 24.3105
 23.6432
 21
 21.2132
 28.7228
 20.3715
 24.8395
 0
 20.2237
 20.2237
 19.1311
 27
 24.1661
 21.5407
 21.5407
 21
 21
 13.9642
 13.9642
 0
 17.0294
 18.2483
 0
 18.0555
 0
 28.0179
 17.4929
 21.7025
 19.5448
 6.78233
 16
 12.1655
 15.7162
 33.6006
 21.4476
 21.2838
 21.2838
 29.6816
 21.7256
 21.8174
 17.5499
 19.6723
 26.2298
 23.2809
 23.2809
 25.6905
 25.6905
 24.3105
 21.4942
 21.4709
 21.4243
 25.2785
 16.6433
 13.9284
 21.7256
 27.8568
 20.8567
 0
 20.445
 27.0185
 24.6982
 28.3196
 28.3196
 0
 20.6882
 20.6882
 16.6733
 29.3769
 23.6643
 23
 25.219
 19.6469
 16.5831
 16.5831
 28.6531
 25.0599
 17.4642
 19.0263
 27.9821
 26.3439
 15.3297
 28.0713
 20.8327
 19.5192
 16.0935
 24.4131
 17.0587
 20
 21.9773
 13.1909
 25.1992
 14.2478
 24.1661
 0
 0
 0
 30.3315
 25.1595
 21.7715
 20.6398
 13.5277
 23.6643
 21.2603
 19.2354
 19.6723
 15.9374
 28
 22.5389
 29.9833
 27.9643
 16.3095
 21.587
 29.8831
 19.975
 24.8596
 16.7929
 21.3073
 30.282
 29.189
 29.189
 29.189
 15.6525
 28.6705
 24.8395
 33.7046
 22.9565
 22.9565
 34.9857
 15.1327
 20.2237
 20.2237
 23.1301
 23.1301
 7.87401
 14.8661
 35.426
 9.8995
 9.8995
 9.8995
 0
 15.9687
 15.9687
 17.7482
 32.7109
 20.5913
 20.9045
 20.9045
 16.5529
 27.5862
 31.8591
 13.8924
 20.3224
 20.3224
 15.906
 28.3196
 28.3196
 18.1384
 28.9137
 18.3848
 18.3848
 19.8242
 19.8242
 28.8964
 19.0526
 22.6053
 25.3574
 25.3574
 30.8058
 22.8254
 22.8254
 20.9045
 29.8329
 29.8329
 29.8329
