 10.9545
 7.34847
 12.49
 16.6433
 8.66025
 14
 13.2665
 15.5885
 8.24621
 11.2694
 9.64365
 14.0357
 10.4881
 3.31662
 7.81025
 6.9282
 9.84886
 6.08276
 10.3923
 8.66025
 12.2066
 7.87401
 15.1327
 10.4403
 9.59166
 13.7113
 11.2694
 9.53939
 14.2829
 10.3923
 11.4018
 8.66025
 11.4018
 10.3923
 10.0995
 11.225
 10.4403
 11.2694
 8.94427
 11.2694
 12.083
 10.3923
 8.94427
 12.4097
 10.4403
 10.3923
 12.3288
 7.4162
 9.53939
 8.48528
 14.4568
 4.69042
 11.5758
 7.34847
 10.3923
 11.3578
 10.1489
 6.63325
 12.1244
 5.47723
 5.47723
 12.1244
 12.1244
 12.1655
 10.3923
 10.3923
 13.0384
 10.583
 6
 12.3288
 11.2694
 12.9615
 14.2478
 9.59166
 12.1244
 9.59166
 9.74679
 11.5326
 9.05539
 13.0767
 11.5758
 12.1655
 12.7279
 13.2665
 9.32738
 13.8564
 4.89898
 13.0767
 12.083
 12.1655
 9.53939
 9
 11.3137
 12.1655
 9.59166
 11.2694
 9.38083
 10.1489
 11.7898
 12.2066
 11.225
 11.4455
 13.4164
 14.4914
 12.5698
 14.2829
 14.2829
 14.0712
 8.12404
 12.53
 12.083
 11.6189
 11.2694
 13.2288
 11.7473
 13.1909
 11.4018
 14.7309
 12.6491
 15.843
 13.4164
 12.2474
 13.6015
 12.1655
 13.1909
 13.6748
 14.1067
 14.1421
 11.5326
 14.7648
 8.77496
 14.7648
 10.3923
 12.083
 9.59166
 11.3137
 13
 15.5242
 13.6748
 14.1774
 11.5758
 12.8841
 11.7898
 16.5831
 15.7162
 13.8924
 14.2127
 11.3137
 14.7986
 12.2474
 14.4568
 9.05539
 14
 13.4164
 13.9642
 16.3095
 14.9332
 15.6525
 13.8924
 13.8924
 16.5831
 14.2829
 14.7986
 15.6205
 13.7113
 16.7332
 15.8745
 17.7482
 14
 13.4907
 15.6525
 16.6433
 14.4914
 15.4272
 13.7113
 15.1987
 16.0935
 14.2127
 16.6733
 15.3948
 13.7113
 16.6433
 14.3527
 12.8062
 16.5831
 16.3401
 16
 15.6525
 16.5529
 17.2337
 15.8745
 13.9642
 16.5529
 14
 12.8452
 15.906
 16.3401
 8.12404
 17.8606
 16
 16
 18.4391
 13.7477
 14.7648
 18.3848
 14.7309
 14.2478
 15.6525
 15.4919
 15.1987
 14.2478
 6.08276
 18.2209
 14.7648
 16.2788
 17.3781
 15.2643
 15.5242
 15.6844
 16.3095
 16.1245
 16.7033
 17.2627
 15.3623
 17.8326
 15.2971
 14.7986
 15.3297
 14.7309
 13.6748
 17.7764
 17.5499
 16.5529
 16.1864
 18.0555
 15.4596
 12.4097
 15.9374
 15.5242
 16.3707
 16.5831
 16.6733
 15.9374
 17.2337
 17.3205
 17.2047
 15.3623
 16.0624
 15.2971
 16.5529
 16.6433
 15.9374
 16.1245
 18
 19.0526
 16.8819
 17.1172
 16.8819
 16.6733
 15.3948
 15.5563
 18.4391
 18.1934
 19
 16.8226
 17.8326
 14.9332
 14.1421
 13.4907
 14.4568
 14.6969
 14
 16.8523
 15.5563
 17.3781
 16.1555
 17.4069
 16.1555
 15.4919
 16.3707
 16.5831
 15.906
 16.8226
 15.3623
 17.5499
 17.1756
 17.8606
 16.5529
 16.0935
 17.2047
 15.906
 16
 17.7482
 15.5885
 17.8045
 15.906
 15.4272
 16.3401
 13.5647
 17.3494
 17.2337
 18.2209
 17.4929
 16.6733
 19.4165
 18.303
 17.8326
 16.5529
 16.5529
 16.5831
 17.1464
 13.5647
 19.6469
 15.5885
 13.5647
 15.6525
 14.4568
 13
 16.3401
 32.6497
 17.4356
 20.5183
 17.9165
 22.0907
 17.088
 19.105
 16.4012
 22.2261
 15.5242
 14.7309
 16.4924
 18.412
 18.0831
 19.105
 15.3948
 19.6214
 17.2916
 21.5407
 18.3848
 16.0935
 13.7477
 15.3297
 21.4476
 16.8523
 17.5784
 16.1245
 19.2614
 19.2614
 16.5831
 18.6011
 18.0278
 17.5214
 19.0788
 19
 14.4568
 14.1421
 17.5214
 11.0454
 17.4929
 13.0767
 11.7898
 14.7648
 17.4642
 15.1658
 13.9642
 14.1421
 15.6525
 15.6205
 14.1421
 16.3401
 11.0905
 13
 16.6132
 17.8326
 14
 16.1555
 19
 1.73205
 14.0357
 16.3707
 14.3875
 9.84886
 12.2474
 18.4391
 13.6748
 13.6748
 16.4012
 19.2094
 16.4012
 16.3707
 19.6977
 19.4936
 18.1934
 20.9762
 16.7033
 13.5277
 19.0263
 19.7737
 14.8661
 10.4403
 17.8606
 20.2237
 16.6733
 19.4165
 14.4914
 16.1245
 19.105
 16.8819
 12.8452
 9.32738
 18.4662
 17.8885
 14.1421
 9.84886
 16.9115
 19.6977
 12.083
 9.16515
 15.4596
 18.4391
 12.8062
 6.9282
 15.9374
 18.5472
 14.9666
 14.9666
 19.105
 16.8819
 17.9165
 17.9165
 17.1172
 20.4695
 17.3781
 17.3781
 10.583
 17.5499
 16.5831
 19.0526
 17.2627
 19.0263
 15.9374
 16.4012
 18.412
 15.906
 15.0997
 12.2474
 17.4356
 17.3494
 15.3297
 12.3288
 25.02
 16.0935
 17.8045
 17.6068
 11
 16.4012
 14.1421
 19.3132
 10.8628
 10.8628
 17.3494
 19.6723
 12.53
 20.2731
 20.2978
 19.4936
 13.1909
 12.3288
 12.3288
 18.412
 17.8326
 15.906
 10.4403
 20.8806
 17.3781
 17.2627
 14.4222
 17.3494
 18.5742
 16.1864
 13.5647
 18.4391
 15.1658
 14.1774
 15.9687
 16.5831
 16.3095
 14.4568
 18.1108
 19.0526
 11.6619
 12.8841
 15.4272
 17.1756
 14.1774
 12.2882
 17.72
 19.6469
 14.7648
 15.3623
 10.4403
 17.1464
 17.8045
 15.906
 14.1774
 11.6619
 17.2627
 18.9737
 12.2474
 10.3923
 15.5563
 14.3527
 13.6382
 11.1355
 14.3527
 17.2337
 16
 14.2127
 14.3527
 21.4709
 15.6205
 13.7477
 16.8523
 16.2173
 16.5227
 18.412
 9.21954
 17.7764
 14.3875
 14.9332
 16.5831
 15.8745
 15.4596
 19.7737
 14.4568
 14.9666
 14.3875
 18.4391
 14.2127
 14.6969
 14.2127
 12.9615
 17.1172
 15.8745
 14.7986
 15.6525
 13
 17.1464
 15.9687
 13.0767
 13
 15.4272
 10.4881
 18.412
 11
 19.4679
 14.0712
 13.1909
 13.1909
 13.1909
 19.0263
 17.8606
 14.1067
 14.1067
 14.4568
 14.4568
 14.8661
 14.7648
 14.4222
 15.1327
 13.9284
 16.3401
 18.9737
 12.3288
 15.906
 16.4621
 14.7986
 17.9165
 16.3095
 15.5242
 15.6205
 19.5192
 15.6525
 18
 15.906
 14.7309
 19.2094
 15.1658
 15.6525
 10.4403
 13.2665
 0
 15.906
 17.8326
 16.8226
 11.0454
 10.4403
 15.906
 15.8745
 16.6733
 14.2829
 13.5647
 14
 16.3095
 16.6433
 11.7898
 13.7477
 16.3095
 16.6733
 14.9332
 13.2288
 14.4222
 0
 16.3707
 18.9737
 16
 15.6205
 14.3875
 17.8326
 16.8523
 13.7113
 17.2337
 13.1909
 0
 0
 14.4568
 16.8226
 16.8226
 14.7309
 14.7309
 13.2288
 14.7648
 15.4272
 14.4568
 14.6629
 13.5647
 16.6132
 15.4919
 19.0526
 14.3875
 14.1067
 16.6733
 19.105
 15.3297
 15.4919
 13
 17.7482
 18.412
 15.5242
 12.53
 15.3948
 0
 12.53
 14
 11.8743
 14.8997
 15.9687
 17.088
 13.5277
 13.5277
 14.2478
 9.84886
 9.84886
 15.6844
 13.5277
 14.1067
 9.79796
 13.5277
 0
 14.9332
 16.8523
 7.2111
 16.7929
 12.49
 12.4499
 17.3205
 13
 9.84886
 15.6205
 18.3303
 14.1067
 19.0526
 14.7648
 16.5831
 18.0278
 8.18535
 14.7309
 16.7033
 14.9332
 7.14143
 15.2971
 12.3693
 12.49
 14.4568
 14
 16.6733
 6.9282
 16
 16
 13.2288
 0
 15.4919
 16.6733
 15.6205
 16
 9.53939
 13.1909
 17.8326
 15.6205
 17.7482
 11.3578
 14.1067
 12.0416
 12.3693
 17.3205
 10.7238
 13.2665
 11.7898
 14.3875
 15.1658
 8.48528
 13.8924
 14.7309
 14.3875
 11
 0
 9.64365
 11.0454
 15.1327
 15.2971
 11.7473
 13.0384
 12.083
 8.06226
 14.6629
 13.2288
 11.0905
 15.4272
 18.9737
 6.55744
 13.1909
 16.5529
 11
 14.3875
 0
 8.83176
 15.5563
 14.3875
 13.7113
 15.6205
 11.0905
 14.7309
 8.60233
 16.4621
 15.1987
 15.1658
 13
 17
 8.60233
 14.3527
 12.4499
 14
 15.1327
 17.2337
 13.6748
 13.6748
 12.4097
 14.4568
 13.5277
 15.9687
 9.21954
 15.6205
 15.9687
 13.4536
 10.0995
 11.6619
 14.1421
 14.7309
 0
