 26.4575
 25.4362
 29.2233
 35.6511
 24.1661
 28.2135
 30.4959
 24.3516
 27.9464
 27.9464
 30.1496
 33.0908
 27.9106
 18.3848
 21.7025
 18.5472
 25.3574
 21.4942
 25.6515
 23.8118
 17.8326
 17.2627
 18.1108
 8.88819
 7.48331
 13.4536
 16.8523
 27.7849
 17.5784
 31.9844
 25.2785
 26.7955
 32.1248
 32.2645
 19.975
 18.5742
 28.0179
 38.2492
 18.2483
 4.69042
 34.3802
 22.561
 17.5499
 25.2982
 23.4947
 30.8707
 26.8328
 16.1555
 24.7992
 15.5885
 6
 6.9282
 26.8142
 14.5945
 3.4641
 22.2486
 32.7109
 14.4222
 8.18535
 20.6398
 20.6398
 11.7898
 11.7898
 28.8271
 27.6586
 27.6586
 32.2955
 20.2978
 20.2978
 34.5977
 14.8661
 30.5778
 9.16515
 26.1343
 16.7929
 25.2587
 27.7489
 28.4605
 22.2935
 25.5734
 31.4643
 9.53939
 32.6956
 11.5758
 26.6833
 19.0526
 20.8806
 33.4664
 9.27362
 33.5261
 21.9089
 14.5602
 34.0734
 28.7054
 5.83095
 29.1033
 16.0312
 25.1992
 28.8791
 34.9428
 29.6816
 34.4093
 18.0831
 12.8062
 31.7175
 17.8045
 17.8045
 31.3688
 18.2757
 27.6767
 39.5095
 32.2645
 19.8494
 32.7109
 9.27362
 33.2415
 6.7082
 33.3017
 15.2971
 31.273
 32.6037
 38.6135
 21.1187
 36.2905
 11.5758
 32.1714
 17.8885
 34.4964
 27.8388
 46.7547
 27.6043
 37.1753
 26.4386
 32.9848
 21.4476
 30.6105
 8
 35.9026
 8.60233
 30.315
 17.1464
 16.5529
 30.1662
 13.0384
 39.6358
 38.4578
 21.4709
 30.4302
 38.0657
 29.7658
 43.0581
 29.1376
 39.6358
 33.2265
 30.9193
 39.95
 24.4336
 38.8458
 9.11043
 8
 34.9714
 23.4947
 21.2132
 39.4842
 12.2066
 43.3359
 19.4936
 36.6606
 36.3043
 34.7707
 47.2969
 44.3396
 35.4401
 36.973
 36.9324
 33.0454
 38.6782
 28.0535
 38.1707
 35.8748
 10.9087
 27.1293
 14.8324
 28.5832
 15.5885
 45.111
 20.6155
 41.5211
 38.2884
 47.9792
 38.0526
 36.1801
 44.0681
 38.9487
 36.9324
 40.6079
 40.9878
 12.1655
 34.8425
 40.5216
 40.5216
 35.7771
 19.3907
 9
 25.219
 22.8254
 14.2478
 21.2368
 35.7771
 32.573
 29.9833
 29.9833
 46.9361
 47.1169
 39.8372
 45.5412
 38.8716
 37.4299
 39.975
 39.9625
 41.9881
 37.081
 34.0734
 37.3095
 30.4302
 13.8924
 14.7986
 11.5326
 16.7033
 23.9792
 30.315
 38.5876
 47.7912
 47.927
 45.5631
 35.0286
 33.8378
 40.4846
 38.4708
 34.6121
 46.669
 39.95
 34.6554
 40.4351
 29.6985
 33.0151
 18.6011
 12.1655
 14.7309
 12.1244
 29.4788
 27.0185
 45.3762
 48.5489
 47.9479
 27.9643
 20.9762
 40.4722
 39.724
 39.724
 40.0625
 40.5093
 38.704
 44.7437
 35.1426
 34.7851
 34.7851
 17.0294
 13.0384
 7.81025
 26.1916
 8
 46.2925
 29.5296
 46.6583
 41.2189
 45.6289
 25.6905
 18.2757
 40.05
 22.4277
 40.0749
 43.2551
 37.108
 41.3884
 36.524
 33.8378
 20.8806
 13
 20.1494
 26.2679
 11.2694
 33.2716
 14.7309
 14.7309
 31.3528
 31.3528
 43.9431
 43.9431
 48
 48
 43.8976
 42.3556
 42.3556
 45.4973
 45.4973
 41.9285
 15.8114
 39.0256
 35.2987
 13.1149
 21
 32.187
 13.4164
 15.1327
 15.1327
 6.9282
 15.843
 15.6205
 15.6205
 34.0734
 31.9374
 50.8527
 49.2037
 38.4578
 50.1597
 44.7214
 56.4978
 43.5546
 46.8295
 41.328
 48.1456
 42.0476
 46.4112
 30.8383
 38.5746
 18.3848
 42.2729
 24.3926
 14.8661
 19.1311
 16.5831
 16.5831
 37.9342
 30.8383
 43.1625
 34
 34
 41.7612
 50.2295
 51.6817
 45.5192
 45.5192
 28.2666
 42.8019
 62.6019
 50.448
 50.448
 43.0929
 46.5725
 42.5676
 42.5676
 39.37
 43.8406
 35.9444
 35.9444
 33.4365
 18.3848
 46.1952
 48.2597
 15.6525
 15.6525
 46.6047
 38.3145
 8.544
 46.0869
 33
 33
 17.3781
 16.5529
 40.2244
 40.2244
 28.8617
 46.6798
 14.7648
 14.7648
 20.4695
 43.6348
 30.348
 14.5258
 40.0625
 35.5106
 35.5106
 35.5106
 34.5254
 51.2835
 51.2835
 46.6262
 13.5647
 13.5647
 13.5647
 13.5647
 14.1067
 40.3733
 40.3733
 41.4488
 34.6266
 43.6692
 44.4972
 44.4972
 48.5798
 39.5474
 18.9473
 18.9473
 45.7602
 33.8526
 8.60233
 8.60233
 17.7482
 43.6234
 19.1572
 19.1572
 33.2566
 43.2897
 14.9666
 14.9666
 40.5093
 24.8797
 50.9215
 50.9215
 37.4566
 35.5949
 35.5949
 35.5949
 43.0349
 43.0349
 22.1133
 52.5357
 52.5642
 37.1618
 14.0357
 14.0357
 53.2071
 22.5832
 22.5832
 26.0384
 41.1947
 50.8626
 36.2629
 25.9422
 25.9422
 24.4745
 45.4533
 32.0624
 20.2237
 41
 23.8328
 44.6766
 25.6905
 25.6905
 44.833
 35.6931
 8.66025
 42
 31.749
 44.3847
 16.4924
 25.4755
 25.4755
 20.8567
 40.5339
 30.3974
 37.5233
 39.4208
 32.6956
 23.5372
 42.391
 42.391
 28.8791
 33.7787
 45.8258
 41.497
 41.497
 15.906
 41.9404
 19.2614
 44.5533
 39.9875
 39.9875
 51.1762
 18.5203
 27.8568
 51.2835
 39.5221
 39.5221
 39.064
 48.6313
 36.4829
 48.9387
 48.9387
 30.692
 26.9258
 45.1885
 44.2945
 44.2945
 37.3898
 43.0349
 44.2606
 22.9347
 22.9347
 10.583
 39.0512
 30.348
 37.5366
 14.5602
 36.524
 36.5377
 48.5386
 27.4955
 22.6495
 40.5463
 40.5463
 41.9166
 30.2655
 35.805
 20
 24.3105
 24.3105
 24.3105
 39.3573
 14.2829
 23.6008
 31.4006
 31.4006
 30.2655
 44.8999
 16.3401
 16.3401
 23.4521
 21.4243
 36.6742
 25.2587
 25.2587
 29.4958
 42.9767
 40.6325
 40.6325
 30.5941
 48.6826
 48.5798
 48.5798
 48.5798
 21.4476
 45.5522
 31.0805
 32.619
 33.0908
 25.3377
 25.3377
 25.3377
 28.2312
 42.9302
 42.9302
 42.9302
 42.9302
 42.9302
 21.1896
 39.37
 39.37
 36.6742
 39.9625
 39.4715
 40.8167
 38.2884
 37.6431
 36.1386
 37.5899
 35.6371
 40.0375
 24.2487
 21.8403
 41.2674
 34.7275
 21.095
 21.095
 26.3818
 35.7631
 30.3809
 30.3809
 14.3875
 16.1555
 0
 25.632
 42.5793
 25.5539
 17.8606
 25.1992
 28.8964
 31.3209
 31.3209
 29.0172
 34.1467
 29.5466
 39.0128
 24.1454
 24.1454
 36.647
 39.8246
 49.1732
 50.6656
 23.4307
 35.6371
 0
 44.4747
 40.4969
 41.3038
 36.0416
 34.2491
 44.317
 54.4334
 37.2156
 43.6807
 43.6807
 0
 0
 36.524
 40.9512
 0
 40.5956
 0
 22.2935
 39.5095
 39.5727
 32.0156
 43.1393
 43.1393
 29.1204
 39.281
 51.2152
 51.2152
 33.9559
 36.4555
 40.7063
 30.1496
 31.241
 20.3715
 31.4484
 28.6705
 31.1288
 15.6844
 15.6844
 0
 28.3019
 20.025
 29.6142
 21.3073
 26.096
 26.096
 30.545
 31.4643
 28.7576
 14.8324
 14.8324
 14.8324
 40.2492
 44.5197
 17.4642
 37.1214
 0
 42.8252
 42.8252
 9.38083
 41.5331
 25.2982
 40.5832
 37.7227
 38.5097
 6.08276
 39.3827
 38.7943
 40.9756
 41.8091
 36.9053
 33.2716
 46.7119
 8.60233
 38.4057
 38.7943
 33.0454
 5
 27.5681
 33.8526
 34.176
 30.8058
 39.1024
 20.1494
 7.93725
 34.9285
 34.9285
 34.9285
 0
 39.7869
 19.2614
 25.4558
 26.1725
 9.11043
 29.7321
 15.7162
 15.7162
 18.6815
 9.21954
 21.3307
 34.1028
 17.0587
 17.0587
 9.79796
 35.0143
 35.0143
 12.6491
 31.3209
 8.60233
 38.4318
 19.2354
 19.2354
 11.6189
 0
 8.544
 8.544
 30.692
 29.1033
 14.3527
 44.4972
 23.0868
 9.74679
 39.5348
 34.4529
 29.9833
 29.9833
 50.4083
 9.84886
 30.1496
 43.9773
 29.8998
 29.8998
 0
 8.48528
 41.5331
 39.5727
 33.7194
 39.3954
 32.3728
 34.5832
 10.4403
 43.0116
 42.1782
 37.8814
 27.1477
 41.1461
 13.2288
 44.3734
 31.496
 38.3014
 39.8497
 39.6232
 43.7035
 21.1187
 34.9428
 37.7757
 41.7852
 35.7491
 20.025
 33.5559
 40
 33.3467
 25.318
 27.8747
 38.7169
 38.7685
 0
