 6.63325
 3
 10.3441
 8.60233
 6.9282
 6.9282
 6.9282
 6.9282
 2.82843
 2.82843
 3.74166
 3.74166
 4.58258
 6.9282
 4.24264
 5.19615
 5.56776
 6.08276
 3.87298
 2.23607
 2.23607
 1.73205
 1.73205
 1.73205
 1.73205
 1.73205
 1.73205
 1.73205
 1.73205
 3.4641
 3.4641
 3.4641
 1.41421
 2.44949
 3.4641
 3.4641
 2.44949
 2.82843
 5.09902
 5.09902
 0
 3.4641
 4.24264
 4.24264
 3.4641
 1.41421
 1.41421
 4.24264
 4.47214
 4.24264
 4.24264
 6
 4.24264
 4.24264
 4.24264
 4.24264
 4.24264
 5.09902
 5.09902
 5.09902
 4.24264
 4.24264
 4.24264
 4.24264
 5.47723
 5.19615
 5.19615
 5.19615
 4.24264
 4.24264
 4.24264
 4.24264
 4.24264
 5.09902
 5.09902
 5.09902
 5.09902
 3.87298
 3.87298
 1.41421
 1.41421
 1.41421
 0
 0
 2.82843
 2.82843
 6.9282
 2.44949
 4.24264
 5.47723
 4.24264
 4.24264
 5.38516
 5.38516
 5.38516
 5.38516
 5.38516
 7.93725
 7.93725
 7.93725
 3.31662
 3.31662
 3.31662
 3.31662
 3.31662
 3.31662
 5.38516
 5.38516
 4.89898
 5.09902
 3.4641
 3.31662
 5.38516
 1.41421
 1.41421
 1.73205
 1.73205
 2.44949
 2.44949
 1.73205
 1.73205
 1.73205
 4.58258
 4.58258
 2.44949
 2.44949
 2.44949
 2.44949
 3.60555
 1.41421
 5.09902
 5.09902
 6
 2.82843
 5.38516
 4.69042
 4.69042
 4.69042
 4.69042
 4.24264
 4.24264
 4.89898
 4.89898
 0
 0
 0
 3.4641
 1.73205
 1.73205
 4.89898
 3.31662
 5
 5.19615
 3.74166
 3.74166
 0
 0
 0
 0
 0
 3.4641
 1.73205
 1.73205
 1.73205
 1.73205
 1.73205
 1.73205
 1.73205
 5.09902
 1.41421
 1.41421
 5.38516
 3.4641
 2.82843
 4.79583
 4.89898
 1.73205
 5.2915
 5.2915
 5.2915
 2.44949
 0
 3.4641
 3.74166
 3.31662
 1.41421
 1.41421
 4.89898
 2.44949
 2.44949
 4.24264
 6
 3.60555
 4.24264
 4.24264
 4.24264
 1.73205
 5.09902
 1.73205
 3.31662
 6
 5.09902
 2.44949
 2.44949
 5.09902
 4.24264
 5.09902
 5.09902
 5.19615
 4.24264
 0
 0
 0
 3.4641
 3.4641
 3.4641
 3.4641
 3.4641
 0
 1.73205
 0
 2.82843
 4.89898
 3.4641
 2.23607
 2.44949
 2.44949
 3
 3
 6
 6
 3.74166
 3.74166
 1.73205
 1.73205
 0
 4.47214
 4.47214
 4.24264
 4.24264
 4.24264
 4.24264
 4.47214
 2.82843
 3.4641
 3.4641
 3.4641
 3.4641
 3.74166
 4.24264
 4.24264
 4.24264
 0
 4.24264
 6
 6
 6
 6
 6
 4.24264
 4.24264
 4.24264
 1.73205
 0
 0
 0
 0
 2.44949
 5.47723
 5.47723
 1.73205
 1.73205
 1.73205
 1.73205
 1.73205
 1.73205
 1.73205
 1.73205
 3.31662
 2.23607
 2.23607
 2.23607
 2.23607
 2.44949
 2.44949
 2.44949
 0
 0
 0
 0
 0
 0
 0
 4.24264
 0
 0
 0
 6.08276
 6.08276
 6.08276
 6.08276
 6.08276
 6.08276
 6.08276
 6.08276
 6.08276
 6.08276
 6.08276
 6.08276
 6.08276
 6.08276
 6.08276
 6.08276
 6.08276
 6.08276
 6.08276
 6.08276
 6.08276
 6.08276
 6.08276
 6.08276
 5.74456
 5.74456
 4.24264
 4.24264
 4.24264
 4.24264
 3
 3
 3.74166
 3.74166
 1.73205
 1.73205
 1.73205
 7.93725
 6.9282
 6.9282
 6.9282
 6.9282
 6.9282
 6.9282
 12.083
 3.4641
 3.4641
 3.4641
 3.4641
 3.4641
 3.4641
 3.4641
 0
 0
 0
 0
 0
 3.4641
 3.4641
 3.4641
 0
 22.1585
 1.41421
 4.3589
 4.3589
 4.3589
 4.3589
 4.3589
 4.3589
 4.3589
 4.3589
 4.3589
 4.3589
 4.3589
 2
 2
 2
 2
 0
 0
 0
 0
 0
 1.73205
 1.73205
 1.73205
 1.73205
 1.73205
 1.73205
 1.73205
 1.73205
 1.73205
 18.6815
 18.6815
 18.6815
 18.6815
 18.6815
 18.6815
 2.44949
 2.44949
 2.44949
 2.44949
 3.74166
 3.74166
 3.74166
 3.74166
 3.74166
 6.63325
 6.63325
 6.63325
 6.63325
 0
 0
 0
 0
 0
 0
 0
 0
 0
 0
 0
 0
 0
 0
 0
 0
 0
 0
 0
 0
 0
 0
 0
 0
 0
 0
 1.73205
 1.73205
 1.73205
 1.73205
 1.73205
 1.73205
 1.73205
 1.73205
 1.73205
 1.73205
 1.73205
 0
 0
 0
 0
 1.73205
 1.73205
 1.73205
 1.73205
 1.73205
 1.73205
 1.73205
 1.73205
 1.73205
 1.73205
 1.73205
 1.73205
 1.73205
 1.73205
 1.73205
 1.73205
 1.73205
 1.73205
 1.73205
 1.73205
 1.73205
 1.73205
 1.73205
 1.73205
 1.73205
 1.73205
 1.73205
 1.73205
 1.73205
 1.73205
 1.73205
 1.73205
 1.73205
 1.73205
 1.73205
 1.73205
 1.73205
 1.73205
 1.73205
 1.73205
 1.73205
 1.73205
 1.73205
 1.73205
 1.73205
 1.73205
 1.73205
 1.73205
 1.73205
 1.73205
 1.73205
 5.19615
 5.19615
 5.19615
 5.19615
 5.19615
 5.19615
 5.19615
 5.19615
 5.19615
 5.19615
 5.19615
 5.19615
 1.73205
 1.73205
 1.73205
 3
 3
 3
 3
 3
 3
 3
 3
 3
 3
 3
 5.09902
 5.09902
 5.09902
 5.09902
 5.09902
 5.09902
 5.09902
 5.09902
 5.09902
 5.09902
 5.09902
 5.09902
 5.09902
 5.09902
 5.09902
 5.09902
 5.09902
 5.09902
 5.09902
 5.09902
 5.09902
 5.09902
 5.09902
 5.09902
 5.09902
 5.09902
 5.09902
 5.09902
 3.31662
 3.31662
 3.31662
 3.31662
 9.27362
 0
 0
 0
 0
 4.89898
 4.89898
 0
 0
 0
 0
 0
 0
 0
 0
 0
 0
 0
 0
 0
 0
 0
 0
 0
 0
 0
 0
 0
 0
 0
 0
 0
 0
 0
 0
 0
 0
 0
 0
 0
 0
 0
 0
 0
 0
 0
 0
 0
 0
 0
 0
 0
 0
 0
 0
 0
 0
 0
 0
 0
 0
 0
 0
 0
 0
 0
 0
 0
 0
 0
 0
 0
 0
 0
 0
 0
 0
 0
 0
 0
 0
 0
 0
 0
 0
 0
 0
 0
 0
 0
 0
 0
 0
 0
 0
 0
 0
 0
 0
 0
 0
 0
 0
 0
 0
 0
 0
 0
 0
 0
 0
 0
 0
 5.74456
 5.74456
 5.74456
 5.74456
 5.74456
 5.74456
 5.09902
 5.09902
 5.09902
 5.09902
 5.09902
 5.09902
 5.09902
 5.09902
 3.4641
 3.4641
 3.4641
 3.4641
 7.34847
 7.34847
 7.34847
 7.34847
 7.34847
 7.34847
 7.34847
 3.4641
 3.4641
 0
 0
 0
 0
 0
 0
 0
 4.58258
 4.58258
 4.58258
 4.58258
 4.58258
 2.44949
 2.44949
 2.44949
 2.44949
 2.44949
 3
 3
 3
 3
 3
 2.44949
 2.44949
 11.3137
 11.3137
 11.3137
 0
 3
 3
 3
 3
 3
 3
 3
 1.73205
 1.73205
 1.73205
 1.73205
 1.73205
 1.73205
 1.73205
 1.73205
 1.73205
 1.73205
 1.73205
 0
 5.38516
 5.38516
 5.38516
 5.38516
 5.38516
 5.38516
 5.38516
 5.47723
 5.47723
 5.47723
 5.47723
 5.47723
 5.47723
 4.58258
 4.58258
 4.58258
 4.58258
 4.58258
 4.58258
 4.58258
 4.58258
 4.58258
 4.58258
 4.58258
 4.58258
 4.58258
 4.58258
 4.58258
 4.58258
 4.58258
 4.58258
 4.58258
 4.58258
 0
