 18.3848
 21.1187
 16.9115
 24.0624
 14.4568
 22.1133
 30.7734
 33
 29.9833
 27.4955
 29.189
 30.3974
 31.3528
 30.3809
 28.8617
 34.6121
 28.2843
 33.0454
 33.2415
 33.5261
 37.3765
 37.6962
 50.1498
 41.9404
 41.8927
 48.9285
 39.6358
 30.348
 39.4968
 37.4166
 39.281
 31.9374
 32.2645
 38.1969
 23.0651
 35.819
 33.0908
 37.108
 22.8473
 30.7246
 30.7246
 30.3809
 22.0227
 37.4967
 30.8707
 28.8271
 35.1852
 21.7256
 33.4365
 21.9089
 34.2199
 36.7831
 38.2099
 21.0476
 29.9333
 40.8534
 24.8395
 19.2094
 43.382
 24.3721
 24.3721
 41.4729
 41.4729
 45.288
 32.8481
 32.8481
 41.3401
 31.9687
 31.9687
 41.3159
 36.6879
 34.5398
 35.171
 33.1059
 37.1887
 35.7071
 34.6554
 41.7373
 34.2053
 43.1625
 32.4346
 45.8367
 27.8568
 47.2335
 26.9629
 46.076
 29
 43.8976
 31.0161
 39.6485
 31.607
 35.7771
 36.0139
 35.623
 41.0122
 38.3014
 39.5601
 36.8646
 37.4166
 40.0375
 44.4972
 32.665
 49.8096
 50.1398
 28.7228
 50.8724
 50.8724
 49.548
 29.6311
 34.6266
 45.5082
 42.5911
 36.3043
 38.2623
 40.8044
 41.9285
 44.3734
 45.5741
 43.6348
 50.1199
 43.589
 42.3792
 52.259
 35.4401
 54.2218
 33.0303
 54.074
 53.8795
 33.9264
 51.643
 33.9117
 45.2548
 38.6652
 40.8779
 36.9594
 45.2327
 42.45
 50.04
 43.6921
 52.811
 46.6583
 56.0714
 45.5412
 56.5685
 44.7437
 38.4578
 57.4456
 34.7851
 59.0169
 39.0896
 53.3854
 38.3014
 47.7598
 41.7612
 45.4753
 51.2933
 40.4846
 54.9818
 47.7598
 49.051
 56.8155
 59.4811
 49.4368
 51
 58.258
 49.7293
 59.9416
 63.2535
 42.6732
 41.7373
 56.9122
 51.264
 44.317
 46.3465
 47.8539
 50.9313
 52.1824
 52.9434
 57.376
 58.6686
 55.4797
 60.5227
 58.5662
 55.5968
 62.6019
 59.4559
 63.5059
 54.5619
 64.2417
 60.7289
 47.8957
 47.1699
 53.8331
 50.4083
 45.4973
 53.9259
 55.8211
 23.3452
 58.438
 59.0847
 19.8997
 61.9677
 58.2838
 58.6003
 62.9047
 59.6825
 63.4271
 64.6065
 60.5392
 58.8303
 64.9615
 64.9615
 49.8698
 62.5859
 43.5431
 54.7723
 48.8672
 47.8121
 53.9537
 52.1632
 59.9583
 57.4456
 62.2334
 59.1523
 65.261
 62.0806
 63.2693
 62.7694
 62.8331
 62.9603
 68.971
 64.0234
 63.9296
 59.5147
 52.1824
 56.4978
 50.774
 48.0208
 49.7393
 54.2218
 63.6789
 57.3934
 56.7539
 62.5779
 61.3351
 62.1852
 66.4304
 61.0164
 63.0397
 64.5601
 66.6633
 61.4085
 65.146
 63.6553
 56.2939
 58.3352
 57.6108
 49.5984
 49.3153
 53.5537
 51.3225
 62.5939
 54.8452
 65.1767
 61.1964
 62.9365
 59.6909
 64.9769
 64.9692
 59.8916
 66.6258
 60.8523
 64.8151
 61.0737
 63.2614
 58.6771
 55.6507
 60.1581
 60.1581
 60.1581
 63.4429
 55.4256
 53.8702
 62.5859
 57.3847
 63.9453
 60.7454
 59.8498
 58.6003
 62.7694
 55.2721
 61.041
 63.7181
 64.8845
 62.3378
 65.4599
 52.8394
 64.8845
 64.8845
 55.5698
 55.5698
 56.7362
 57.3847
 61.9839
 55.5968
 55.5968
 61.0328
 61.0328
 66.1362
 61.3677
 61.3677
 61.1637
 67.5796
 56.2139
 65.7951
 65.7951
 60.8358
 61.6685
 65.192
 65.192
 41.6653
 76.6812
 62.3458
 81.1727
 55.0273
 69.7782
 46.9042
 46.9042
 50.6162
 60.3738
 54.8088
 69.0145
 57.3498
 66.3023
 50.5074
 72.1388
 61.5386
 65.6201
 70.7955
 63.4508
 63.4508
 67.1044
 67.1044
 67.0895
 49.95
 49.95
 71.1829
 71.1829
 71.1829
 55.6237
 70.1356
 47.6235
 67.8528
 67.8528
 53.0377
 65.2917
 65.2917
 65.2917
 54.7996
 58.3009
 58.3009
 62.9762
 62.9762
 59.7578
 76.5506
 60.5723
 58.8473
 58.8473
 67.4907
 62.6418
 59.0424
 59.0424
 59.0424
 64.4127
 59.4979
 57.5152
 66.4605
 66.4605
 63.3798
 66.8431
 58.8133
 58.8133
 59.0847
 62.2174
 65.5134
 65.5134
 65.1153
 56.7362
 70.5479
 53.0377
 63.8514
 74.8331
 50.1896
 69.9643
 63.1664
 63.1664
 63.3009
 55.8659
 62.4179
 48.5695
 57.4978
 58.2838
 69.3974
 53.3667
 54.0185
 67.587
 62.2254
 62.0967
 62.562
 62.562
 63.8827
 67.7495
 58.5406
 58.5406
 64.3273
 69.1086
 69.1086
 69.1086
 66.8954
 64.6529
 59.2959
 59.2959
 62.9603
 60.05
 66.0379
 66.0379
 61.7738
 70.5266
 63.0635
 63.0635
 71.225
 66.3626
 56.5332
 56.5332
 39.064
 51.6817
 66.8281
 71.6101
 71.6101
 65.4599
 68.6659
 55.8928
 58.1808
 67.8307
 50.7543
 50.9902
 54.7723
 57.7841
 66.1438
 39.4081
 39.4081
 62.0081
 63.2772
 57.7841
 34.9571
 65.215
 59.6322
 61.4817
 54.1295
 54.1295
 62.562
 66.2948
 61.441
 52.0481
 71.7844
 63.2772
 61.041
 48.5798
 48.5798
 70.2068
 61.1719
 64.2184
 47.0532
 62.7774
 64.1015
 70.1356
 36.3868
 59.1354
 61.8789
 74.1215
 52.7636
 67.0522
 51.4976
 56.2672
 56.2672
 64.5136
 51.0196
 65.261
 65.261
 54.8179
 47.613
 61.9112
 61.7252
 56.5509
 41.821
 60.8687
 61
 61.6766
 57.8792
 57.8792
 63.435
 43.4511
 49.548
 62.1611
 62.1611
 67.0522
 61.0328
 70.406
 56.5066
 56.5066
 49.5278
 61.1801
 61.1801
 50.309
 62.1932
 67.9338
 49.99
 53.9815
 58.3009
 72.6774
 72.6774
 57.2189
 61.0164
 41.9881
 54.2125
 72.904
 72.904
 59.3717
 107.995
 107.995
 107.995
 107.995
 110.752
 110.752
 110.752
 110.752
 110.752
 110.752
 110.752
 110.752
 64.405
 47.8644
 51.7397
 46.8188
 59.3127
 63.6396
 57.1314
 53.0283
 56.6833
 58.0172
 58.0172
 37.7227
 37.7227
 62.6019
 38.5746
 38.5746
 59.338
 59.338
 57.2887
 57.2887
 41.509
 60.7618
 60.1166
 62.3137
 53.5444
 53.5444
 49.96
 56.6922
 51.8749
 50.1896
 56.9825
 49.2443
 56.4181
 56.5509
 62.7136
 46.1952
 55.3082
 60.959
 74.3909
 50.7839
 61.8708
 54.827
 51.1762
 65.8939
 65.8939
 58.1722
 53.1507
 48.2183
 86.0058
 86.0058
 52.8394
 52.8394
 59.9166
 41.5692
 53.3573
 56.8683
 66.5207
 37.7889
 54.4334
 50.6754
 58.0517
 68.4836
 55.2268
 61.0901
 63.8122
 39.8873
 61.3759
 50.9117
 48.6724
 64.4438
 56.5243
 56.701
 56.701
 63.7574
 63.7574
 54.0093
 57.3411
 56.9737
 65.9773
 65.9773
 51.4879
 54.754
 51.1859
 51.1859
 51.1859
 52.9434
 61.3188
 61.3188
 54.7266
 54.7266
 41.5933
 50.5866
 52.7447
 57.6541
 59.1523
 48.6415
 57.6368
 43.5086
 63.6632
 61.0246
 50.4579
 50.01
 69.2026
 49.6085
 58.1206
 45.2769
 49.9099
 69.0652
 50.3984
 64.2884
 64.2884
 64.2884
 53.7401
 45.6508
 51.7494
 65.9848
 69.6132
 52.1824
 63.6789
 56.0535
 71.1548
 52.9245
 52.9245
 43.9204
 55.9106
 61.9597
 61.9597
 69.7424
 69.7424
 51.9134
 48.6929
 24.7386
 58.532
 49.3559
 54.3783
 48.6929
 51.264
 15.9687
 48.0937
 62.6418
 54.4426
 63.7417
 52.6118
 65.9394
 55.4166
 17.2337
 48.1041
 53.376
 53.4322
 14.2478
 54.4059
 45.5192
 50.3587
 51.4198
 39.0128
 55.4437
 16.6733
 56.4535
 56.4535
 45.4203
 45.4203
 93.7337
 61.9597
 51.8845
 51.8845
 18.3848
 48.7032
 62.6099
 47.6865
 50.319
 18.4932
 61.8708
 52.192
 46.1411
 49.8799
 18.5742
 57.5587
 57.1052
 63.3325
 42.9302
 18.5742
 47.4131
 66.5733
 59.2706
 66.8581
 66.8581
 19.0526
 59.1439
 41.6773
 65.1076
 65.5134
 43.8064
 68.1836
 18.9473
 59.0678
 45.7602
 42.0714
 41.0244
 41.7732
 20.1494
 68.1542
 68.1542
 90.305
 49.7494
 0
 0
 45.2438
 43.0233
 62.0322
 51.9519
 47
 51.1077
 26.2488
 41.4488
 68.0735
 47.244
 41.2916
 41.3521
 41.3521
 54.4334
 49.97
 53.8516
 56.7186
 57.3934
 52.6403
 47.8121
 39.7366
 52.3355
 48.2286
 56.4535
 56.5155
 47.7912
 54.2218
 49.3356
 54.4243
 55.9732
 51.6527
 57.0614
 57.0614
