 353.466
 0
 0
 0
 0
 0
 0
 0
 0
 0
 0
 0
 0
 2.64575
 0
 0
 3
 4.24264
 3
 0
 0
 0
 0
 2.44949
 2.44949
 2.44949
 2.44949
 2.44949
 2.44949
 2.44949
 1.41421
 1.41421
 0
 2.23607
 1.73205
 1.73205
 2.82843
 1.73205
 0
 3.31662
 0
 1.41421
 1.41421
 1.41421
 2.44949
 2.44949
 2.44949
 0
 0
 0
 0
 4.24264
 0
 0
 0
 0
 0
 0
 1.41421
 1.41421
 0
 1.41421
 0
 1.73205
 2.44949
 0
 2.44949
 1.41421
 0
 1.73205
 1.73205
 0
 0
 2.44949
 0
 2.44949
 0
 3
 0
 1.41421
 2.44949
 0
 0
 1.73205
 1.41421
 2.44949
 1.73205
 3.31662
 0
 4.12311
 0
 2.44949
 3.4641
 1.41421
 1.41421
 1.41421
 2.44949
 3.31662
 3.31662
 0
 2.82843
 2.44949
 1.41421
 1.41421
 0
 1.73205
 3.31662
 3.31662
 2.44949
 2.44949
 3
 2.44949
 3.31662
 0
 4.58258
 0
 2.23607
 1.41421
 2.44949
 0
 0
 0
 3.31662
 1.41421
 1.73205
 0
 3.31662
 3.4641
 0
 0
 3.31662
 0
 1.73205
 2.82843
 2.44949
 2.82843
 1.41421
 0
 0
 2.44949
 0
 4.12311
 2
 1.41421
 1.41421
 3.31662
 1.73205
 0
 1.41421
 2.44949
 2.82843
 3.74166
 1.73205
 2.44949
 0
 1.73205
 0
 0
 0
 0
 2.82843
 3.31662
 1.41421
 2.44949
 2.82843
 0
 2.44949
 0
 2.82843
 1.41421
 3.31662
 2.44949
 0
 1.73205
 2.44949
 3.31662
 2.44949
 3
 2.82843
 3.4641
 1.73205
 2.44949
 0
 3.4641
 0
 2.44949
 1.41421
 1.41421
 0
 2
 0
 0
 1.73205
 3.4641
 3.4641
 2.23607
 1.41421
 0
 1.41421
 2.44949
 1.73205
 0
 1.73205
 0
 1.41421
 0
 2.23607
 1.73205
 2.44949
 2.44949
 1.41421
 1.41421
 1.73205
 1.41421
 1.73205
 1.41421
 1.41421
 2.44949
 3.31662
 2.44949
 3.31662
 3.60555
 1.41421
 2.44949
 3.4641
 1.41421
 3.31662
 1.41421
 3
 2.44949
 0
 1.41421
 2.44949
 1.41421
 1.73205
 3.31662
 5.38516
 2.82843
 3
 1.73205
 0
 2.82843
 4.47214
 3.31662
 2.44949
 3.4641
 2.44949
 2.44949
 2.44949
 0
 3.31662
 3.74166
 3.4641
 2.23607
 1.73205
 3.31662
 3.4641
 2
 2.44949
 2.82843
 0
 1.41421
 1.73205
 0
 0
 2.44949
 2.23607
 3.4641
 4.24264
 1.73205
 2.44949
 2.23607
 4.24264
 2.44949
 2.82843
 3.74166
 2.82843
 3.4641
 4.24264
 2.44949
 3.60555
 2.44949
 1.73205
 3.31662
 2.44949
 3.31662
 1.73205
 0
 2.44949
 0
 0
 0
 0
 0
 0
 0
 3
 0
 3.31662
 0
 0
 0
 1.41421
 1.73205
 0
 0
 0
 1.41421
 2.44949
 1.41421
 0
 1.41421
 2.44949
 0
 2.82843
 1.73205
 1.41421
 1.41421
 0
 0
 1.73205
 3
 2.44949
 2.44949
 3.4641
 3.60555
 1.73205
 1.73205
 2
 3.4641
 2.82843
 2.44949
 0
 6
 1.41421
 3.31662
 0
 2.44949
 1.41421
 1.73205
 0
 0
 2
 0
 1.41421
 1.41421
 1.41421
 3.31662
 2.44949
 1.73205
 0
 2.44949
 0
 2.44949
 1.41421
 3.31662
 0
 0
 20.8567
 1.41421
 1.41421
 0
 0
 1.41421
 0
 0
 3.4641
 2.44949
 0
 1.41421
 0
 2.44949
 1.73205
 0
 2.44949
 2.44949
 0
 1.41421
 3.4641
 3.31662
 1.73205
 1.41421
 0
 1.41421
 3
 4.24264
 2.44949
 2.44949
 3.4641
 9.69536
 1.41421
 3.74166
 5.09902
 5.09902
 0
 0
 0
 31.5278
 2.44949
 0
 0
 1.73205
 4.24264
 2.23607
 2.44949
 1.73205
 1.41421
 1.41421
 2.44949
 2.44949
 1.73205
 0
 3.74166
 1.41421
 0
 1.73205
 0
 1.73205
 4.24264
 0
 0
 0
 3.74166
 0
 2.44949
 1.73205
 1.41421
 1.41421
 3.4641
 0
 1.41421
 0
 3.4641
 4.69042
 1.41421
 2.44949
 2.44949
 2.44949
 0
 0
 2.44949
 0
 0
 1.73205
 0
 1.73205
 1.73205
 0
 2.44949
 13.5647
 13.5647
 3.4641
 0
 2.44949
 1.41421
 1.73205
 2.44949
 2.82843
 19.2354
 19.2354
 0
 1.73205
 0
 2.44949
 3.31662
 0
 1.41421
 1.41421
 2.44949
 3.4641
 0
 0
 0
 1.73205
 3
 4.24264
 0
 2.44949
 0
 4.47214
 2.23607
 3
 1.41421
 0
 1.73205
 3
 0
 3.74166
 0
 0
 1.73205
 0
 0
 3.31662
 0
 0
 0
 0
 1.41421
 3.60555
 3.60555
 0
 0
 0
 0
 0
 1.41421
 0
 0
 0
 1.41421
 1.73205
 0
 2.44949
 2.44949
 2.23607
 1.41421
 1.41421
 1.41421
 4.24264
 0
 1.41421
 1.41421
 0
 0
 1.73205
 0
 0
 2.44949
 2.44949
 4.24264
 0
 3.31662
 0
 0
 1.73205
 1.73205
 0
 0
 0
 5.09902
 5.09902
 3.31662
 1.41421
 1.73205
 1.73205
 0
 3.4641
 0
 0
 0
 0
 1.73205
 1.73205
 3.31662
 3.31662
 2.44949
 2.44949
 2.44949
 0
 0
 1.41421
 2.44949
 2.44949
 0
 0
 3.31662
 0
 2.44949
 1.41421
 1.41421
 0
 0
 1.73205
 1.73205
 1.73205
 2.44949
 0
 0
 0
 0
 0
 2.44949
 0
 3.4641
 0
 0
 1.73205
 4.24264
 4.24264
 1.41421
 0
 1.73205
 3.4641
 0
 0
 0
 1.41421
 0
 2.44949
 2.44949
 6.245
 0
 1.73205
 2.44949
 0
 4.24264
 3
 3
 3
 1.41421
 1.41421
 0
 0
 0
 0
 0
 0
 1.73205
 1.73205
 1.73205
 0
 0
 0
 0
 1.41421
 0
 0
 0
 0
 0
 2.44949
 0
 2.44949
 2.44949
 0
 1.73205
 1.73205
 0
 0
 0
 0
 0
 0
 0
 5.38516
 0
 0
 0
 4.12311
 0
 0
 0
 0
 0
 0
 0
 0
 0
 0
 0
 0
 0
 0
 0
 0
 0
 0
 0
 0
 0
 0
 0
 0
 1.41421
 0
 3.31662
 4.12311
 1.41421
 1.41421
 1.41421
 0
 2.44949
 2.44949
 2.44949
 3
 3
 3.31662
 1.41421
 4.12311
 4.12311
 4.12311
 4.12311
 0
 0
 0
 2.44949
 2.44949
 0
 1.73205
 0
 0
 0
 1.41421
 0
 2.44949
 2.44949
 2.44949
 2.44949
 0
 0
 2.44949
 1.41421
 1.41421
 1.41421
 1.41421
 3.31662
 0
 0
 0
 2.44949
 2.44949
 2.44949
 0
 0
 0
 0
 3.31662
 3.31662
 0
 0
 0
 0
 0
 0
 2.44949
 2.44949
 2.44949
 0
 0
 0
 0
 0
 1.41421
 0
 1.73205
 1.73205
 0
 1.73205
 0
 0
 0
 2.44949
 1.41421
 1.41421
 1.41421
 1.41421
 0
 2.44949
 2.44949
 0
 0
 0
 0
 0
 0
 0
 0
 0
 0
 0
 0
 0
 0
 0
 0
 0
 0
 0
