 353.466
 0
 6.85565
 6.245
 6.245
 3.74166
 4.12311
 3.31662
 4.12311
 2.82843
 4.24264
 2.44949
 5.65685
 0
 2.44949
 2.44949
 4.89898
 1.73205
 4.24264
 3
 5.19615
 4.24264
 6
 5
 4.79583
 5.19615
 4.69042
 3.87298
 4.89898
 4.24264
 3
 2.23607
 3.87298
 4.89898
 2.44949
 4.12311
 4.89898
 5.38516
 1.73205
 7.34847
 5.38516
 6.16441
 1.73205
 6.7082
 4.79583
 2.44949
 3.4641
 1.73205
 3.87298
 2.44949
 4.89898
 1.41421
 5.47723
 2.44949
 3.4641
 6.245
 2.44949
 1.73205
 6.7082
 0
 3.4641
 4.24264
 3.4641
 6.245
 4.24264
 2.44949
 6.16441
 3
 1.73205
 6.55744
 4.12311
 6.245
 7.93725
 4.24264
 5
 3
 2.44949
 4.24264
 0
 6.48074
 3.4641
 6.7082
 1.41421
 5.74456
 2.44949
 7.87401
 6.245
 7.4162
 6.16441
 7.28011
 4.89898
 4.58258
 6
 5.47723
 3.87298
 5.47723
 4.69042
 6.78233
 4.79583
 3.74166
 4.47214
 3.87298
 7.74597
 6.55744
 5.47723
 7.28011
 7.28011
 7.68115
 4.89898
 7.2111
 5
 4.3589
 7.2111
 6.245
 6.245
 6
 6.245
 7.14143
 7.28011
 6.85565
 5.47723
 5
 6.55744
 6.08276
 5.47723
 5.65685
 7.68115
 7.61577
 4.89898
 6.08276
 2.82843
 6.08276
 3.60555
 5.47723
 5.74456
 5.74456
 7.93725
 9.53939
 8.60233
 6.9282
 6.48074
 4.24264
 6.55744
 6.85565
 6.55744
 4.24264
 7.74597
 3.60555
 6.9282
 3.74166
 5.38516
 3.87298
 6.85565
 6.9282
 5.47723
 6.9282
 6.9282
 7.74597
 7.93725
 8.48528
 8.66025
 8.66025
 7.34847
 7.93725
 6.9282
 6.85565
 6.9282
 6.08276
 6.16441
 6.55744
 6.9282
 6.9282
 6.9282
 6.08276
 7
 7.07107
 6.9282
 7
 7.74597
 7.81025
 6
 6.9282
 6.85565
 5.47723
 6.08276
 6.9282
 6.9282
 6.9282
 6.9282
 8.66025
 6.9282
 6.08276
 7.81025
 7.34847
 7.34847
 8.66025
 7.74597
 7.74597
 7.81025
 7.81025
 7.81025
 6.9282
 6.9282
 6.9282
 7.74597
 6.08276
 6.9282
 6.9282
 6.9282
 7.81025
 6.85565
 6.85565
 8.66025
 6.9282
 7.81025
 9.48683
 7.81025
 7.74597
 6.9282
 7
 6.9282
 9
 7.74597
 7.74597
 7.93725
 6.85565
 6.9282
 6.9282
 6.9282
 6.32456
 7.07107
 6.9282
 6.9282
 6.08276
 7.74597
 6.08276
 4.3589
 7.74597
 6.9282
 9.48683
 6.08276
 7.74597
 6.9282
 6.9282
 7.07107
 7.74597
 7.74597
 7.74597
 6.9282
 6.9282
 7.74597
 8.42615
 6.9282
 7.74597
 7.74597
 9.48683
 9.64365
 6.9282
 7.81025
 6.9282
 6.9282
 7.81025
 8.66025
 6.9282
 6.9282
 8.66025
 6.9282
 6.9282
 6.9282
 6.9282
 6.85565
 7.87401
 8.66025
 7.14143
 7
 7.81025
 6.9282
 9.53939
 7.74597
 7.07107
 6.9282
 7.93725
 7.74597
 6.9282
 7.93725
 6.9282
 6.9282
 7.07107
 7.74597
 6.9282
 6.85565
 6.9282
 6.9282
 6.9282
 6.9282
 7.74597
 10.3923
 6.9282
 7.07107
 6.9282
 6.9282
 8.66025
 7.81025
 7
 9.48683
 7.93725
 8.66025
 9.53939
 8.66025
 7.81025
 27.2397
 7.81025
 8.66025
 6.9282
 7.81025
 6.9282
 8.66025
 7.81025
 7.74597
 8.66025
 8.66025
 6.55744
 6.9282
 6.245
 7.74597
 7.81025
 7
 7.74597
 6.9282
 6.9282
 9
 8.66025
 7.87401
 8.18535
 7.81025
 7.74597
 7.74597
 7.74597
 8.83176
 8.60233
 6.9282
 8.48528
 7.4162
 7.81025
 7.81025
 6
 6.9282
 7.81025
 6.245
 7
 7.81025
 8.66025
 8.66025
 7.87401
 7.81025
 6
 7
 6.08276
 8.66025
 6.08276
 3.4641
 6.9282
 7.81025
 9.48683
 6.9282
 7.81025
 7.81025
 6.9282
 8.60233
 9.53939
 6.85565
 6
 6.9282
 7.81025
 8.42615
 6.85565
 8.66025
 8.66025
 9.64365
 10.3441
 6
 6.08276
 8
 7.81025
 6.9282
 6.9282
 7.81025
 8.77496
 8.18535
 7.74597
 8.60233
 8.18535
 8.83176
 10.3441
 6.9282
 6
 7.81025
 9.48683
 8.12404
 6.245
 10.3923
 12.2066
 9.53939
 10.9545
 7.28011
 10.3441
 8.77496
 7.81025
 6.08276
 22.4054
 8.66025
 7.81025
 8.77496
 6.08276
 6.9282
 8.7178
 7.81025
 6
 8.66025
 9.53939
 6.32456
 6
 7.81025
 10.3923
 7.34847
 6.9282
 11.225
 8.66025
 6.9282
 6.85565
 7.81025
 7.87401
 8.66025
 8.66025
 7
 6.9282
 6.9282
 7.81025
 6.9282
 8.66025
 7.93725
 7.81025
 8.66025
 7.87401
 7.14143
 5.47723
 7.81025
 9.48683
 7.81025
 3.4641
 7.07107
 8.60233
 8.18535
 7.81025
 6
 7.81025
 9.64365
 8.66025
 6.08276
 7
 8.60233
 8.66025
 7.74597
 6.85565
 7.81025
 10.3923
 8.12404
 6.85565
 4.3589
 8.83176
 6.9282
 7.07107
 4.3589
 9.53939
 8.66025
 7.81025
 6.08276
 8.66025
 8.42615
 7.93725
 7.81025
 7.81025
 7
 8.60233
 8.60233
 10.5357
 8.66025
 9
 6
 9.53939
 6.85565
 6.9282
 6.9282
 6.9282
 5.19615
 6.08276
 4.69042
 9.53939
 6.9282
 6.9282
 12.2474
 6.9282
 9.53939
 6.08276
 18.6279
 4.24264
 6.9282
 10.3441
 6
 2.44949
 8.7178
 7.14143
 6.08276
 3.4641
 7.14143
 6
 10.3441
 6.9282
 6.48074
 11.225
 6.85565
 5.38516
 7.74597
 8.60233
 6.9282
 9.21954
 5.19615
 6.9282
 7.28011
 5.19615
 8.60233
 7.07107
 7.81025
 9.53939
 6.08276
 9.53939
 6.85565
 6.9282
 6.08276
 6.9282
 6.16441
 6.9282
 6.9282
 6.9282
 8.12404
 5.19615
 7.74597
 6.9282
 6.85565
 1.73205
 6
 5.09902
 6.08276
 7.81025
 6.9282
 8.60233
 6.245
 7
 7
 7
 6.9282
 8.12404
 6.9282
 6.9282
 6.245
 6.245
 6.9282
 6.08276
 6.9282
 7
 5.19615
 9.48683
 7.74597
 6.08276
 6
 6.245
 6.08276
 7.81025
 8.66025
 6.9282
 10.4403
 9.48683
 6.9282
 6.9282
 6.245
 7.74597
 7.81025
 6.9282
 6.9282
 3.87298
 9.53939
 0
 7.74597
 7.87401
 6.9282
 6.9282
 5.09902
 6.9282
 6.9282
 8.83176
 9.48683
 3.74166
 6.9282
 7.74597
 7.81025
 6.08276
 7
 7.34847
 7.81025
 5.19615
 7.07107
 6.245
 0
 8.66025
 8.66025
 6.9282
 7.07107
 7.07107
 7.4162
 6.9282
 7.81025
 6.9282
 6.85565
 0
 0
 7.28011
 7.74597
 7.74597
 6.9282
 0
 6
 6.9282
 7.81025
 7.34847
 6.08276
 6.08276
 6.9282
 6.9282
 6.9282
 6.08276
 6.9282
 6.9282
 8.66025
 7.74597
 6.9282
 6.9282
 7.74597
 9.53939
 7.07107
 8.18535
 6.08276
 0
 6.08276
 6.55744
 7.74597
 8.60233
 9.53939
 7.74597
 6.08276
 7.74597
 6.9282
 5.38516
 0
 6.9282
 6.9282
 6.9282
 6.08276
 6.9282
 0
 6.08276
 6.9282
 2.44949
 6.9282
 6
 5.19615
 7.74597
 6.9282
 4.12311
 7.61577
 7.74597
 6.08276
 7.93725
 8.42615
 7.74597
 7.74597
 4.89898
 6.85565
 7.34847
 6.9282
 4.24264
 6.9282
 4.24264
 6.245
 6.9282
 6.08276
 6.9282
 6.16441
 6.9282
 6.9282
 7
 0
 6.85565
 6.9282
 7.81025
 6.85565
 7.28011
 6.55744
 8.60233
 6.16441
 8.83176
 6.7082
 8.66025
 5.38516
 6.08276
 6
 6
 6.7082
 6.08276
 6.08276
 6.85565
 5.47723
 7.28011
 5.19615
 6.9282
 6
 0
 6.78233
 6.55744
 6.85565
 7.74597
 3.4641
 6.63325
 6.08276
 7.34847
 6.08276
 7.74597
 4.24264
 6.48074
 6.9282
 5
 6.9282
 6
 3.4641
 6.9282
 0
 3
 6.245
 7.74597
 6.9282
 6.08276
 4.24264
 6
 3
 7.07107
 6.9282
 7.07107
 6.48074
 7.07107
 3
 6
 6
 6.9282
 6.08276
 9.64365
 6
 6
 4.89898
 6.9282
 6.9282
 6.9282
 3.4641
 5.19615
 7.34847
 6.48074
 4.69042
 6
 5.19615
 6.9282
 0
