 31.8904
 33.2265
 31.8277
 38.0789
 27.6406
 36.8511
 43.6119
 46.669
 40.6202
 38.1051
 41.7732
 47.9583
 43.8292
 41.9762
 44.6542
 48.1871
 45.3652
 50.2394
 49.0816
 51.0098
 53.2916
 55.2721
 67
 57.9396
 56.0981
 68.4836
 52.915
 43.6005
 55.5068
 42.2611
 54.6992
 47
 45.4973
 42.0595
 40.1995
 49.4065
 43.5431
 48.2908
 39.1663
 45.5741
 49.7695
 46.4866
 39.1535
 51.7204
 49.96
 48.0416
 45.6508
 37.9078
 49.5379
 38.1707
 45.5522
 49.4672
 53.1225
 36.3318
 43.852
 57.1489
 43.2204
 35.3977
 61.2209
 48.1248
 48.1248
 58.8897
 58.8897
 54.2955
 51.4198
 51.4198
 48.2079
 50.2096
 50.2096
 49.0102
 51.1468
 53.0189
 54.2218
 53.0566
 51.0392
 56.5862
 42.6615
 61
 42.8135
 58.8727
 46.2817
 61.441
 48.3632
 62.9365
 48.7237
 54.4059
 52.2111
 46.5296
 51.0294
 46.6476
 51.6914
 53.2823
 53.6283
 54.827
 58.3695
 61.7171
 51.049
 58.6941
 40.1622
 40.1123
 64.707
 56
 64.5058
 64.8691
 48.775
 60.3075
 60.3075
 53.9815
 54.8452
 56.1605
 50.2295
 62.1932
 54.6443
 59.9833
 57.1664
 65.192
 56.4712
 49.163
 49.7795
 70.1712
 43.3128
 42.7785
 69.419
 52.8299
 66.9179
 55.1634
 60.3075
 51.6236
 57.4108
 56.3826
 60.803
 64.1171
 61.1882
 62.5859
 60.349
 68.8186
 60.5475
 74.9133
 54.1664
 71.5681
 47.3709
 74.1957
 40.6202
 69.5414
 47.8121
 57.7495
 64.3584
 56.4712
 57.5239
 61.9435
 55.7853
 60.8358
 61.1964
 65.1613
 65.2687
 76.5049
 51.1175
 76.629
 65.9924
 57.7668
 78.1217
 79.7433
 49.8096
 47.4025
 71.9027
 70.3562
 64.8151
 60.63
 64.5213
 66.9328
 58.2924
 65.8711
 70.5479
 67.8307
 70.4557
 72.6842
 77.6015
 71.2039
 80.8826
 80.5792
 68.4471
 60.5475
 62.9047
 53.535
 77.3886
 55.254
 69.1881
 60.1831
 63.1506
 61.6117
 69.0652
 74.0878
 62.4179
 74.8599
 67.9926
 80.1436
 79.1833
 36.4143
 81.4678
 83.4026
 83.4026
 87.2238
 74.9333
 68.7095
 80.8826
 62.9603
 78.905
 73.7631
 54.5711
 60.1914
 62.5939
 15.2643
 15.2643
 60.9508
 57.5413
 67.4759
 70.4131
 74.793
 81.3265
 79.1896
 85.4693
 80.1998
 83.9285
 85.3464
 86.6199
 80.5543
 77.3434
 72.0902
 74.6592
 58.9491
 68.3886
 55.5788
 64.5136
 59.6909
 68.7386
 64.2884
 68.8113
 73.9053
 78.7909
 80.5419
 87.6926
 81.8657
 82.807
 88.6905
 68.5347
 86.4292
 85.872
 75.0666
 63.4744
 68.8694
 65.6506
 56.9298
 65.6658
 58
 58.6174
 64.1171
 68.0441
 67.4981
 74.0338
 81.5966
 54.6992
 86.406
 83.4386
 90.3549
 83.7437
 86.4581
 78.9367
 76.857
 84.463
 73.641
 76.2037
 65.3682
 84.9647
 55.0364
 60.696
 80.7775
 61.5711
 108.046
 108.046
 108.046
 85.8312
 65.7267
 81.523
 86.093
 82.6196
 82.2314
 85.3288
 69.152
 69.152
 81.5107
 84.4867
 73.9797
 87.0689
 65.3988
 81.8657
 58.4038
 64.4438
 56
 56
 79.2275
 79.2275
 77.7689
 65.9014
 88.2836
 83.9881
 83.9881
 83.4446
 83.4446
 96.5609
 64.9538
 64.9538
 78.2113
 68.4471
 68.4471
 90.2774
 90.2774
 73.1779
 64.6993
 83.4026
 83.4026
 83.4026
 76.184
 59.8999
 77.9166
 61.1228
 96.5505
 68.6804
 68.6804
 78.1729
 83.7854
 79.8937
 82.7345
 81.6945
 96.1769
 63.1981
 99.3378
 80.8579
 83.8093
 95.6295
 77.5177
 77.5177
 87.4586
 87.4586
 62.0806
 62.0806
 62.0806
 65.2304
 65.2304
 65.2304
 65.8255
 75.9078
 69.5845
 94.101
 94.101
 79.2212
 82.4379
 82.4379
 82.4379
 83.2106
 83.3427
 83.3427
 84
 84
 92.6175
 95.0263
 70.3918
 82.4682
 82.4682
 65.1153
 92.8386
 77.7432
 77.7432
 77.7432
 97.2985
 73.9256
 71.7356
 93.6109
 93.6109
 65.8711
 91.3947
 74.8866
 74.8866
 53.0566
 70.4131
 81.0185
 81.0185
 86.1858
 86.1858
 73.7089
 65.7875
 88.9663
 103.136
 69.6707
 97.4474
 84.5044
 84.5044
 65.1153
 85.0823
 88.2723
 67.335
 76.433
 85.9128
 71.2531
 67.9706
 87.8294
 69.6563
 84.5754
 95.64
 62.6658
 62.6658
 75.1665
 95.8593
 83.7735
 83.7735
 78.8036
 97.4372
 97.4372
 97.4372
 91.6733
 71.9583
 63.3482
 63.3482
 57.9914
 57.9914
 73.9121
 73.9121
 73.9121
 80.8579
 81.9146
 81.9146
 66.0606
 77.2852
 65.7647
 65.7647
 65.7647
 73.9053
 111.355
 94.7206
 94.7206
 63.4114
 68.9928
 82.7103
 77.5951
 69.1665
 78.5557
 78.5557
 78.2176
 87.1493
 63.3325
 63.3325
 63.3325
 67.8749
 96.9639
 79.8749
 79.8749
 93.1128
 81.6088
 70.484
 68.6877
 68.6877
 69.0072
 93.8989
 74.6726
 74.6726
 95.6713
 73.736
 64.4826
 64.1015
 64.1015
 92.8763
 91.6515
 62.2656
 53.1131
 82.7164
 60.0583
 90.4378
 54.231
 68.4471
 75.3127
 73.8038
 73.8038
 97.1288
 67.6092
 65.1306
 65.1306
 70.1926
 76.7984
 91.2195
 91.2195
 83.3367
 66.6408
 68.7532
 64.1015
 79.0633
 58.5491
 77.4661
 79.0759
 75.7298
 75.7298
 75.7298
 91.8749
 91.8749
 67.0224
 93.0107
 93.0107
 87.9147
 87.9147
 97.8264
 65.2227
 65.2227
 69.5485
 83.3247
 83.3247
 61.4736
 72.0278
 96.1457
 96.1457
 96.1457
 75.4387
 94.1647
 94.1647
 67.5204
 77.5887
 77.5887
 63.9453
 95.268
 95.268
 64.9846
 64.9846
 64.9846
 64.9846
 64.9846
 104.933
 64.7843
 64.7379
 64.7379
 64.7379
 75.7232
 72.3187
 72.3187
 55.1181
 60.9426
 80.4736
 56.4181
 56.4181
 91.7442
 70.0571
 77.5887
 70.0214
 63.4823
 63.4823
 50.6656
 50.6656
 70.3065
 55.6147
 55.6147
 55.6147
 55.6147
 69.8785
 69.8785
 69.8785
 69.5414
 78.5493
 94.2709
 94.2709
 94.2709
 54.7905
 70.6399
 63.0159
 60.7371
 88.1249
 63.4744
 70.1427
 70.1427
 89.5154
 68.0221
 66.8281
 81.1973
 81.1973
 81.1973
 86.4928
 63.7652
 65.3605
 93.247
 93.247
 72.6085
 70.2567
 64.6142
 106.358
 106.358
 60.5227
 60.5227
 78.924
 78.924
 72.9383
 72.9383
 79.3032
 53.647
 74.7061
 74.7061
 65.7951
 67.2607
 65.1613
 65.1613
 82.9277
 54.1202
 81.9573
 72.1388
 62.6019
 88.278
 61.041
 62.9524
 62.9524
 76.87
 76.87
 66.8281
 79.9375
 68.7386
 77.2399
 77.2399
 63.5374
 71.5681
 72.519
 72.519
 72.519
 64.1561
 64.1561
 64.1561
 67.2756
 67.2756
 58.5491
 58.5491
 62.0564
 66.3852
 89.3644
 71.1548
 69.8427
 53.4603
 93.043
 62.562
 62.562
 64.3894
 70.9154
 58.6259
 58.6259
 74.7797
 62.8808
 97.6832
 65.0231
 88.1419
 88.1419
 88.1419
 64.6142
 54.4885
 61.5549
 68.4617
 84.2378
 57.9569
 63.4744
 67.9338
 86.18
 62.6418
 62.6418
 62.6418
 65.146
 80.3306
 80.3306
 70.0571
 70.0571
 67.7348
 68.884
 37.3631
 72.215
 72.215
 65.7799
 62.9682
 57.6715
 35.1852
 67.8307
 92.6553
 120.029
 77.7496
 68.1469
 86.6429
 75.6968
 39.0384
 39.0384
 39.0384
 60.3407
 37.108
 76.7463
 59.6406
 68.1175
 62.1208
 62.1208
 85
 85
 76.4984
 76.4984
 57.7841
 57.7841
 57.7841
 91.6515
 58.4038
 58.4038
 37.108
 60.7536
 89.0225
 58.3095
 61.8304
 37.4166
 86.7237
 59.1016
 64.9615
 64.9615
 37.108
 63.9531
 70.9436
 87.3155
 87.3155
 87.3155
 59.0931
 80.6164
 74.458
 94.0585
 94.0585
 94.0585
 71.225
 71.225
 70.3918
 91.864
 53.9815
 81.3941
 38.6782
 62.2656
 63.7495
 61.8951
 55.848
 62.857
 39.0128
 39.0128
 39.0128
 39.0128
 68.942
 68.942
 68.942
 68.7386
 68.7386
 61.441
 66.0984
 66.0984
 66.0984
 35.9861
 55.2268
 94.0053
 70.0714
 70.0714
 49.1223
 49.1223
 69.6276
 67.6461
 79.177
 63.2772
 79.0569
 62.2334
 59.4727
 47.4342
 69.3325
 57.1577
 82.7164
 82.7164
 66.5132
 84.119
 72.3257
 68.6076
 63.9296
 63.9296
 87.7383
 87.7383
