 13.8924
 12.2066
 14.8997
 14.7986
 13.9642
 14.6969
 13.2288
 14.7309
 14.1421
 18.2209
 14.7986
 20.3224
 12.49
 18.2483
 20.6155
 13.9642
 17.088
 20.2731
 15.9374
 18.0831
 15.8745
 17.6352
 16.8523
 16.0624
 14.1774
 19.6723
 13.7113
 13.2288
 15.9687
 6.245
 15.5242
 15.4272
 13.2288
 6.9282
 17.3205
 13.5277
 13.2288
 11.3578
 16.5831
 14.9332
 19.8242
 16.3095
 17.4069
 14.6969
 19.1833
 19.5192
 10.3923
 16.6132
 16.6733
 16.4924
 12.083
 12.6491
 15.1987
 15.6525
 17.4642
 16.6433
 19.3132
 16.5227
 17.8885
 23.8118
 0
 17.72
 0
 11
 18.7083
 0
 11.3137
 18.2209
 0
 12.6491
 14.4222
 19.0788
 19.0263
 19.9499
 14.4222
 20.8567
 7.93725
 19.2614
 8.66025
 15.6844
 15.3623
 15.5563
 22.4054
 15.9687
 22.0227
 10.0995
 23.516
 5.19615
 20.0499
 10.9545
 20.0499
 17.4642
 18.7883
 19.1572
 17.7482
 23.4521
 13.6382
 21.8403
 6
 1.73205
 20.3224
 23.3666
 14.9332
 16.1245
 20.9762
 14.1774
 0
 11.2694
 25.1992
 21.6795
 9.69536
 21.4243
 18.4391
 21.7256
 16.4012
 24.0208
 13.2665
 3.4641
 12.2474
 20.1246
 7.48331
 0
 17.5499
 18.6011
 15.1327
 22.7596
 13.8924
 13.6748
 23.4307
 12.1655
 26.9444
 20.7123
 22.5832
 21.8632
 23.3666
 24.2074
 18.3848
 25.1992
 14.1067
 18.7617
 14.9332
 19.2614
 6
 16.6733
 3.74166
 20.664
 16.4924
 21.8403
 13.5277
 23.4094
 11.2694
 22.7156
 15.1987
 23.4094
 20
 25.2389
 11.3137
 21.7486
 19
 15.6205
 21.3542
 20.5913
 12.5698
 4.24264
 17.088
 20.8806
 14.7986
 13.9642
 24.3105
 25.1992
 13.0767
 15.9687
 26.533
 22.0227
 22.6274
 21.7486
 25.5539
 18.6279
 23.516
 21.8861
 16
 0
 15.9687
 14.9332
 19.799
 4.3589
 14.7648
 6.78233
 5.74456
 7.81025
 23.6854
 26.9629
 11.6619
 24.8797
 22.5832
 26.2107
 23.4734
 13.2288
 23
 24.3105
 15.1987
 25.2389
 17.3781
 18.2757
 19.3132
 19.4936
 21.3307
 19.9499
 17.2337
 5.19615
 14.7648
 13.5647
 18.4662
 12.5698
 15.0997
 16
 21.7486
 26.9815
 27.7849
 27.3861
 25.9422
 23.8537
 21.7256
 26.1916
 21.7945
 19.7231
 17.4069
 16.6132
 19.7737
 18.4391
 17.5214
 12.3693
 7.81025
 0
 20.2731
 12.49
 20.3715
 26.0768
 29.1033
 26.3059
 24.2281
 25.2785
 26.0576
 26.096
 7.14143
 24.454
 23.4947
 17.2047
 4.3589
 20.8806
 17.8606
 19.0526
 9.69536
 6.08276
 2.82843
 11.225
 11.7898
 20.7123
 25.2587
 28.0179
 3.31662
 24.2487
 29.4279
 25.1794
 22.561
 24.9199
 19.799
 16.6733
 20.4939
 18.735
 9.53939
 21.1187
 20.2978
 20.199
 2.44949
 23.8537
 6.08276
 52.259
 52.259
 52.259
 23.7487
 17.9444
 28.6007
 23.4734
 25.4165
 19.975
 24.5561
 9.53939
 9.53939
 20.9045
 29.5466
 20.3961
 23.4521
 21.7715
 19.5448
 19.6469
 11.5758
 20.2978
 0
 29.4788
 0
 26.2869
 23.4307
 26.2869
 29.1719
 0
 23.4094
 0
 30.9839
 3.4641
 0
 20.4939
 0
 0
 25.593
 0
 21.7945
 21.7945
 24.1868
 0
 0
 24.1247
 21
 9.84886
 6.78233
 27.074
 23.8747
 0
 27.8209
 27.0555
 25.8263
 17.4356
 24.3311
 30.545
 13
 27.8209
 20.9045
 18.2757
 25.807
 22
 0
 25.318
 0
 20.9284
 20.9284
 0
 30.0832
 0
 0
 17.1464
 6.63325
 23.8747
 28.931
 0
 26.2107
 20.2485
 0
 0
 28.8964
 27.6043
 0
 25.04
 0
 32.8938
 19.5704
 14.8324
 24.5561
 0
 22.561
 30.8058
 21.0476
 0
 0
 33.1964
 21.8861
 16.1555
 27.2213
 0
 26.533
 26.4386
 19.1572
 0
 20.2731
 20.8806
 23.1733
 0
 21.0476
 21.0476
 29.5635
 19.5192
 25.1396
 28.7402
 23.3666
 27.6043
 23.0868
 0
 24.3105
 29.3258
 28.9655
 19.0788
 25.04
 28.2843
 2.64575
 14.8661
 34.0588
 7.87401
 22.6053
 34.0881
 26.533
 0
 12.3693
 28.9137
 29.3598
 0
 18.0831
 28.4077
 0
 0
 26.0192
 17.3781
 26.0384
 0
 21.4942
 21.4942
 11.8322
 0
 0
 20.8806
 19.1572
 0
 6.245
 11.3137
 20.3224
 0
 0
 26.8514
 44.587
 24.1868
 0
 7.93725
 0
 26.9815
 28.8617
 5.09902
 28.0179
 28.0179
 23.4521
 30.4631
 12.7671
 12.7671
 0
 10.4403
 34.0441
 22.2486
 22.2486
 29.2575
 24.6374
 9
 21.2132
 0
 7.34847
 27.9821
 18.6011
 18.6011
 26.4764
 13.0384
 10.7238
 15.6205
 0
 26.5518
 30.8058
 17.8885
 7.4162
 19.975
 17.3205
 28.6182
 22.8035
 20.8327
 13.4536
 29.3769
 29.3769
 30.348
 25.9037
 9.27362
 0
 5.74456
 26.0768
 26.6646
 0
 29.1376
 19.2094
 7.4162
 24.3926
 22.8254
 16.7332
 17.0587
 26.0384
 14.0357
 14.0357
 0
 29.9165
 29.9165
 17.5214
 31.9531
 0
 22.9129
 22.9129
 28.5832
 8.66025
 0
 24.4745
 22.9565
 0
 13.0384
 9.8995
 28.4077
 28.4077
 28.4077
 17.2627
 25.3969
 0
 16.6733
 16.6733
 16.6733
 9.74679
 26.8514
 0
 6.245
 26.9629
 26.9629
 0
 0
 27.9643
 22.561
 11.2694
 0
 0
 25.02
 20.347
 0
 36.8239
 13.1529
 28.8964
 9.84886
 9.84886
 30.3809
 17.9165
 25.04
 13.8924
 19.0788
 0
 13
 0
 7.74597
 18.6815
 0
 0
 0
 17.8606
 0
 0
 8.94427
 18.4391
 32.218
 32.218
 0
 10.8628
 14.0357
 15.5242
 11.6619
 32.2955
 16
 13.8564
 13.8564
 27.6043
 22.5832
 23.4307
 21.7715
 21.7715
 21.7715
 24.7588
 16.7631
 14.1421
 29.5296
 0
 14.4914
 17.3494
 16.4621
 24.4745
 0
 7.81025
 0
 20.2978
 20.2978
 20.4695
 20.4695
 30.9839
 16.0935
 22.4054
 22.4054
 8.06226
 30.2655
 11.2694
 11.2694
 19.1572
 14.4222
 20.9045
 21.9773
 13.9642
 26.5141
 14.1067
 8.12404
 23.6432
 15.6525
 0
 24.5967
 22.5832
 12
 27.8927
 0
 16.8226
 23.6643
 25.02
 0
 0
 11.3137
 11.3137
 33.5857
 12.9228
 23.5584
 18.2209
 18.2209
 21.7025
 8.77496
 32.8329
 25.04
 12.1655
 10.7703
 30.5614
 1.41421
 1.41421
 15.0997
 1.73205
 11.6619
 11.6619
 29.95
 27.2213
 30.7571
 14.7986
 29.9833
 0
 0
 12.2882
 8.94427
 10.3923
 4.3589
 17.9444
 8.66025
 24.1454
 12.0416
 31.7333
 9.84886
 0
 0
 9.84886
 18.3576
 0
 26.9444
 7.14143
 29.5296
 20.3715
 13.0384
 14.1067
 14.1067
 11.3578
 18.6011
 7.07107
 21.7256
 20.6398
 36.7967
 65.8103
 27.8209
 17.4069
 23.4521
 20.2978
 24.3105
 24.3105
 40.5339
 9.38083
 24.3721
 25.8263
 23.4734
 29.5635
 29.2916
 29.2916
 29.5296
 20.1246
 20.0499
 0
 22.5167
 27.8209
 28.1957
 32.0468
 27.2947
 0
 20.8806
 12.0416
 27.7489
 15.4272
 17.8326
 20.8806
 28.4781
 7.4162
 20.1246
 20.1246
 20.025
 6.78233
 14.1421
 24.5153
 24.5153
 20.025
 11.7898
 28.7576
 17.1172
 30.8221
 0
 22.8254
 31.1127
 31.1127
 27.2029
 30.1164
 14.3178
 21.8632
 22.5389
 30.8221
 18.2209
 20.025
 17.2047
 21.2838
 19.2873
 19.2873
 0
 26.4386
 19.5192
 0
 0
 24.5153
 24.5153
 16.7631
 21
 21
 21
 9.69536
 19.4165
 26.3249
 22.8035
 22.8035
 8.24621
 0
 16
 24.1454
 27.313
 25.5343
 22.9347
 9.84886
 12.8841
 7.74597
 22.1133
 10.0995
 26.4386
 26.4386
 18.735
 29.9833
 23.1301
 14.4222
 9.79796
 9.79796
 32.2955
 0
