 362.211
 0
 0
 0
 0
 37.4833
 37.4833
 37.4833
 41.833
 41.833
 42.4617
 42.4617
 45.0555
 43.1393
 45.2106
 48.734
 48.4149
 52.5547
 51.7301
 52.144
 54.4794
 56.3826
 67.7569
 60.5227
 58.4466
 58.4466
 55.2901
 55.2901
 55.2901
 44.5533
 56.6127
 56.6127
 46.669
 44.4297
 40.025
 40.025
 46.2385
 49.7896
 38.7943
 48.734
 50.8527
 48.3529
 38.8458
 38.8458
 51.4684
 51.4684
 51.4684
 37.9737
 50.636
 38.3014
 38.3014
 51.7784
 54.2679
 36.4555
 36.4555
 58.3352
 58.3352
 35.4824
 62.2495
 62.2495
 62.2495
 60.597
 60.597
 56.107
 54.1941
 54.1941
 50.4282
 51.7977
 51.7977
 50.9706
 50.9706
 53.3479
 53.3479
 54.0463
 51.0882
 57.6802
 43.8748
 63.2297
 43.2551
 60.7701
 48.1871
 62.5939
 49.163
 64.8691
 49.6689
 56.4889
 52.192
 49.9199
 52.0384
 50.9117
 52.7731
 54.4977
 56.9034
 55.8122
 55.8122
 63.435
 53.4509
 62.2254
 62.2254
 41.3038
 67.0746
 56.9649
 66.0757
 66.7533
 49.7695
 61.7657
 61.7657
 57.3324
 55.6417
 58.7197
 52.8678
 63.6475
 58.2065
 60.8851
 60.803
 66.0757
 58.9067
 50.8822
 52.2877
 71.0845
 71.0845
 43.9659
 72.952
 54.2494
 68.8549
 56.0179
 63.6082
 55.0091
 58.2495
 57.55
 61.7009
 65.169
 61.4898
 64.3661
 61.9031
 70.4273
 62.466
 75.8815
 55.4166
 72.9794
 47.4131
 78.3199
 42.9767
 71.0985
 49.7293
 59.5987
 66.053
 56.5597
 59.439
 62.6578
 58.2495
 62.6498
 62.2977
 67.7348
 66.2873
 78.2496
 52.2303
 77.5629
 77.5629
 57.7754
 80.9135
 83.2827
 51.0784
 49.7494
 75
 71.2461
 67.0597
 61.7819
 66.8506
 68.644
 61.8304
 67.8675
 71.4003
 69.5629
 73.0548
 76.2037
 80.1873
 74.2226
 83.4805
 83.5165
 70.4131
 63.2614
 63.6867
 57.1664
 78.543
 57.9741
 70.7955
 62.1048
 64.2729
 63.726
 70.0714
 74.92
 63.6082
 77.3369
 70.4486
 81.7496
 80.1935
 36.7151
 82.6922
 84.3564
 84.3564
 88.2043
 76.4068
 69.9357
 82.7647
 64.2106
 81.2219
 75.2728
 56.8771
 61.8789
 64.1794
 64.1794
 67.9191
 62.8252
 59.3464
 69.3109
 72.1249
 77.4145
 84.6818
 81.7985
 88.8538
 83.7795
 85.7963
 88.017
 90.2053
 82.4924
 80.8826
 74.027
 77.7882
 61.3922
 69.5629
 57.5152
 67.2161
 61.563
 70.6258
 67.8233
 72.9726
 75.5712
 80.2434
 82.1766
 88.4534
 83.4326
 87.2181
 92.1141
 71.0563
 89.8833
 88.6172
 77.7753
 66.2571
 70.1142
 68.7386
 60.696
 69.2315
 60.1581
 59.9667
 67.4981
 71.617
 69.4118
 74.7797
 82.994
 55.5788
 88.1306
 84.2971
 91.2634
 84.6699
 88.9944
 81.0987
 80.3866
 88.7863
 75.6042
 78.7718
 67.8086
 89.1516
 57.5674
 63.6082
 84.5458
 64.4593
 111.553
 111.553
 111.553
 89.0505
 68.4544
 83.2406
 89.5433
 85.1763
 85.5804
 87.1722
 70.0643
 70.0643
 82.662
 85.3639
 75.1798
 87.983
 65.5057
 82.7829
 59.649
 67.3201
 57.2101
 57.2101
 80.3057
 80.3057
 78.9367
 66.8655
 90.111
 84.7703
 84.7703
 84.309
 84.309
 99.1514
 66.0454
 66.0454
 80.1311
 71.1407
 71.1407
 93.322
 93.322
 74.94
 66.5883
 84.1665
 84.1665
 84.1665
 79.3221
 62.1852
 79.7559
 64.4826
 98.453
 70.4202
 70.4202
 79.6492
 87.3212
 82.2071
 85.481
 82.5954
 102.171
 64.3195
 102.723
 81.6884
 86.4118
 97.0258
 79.4418
 79.4418
 79.4418
 79.4418
 62.7853
 62.7853
 62.7853
 62.7853
 62.7853
 62.7853
 67.72
 75.9868
 72.1457
 94.9316
 94.9316
 80.7775
 85.7205
 85.7205
 85.7205
 102.645
 83.9583
 83.9583
 84.7585
 84.7585
 94.1807
 95.901
 71.5472
 86.0349
 86.0349
 66.34
 94.4563
 77.8332
 77.8332
 77.8332
 98.2191
 76.4526
 74.4648
 94.5093
 94.5093
 68.8331
 94.4405
 76.8245
 76.8245
 54.3139
 71.9236
 82.1766
 82.1766
 88.7694
 88.7694
 76.1643
 75.4652
 90.6532
 106.146
 74.8933
 74.8933
 85.1587
 85.1587
 65.9924
 111.36
 90.5925
 68.1102
 77.2981
 87.6356
 75.2197
 69.8284
 90.3659
 71.2461
 86.2496
 97.3088
 65.0769
 65.0769
 76.883
 96.7781
 87.6356
 87.6356
 79.5801
 99.2774
 99.2774
 99.2774
 95.974
 73.1437
 64.5833
 64.5833
 61.563
 61.563
 76.5637
 76.5637
 76.5637
 76.5637
 85.3815
 85.3815
 67.3721
 78.0385
 69.3397
 69.3397
 69.3397
 74.8665
 113.851
 113.851
 113.851
 113.851
 71.4143
 83.4686
 78.492
 70.8661
 79.4166
 79.4166
 79.975
 88.0284
 65.4905
 65.4905
 65.4905
 71.2671
 98.0051
 82.3893
 82.3893
 94.9579
 83.9405
 72.7599
 85.8254
 85.8254
 69.8713
 95.6504
 75.2263
 75.2263
 98.9242
 74.2294
 65.8483
 65.7951
 65.7951
 95.8488
 92.6067
 92.6067
 54.2402
 83.5105
 61.4573
 93.8616
 55.3715
 70.9436
 76.1774
 78.0833
 78.0833
 98.6002
 68.7314
 65.9697
 65.9697
 72.2634
 77.6531
 94.8841
 94.8841
 94.8841
 68.3447
 69.3758
 69.3758
 82.4864
 59.3464
 78.3454
 78.3454
 76.433
 76.433
 76.433
 76.433
 76.433
 67.9485
 67.9485
 67.9485
 67.9485
 67.9485
 97.8877
 66.0908
 66.0908
 71.2671
 85.0294
 85.0294
 63.364
 63.364
 98.0969
 98.0969
 98.0969
 98.0969
 97.8264
 97.8264
 69.1014
 69.1014
 69.1014
 64.8383
 96.3379
 96.3379
 65.0538
 65.0538
 65.0538
 65.0538
 65.0538
 107.912
 65.4523
 64.7765
 64.7765
 64.7765
 76.5963
 76.5963
 76.5963
 59.2621
 59.2621
 83.857
 57.6715
 57.6715
 57.6715
 70.2353
 81.1172
 70.9013
 70.9013
 70.9013
 70.9013
 70.9013
 70.9013
 56.7274
 56.7274
 56.7274
 56.7274
 56.7274
 56.7274
 56.7274
 71.1758
 81.0802
 81.0802
 81.0802
 81.0802
 58.2323
 71.6868
 65.3835
 62.3859
 62.3859
 63.4902
 63.4902
 63.4902
 63.4902
 63.4902
 69.3758
 81.9085
 81.9085
 81.9085
 81.9085
 64.5988
 68.0441
 93.3059
 93.3059
 73.3417
 73.3417
 66.34
 109.54
 109.54
 60.7618
 60.7618
 80.5047
 80.5047
 73.7089
 73.7089
 79.8937
 55.1725
 74.7329
 74.7329
 74.7329
 73.328
 65.9166
 65.9166
 85.4576
 54.8817
 86.3192
 73.9392
 73.9392
 73.9392
 62.466
 62.466
 62.466
 77.7174
 77.7174
 77.7174
 77.7174
 69.5414
 78.6003
 78.6003
 78.6003
 72.3533
 72.3533
 72.3533
 72.3533
 65.3911
 65.3911
 65.3911
 68.0955
 68.0955
 59.0424
 59.0424
 62.1048
 68.9928
 68.9928
 71.854
 71.5681
 71.5681
 93.9361
 62.6019
 62.6019
 62.6019
 71.7914
 59.4895
 59.4895
 80.0187
 62.9285
 98.051
 98.051
 89.4204
 89.4204
 89.4204
 89.4204
 89.4204
 62.0484
 62.0484
 85.3991
 85.3991
 85.3991
 85.3991
 86.741
 86.741
 86.741
 86.741
 65.9773
 65.9773
 65.9773
 70.6753
 70.6753
 67.9926
 67.9926
 38.4057
 38.4057
 0
 0
 0
 0
 38.6911
 69.527
 69.527
 69.527
 77.7946
 70.3847
 70.3847
 70.3847
 41.9881
 0
 0
 0
 40.6571
 40.6571
 40.6571
 40.6571
 62.7375
 62.7375
 62.7375
 36.6606
 36.6606
 0
 0
 0
 0
 0
 0
 0
 39.8748
 39.8748
 39.8748
 39.8748
 61.8708
 38.5876
 87.9375
 60.7289
 60.7289
 60.7289
 38.5487
 67.3424
 70.9577
 70.9577
 70.9577
 38.8716
 38.8716
 38.8716
 74.505
 74.505
 74.505
 41.2311
 72.9178
 72.9178
 70.4698
 70.4698
 70.4698
 82.0366
 39.5474
 39.5474
 65.1153
 65.1153
 58.3352
 63.6632
 40.0999
 0
 0
 0
 0
 0
 0
 0
 0
 0
 0
 0
 0
 36.606
 56.7539
 56.7539
 71.7287
 71.7287
 50.1697
 50.1697
 50.1697
 67.6905
 67.6905
 67.6905
 67.6905
 67.6905
 67.6905
 67.6905
 67.6905
 67.6905
 67.6905
 67.6905
 67.6905
 67.6905
 67.6905
 67.6905
 64.6916
 64.6916
 64.6916
 64.6916
