 36.8646
 36.1939
 35.6791
 40.5832
 36.8917
 35.4824
 38.7685
 39.4842
 38.3275
 34.2053
 40.1622
 42.2729
 40.8656
 40.0874
 41.5572
 46.2493
 46.7119
 52.2207
 48.1352
 51.4879
 49.3255
 54.7996
 56.9122
 51.4296
 50.6162
 60.2412
 48.7134
 40.7185
 52.5642
 40.2244
 51.2543
 44.7102
 43.2666
 38.8844
 32.2955
 44.8665
 39.6989
 43.9886
 31.3688
 45.7275
 46.3789
 45.0666
 31.4006
 45.0222
 48.5283
 45.7275
 41.4608
 31.4643
 50.3488
 31.7175
 42.19
 45.6946
 51.9519
 30.7409
 41.1582
 52.4976
 42.3438
 31.5911
 56.4624
 47.1381
 0
 0
 0
 48.0208
 49.94
 0
 43.1856
 49.99
 0
 42.8369
 48.2183
 49.99
 50.9117
 52.1344
 46.8188
 55.6058
 40.2865
 57.9828
 40.8779
 55.6956
 45.0888
 58.112
 48.0729
 56.6304
 48.734
 48.9285
 51.2933
 41.9881
 51.4879
 43.2666
 51.8556
 52.5167
 51.0098
 52.1344
 54.9454
 60.8276
 50.2096
 61.3025
 38.1445
 38.5357
 61.5549
 54.827
 60.8605
 57.55
 48.8979
 52.8015
 52.8015
 48.5798
 55.7225
 57.4456
 44.833
 55.8838
 54.754
 55.6597
 55.8749
 60.1914
 54.231
 44.3847
 47.7703
 62.3137
 41.5692
 41.2068
 63.7809
 51.225
 59.8247
 55.5518
 53.963
 45.4973
 58.515
 47.1381
 61.6847
 56.5597
 61.9839
 57.4021
 60.7042
 64.5755
 58.2752
 67.8159
 51.6043
 64.3117
 42.5676
 65.4599
 38.9615
 57.931
 41.509
 54.3783
 54.461
 54.8088
 47.8226
 62.2334
 45.3762
 60.8851
 53.2259
 60.9672
 62.0161
 68.9493
 47.8853
 68.7023
 61.3677
 52.5262
 68.2862
 71.1688
 44.6318
 43.6692
 62.9444
 63.1585
 54.9727
 47.4447
 57.1664
 61.131
 48.1352
 55.1634
 65.8559
 57.4804
 64.405
 64.5601
 68.3886
 62.4179
 71.3512
 70.746
 58.7537
 49.366
 55.254
 45.8694
 66.4756
 44.5084
 58.6941
 48.7237
 52.4595
 49.5379
 58.3866
 64.7997
 49.95
 70.7955
 60.3656
 71.8053
 69.5485
 33.0151
 70.3207
 73.8918
 27.4955
 74.1013
 66.3476
 59.5147
 69.5485
 54.9363
 68.7895
 63.1823
 44.6878
 51.6527
 53.6097
 15.5885
 57.0877
 51.0392
 50.3984
 55.7763
 62.0403
 67.4981
 73.4234
 70.9154
 76.1577
 72.0972
 70.9577
 76.5441
 75.505
 69.2459
 68.3008
 61.0328
 64.5678
 51.7784
 55.1815
 43.566
 52.7257
 48.4252
 56.6039
 54.3967
 60.2827
 63.726
 71.4633
 72.6017
 75.7364
 73.4915
 74.8131
 78.2815
 57.2975
 76.1906
 74.9066
 65.3605
 53.0377
 58.0517
 54.3691
 49.99
 55.0273
 46.8081
 45.8039
 52.7447
 58.7537
 57.6802
 65.7495
 70.7743
 48.3322
 74.8933
 76.8375
 79.925
 74.7128
 75.3525
 70.9366
 67.3647
 75.3724
 63.8749
 65.169
 57.2713
 74.9733
 46.422
 49.295
 70.2353
 50.636
 98.2904
 98.2904
 98.2904
 75.7364
 56.7979
 73.0274
 75.6703
 73.5595
 71.2671
 74.3102
 57.1577
 57.1577
 71.5472
 74.4513
 64.0859
 74.7864
 56.5862
 69.0507
 48.4974
 54.3323
 45.4533
 45.4533
 67.6757
 67.6757
 67.3276
 56.205
 77.4661
 76.5702
 76.5702
 74.3102
 74.3102
 86.325
 54.1664
 54.1664
 69.282
 56.7186
 56.7186
 80.9259
 80.9259
 62.7615
 56.6127
 73.5595
 73.5595
 73.5595
 64.1093
 47.4342
 62.6658
 51.1664
 86.1858
 59.439
 59.439
 70.6258
 75.5778
 75.8551
 69.5557
 71.5472
 84.1309
 52.469
 88.2213
 70.0714
 68.6877
 82.456
 65.7267
 65.7267
 78.9747
 78.9747
 50.2394
 50.2394
 50.2394
 54.1941
 54.1941
 54.1941
 53.619
 66.0757
 61.1146
 81.6456
 81.6456
 72.1249
 73.1027
 73.1027
 73.1027
 76.5245
 75.9671
 75.9671
 74.6391
 74.6391
 86.8274
 87.8237
 61.79
 72.3326
 72.3326
 56.356
 85.7496
 69.606
 69.606
 69.606
 88.7243
 65.4294
 62.8252
 82.8734
 82.8734
 57.2101
 81.2527
 67.6461
 67.6461
 48.4768
 57.3062
 71.645
 71.645
 75.7958
 75.7958
 62.0242
 54.9181
 76.4264
 91.8368
 61.7171
 83.4985
 72.1249
 72.1249
 51.0098
 72.9931
 81.2281
 60.696
 68.1175
 73.7767
 60.0583
 58.4123
 84.3386
 58.5918
 70.9507
 90.0222
 51.8073
 51.8073
 63.0555
 86.2032
 71.2811
 71.2811
 67.9706
 84.5399
 84.5399
 84.5399
 81.4125
 58.0517
 55.9643
 55.9643
 46.4543
 46.4543
 63.4192
 63.4192
 63.4192
 67.2607
 72.111
 72.111
 55.848
 62.8808
 55.0364
 55.0364
 55.0364
 64.3428
 100.618
 83.7138
 83.7138
 49.9099
 56.9386
 72.3257
 66.0757
 56.6304
 73.9932
 73.9932
 70.746
 78.224
 51.7204
 51.7204
 51.7204
 57.9655
 87.6584
 68.8767
 68.8767
 86.487
 69.95
 59.397
 59.4643
 59.4643
 59.0339
 84.3979
 64.4748
 64.4748
 81.9146
 62.7296
 55.2268
 54.3875
 54.3875
 79.6241
 81.6088
 51.2933
 46.2925
 68.7095
 46.6476
 77.9295
 44.5758
 56.4889
 61.5467
 62.0242
 62.0242
 87.5043
 60.025
 56.0268
 56.0268
 57.576
 69.2243
 82.7164
 82.7164
 77.0065
 59.0169
 58.8643
 54.111
 70.9154
 48.1144
 68.7168
 67.3424
 61.7981
 61.7981
 61.7981
 82.1523
 82.1523
 55.6417
 87.4757
 87.4757
 79.9062
 79.9062
 87.647
 56.7098
 56.7098
 62.2736
 79.7433
 79.7433
 54.7814
 61.563
 83.6541
 83.6541
 83.6541
 66.4906
 81.2158
 81.2158
 59.1439
 66.6708
 66.6708
 54.0463
 81.7313
 81.7313
 53.0754
 53.0754
 53.0754
 53.0754
 53.0754
 94.8051
 52.3163
 55.848
 55.848
 55.848
 65.2993
 61.441
 61.441
 44.3509
 50.04
 73.9189
 47.1381
 47.1381
 81.6211
 57.6455
 70.3989
 59.4811
 54.0648
 54.0648
 37.4166
 37.4166
 57.6715
 46.8935
 46.8935
 46.8935
 46.8935
 58.4038
 58.4038
 58.4038
 57.7754
 69.5414
 81.7068
 81.7068
 81.7068
 47.2229
 63.726
 53.3948
 51.2152
 83.8451
 55.9106
 59.1354
 59.1354
 83.2526
 64.0859
 56.648
 68.1396
 68.1396
 68.1396
 77.3886
 53.4322
 56.6745
 82.4621
 82.4621
 63.8984
 59.1101
 57.3236
 94.2178
 94.2178
 50.6162
 50.6162
 69.2892
 69.2892
 61.2781
 61.2781
 70.0714
 43.589
 63.4665
 63.4665
 55.1543
 54.8544
 54.8999
 54.8999
 72.2842
 44.2606
 74.0945
 62.6578
 54.037
 78.1985
 50.3885
 49.7695
 73.4711
 68.1762
 68.1762
 55.6237
 67.335
 59.127
 65.2993
 65.2993
 52.9056
 58.8218
 67.6831
 67.6831
 67.6831
 54.1941
 54.1941
 81.5291
 57.55
 95.572
 49.2646
 49.2646
 50.7937
 60.9098
 83.3247
 60.9836
 60.8605
 48.4458
 80.796
 52.6118
 52.6118
 56.8067
 56.6569
 48.1871
 48.1871
 66.8281
 51.0098
 82.456
 55.7225
 75.2596
 75.2596
 75.2596
 55.6147
 45.3652
 52.9434
 57.1402
 71.1548
 48.8057
 51.3615
 57.1752
 73.2188
 53.0189
 53.0189
 53.0189
 53.376
 70.406
 70.406
 57.1139
 32.2955
 57.4543
 60.696
 34.7851
 61.2454
 61.2454
 53.9722
 55.4527
 48.9898
 31.4325
 61.7738
 78.2624
 109.522
 63.4192
 55.7943
 71.5542
 63.6003
 37.108
 37.108
 82.8975
 49.7896
 35.6651
 67.6683
 50.4579
 58.8133
 52.3068
 52.3068
 76.2561
 32.45
 68.0735
 68.0735
 48.8774
 48.8774
 48.8774
 83.4446
 47.9896
 47.9896
 36.2905
 50.1597
 82.4621
 52.7352
 48.4045
 34.0441
 75.8617
 49.3761
 60.4235
 60.4235
 32.1403
 56.1249
 58.1292
 77.7946
 77.7946
 33.0908
 55.1996
 67.9632
 59.7746
 82.994
 82.994
 36.1525
 59.1185
 59.1185
 55.6776
 80.343
 49.8899
 67.0522
 35.0143
 50.9804
 56.4889
 57.1839
 48.7032
 57.0877
 37.6563
 37.6563
 37.6563
 37.6563
 59.2537
 59.2537
 59.2537
 64.2884
 64.2884
 47.3392
 59.8582
 59.8582
 59.8582
 32.3265
 45.1885
 80.1998
 66.453
 66.453
 42.6263
 42.6263
 58.8982
 58.5833
 74.2832
 50.4183
 70.6895
 53.0848
 48.3632
 44.3734
 59.9166
 46.3465
 71.3793
 71.3793
 58.1722
 76.3544
 62.9762
 57.8014
 55.0727
 55.0727
 81.6823
 81.6823
