 29.5127
 33.7194
 29.3769
 27.9285
 27.8388
 27.8388
 23.4307
 16.4924
 15.6525
 19.0788
 16.5831
 21.4709
 20.2237
 17.7764
 20.3961
 22.2036
 17.8606
 20.9045
 19.799
 24.5764
 28.3196
 30.7246
 37.7227
 37.4299
 41.6173
 44.317
 36.0139
 18.7883
 37.2961
 21.7025
 30.282
 25.318
 17.5499
 14.7648
 23.9165
 28.3549
 14.2829
 15.1658
 22.7376
 34.6266
 19.0263
 14.4222
 22.7376
 37.921
 16.6733
 19.5448
 31.1448
 22.7376
 17.8885
 24.5967
 27
 19.8242
 22.1585
 23.4734
 19.4936
 29.1548
 20.9045
 23.388
 40.8412
 20
 0
 41.5812
 0
 32.2955
 19.105
 0
 23.4307
 23.6008
 0
 15.6205
 28.7054
 19.2614
 37.0135
 18.3848
 36.3593
 20.8567
 27
 20.5426
 20.445
 24.9199
 17.1172
 37.108
 22.1811
 41.3038
 20.6882
 34.4529
 22.6274
 22.5832
 18.6815
 16.5529
 24.0624
 36.2491
 18.4391
 16.4924
 40.8289
 22.8254
 37.3631
 22.3159
 26.0576
 18.2757
 29.4958
 24.1247
 38.1051
 42.7902
 13.8924
 39.6485
 0
 29.1376
 24.3311
 21.7486
 17.3781
 19.975
 27.7128
 17.5499
 36.524
 23.3666
 40.05
 7.34847
 36.8782
 27.7128
 27.0185
 16.5831
 39.5348
 19.5959
 44.7102
 17.2627
 42.2256
 28.6356
 23.6008
 19.2873
 26.1534
 19.6977
 22.561
 17.8885
 30.7246
 23.9583
 40.0125
 24.8395
 39.5854
 29.4958
 35.7491
 42.4028
 20.9284
 45.6508
 16.7033
 20.8567
 41.4246
 17.6068
 27.8029
 24.5357
 18.3576
 21.7256
 14.4222
 17.5784
 24.3105
 24.7184
 20.199
 22.5389
 44.3621
 42.2729
 30.1662
 44.6878
 34.8281
 20.8327
 47.7808
 21.7715
 42.45
 29.5635
 21.587
 23.3452
 18.5203
 16.1245
 27.55
 15.9374
 22.6274
 26.7582
 25.318
 37.229
 22.7816
 31.4006
 44.699
 24.7588
 43.7607
 36.1525
 51.3225
 15.6844
 43.8406
 17.6352
 26.2869
 15.843
 13.8564
 25.318
 14.3875
 27.258
 19
 24.5967
 23.4521
 13.5647
 33.9706
 23.4307
 13.4907
 32.8634
 42.45
 48.3632
 42.9651
 46.8722
 56.4712
 51.8363
 38.7427
 16.5529
 33.9411
 18.303
 18.412
 18.5472
 9.32738
 15.906
 18.3848
 26.2488
 27
 29.6142
 26.1151
 24.0416
 39.3446
 30.8707
 45.5851
 48.9387
 49.7896
 50.4381
 51.6817
 42.8836
 38.2884
 27.313
 21.0238
 12.2882
 20.8806
 16.7033
 13
 23.1301
 28.9482
 25.923
 26.096
 25.5147
 29.8831
 29.1548
 29.9666
 40.5832
 56.0803
 50.6063
 37.7889
 52.5357
 39.9875
 43.1625
 25.219
 21.9545
 15.0665
 14
 25.3377
 21.4942
 22.9565
 27.6767
 8.7178
 25.3772
 28.2312
 28.8617
 31.1609
 43.2666
 44.1475
 51.817
 55.0273
 55.0364
 32.0936
 53.8702
 29.5466
 42.4382
 19.105
 27.6948
 13.9284
 13.9284
 13.9284
 13.9284
 22.561
 37.9737
 28.4429
 26.6458
 24.5764
 39.4968
 37.4032
 31.496
 31.496
 52.3355
 28.6705
 57.6802
 57.6802
 54.7266
 54.7266
 42.9767
 20.199
 29.4449
 0
 25.7876
 25.7876
 43.589
 21.7025
 28.0535
 34.5977
 0
 24.5764
 0
 30.4795
 22.6274
 22.6274
 50.5569
 26.6083
 26.6083
 26.6083
 26.6083
 59.2959
 53.9259
 65.4141
 65.4141
 65.4141
 56.7186
 30.3974
 34.9857
 16.2173
 27.9285
 19.4422
 19.4422
 31.9531
 58.8303
 31.1127
 58.3267
 26.7395
 51.672
 23.0651
 54.3967
 53.6377
 27.8388
 59.1185
 61.79
 61.79
 66.053
 66.053
 42.4382
 42.4382
 0
 0
 0
 0
 15.9374
 11
 22.5832
 27.2213
 0
 34.4964
 34.4964
 34.4964
 34.4964
 33.3916
 28.2666
 28.2666
 26.2869
 0
 36.8917
 20.025
 20.6155
 20.6155
 20.6155
 20.6155
 38.5616
 38.5616
 38.5616
 38.5616
 35.2278
 62.2334
 20.347
 52.8772
 52.8772
 58.643
 69.9643
 69.9643
 69.9643
 42.7551
 19.975
 68.5055
 68.5055
 25.3772
 25.3772
 64.0078
 21.166
 27.2029
 42.9069
 22.7376
 28.0357
 40.025
 0
 6.08276
 6.08276
 6.08276
 23.388
 20.199
 35.1283
 45.9239
 15.4272
 37.5233
 38.833
 37.9342
 41.9047
 30.133
 0
 20.2978
 28.4956
 61.8223
 61.8223
 45.9783
 45.7275
 45.7275
 0
 0
 47.7598
 59.203
 59.203
 43.6692
 43.6692
 58.2409
 58.2409
 58.2409
 63.8122
 24.4131
 0
 30.4467
 29.9833
 15.1658
 0
 0
 23.3238
 72.8148
 26.9815
 0
 10.4403
 44.8219
 38.8201
 16
 36.0832
 32.6956
 0
 21.8174
 38.923
 28.7228
 0
 0
 16.0312
 45.0444
 36.318
 36.318
 34.2783
 57.0877
 26.533
 21.9545
 0
 38.9487
 31.607
 62.5779
 62.5779
 58.1034
 36.6606
 50.5964
 27.7489
 0
 0
 34.0294
 47.1593
 47.1593
 25.04
 30.8058
 76.9155
 76.9155
 76.9155
 38.8716
 64.2962
 64.2962
 30.5614
 12.4097
 42.3202
 0
 37.7227
 37.6431
 27.4591
 0
 38.9743
 23.8747
 29.2062
 5
 22.6274
 34.8712
 16.1864
 26.7582
 23.4521
 23.4521
 0
 45.2327
 45.2327
 23.1517
 45.9674
 45.9674
 45.9674
 45.9674
 29.4618
 9.38083
 0
 33.8231
 28.2489
 28.2489
 28.2489
 48.4045
 41.3763
 41.3763
 41.3763
 39.6611
 65.4294
 65.4294
 65.4294
 65.4294
 65.4294
 65.4294
 77.846
 77.846
 77.846
 77.846
 77.846
 77.846
 77.846
 77.846
 77.846
 77.846
 77.846
 77.846
 77.846
 38.2492
 0
 39.598
 12.1655
 40.5956
 40.5956
 40.5956
 28.7228
 45.1996
 28.8444
 16.7332
 15.8114
 0
 0
 0
 10.9087
 19.7737
 19.7737
 0
 0
 34.3802
 0
 0
 18.3848
 19.6214
 51.8556
 51.8556
 51.8556
 19.3907
 16.7033
 22.9565
 19.799
 45.9239
 31.5119
 15.6525
 15.6525
 27.9643
 21.7256
 39.1663
 33.9853
 33.9853
 33.9853
 44.5084
 17.2047
 17.4929
 17.4929
 0
 29.4958
 19.5448
 21.7945
 70.7036
 70.7036
 29.1548
 0
 37.7889
 37.7889
 38.5616
 38.5616
 38.5616
 33.5857
 54.4243
 54.4243
 23.1084
 57.5934
 45.1442
 45.1442
 21.3776
 30.7083
 23.4521
 27.6406
 14.1067
 24.3516
 40.8534
 7.4162
 42.8486
 38.6652
 0
 15.906
 22.7156
 24
 63.0714
 63.0714
 63.0714
 15.9374
 38.0789
 0
 0
 34.6699
 34.6699
 57.1577
 15.0665
 15.0665
 19.0526
 19.0526
 37.3765
 12.4097
 49.4166
 25.3574
 22.2486
 33.9117
 31.3847
 2.44949
 2.44949
 15.8114
 2.44949
 14.4222
 14.4222
 30.6757
 25.6515
 69.5917
 69.5917
 73.9392
 73.9392
 73.9392
 73.9392
 24.7184
 32.4346
 39.3954
 67.6757
 19.1833
 42.2019
 13.6015
 13.6015
 40.7063
 0
 0
 9.32738
 20.0749
 20.0749
 56.2672
 56.2672
 29.2404
 38.0657
 16.1555
 15.748
 15.748
 12.2882
 29.7153
 7.4162
 25.2389
 30.5614
 25.7876
 65.5668
 64.405
 40.7063
 54.1018
 20.0499
 18.4391
 18.4391
 36.6742
 31.9218
 27.6767
 34.2053
 22.1133
 16.5227
 45.5741
 45.5741
 48.6724
 23.4734
 21.1424
 0
 17.5499
 17.5499
 17.5499
 53.3104
 28.1069
 28.1069
 27.6225
 42.3674
 36.9324
 13.1529
 25.8844
 21.5174
 62.2334
 34.5977
 37.8682
 37.8682
 22.1359
 30.7083
 19.1311
 32.0156
 32.0156
 21.4942
 17.2047
 63.498
 43.909
 65.1306
 65.1306
 27.074
 30.348
 30.348
 46.9468
 75.1997
 75.1997
 64.1405
 20.9284
 26.7582
 25.1396
 20.0749
 15.906
 19.2614
 20.3715
 20.3715
 0
 13.7113
 18.412
 18.412
 18.412
 48.9898
 48.9898
 27.8388
 24.454
 0
 0
 11.3137
 14.9666
 26.1151
 45.5851
 45.5851
 30.5287
 30.5287
 25.04
 15.906
 53.3292
 6
 36.8646
 20.2485
 14.1067
 28.0535
 31.1769
 19.8242
 27.6406
 27.6406
 24.9199
 45.1774
 23.7908
 34.4529
 21.9545
 21.9545
 48.6313
 0
