 35.6651
 35.7071
 42.1663
 46.594
 32.8481
 32.8481
 32.8481
 32.8481
 43.6692
 43.6692
 45.4643
 45.4643
 47.9792
 44.5646
 47.4447
 51.2835
 50.2394
 53.2729
 52.1344
 53.2916
 53.2916
 56.8419
 56.8419
 56.8419
 56.8419
 56.8419
 56.8419
 56.8419
 56.8419
 45.0777
 45.0777
 45.0777
 47.0956
 44.1588
 40.7308
 40.7308
 44.7661
 47.8644
 39.3192
 39.3192
 50.06
 48.4355
 39.1663
 39.1663
 50.8822
 49.3255
 49.3255
 38.4578
 52.4881
 39
 39
 51.6914
 55.6058
 37.108
 37.108
 37.108
 37.108
 36.2767
 36.2767
 36.2767
 36.2767
 36.2767
 36.2767
 36.2767
 56.0446
 56.0446
 56.0446
 56.0446
 56.0446
 56.0446
 56.0446
 56.0446
 56.0446
 54.3415
 54.3415
 57.1927
 57.1927
 63.4192
 63.4192
 60.7865
 60.7865
 60.7865
 49.1833
 49.1833
 50.6063
 50.6063
 51.449
 49.2138
 55.4617
 52.1153
 55.254
 55.3444
 58.7878
 57.0351
 57.0351
 63.7417
 63.7417
 64.7997
 64.7997
 64.7997
 66.5582
 66.5582
 66.5582
 66.5582
 66.5582
 66.5582
 66.5582
 66.5582
 57.3672
 61.4166
 53.6749
 63.0793
 60.0583
 61.7252
 61.7252
 66.0303
 66.0303
 51.8941
 51.8941
 71.7496
 71.7496
 71.7496
 74.0473
 74.0473
 69.5557
 69.5557
 69.5557
 69.5557
 60.8441
 57.1314
 61.8547
 61.8547
 63.1031
 64.3972
 63.5374
 70.4415
 70.4415
 70.4415
 70.4415
 73.328
 73.328
 78.0961
 78.0961
 70.739
 70.739
 70.739
 66.9701
 57.4978
 57.4978
 64.3584
 57.7321
 63.5846
 62.8729
 68.5857
 68.5857
 76.4461
 76.4461
 77.4274
 77.4274
 77.4274
 78.6766
 81.1295
 81.1295
 81.1295
 81.1295
 81.1295
 81.1295
 81.1295
 65.9621
 66.9627
 66.9627
 63.3009
 73.0274
 65.238
 74.0203
 75.8551
 76.6029
 74.5453
 74.5453
 74.5453
 70.852
 61.1964
 65.6963
 57.0088
 78.886
 57.1577
 70.7955
 59.2453
 64.0234
 64.0234
 68.8622
 73.8647
 61.3596
 77.3628
 67.8086
 67.8086
 80.181
 38.4708
 81.823
 83.5284
 83.5284
 87.8465
 75.9803
 75.9803
 82.5167
 66.4304
 81.2588
 81.2588
 57.2364
 60.8605
 62.9682
 62.9682
 62.9682
 61.8547
 61.8547
 61.8547
 61.8547
 61.8547
 81.2034
 78.2752
 85.4751
 82.9277
 79.1202
 86.5043
 84.5991
 82.4318
 80.0625
 75.0133
 75.0133
 62.1369
 62.1369
 53.3948
 53.3948
 59.2537
 69.9285
 64.4283
 70.3847
 70.3847
 78.4474
 78.4474
 87.2124
 82.553
 84.9294
 91.3072
 68.5274
 68.5274
 89.2637
 89.2637
 67.3053
 65.5362
 65.5362
 59.0678
 64.5988
 60.1831
 60.5475
 60.5475
 60.5475
 60.5475
 60.5475
 81.9573
 81.9573
 81.9573
 84.3208
 90.3327
 83.9047
 86.6949
 86.6949
 79.5487
 89.6995
 89.6995
 76.5702
 76.5702
 76.5702
 76.5702
 76.5702
 76.5702
 76.5702
 76.5702
 76.5702
 76.5702
 76.5702
 76.5702
 76.5702
 88.6848
 88.6848
 88.6848
 86.3018
 86.3018
 86.3018
 86.3018
 86.3018
 86.3018
 86.3018
 68.2642
 82
 82
 82
 58.5833
 58.5833
 58.5833
 58.5833
 58.5833
 58.5833
 58.5833
 58.5833
 58.5833
 58.5833
 58.5833
 58.5833
 58.5833
 58.5833
 58.5833
 58.5833
 58.5833
 58.5833
 58.5833
 58.5833
 58.5833
 58.5833
 58.5833
 58.5833
 81.4801
 81.4801
 76.974
 76.974
 76.974
 76.974
 76.974
 79.5864
 87.6527
 87.6527
 84.1368
 84.1368
 84.1368
 66.4455
 102.533
 102.533
 102.533
 102.533
 102.533
 102.533
 97.9694
 97.9694
 97.9694
 97.9694
 97.9694
 97.9694
 97.9694
 97.9694
 64.9846
 64.9846
 64.9846
 64.9846
 64.9846
 78.7591
 78.7591
 78.7591
 78.7591
 102.562
 82.662
 82.662
 82.662
 82.662
 82.662
 82.662
 82.662
 82.662
 82.662
 82.662
 82.662
 82.662
 82.662
 82.662
 82.662
 82.662
 71.8958
 71.8958
 71.8958
 71.8958
 71.8958
 76.87
 76.87
 76.87
 76.87
 76.87
 76.87
 76.87
 76.87
 76.87
 84.4926
 84.4926
 84.4926
 84.4926
 84.4926
 84.4926
 84.4926
 84.4926
 84.4926
 84.4926
 68.8041
 68.8041
 68.8041
 68.8041
 68.8041
 93.1826
 93.1826
 93.1826
 93.1826
 62.6738
 62.6738
 62.6738
 62.6738
 62.6738
 62.6738
 62.6738
 62.6738
 62.6738
 62.6738
 62.6738
 62.6738
 62.6738
 62.6738
 62.6738
 62.6738
 62.6738
 62.6738
 62.6738
 62.6738
 62.6738
 62.6738
 62.6738
 62.6738
 62.6738
 62.6738
 62.6738
 62.6738
 62.6738
 62.6738
 62.6738
 62.6738
 62.6738
 62.6738
 62.6738
 62.6738
 62.6738
 62.6738
 62.6738
 62.6738
 62.6738
 62.6738
 62.6738
 62.6738
 62.6738
 62.6738
 62.6738
 62.6738
 62.6738
 62.6738
 62.6738
 62.6738
 62.6738
 62.6738
 62.6738
 62.6738
 62.6738
 62.6738
 62.6738
 62.6738
 62.6738
 62.6738
 62.6738
 62.6738
 62.6738
 62.6738
 62.6738
 62.6738
 62.6738
 62.6738
 62.6738
 62.6738
 62.6738
 62.6738
 62.6738
 62.6738
 62.6738
 62.6738
 62.6738
 62.6738
 62.6738
 62.6738
 62.6738
 62.6738
 62.6738
 62.6738
 62.6738
 62.6738
 62.6738
 62.6738
 62.6738
 62.6738
 90.791
 90.791
 90.791
 90.791
 90.791
 90.791
 90.791
 90.791
 90.791
 90.791
 90.791
 90.791
 90.791
 90.791
 90.791
 98.9242
 98.9242
 98.9242
 98.9242
 98.9242
 98.9242
 98.9242
 98.9242
 98.9242
 98.9242
 98.9242
 98.9242
 98.9242
 98.9242
 98.9242
 98.9242
 98.9242
 98.9242
 98.9242
 98.9242
 98.9242
 98.9242
 98.9242
 98.9242
 98.9242
 98.9242
 98.9242
 98.9242
 98.9242
 98.9242
 98.9242
 98.9242
 98.9242
 98.9242
 98.9242
 98.9242
 98.9242
 98.9242
 98.9242
 55.7853
 55.7853
 55.7853
 55.7853
 66.7982
 66.7982
 66.7982
 66.7982
 66.7982
 91.1921
 91.1921
 91.1921
 91.1921
 91.1921
 91.1921
 91.1921
 91.1921
 91.1921
 91.1921
 91.1921
 91.1921
 91.1921
 91.1921
 91.1921
 91.1921
 91.1921
 91.1921
 91.1921
 91.1921
 91.1921
 91.1921
 91.1921
 91.1921
 91.1921
 91.1921
 91.1921
 91.1921
 91.1921
 91.1921
 91.1921
 91.1921
 91.1921
 91.1921
 91.1921
 91.1921
 91.1921
 91.1921
 91.1921
 91.1921
 91.1921
 91.1921
 91.1921
 91.1921
 91.1921
 91.1921
 91.1921
 91.1921
 91.1921
 91.1921
 91.1921
 91.1921
 91.1921
 91.1921
 91.1921
 91.1921
 91.1921
 91.1921
 91.1921
 91.1921
 91.1921
 91.1921
 91.1921
 91.1921
 92.6715
 92.6715
 92.6715
 92.6715
 92.6715
 92.6715
 92.6715
 92.6715
 92.6715
 92.6715
 92.6715
 92.6715
 92.6715
 92.6715
 92.6715
 92.6715
 92.6715
 92.6715
 92.6715
 92.6715
 92.6715
 92.6715
 92.6715
 92.6715
 92.6715
 92.6715
 92.6715
 92.6715
 92.6715
 92.6715
 92.6715
 92.6715
 92.6715
 92.6715
 92.6715
 92.6715
 92.6715
 92.6715
 92.6715
 92.6715
 92.6715
 92.6715
 92.6715
 92.6715
 92.6715
 92.6715
 92.6715
 92.6715
 92.6715
 92.6715
 92.6715
 92.6715
 92.6715
 92.6715
 92.6715
 92.6715
 92.6715
 92.6715
 92.6715
 92.6715
 92.6715
 92.6715
 43.2204
 43.2204
 43.2204
 43.2204
 43.2204
 0
 0
 37.1349
 37.1349
 0
 0
 0
 0
 0
 0
 0
 41.8091
 41.8091
 41.8091
 41.8091
 41.8091
 39.6989
 39.6989
 39.6989
 39.6989
 0
 39.6863
 39.6863
 39.6863
 39.6863
 0
 38.9743
 38.9743
 73.5799
 73.5799
 73.5799
 73.5799
 43.1509
 43.1509
 0
 0
 0
 0
 0
 40.6817
 40.6817
 40.6817
 40.6817
 40.6817
 40.6817
 40.4351
 0
 0
 0
 0
 0
 0
 0
 0
 0
 0
 0
 0
 37.3898
 37.3898
 37.3898
 37.3898
 0
 0
 0
 0
 0
 0
 0
 0
 0
 0
 0
 0
 0
 0
 0
 0
 0
 0
 0
 0
 0
 0
 0
