 26.2869
 33.541
 45.0555
 41.328
 46.3357
 31.0966
 41.497
 45.5961
 38.9487
 46.422
 45.4643
 49.6488
 48.1768
 49.7092
 47.571
 53.8981
 45.1885
 55.9375
 47.1275
 49.2341
 44.9333
 48.7545
 49.1427
 44.833
 45.299
 58.3952
 40.8534
 37.3765
 45.5082
 34.641
 44.3621
 40.3361
 38.1707
 34.6554
 27.1846
 39.3827
 37.8946
 37.081
 26.8142
 37.5899
 43.3013
 42.4382
 26.8142
 42.7551
 44.1475
 43.1393
 41.7971
 26.0768
 45.8039
 27.4226
 44.2493
 52.4404
 48.2183
 25.318
 38.0657
 44.8553
 39.95
 25.0599
 49.8096
 40.398
 0
 47.8539
 0
 41.328
 45.8803
 0
 39.0512
 45.0888
 0
 39.9625
 42.9185
 45.7384
 48.5798
 44.3847
 44.3509
 49.4571
 43.9659
 50.5668
 35.3129
 49.8598
 40.3361
 49.4469
 41.1825
 51.7687
 40.8901
 40.5339
 44.5533
 36.2491
 47.3286
 35.6511
 47.8226
 47.9687
 48.4355
 45.5192
 48.4974
 53.9815
 43.7379
 54.626
 31.9218
 31.3369
 57.1489
 44.4072
 53.2635
 50.4678
 42.3556
 46.2169
 0
 41.1825
 47.7493
 50.2792
 37.5233
 49.3761
 50.5964
 49.689
 48.0416
 53.9444
 44.9333
 39.3319
 39.4081
 58.3952
 33.8083
 32.8481
 56.1961
 41.328
 53.619
 43.9773
 45.1996
 39.3446
 50.1298
 41.9166
 51.6527
 49.1528
 53.9351
 48.4149
 52.915
 53.3667
 50.07
 60.0833
 46.2817
 61.0492
 39.281
 58.1206
 32.7414
 53.6283
 33.9706
 45.913
 48.6107
 46.4973
 41.8091
 50.9411
 37.0675
 49.96
 45.8367
 51.8941
 54.7449
 58.8048
 39.3065
 60.2329
 54.2402
 46.5403
 61.6847
 61.887
 38.1051
 36.1525
 56.1694
 53.0471
 49.1427
 41.2311
 50.2593
 52.6498
 42.4264
 46.3033
 52.4118
 50.892
 52.1728
 55.254
 58.66
 54.5619
 64.0937
 62.9841
 62.9841
 42.4028
 62.7057
 42.8719
 63.7966
 36.5377
 53.5164
 44.1588
 44.7996
 43.6692
 53.7122
 53.6097
 43.1509
 57.6802
 52.2972
 60.349
 56.3028
 25.807
 60.7289
 64.923
 18.0831
 67.624
 58.6345
 68.1836
 62.6498
 60.5145
 65.169
 57.7408
 41.2432
 43.3935
 46.6798
 46.6798
 49.9099
 43.2204
 40.9756
 48.5798
 51.4198
 54.8999
 59.5231
 57.4804
 65.582
 58.8473
 60.0417
 65.8027
 66.8506
 64.3894
 64.8614
 59.0339
 57.81
 52.8867
 49.2138
 37.4566
 44.441
 39.6863
 48.3218
 46.5081
 50.319
 51.9904
 56.5155
 59.6406
 62.0886
 56.6833
 62.6339
 68.3813
 46.3357
 66.5056
 70.4273
 67.2458
 45.5631
 77.5822
 47.3392
 71.9583
 46.3681
 36.6606
 41.4488
 46.2709
 55.0091
 52.8678
 54.5711
 61.5549
 35.5387
 62.2013
 62.7375
 70.1641
 62.546
 66.8954
 66.8805
 61.0574
 73.4779
 82.0488
 52.5357
 75.5645
 64.3117
 59.0508
 42
 63.111
 44.8553
 44.8553
 44.8553
 44.8553
 62.0161
 58.4808
 61.7009
 65.3529
 60.2163
 61.8547
 65.9924
 50.5272
 50.5272
 69.728
 59.6909
 81.8718
 62.2334
 59.3043
 60.6218
 49.1935
 52.0384
 40.7063
 40.7063
 60.2827
 60.2827
 70.5904
 56.9298
 68.6877
 61.7819
 61.7819
 63.773
 63.773
 77.9679
 42.9767
 0
 0
 0
 0
 0
 0
 0
 0
 0
 0
 0
 0
 41.2189
 71.9166
 47.4447
 88.1249
 53.3667
 53.3667
 59.1185
 72.1457
 61.7576
 68.1616
 59.4222
 70.4769
 42.9069
 73.089
 66.8356
 60.9344
 80.9321
 80.9321
 80.9321
 87.9659
 87.9659
 62.8411
 62.8411
 62.8411
 58.0861
 58.0861
 58.0861
 44.4522
 48.2183
 49.7494
 69.282
 69.282
 63.4902
 76.5833
 76.5833
 76.5833
 60.8851
 62.1611
 62.1611
 73.3348
 73.3348
 73.0205
 76.1774
 60.2993
 65.3988
 65.3988
 65.3988
 71.3092
 71.3092
 71.3092
 71.3092
 75.8485
 67.7717
 56.1516
 75.0733
 75.0733
 60.2578
 79.5487
 79.5487
 79.5487
 49.7494
 67.0298
 68.2276
 68.2276
 59.3464
 59.3464
 60.7207
 47.55
 64.0781
 77.3628
 53.8981
 68.3301
 66.4756
 66.4756
 40.9756
 65.215
 82.662
 82.662
 57.0877
 57.6368
 57.0263
 43.9318
 70.4557
 47.613
 59.7411
 74.2361
 40.0874
 0
 0
 0
 0
 0
 0
 0
 0
 0
 0
 0
 0
 0
 0
 0
 0
 0
 0
 0
 0
 0
 0
 0
 47.0638
 0
 0
 0
 0
 0
 0
 34.5688
 59.1693
 59.9917
 54.4426
 48.6826
 69.4694
 69.4694
 54.7449
 66.888
 40.8656
 40.8656
 0
 47.7912
 75.3658
 59.8582
 59.8582
 74.1822
 65.3758
 53.2823
 57.0964
 57.0964
 59.4811
 72.6636
 72.6636
 72.6636
 74.6056
 63.8201
 51.6333
 50.9902
 50.9902
 78.0833
 69.7639
 41.5211
 47.9896
 56.9386
 39.3319
 84.8941
 45.5522
 47.4131
 51.1664
 59.649
 59.649
 70.6329
 51.6817
 57.4717
 57.4717
 53.6004
 56.5155
 71.617
 71.617
 63.2851
 54.111
 46.4543
 41.3159
 58.2151
 44.3621
 54.9363
 55.0545
 48.5798
 48.5798
 0
 0
 0
 0
 0
 0
 0
 0
 0
 41.4126
 41.4126
 50.448
 68.9348
 68.9348
 52.0192
 56.205
 79.4858
 79.4858
 79.4858
 55.2178
 80.0437
 80.0437
 45.3431
 62.9285
 62.9285
 46.5188
 78.7718
 78.7718
 40.9268
 40.9268
 40.9268
 40.9268
 40.9268
 40.9268
 47.0425
 42.4735
 42.4735
 42.4735
 57
 53.3667
 53.3667
 30.0666
 40.9145
 61.5792
 43.6578
 43.6578
 62
 51.3225
 57.8705
 53.7029
 34.9428
 0
 0
 0
 0
 30.6431
 30.6431
 30.6431
 0
 48.2286
 0
 0
 0
 0
 0
 0
 0
 33.3017
 63.0635
 47.9896
 40.8534
 80.5047
 42.6732
 49.4672
 49.4672
 49.4672
 49.96
 58.8473
 60.0666
 60.0666
 60.0666
 60.0666
 45.8694
 48.518
 81.0555
 81.0555
 54.1202
 45.2106
 48.4149
 81.0494
 81.0494
 81.0494
 81.0494
 70.6045
 70.6045
 51.7301
 51.7301
 68.469
 47.9375
 55.9911
 55.9911
 36.9865
 48.621
 48.0312
 48.0312
 61.5305
 32.6956
 59.1016
 52.0769
 41.7852
 61.0492
 41.7852
 38.4838
 38.4838
 66.8954
 66.8954
 48
 52.9811
 45.31
 76.1643
 76.1643
 42.9418
 42.9418
 58.5064
 58.5064
 58.5064
 52.144
 52.144
 52.144
 59.9333
 59.9333
 30.6757
 30.6757
 52.0673
 66.6858
 94.9263
 61.4654
 57.81
 37.7094
 60.5888
 41.9524
 41.9524
 43.4511
 41.8688
 37.6298
 37.6298
 57.3498
 55.4527
 73.9256
 42.8019
 42.8019
 42.8019
 42.8019
 42.0595
 33.121
 48.6415
 47.4658
 64
 41.9762
 52.8394
 47.4763
 69.5629
 45.0888
 0
 0
 43.4511
 56.4889
 56.4889
 56.4889
 56.4889
 52.9245
 52.9245
 33.4066
 44.7549
 44.7549
 42.8019
 45.5192
 49.5278
 31.3209
 31.3209
 64.039
 97.1545
 72.5052
 59
 61.0246
 49.4773
 35.171
 35.171
 72.1457
 49.8297
 35.0286
 52.3068
 44.3283
 48.621
 56.4447
 56.4447
 60.5062
 30.9193
 54.2402
 54.2402
 54.2402
 54.2402
 90.7469
 67.9338
 51.0979
 51.0979
 35.0428
 37.2559
 68.9057
 40.1373
 56.5774
 30.1164
 64.6993
 36.6879
 69.3974
 69.3974
 30.0832
 42.7434
 46.7868
 67.9485
 67.9485
 30.7083
 44.643
 53.3854
 49.7695
 49.7695
 49.7695
 34.4384
 44.0114
 44.0114
 39.2556
 76.831
 76.831
 52.4976
 31.3847
 42.7785
 42.7785
 48.2804
 48.2804
 55.0091
 32.187
 32.187
 32.187
 32.187
 32.187
 0
 0
 0
 0
 33.9853
 48.3218
 48.3218
 0
 25.2982
 38.2753
 64.3117
 56.6392
 56.6392
 56.6392
 56.6392
 41.328
 41.328
 61.041
 38.7169
 60.63
 60.63
 39.6358
 39.6358
 57.376
 38.1051
 60.0833
 60.0833
 60.0833
 70.6329
 51.449
 51.449
 43.2319
 43.2319
 43.2319
 43.2319
