 362.211
 0
 36.8375
 40.5586
 40.5586
 40.6325
 42.5088
 45.0555
 41.4126
 37.5899
 42.7434
 46.076
 42.9069
 41.6413
 43.8748
 49.8999
 48.6724
 50.6261
 50.2892
 51.7301
 51.6817
 58.6856
 64.5368
 60.05
 56.6569
 66.3099
 51.4296
 46.1736
 57.3411
 42.4853
 56
 47.8121
 45.5302
 43.6119
 40.0125
 49.4267
 44.2719
 50.03
 39.128
 48.734
 50.2593
 48.5798
 39.1152
 52.2494
 52.7067
 48.4458
 47.7703
 37.8286
 50.5173
 37.8946
 44.8999
 50.8527
 53.1413
 36.1109
 42.7902
 56.1694
 44.2267
 35.2704
 62.1852
 47.3286
 47.3286
 59.0169
 59.0169
 54.0093
 54.1756
 54.1756
 48.5592
 51.9615
 51.9615
 48.9285
 51.6914
 55.0454
 55.9732
 56.4801
 52.6878
 58.2495
 44.1475
 61.2617
 43.1741
 59.7327
 45.7493
 63.2851
 48.6929
 62.2977
 50.448
 55.254
 50.5074
 47.5079
 53.963
 49.4368
 55.2268
 56.4889
 56.7362
 56.5774
 60.2246
 63.6082
 53.2259
 63.561
 41.0244
 40.05
 65.4294
 56.7274
 65.1613
 64.1327
 52.4881
 58.7792
 58.7792
 53.6563
 59.3801
 60.8523
 51.1371
 61.4898
 58.7452
 61.8628
 60.3821
 66.453
 58.8643
 50.4083
 50.4381
 69.9357
 43.6921
 43.4626
 69.8355
 55.6507
 66.0833
 60.075
 59.4979
 51.3712
 61.0655
 54.1295
 63.4823
 63.0952
 63.616
 64.4826
 64.7611
 71.8888
 63.3798
 74.8732
 56.4269
 71.5192
 49.94
 72.9726
 44.7661
 66.6258
 47.8226
 59.4643
 60.63
 59.1523
 55.5248
 64.8537
 56.0268
 64.3972
 61.6766
 68.9493
 66.3325
 77
 53.0377
 76.6225
 67.6166
 58.5918
 77.4145
 77.4209
 50.5964
 50.02
 69.1086
 70.05
 62.145
 57.4282
 65.0077
 69.8427
 57.1402
 65.215
 72.3049
 68.2715
 72.4155
 73.8783
 79.3158
 71.0704
 81.1727
 80.0375
 66.5507
 58.5833
 59.2115
 52.1536
 74.2496
 54.5711
 66.1589
 59.2959
 61.3107
 59.7244
 68.6659
 75.6769
 61.7171
 78.1345
 71.3933
 81.9939
 79.9812
 79.9812
 81.1727
 83.7078
 83.7078
 86.8735
 72.6567
 65.7267
 78.943
 59.9667
 75.3923
 70.3278
 50.6754
 58.3095
 59.9166
 59.9166
 64.1561
 59.607
 58.3438
 66.8954
 71.1196
 76.3282
 82.3408
 81.5782
 85.4693
 82.5772
 81.6395
 84.3979
 83.4865
 77.2658
 74.3034
 69.2098
 71.6868
 56.9737
 64.0625
 53.591
 63.1744
 59.4811
 68.2202
 63.561
 70.0571
 75.4321
 79.9812
 82.201
 88.7525
 83.5584
 83.4446
 88.9494
 65.681
 84.6168
 82.5288
 72.4845
 60.7289
 64.195
 62.434
 55.3444
 64.7302
 57.1402
 57.0351
 63.6003
 68.7168
 67.7791
 75.02
 83.672
 56.2139
 86.6372
 85.1293
 90.5483
 83.4266
 84.947
 77.2464
 73.7428
 82.2496
 70.3918
 75.1731
 61.9919
 84.1724
 52.345
 60.3407
 79.2086
 60.3821
 103.489
 103.489
 103.489
 86.9425
 64.1249
 83.7317
 86.2206
 84.947
 80.8888
 85.3698
 66.4078
 66.4078
 79.177
 85.8429
 70.3562
 86.931
 60.5227
 81.0864
 54.1572
 63.4508
 52.8867
 52.8867
 76.896
 76.896
 74.4983
 62.2495
 88.651
 85.6154
 85.6154
 83.1685
 83.1685
 96.3795
 63.4902
 63.4902
 75.3127
 66.9253
 66.9253
 88.6341
 88.6341
 68.3008
 59.8665
 82.8372
 82.8372
 82.8372
 74.7262
 56.9737
 74.2092
 60.4814
 97.4782
 69.9786
 69.9786
 80.3306
 84.9117
 84.0773
 80.3306
 82
 95.2995
 62.5779
 100.195
 77.8332
 86.931
 94.842
 71.9027
 71.9027
 87.2983
 87.2983
 56.9912
 56.9912
 56.9912
 61.3596
 61.3596
 61.3596
 64.6916
 75.6307
 70.9295
 92.747
 92.747
 80.8022
 80.7279
 80.7279
 80.7279
 84.7762
 84.3919
 84.3919
 81.6823
 81.6823
 95.5092
 94.7365
 67.3647
 79.5173
 79.5173
 61.0655
 94.4934
 74.7997
 74.7997
 74.7997
 97.5756
 71.8749
 70.7107
 92.0869
 92.0869
 62.8411
 87.8408
 73.6817
 73.6817
 53.768
 67.0149
 80.604
 80.604
 85.3932
 85.3932
 70.2851
 63.3167
 88.5946
 104.307
 71.4073
 95.6556
 82.988
 82.988
 62.9444
 87.6983
 87.1493
 66.6333
 77.2334
 95.9531
 67.9338
 71.5612
 91.9674
 66.0379
 84.4571
 98.2599
 59.6825
 59.6825
 73.2325
 95.9166
 81.2958
 81.2958
 76.4395
 95.7131
 95.7131
 95.7131
 89.6493
 67.9779
 60.3324
 60.3324
 53.301
 53.301
 73.2803
 73.2803
 73.2803
 76.0197
 80.827
 80.827
 64.4903
 74.8265
 63.1823
 63.1823
 63.1823
 74.0203
 108.959
 94.1329
 94.1329
 62.9603
 65.1613
 83.4566
 77.408
 65.5591
 81.768
 81.768
 79.404
 89.9778
 60.1498
 60.1498
 60.1498
 65.5973
 96.4832
 78.2879
 78.2879
 93.6696
 79.2275
 69.5701
 65.0769
 65.0769
 67.0522
 94.0798
 70.6682
 70.6682
 92.5419
 70.9718
 62.3217
 62.1048
 62.1048
 87.0689
 92.957
 59.338
 51.672
 81.8169
 55.2449
 85.8371
 52.2685
 65.4599
 70.746
 69.7711
 69.7711
 98.3717
 67.8454
 63.293
 63.293
 66.4981
 78.886
 93.0645
 93.0645
 85.1763
 65.5591
 67.513
 66.5132
 80.3243
 56.2939
 77.4403
 75.8551
 73.9189
 73.9189
 73.9189
 89.4371
 89.4371
 67.082
 95.4254
 95.4254
 87.4643
 87.4643
 99.373
 65.3376
 65.3376
 72.0139
 86.6487
 86.6487
 60.8523
 70.4557
 95.6609
 95.6609
 95.6609
 75.5778
 91.011
 91.011
 68.7314
 76.7268
 76.7268
 62.6339
 87.9375
 87.9375
 64.3273
 64.3273
 64.3273
 64.3273
 64.3273
 101.074
 63.5374
 63.8436
 63.8436
 63.8436
 75.5844
 69.7424
 69.7424
 53.0566
 58.7878
 82.8794
 53.8702
 53.8702
 90.7138
 65.6354
 77.6144
 68.9855
 63.4114
 63.4114
 48.1871
 48.1871
 68.7168
 55.8659
 55.8659
 55.8659
 55.8659
 55.8659
 55.8659
 55.8659
 64.9846
 78.2432
 78.2432
 78.2432
 78.2432
 58.2924
 70.3136
 60.4649
 58.8558
 90.4268
 64.4593
 68.6804
 68.6804
 90.6863
 71.0352
 62.466
 79.341
 79.341
 79.341
 86.5159
 61.5711
 64.4981
 90.3936
 90.3936
 71.5192
 69.5485
 64.3506
 102.776
 102.776
 58.155
 58.155
 75.921
 75.921
 70.6682
 70.6682
 76.2824
 50.8232
 71.1618
 71.1618
 63.914
 65.7951
 62.5859
 62.5859
 81.9268
 52.7731
 83.4326
 72.3049
 62.5859
 87.5614
 58.7452
 59.4475
 59.4475
 74.9466
 74.9466
 66.9851
 78.4793
 68.5055
 70.9154
 70.9154
 62.5859
 69.8642
 76.7203
 76.7203
 76.7203
 64.0156
 64.0156
 91.0604
 63.9609
 63.9609
 56.6922
 56.6922
 56.9298
 68.7168
 91.8096
 67.838
 69.5773
 55.6687
 92.6499
 60.0666
 60.0666
 65.261
 68.8404
 56.6657
 56.6657
 74.505
 60.1249
 92.6121
 65.5744
 81.5291
 81.5291
 81.5291
 63.6396
 55.254
 58.8643
 65.4217
 79.0759
 57.3672
 60.0833
 64.7302
 81.1295
 62
 62
 62
 63.2376
 79.1328
 79.1328
 64.6838
 64.6838
 66.3174
 68.9855
 39.7115
 71.3372
 71.3372
 64.3894
 64.2884
 56.701
 37.9605
 71.5961
 90.6366
 118.924
 71.638
 61.5142
 82.6196
 74.3909
 40.5832
 40.5832
 40.5832
 56.5332
 41.0488
 77.7046
 60.0916
 67.6314
 57.2014
 57.2014
 86.9137
 86.9137
 75.7694
 75.7694
 57.9914
 57.9914
 57.9914
 92.887
 54.1202
 54.1202
 40.7063
 59.8498
 91.0275
 61.7252
 57.1752
 40.0125
 82.9819
 57.9483
 66.5432
 66.5432
 40.025
 65.284
 67.4907
 87.0402
 87.0402
 39.2173
 62.1048
 76.5637
 69.3686
 92.3363
 92.3363
 42.3674
 67.2607
 67.2607
 65.0999
 90.7744
 56.0446
 77.1557
 41.4246
 60.2163
 63.6082
 63.6396
 57.1227
 63.5453
 40.5832
 40.5832
 40.5832
 40.5832
 67.3869
 67.3869
 67.3869
 71.6659
 71.6659
 58.6003
 66.6258
 66.6258
 66.6258
 38.8716
 54.1664
 92.3905
 74.054
 74.054
 49.7393
 49.7393
 67.6905
 65.4523
 82.5409
 61.7576
 79.2969
 59.95
 57.9655
 51.4296
 69.7639
 52.9339
 81.7129
 81.7129
 65.9848
 83.5943
 72.0139
 68.7168
 62.9682
 62.9682
 89.0786
 89.0786
