 36.1525
 36.1801
 31.1609
 37.4833
 39.6358
 39.6358
 26.0768
 24.6779
 23.6643
 22.0907
 24.8395
 25.7682
 24.6779
 21.9089
 27.1662
 29.4958
 31.8591
 38.5616
 33.0908
 38.3145
 34.0294
 38.7556
 39.9124
 34.7563
 35.6931
 45.4203
 34.3802
 28.6007
 38.223
 24.1454
 35.426
 31.4802
 27.9643
 21.7025
 20.1742
 28.0535
 21.5639
 24.4745
 20.199
 30.7246
 27.2029
 24.98
 19.4422
 31.9218
 29.1204
 26.4197
 30.9516
 19.7737
 33.4515
 20.445
 29.0689
 31.305
 35.1852
 18.8149
 25.04
 35.7071
 27.6043
 18.8149
 39.3446
 33.9264
 0
 37.4433
 0
 28.9828
 36.524
 0
 25.3377
 35.4824
 0
 24.8596
 32.3574
 30.4795
 36.9459
 31.273
 31.4166
 35.7071
 28.2666
 39.3954
 26.1151
 37.4566
 28.6007
 39.8121
 30.2985
 36.8646
 32.3574
 29.5127
 35.6371
 26.4764
 37.1887
 24.6779
 36.8375
 37.8946
 29.6816
 29.5973
 38.6523
 39.9625
 35.0286
 42.6497
 23.4521
 20.6155
 43.4511
 34.1906
 40.7554
 38.1182
 27.8388
 33.8526
 0
 29.5296
 39.1152
 41.4005
 24.1247
 32.9545
 39.0384
 32.9848
 38.5097
 38.2623
 35.6371
 24.5153
 30.2655
 43.382
 22.9783
 21.7945
 42.6615
 29.7153
 40.5463
 33.8083
 34.9142
 27.7308
 37.027
 24.5764
 42.5676
 31.3369
 40.6079
 30.4302
 40.4228
 40.05
 40.1622
 46.4543
 34.9571
 39.8999
 29.1376
 46.9787
 23.6432
 41.1947
 20.2978
 32.45
 36.8646
 29.5973
 27.6043
 38.0657
 23.8328
 40.8656
 27.55
 33.8526
 40.0749
 41.6893
 28.4077
 43.0233
 44.317
 38.5357
 43.1856
 48.0208
 29.5127
 24.5561
 42.3792
 40.8901
 35.4542
 26.0384
 35.1852
 37.4166
 23.6643
 28.0535
 42.2611
 29.5804
 41.7732
 41.9285
 41.1947
 42.0357
 48.0312
 44.7884
 41.8091
 26.5707
 39.2683
 30.6594
 46.6905
 22.9347
 38.2492
 27.2397
 27.1109
 23.8747
 32.5576
 40.5216
 22.8035
 44.0227
 31.0322
 41.2916
 44.3734
 27.2397
 46.5725
 47.8957
 16.6733
 47.0425
 43.6807
 42.6497
 46.5296
 39.2301
 48
 45.0333
 27.7489
 26.2488
 30.5778
 12.49
 31.1448
 25.318
 22.561
 27.4226
 30.4959
 40.7185
 42.4146
 44.7214
 48.1248
 45.1996
 45.3982
 49.5681
 50.9215
 48.7647
 46.3249
 44.3621
 45.1996
 35.4965
 35.4119
 23.622
 27.6948
 20.664
 30.4795
 27.2029
 28.6705
 36
 44.2493
 39.064
 47.2969
 45.0111
 48.2908
 50.6754
 32.6803
 50.5371
 54.2863
 46.744
 31.9218
 43.5775
 35.609
 32.4808
 29.3939
 24.0832
 22.9129
 26.1151
 29.5804
 29.6985
 38
 42.4146
 19.975
 44.8999
 48.9898
 49.8799
 47.6865
 48.9898
 46.6798
 44.8776
 51.4587
 46.1844
 38.4708
 43.2204
 46.7119
 31.607
 24.8596
 43.7379
 26.0384
 71.2601
 71.2601
 71.2601
 46.8828
 37.9342
 45.793
 47.927
 47.0106
 45.8694
 48.7032
 31.496
 31.496
 49.7092
 47.3286
 45.7712
 47.1593
 39.8873
 41.5812
 32.4191
 21.4709
 24.8998
 0
 38.9102
 38.9102
 42.4146
 34.9857
 50.448
 49.224
 0
 47.3075
 0
 0
 28.0713
 28.0713
 46.8828
 31.4802
 31.4802
 31.4802
 31.4802
 47.8644
 41.5211
 58.6003
 58.6003
 58.6003
 45.3982
 28.0535
 34.4674
 24.8998
 57.4021
 30.4138
 30.4138
 41.7971
 55.4076
 47.8539
 50.448
 44.3621
 56.3028
 28.0535
 55.0091
 49.8698
 42.8019
 59.5231
 49.4874
 49.4874
 57.5587
 57.5587
 33.4216
 33.4216
 0
 40.0375
 0
 0
 25.0599
 35.6371
 28.7054
 53.535
 53.535
 41.845
 41.845
 41.845
 41.845
 49.7695
 43.1161
 43.1161
 51.0294
 51.0294
 55.6507
 39.128
 38.092
 38.092
 38.092
 38.092
 59.2284
 59.2284
 59.2284
 59.2284
 60.8276
 49.7494
 36.9053
 56.1605
 56.1605
 42.9884
 60.2329
 41.2553
 0
 30.2985
 38.5487
 54.6809
 54.6809
 46.465
 46.465
 49.5177
 30.3645
 46.6798
 60.0916
 31.289
 55.0364
 48.9592
 0
 22.6274
 71.5052
 62.6658
 17.8326
 35.7351
 47.9375
 38.7427
 29.6142
 52
 32.8481
 44.5982
 57.7321
 28.8964
 0
 33.3467
 56.0446
 52.9906
 52.9906
 41.821
 56.4978
 56.4978
 56.4978
 59.7913
 37.8814
 42.391
 0
 29.4279
 29.4279
 45.8912
 0
 0
 0
 44.3283
 0
 27.8209
 36.2767
 28.8444
 0
 0
 33.0757
 74.94
 51.6527
 51.6527
 18.1108
 33.8378
 46.2601
 35.8887
 32.8938
 48.9694
 48.9694
 43.1741
 48.3632
 26.5518
 26.5518
 0
 27.7489
 56.6392
 43.9431
 43.9431
 54.8544
 49.7594
 29.0861
 41.6653
 0
 32.0468
 54.7631
 50.5569
 50.5569
 56.9122
 35.1852
 35.9444
 31.8591
 0
 0
 0
 33.5559
 30.0998
 41.8569
 25.5539
 62.2334
 27.8568
 29.1204
 36.9594
 46.4004
 46.4004
 58.2666
 30.4959
 32.4962
 32.4962
 31.4325
 42.4382
 53.4696
 53.4696
 52.0769
 40.6694
 33.0454
 22.1359
 43.4396
 34.6843
 41.821
 37.108
 35.3412
 35.3412
 35.3412
 54.111
 54.111
 26.3629
 58.0689
 58.0689
 58.0689
 58.0689
 56.1427
 26.7582
 0
 39.3827
 53.8331
 53.8331
 35.0428
 38.8716
 55.3805
 55.3805
 55.3805
 41.5933
 61.8789
 61.8789
 33.9264
 42.45
 42.45
 27.8568
 65.1844
 65.1844
 26.1725
 26.1725
 26.1725
 26.1725
 26.1725
 26.1725
 23.7065
 30.1662
 30.1662
 30.1662
 36.5103
 42.4382
 42.4382
 22.7816
 27.4226
 49.0714
 29.5973
 29.5973
 49.1427
 39.5601
 45.0888
 34.5543
 23.1948
 0
 0
 0
 29.0861
 27.1293
 27.1293
 27.1293
 0
 33.5261
 0
 0
 31.3847
 40.0749
 59.607
 59.607
 59.607
 22.8473
 38.4838
 33.3617
 28
 59.6574
 30.8221
 33.7194
 33.7194
 52.1344
 40.8656
 41.0609
 45.7275
 45.7275
 45.7275
 51.2835
 26.9629
 34.4819
 63.561
 63.561
 37.9342
 35.623
 35.2704
 56.6833
 56.6833
 24.4949
 0
 0
 0
 38.5097
 38.5097
 38.5097
 27.6586
 47.3181
 47.3181
 26.9444
 42.2611
 38.1182
 38.1182
 41.0244
 24.1454
 46.594
 38.8716
 26.8142
 46.4973
 32.5576
 27.1662
 48.7134
 36.0139
 36.0139
 27.8029
 40.2119
 34.6121
 48.0937
 48.0937
 27.0185
 35.4965
 43.1277
 0
 0
 32.1248
 32.1248
 60.6877
 37.4433
 51.8845
 28.6356
 28.6356
 35.7771
 32.2025
 61.5549
 41.2189
 33.9117
 30.249
 59.8415
 30.0998
 30.0998
 33.0606
 27.8747
 27.2947
 27.2947
 39.2173
 31.3209
 60.9508
 33.0757
 58.3524
 58.3524
 58.3524
 29.1033
 23.388
 33.1813
 33.8821
 51.3809
 23.1517
 32.665
 33.1059
 58.5747
 33.5559
 0
 0
 29.7825
 41.7852
 41.7852
 37.5233
 37.5233
 30.4959
 39.0128
 20.2731
 35.819
 35.819
 32.1403
 26.1343
 23.4307
 17.3205
 41.9643
 48.949
 84.0892
 52.2303
 41.4367
 45.6289
 38.3275
 23.3666
 23.3666
 56.1427
 34.5254
 21.0238
 39.6989
 27
 32.4037
 40.7431
 40.7431
 51.6624
 18.4662
 41.7373
 0
 24.3516
 24.3516
 24.3516
 58.3095
 28.9137
 28.9137
 22.2711
 30.133
 55.0364
 29.4449
 26.0768
 20.8806
 53.768
 25.5734
 38.7556
 38.7556
 20.2731
 31.0966
 33.8378
 49.2037
 49.2037
 21.5639
 28.1247
 50.2394
 37.9342
 57.6021
 57.6021
 22.6495
 38.8716
 38.8716
 36.1939
 61.0983
 22.5832
 47.571
 24.6779
 26.4575
 38.7427
 37.8153
 25.0599
 36.2077
 25.1992
 25.1992
 0
 28.775
 35.6651
 35.6651
 35.6651
 45.8803
 45.8803
 24.0416
 32.9545
 32.9545
 32.9545
 15.7162
 22.6495
 47.7808
 43.715
 43.715
 24.1039
 24.1039
 32.2645
 33.0606
 54.8179
 21.7256
 46.7119
 28.4077
 24.8797
 28.1957
 34.4674
 28.3725
 44.5533
 44.5533
 37
 53.3573
 38.5616
 35.7491
 28.1603
 28.1603
 60.4731
 60.4731
