 18.4391
 7.81025
 3.31662
 2.44949
 4.24264
 8.94427
 16.2788
 35.5949
 31.3209
 31.3209
 36.5377
 49.93
 36.4966
 50.4876
 35.1426
 44.3058
 27.258
 33
 23.6432
 27.8568
 36.4692
 38.6135
 49.97
 49.95
 49.1223
 56.0714
 36.2629
 18.2483
 39.0384
 12.2882
 35.3836
 20.199
 14.8661
 30.5123
 20.664
 30.8058
 43.4396
 46.7119
 21
 41.1582
 57.4369
 51.0294
 22.1359
 28.8791
 49.3153
 55.8391
 20.6155
 22.1133
 33.7491
 24.1661
 41.7013
 48.6313
 26.7769
 22.7816
 41.2432
 35.1852
 56.9561
 21.4942
 53.3479
 58.6259
 58.6259
 47.0638
 0
 25.5734
 31
 0
 25.219
 31.8748
 0
 38.2623
 36.647
 55.6417
 45.0999
 59.9083
 34.4674
 49.051
 15.9374
 37.855
 29.5635
 33.2866
 46.6047
 52.6308
 60.2661
 51.4781
 62.0403
 35.2987
 58
 19.1833
 46.9361
 34.0734
 31.3688
 38.923
 51.2152
 61.3922
 52.6118
 59.4475
 35.1141
 41.328
 11.6189
 17.088
 35.2704
 49.5177
 46.6798
 52.0769
 57.3324
 42.6497
 0
 25.0599
 60.4897
 39.5221
 27.6043
 56.0625
 37.3363
 61.8547
 47.9062
 55.0182
 49.7192
 26.5518
 34.4529
 39.3192
 10.8628
 22.9347
 49.0102
 46.0326
 55.8838
 61.8061
 42.5911
 20.9284
 65.3146
 28.4077
 53.9722
 53.7773
 42.1663
 60.3656
 39.0768
 59.1861
 52.5928
 46.4112
 45.5302
 41.3038
 31.305
 58.1034
 13.0384
 57.8273
 26.8514
 48.2286
 43.4166
 62.9921
 20.445
 67.8822
 28.4429
 54.8817
 50.1199
 62.7296
 40.7676
 56.1694
 27.313
 45.1442
 56.921
 49.7695
 43.1625
 57.5413
 28.931
 12.8841
 60.3738
 49.7494
 45.8585
 24.454
 52.8015
 68.5565
 25.807
 48.1664
 68.8912
 60.0417
 48.6929
 42.9884
 60.7124
 43.1393
 51.2152
 44.6766
 57.7235
 33.5857
 50.3786
 27.2764
 63.9531
 14
 49.3964
 35.3695
 27.7849
 28.8964
 57.5152
 70.8378
 47.2864
 61.2617
 63.9375
 63.8827
 50.1996
 24.8797
 47.1699
 52.6308
 52.6308
 51.4393
 56.0446
 60.1249
 56.8595
 42.5676
 68.4836
 54.3047
 21.7945
 35.1568
 32.7261
 32.7261
 42.7551
 25.8263
 54.626
 49.9099
 64.8228
 71.4353
 63.6946
 62.1611
 56.0981
 54.1018
 50.1697
 48.7442
 57.7408
 68.0515
 64.1405
 61.4085
 59.0678
 38.4708
 38.0789
 17.3205
 27.5862
 31.9844
 46.2709
 54.0833
 64.1249
 70.6116
 75.9737
 76.9545
 57.6802
 64.8228
 53.1413
 52.0384
 39.3446
 54.1849
 70.8096
 64.5988
 49.7896
 60.291
 37.7094
 30.1164
 26.9072
 13.2288
 30.2655
 46.8295
 58.66
 54.8726
 71.6519
 71.6519
 50.3488
 58.7537
 63.3404
 49.5681
 55.0273
 53.0848
 53.0848
 63.9687
 72.7393
 67.5056
 50.1597
 58.3866
 44.6878
 31.0805
 18.6815
 41.7493
 36.8511
 82.3772
 82.3772
 82.3772
 70.9225
 42.19
 69.8069
 51.1957
 57.9828
 47.4658
 53.9166
 49.4672
 49.4672
 64.6838
 59.7244
 65.4064
 54.8817
 54.2033
 54.2033
 29.8664
 29.8664
 13.8564
 0
 46.7119
 0
 0
 38.5616
 38.5616
 68.5493
 68.5493
 54.4334
 54.4334
 60.9344
 29.7153
 29.7153
 61.2454
 36.4555
 36.4555
 78.1473
 78.1473
 67.2309
 55.9821
 68.3228
 68.3228
 68.3228
 46.2277
 10.3923
 28.7576
 44.7102
 59.9166
 65.4446
 65.4446
 77.0714
 53.563
 67.3201
 48.9285
 49.3862
 73.736
 33.0151
 73.9594
 66.3174
 41.7373
 73.8038
 67.6166
 67.6166
 74.2496
 74.2496
 28
 28
 28
 43.9431
 0
 0
 42.72
 27.2213
 64.2339
 64.2339
 64.2339
 77.7496
 44.3734
 44.3734
 0
 0
 0
 0
 0
 0
 0
 0
 0
 49.7594
 49.7594
 26.4764
 50.5569
 68.1396
 68.1396
 68.1396
 60.4814
 70.7531
 41.5572
 61.5955
 61.5955
 56.7539
 77.1168
 48.1456
 0
 29.1033
 29.5973
 70.0643
 70.0643
 68.695
 68.695
 50.8724
 67.8749
 49.5076
 68.3374
 68.3374
 68.3374
 55.7763
 55.7763
 55.7763
 82.6438
 81.3326
 81.3326
 81.3326
 81.3326
 60.1082
 40.8412
 40.8412
 31.3528
 50.03
 76.844
 76.844
 76.844
 43.9204
 61.563
 71.9931
 71.9931
 44.7549
 63.9296
 63.9296
 63.9296
 77.3757
 38.2884
 53.6563
 53.6563
 29.1719
 29.1719
 62.7535
 62.7535
 62.7535
 59.0254
 38.8716
 0
 28.5832
 42.3792
 42.3792
 0
 0
 0
 0
 0
 0
 49.366
 60.6712
 60.6712
 56.9122
 47.7493
 47.7493
 47.7493
 49.7795
 78.0064
 28.2666
 28.2666
 0
 44.5084
 81.9939
 47.8435
 47.8435
 67.1342
 64.6297
 49.0408
 44.2267
 0
 43.2435
 58.2323
 73.1574
 73.1574
 64.5833
 42.0119
 52.345
 48.3115
 0
 0
 0
 38.0657
 24.7184
 43.4741
 29.4958
 72.0417
 22.1133
 22.1133
 51.2835
 49.0612
 49.0612
 62.6418
 62.6418
 55.1906
 55.1906
 52.9339
 77.923
 62.6019
 62.6019
 70.7036
 48.0729
 41.509
 40.05
 62.2896
 62.2896
 40.7185
 66.6258
 39.3319
 39.3319
 0
 0
 0
 0
 0
 0
 0
 0
 0
 48.4974
 0
 0
 0
 0
 28.6531
 63.0079
 59.7076
 59.7076
 59.7076
 48.156
 74.9667
 74.9667
 74.9667
 43
 43
 31.0644
 79.5613
 79.5613
 79.5613
 79.5613
 79.5613
 79.5613
 79.5613
 75.4652
 75.4652
 35.6651
 35.6651
 35.6651
 35.6651
 52
 52
 19.105
 36.3456
 36.3456
 30.545
 30.545
 60.4318
 60.4318
 78.1089
 31.8591
 44.9667
 0
 0
 0
 45.607
 30.315
 30.315
 30.315
 30.315
 30.315
 30.315
 30.315
 42.8369
 42.8369
 42.8369
 0
 0
 0
 42.4028
 42.4028
 27.8747
 74.4983
 49.97
 35.4683
 35.4683
 58.5577
 69.0507
 29.5296
 46.2277
 46.2277
 46.2277
 65.9621
 30.5123
 35.4965
 73.328
 73.328
 50.9215
 38.8587
 36.973
 36.973
 36.973
 52.8204
 52.8204
 53.3104
 53.3104
 47.4552
 47.4552
 64.5291
 27.2397
 43.3705
 0
 37.0945
 43.8976
 36.6197
 36.6197
 66.242
 66.242
 48.4562
 34.9285
 38.5876
 41.7373
 38.7169
 27.9821
 27.9821
 52.1728
 52.1728
 26.0192
 46
 34.7707
 34.1906
 34.1906
 31.5595
 33.4515
 33.4515
 0
 0
 35.6791
 35.6791
 35.6791
 31.225
 31.225
 36.4966
 36.4966
 23.5372
 34.8425
 72.6154
 72.6154
 42.4264
 49.5379
 46.1844
 46.1844
 46.1844
 40.4475
 31.289
 28.4429
 28.4429
 59.9917
 31.8277
 73.4711
 35.6371
 84.2971
 84.2971
 84.2971
 41.7373
 36.2077
 37.4299
 52.6688
 64.7148
 64.7148
 40.5709
 36.8917
 69.9786
 53.7587
 53.7587
 53.7587
 25.2785
 39.0256
 39.0256
 44.5646
 44.5646
 32.2335
 32.2335
 28.8271
 31.607
 31.607
 25.2587
 53.5164
 23.6432
 29.9333
 64.3584
 53.8609
 79.2906
 36.6333
 31.3369
 54.461
 44.0227
 31.6702
 31.6702
 64.2806
 27.313
 32.218
 51.1859
 40.4475
 34.0881
 38.7556
 38.7556
 66.6033
 27.8747
 43.0349
 43.0349
 43.0349
 43.0349
 92.6445
 74.2496
 38.0526
 38.0526
 28.688
 32.5576
 73.2735
 73.2735
 50.6261
 28.8617
 76.3544
 27.1477
 49.0204
 0
 28.4605
 31.4166
 31.4166
 76.4395
 76.4395
 28.9137
 43.4281
 69.7424
 69.7424
 87.5557
 87.5557
 87.5557
 87.5557
 87.5557
 47.0106
 85.0588
 40.4475
 71.2671
 30.0998
 24.5967
 34.5832
 37.855
 37.855
 65.909
 29.9833
 29.9833
 29.9833
 76.3151
 76.3151
 76.3151
 76.3151
 73.7902
 73.7902
 30.1496
 51.2835
 51.2835
 51.2835
 27.7849
 42.8252
 51.817
 70.7814
 70.7814
 51.8652
 51.8652
 32.1403
 46.8615
 75.1465
 75.1465
 58.9152
 28.7228
 38.4968
 51.614
 41.7493
 19.1572
 47.9792
 47.9792
 52.5357
 59.8498
 39.8748
 53.5817
 37.7624
 37.7624
 60.63
 60.63
