 36.8511
 38.1182
 42.4028
 46.2817
 44.1475
 42.5206
 42.1545
 40.6079
 41.833
 37.027
 43.0697
 44.8999
 43.6921
 40.8412
 44.8665
 45.5631
 48.6004
 54.4151
 51.3225
 54.4334
 52.7731
 57.6021
 59.5987
 52.345
 52.2207
 63.773
 50.3984
 41.9643
 53.3573
 42.4382
 50.8232
 45.8912
 44.833
 41.5572
 33.5112
 46.2601
 39.8372
 43.6005
 33.3167
 46.1952
 44.8776
 45.0888
 33.3017
 46.6798
 48.6313
 44.7884
 43.7493
 32.7414
 51.0294
 34.3511
 43.9886
 47.8644
 54.7814
 33.2716
 42.6615
 54.5436
 42.0119
 34.0881
 59.0762
 48.2183
 0
 0
 0
 49.2646
 51.1762
 51.1762
 45.0333
 51.3712
 51.3712
 45.5741
 49.0612
 48.775
 53.7959
 50.1398
 49.3457
 55.5428
 43.1856
 58.8388
 42.9185
 58.9491
 46.7012
 60.291
 48.6826
 59.4475
 48.4458
 53.0754
 50.6261
 44.9222
 52.1344
 46.0652
 54.2125
 54.5985
 52.6213
 51.1273
 56.2672
 61.2291
 51.0098
 63.726
 38.5746
 40.2492
 65.3835
 55.6687
 64.9384
 60.05
 49.1325
 55.6866
 55.6866
 52.1249
 54.9818
 58.7792
 47.5079
 56.8858
 58.5491
 55.3082
 56.4004
 60.0833
 55.4437
 46.6047
 49.3052
 65.4446
 42.4382
 41.6173
 69.1737
 51.8073
 63.3798
 53.8331
 57.9569
 49.0102
 57.3585
 49.8899
 61.131
 57.9828
 62.3939
 56.7891
 62.9682
 63.5138
 60.9672
 69.1086
 54.7814
 67.1044
 46.1519
 69.95
 41.9881
 62.9206
 43.2319
 54.2402
 58.6174
 51.7784
 50.1498
 60.0167
 47.4236
 58.5064
 53.7122
 60.2495
 62.4179
 68.7532
 50.3686
 70.1997
 64.8228
 57.0964
 71.4843
 73.9865
 48.5386
 45.8585
 66.3551
 63.8984
 58.8982
 50.892
 59.3801
 60.1332
 50.9019
 55.6776
 64.3195
 57.6368
 63.8905
 66.0227
 67.8307
 66.106
 73.3689
 72.2011
 61.2862
 52.5547
 60.9098
 50.3587
 71.8471
 47.1275
 62.426
 51.3615
 54.7814
 51.3809
 59.0169
 62.6019
 51.6914
 69.5054
 59.1185
 71.2671
 69.9714
 33.541
 72.9657
 74.9867
 26.4953
 26.4953
 69.2387
 64.1794
 74.7329
 62.0645
 73.0479
 67.5796
 51.5946
 53.6563
 57.576
 17.9722
 58.6089
 52.6118
 50.1697
 56.0803
 60.8358
 66.9104
 72.1388
 70.3704
 76.5114
 71.7983
 73.1505
 78.1537
 78.6066
 72.9383
 72.7393
 65.3452
 68.7023
 57.1752
 59.5231
 48
 55.3715
 49.7594
 58.8048
 55.7584
 60.2661
 62.5779
 70.5124
 71.4493
 75.7166
 71.2601
 75.7364
 79.511
 59.9166
 79.4796
 79.3284
 70.6682
 56.0179
 65.1844
 58.3009
 57.1577
 57.2975
 50.892
 49.7695
 54.4243
 60.564
 60.0833
 63.4586
 70.4273
 47.8435
 75.6108
 76.4264
 82.0305
 75.6902
 80.2372
 74.3841
 71.5961
 78.886
 68.2495
 66.8581
 62.1289
 76.7333
 51.6527
 52.4595
 71.4703
 53.4322
 101.971
 101.971
 101.971
 74.8799
 62.482
 72.3533
 77
 73.9256
 75.04
 77.9936
 61.3433
 61.3433
 76.961
 73.1847
 68.1396
 75.1931
 62.7933
 70.6258
 54.0555
 56.0981
 50.1797
 50.1797
 70.3633
 70.3633
 70.8378
 59.3717
 79.7621
 75.1532
 75.1532
 73.0274
 73.0274
 86.9425
 55.6776
 55.6776
 72.298
 58.8388
 58.8388
 84.0417
 84.0417
 66.0454
 61.5386
 85.9186
 85.9186
 85.9186
 70.739
 51.3809
 68.2422
 53.6283
 87.9034
 59.2199
 59.2199
 68.352
 79.7872
 74.1755
 74.6391
 71.2741
 84.309
 55.6237
 88.6905
 73.8715
 73.0137
 87.3155
 68.5565
 68.5565
 84.1249
 84.1249
 54.7449
 54.7449
 54.7449
 58.4123
 58.4123
 58.4123
 56.0981
 67.2012
 59.1693
 84.386
 84.386
 70.852
 77.9487
 77.9487
 77.9487
 75.1598
 74.96
 74.96
 78.8606
 78.8606
 86.1626
 88.7299
 65.8711
 74.92
 74.92
 61.1964
 85.6505
 72.9178
 72.9178
 72.9178
 89.6437
 69.4478
 65.1076
 87.0517
 87.0517
 61.5061
 85.2995
 70.5337
 70.5337
 52.8961
 63.3009
 76.531
 76.531
 74.7596
 74.7596
 67.0671
 57.1927
 77.891
 92.9032
 61.9031
 83.9226
 76.1906
 76.1906
 52.792
 71.3442
 85.8604
 59.9583
 68.6367
 72.1526
 63.7495
 57.6628
 83.3247
 58.8218
 72.6498
 88.6566
 53.6936
 53.6936
 63.4508
 88.7694
 74.7195
 74.7195
 72.3809
 86.4581
 86.4581
 86.4581
 85.1763
 63.4823
 63.4271
 63.4271
 52.9245
 52.9245
 68.2862
 68.2862
 68.2862
 70.7814
 72.2565
 72.2565
 57.81
 65.169
 56.8683
 56.8683
 56.8683
 64.5058
 102.411
 83.5105
 83.5105
 49.5379
 59.2368
 70.4131
 66.5432
 58.4979
 72.4362
 72.4362
 70.3776
 78.0449
 53.4603
 53.4603
 53.4603
 58.6174
 87.9261
 71.4563
 71.4563
 86.6372
 72.4224
 60.9262
 62.1932
 62.1932
 63.4429
 86.093
 66.6033
 66.6033
 86.6718
 66.2495
 57.7062
 56.8683
 56.8683
 84.1843
 82.2739
 52.3546
 48.2597
 71.5192
 49.679
 82.4318
 49.9199
 58.2924
 62.8092
 63.9609
 63.9609
 87.6242
 60.3324
 56.9386
 56.9386
 58.3952
 67.2681
 83.8868
 83.8868
 74.3236
 60.918
 59.8665
 54.8544
 70.3847
 51.3517
 68.6804
 66.9477
 62.458
 62.458
 62.458
 80.5047
 80.5047
 57.7754
 86.6372
 86.6372
 79.3851
 79.3851
 86.6141
 56.5243
 56.5243
 61.4736
 79.3032
 79.3032
 57.2276
 64.1639
 85.1763
 85.1763
 85.1763
 67.7791
 85.1587
 85.1587
 59.5231
 69
 69
 56.3116
 85.4108
 85.4108
 52.6403
 52.6403
 52.6403
 52.6403
 52.6403
 98.6408
 53.5444
 56.1338
 56.1338
 56.1338
 64.405
 63.3877
 63.3877
 45.8694
 50.07
 72.0833
 52.0769
 52.0769
 81.8413
 59.1101
 69.3181
 59.6657
 52.1728
 52.1728
 52.1728
 52.1728
 60.6795
 45.6727
 45.6727
 45.6727
 0
 0
 0
 0
 0
 0
 0
 0
 0
 46.0326
 66.2797
 55.6327
 51.9423
 83.0241
 53.301
 62.0081
 62.0081
 81.8352
 62.1369
 60.8605
 72.4293
 72.4293
 72.4293
 79.9812
 53.9444
 57.6194
 86.8044
 86.8044
 65.582
 60.2495
 57.7927
 96.4832
 96.4832
 96.4832
 96.4832
 73.6682
 73.6682
 61.9516
 61.9516
 72.0208
 46.8081
 65.2993
 65.2993
 55.6956
 55.5428
 57.1489
 57.1489
 72.4845
 45.4643
 73.8986
 62.1369
 54.3047
 79.1707
 51.3128
 50.8527
 50.8527
 69.5629
 69.5629
 55.848
 67.8233
 59.649
 71.2811
 71.2811
 53.9815
 60.2163
 67.3201
 67.3201
 67.3201
 55.9732
 55.9732
 84.0298
 60.2412
 60.2412
 49.7192
 49.7192
 55.9553
 62.8331
 81.6762
 61.2454
 61.8708
 46.5725
 81.2034
 52.8678
 52.8678
 56.4978
 57.0614
 49.163
 49.163
 66.6333
 54.7083
 84.8882
 56.9298
 56.9298
 56.9298
 56.9298
 55.7943
 45.9674
 54.909
 58.5577
 73.5595
 47.8853
 53.376
 57.3062
 74.5185
 54.2402
 54.2402
 54.2402
 55.1725
 71.2531
 71.2531
 57.1402
 57.1402
 58.2065
 59.8498
 35.7911
 62.9841
 62.9841
 55.6327
 56.6216
 49.6286
 34.5832
 61.2617
 79.0569
 110.272
 69.4766
 59.3296
 73.1232
 63.3404
 40.1123
 40.1123
 83.4506
 52.8678
 36.2353
 65.7647
 50.6952
 59.0931
 57.0351
 57.0351
 73.5119
 34.2053
 69.6348
 69.6348
 69.6348
 69.6348
 111.906
 81.3265
 52.9339
 52.9339
 39.7744
 50.5964
 81.2158
 50.4678
 51.7011
 35.2136
 76.6616
 49.4166
 63.4271
 63.4271
 34.2783
 56.0625
 58.4209
 77.8974
 77.8974
 34.5254
 54.7905
 66.5958
 60.1415
 60.1415
 60.1415
 39.6232
 57.8533
 57.8533
 55.7315
 82.134
 82.134
 67.5574
 38.5876
 52.7447
 56.5155
 56.8946
 48.7647
 56.5509
 40.4599
 40.4599
 40.4599
 40.4599
 40.4599
 0
 0
 0
 0
 49.1833
 60.1498
 60.1498
 60.1498
 33.4515
 45.618
 80.9691
 63.4508
 63.4508
 41.9762
 41.9762
 59.8582
 59.2284
 71.2741
 51.3907
 69.3902
 53.4228
 48.7237
 43.4626
 59.0169
 49.2037
 72.2219
 72.2219
 58.1893
 75.3724
 64.6065
 64.6065
 55.1996
 55.1996
 55.1996
 55.1996
