 30.3315
 30.348
 25.1992
 34.2783
 29.4788
 29.95
 23.7276
 23.1084
 24.4745
 20.347
 25.2982
 25.8263
 21.7715
 23.388
 24.5967
 28.0891
 31.3688
 35.6511
 31.8748
 34.641
 30.7734
 33.4664
 33.5261
 32.2955
 29.3939
 38.2884
 28.3901
 30.4138
 32.6343
 22.1359
 32.4037
 32
 27.0555
 20.8567
 17.4642
 28.7402
 18.3576
 27
 17.3781
 28.178
 27.7849
 24.3311
 17.3494
 29.189
 28.7054
 29.1376
 27.8029
 16.6132
 31.7333
 16.1864
 28.0713
 27.2213
 30.5941
 16.0312
 27.5862
 32.7414
 28.7054
 16.0312
 34.4384
 36.6333
 0
 32.45
 0
 28.0713
 36.4966
 0
 22.3383
 34.4093
 0
 22
 30.2324
 29.5466
 31.5278
 33.0908
 28.0357
 36.1663
 24.7386
 38.2361
 25.3377
 35.171
 27.9106
 36.3043
 32.1248
 31.607
 36.3318
 25.2785
 38.6005
 23.1733
 36.8103
 20.2978
 35.623
 34.6266
 28.6705
 32.0468
 33.2415
 41.7373
 29.3769
 41.7732
 20.3224
 21.7025
 41.2674
 36.5103
 34.0734
 31.9218
 30.348
 27.7128
 0
 23.8747
 42.0119
 41.1461
 20.1742
 32.187
 36.5103
 34.6121
 35.4542
 40.7063
 30.8221
 23.8537
 24.2074
 39.975
 20.8806
 22.6053
 37.921
 29.5804
 34.1906
 35.5528
 26.5895
 20.9762
 39.8873
 19.799
 43.6234
 30.4467
 40.025
 33
 38.2361
 43.9431
 34.2053
 45.6837
 27.0924
 36.7015
 20.9284
 41.4849
 20.664
 33.6898
 19.2094
 32.1559
 27.6586
 33.2716
 20.2978
 41.845
 20
 42.8019
 27.2764
 35.4401
 39.1152
 43.2204
 24.3516
 42.0833
 38.1182
 29.4788
 40.0125
 43.1625
 20.2731
 20.8087
 35.4683
 40.0749
 27.1109
 16.7033
 33.8821
 40.6448
 20.445
 27.9106
 46.6047
 31.3847
 43.4971
 39.1024
 43.1972
 37.5233
 47.6025
 41.7612
 35.4683
 21.7715
 29.5635
 19.6977
 38.6005
 21.7486
 29.5804
 24.5561
 22.2935
 20.9284
 34.2783
 44.0114
 22.8473
 46.9894
 34.2053
 44.5758
 44.9889
 22.5167
 44.3509
 48.5386
 11.0905
 45.1664
 39.281
 34.4819
 40.7063
 30.5941
 40.8534
 35.5949
 19.2614
 21.8174
 22.3383
 7.07107
 29.5296
 21.0238
 24.9199
 27.1662
 34.176
 44.0681
 46.6583
 47.9166
 50.05
 45.7056
 43.7493
 47.0532
 46.8295
 42.7902
 40.8289
 37.4967
 36.9459
 25.0799
 25.865
 16.7332
 22.8692
 20.4206
 28.6705
 26.1343
 31.1448
 39.3573
 48.5695
 42.8019
 50.3389
 49.5278
 47.0319
 49.1833
 29.5466
 47.1169
 47.0956
 38.1051
 23.7697
 33.2716
 25.8844
 22.6716
 25.219
 21.7256
 18.2757
 25.1595
 26.9629
 28.0357
 41
 45.8694
 24.7992
 47.3392
 51.3712
 49
 45.3652
 44.317
 42.1426
 38.7943
 44.3396
 38.1838
 35.6511
 31.9218
 43.6463
 19.799
 21.7025
 42.1426
 22.5832
 66.3099
 66.3099
 66.3099
 50.3389
 29.7658
 51.7107
 47.2123
 50.2792
 42.1307
 45.2217
 28.4077
 28.4077
 43.589
 49.7795
 37.5366
 47.3181
 30.2985
 40.8289
 21.8632
 22.6936
 17.7482
 0
 37
 0
 36.6606
 27.7128
 50.4083
 53.647
 53.647
 48.3942
 0
 0
 27.2764
 0
 41.2432
 24.3311
 24.3311
 53.3104
 53.3104
 38.6135
 30.3315
 48.5695
 0
 0
 32.7109
 19.0526
 24.8596
 22.6936
 56.2939
 31.3528
 31.3528
 45.9347
 47.9896
 51.2835
 39.7744
 44.5197
 57.1489
 27.2397
 55.8659
 42.0595
 40
 53.3854
 41.7373
 41.7373
 47.9896
 0
 21.7486
 21.7486
 0
 28.3019
 0
 0
 24.3516
 35.8329
 31.9687
 51.4198
 51.4198
 45.9565
 41.7133
 0
 0
 0
 45.8476
 45.8476
 46.422
 0
 0
 40.9634
 33.0303
 44.0908
 44.0908
 28.6531
 60.0666
 41.7732
 41.7732
 41.7732
 59.0254
 41.2311
 32.4191
 51.2835
 51.2835
 32.7109
 50.9608
 35.9861
 0
 20.445
 31.8434
 45.7384
 0
 47.4447
 47.4447
 40.0749
 26.1916
 44.3283
 56.6039
 32.4654
 54.1202
 43.4511
 43.4511
 19.1572
 50.3885
 52.6593
 33.9117
 37.855
 50.6853
 31.1288
 31.9687
 54.4059
 26.9815
 42.1782
 60.6795
 23.8537
 0
 33.0151
 57.7148
 44.9778
 0
 34.6266
 52.1249
 52.1249
 52.1249
 52.8299
 29.5635
 32.9545
 0
 18.6548
 18.6548
 38.0789
 0
 0
 41.5692
 45.0888
 0
 22.2935
 33.0151
 26.0576
 0
 0
 35.1994
 71.3162
 52.5167
 52.5167
 20.7123
 27.2397
 48.2183
 35.819
 27.1109
 52.5738
 52.5738
 45.0999
 50.5668
 19.9249
 19.9249
 0
 26.1151
 59.8247
 40.9634
 40.9634
 56.8946
 43.6234
 26.9629
 35.6791
 0
 27.1662
 53.1601
 40.5339
 40.5339
 51.1175
 28.775
 28.3725
 29.3087
 0
 0
 0
 22.9347
 23.388
 40.7308
 19.0263
 51.3712
 22.9565
 27.8388
 33.5559
 38.7427
 38.7427
 59.8498
 31.4325
 27.6948
 27.6948
 26.9258
 44.3283
 53.0189
 53.0189
 55.4437
 35.6651
 29.8496
 21
 45.6399
 30.8058
 41.5812
 34.9857
 35.1568
 35.1568
 35.1568
 52.5071
 52.5071
 27.2213
 60.8112
 60.8112
 55.2087
 55.2087
 58.0172
 29.1548
 0
 37.7757
 57.8965
 57.8965
 30.5941
 33.5857
 53.2447
 53.2447
 53.2447
 38.4448
 51.4296
 51.4296
 19.0526
 41.4005
 41.4005
 26.9629
 54.1387
 54.1387
 26.1343
 47.8748
 47.8748
 0
 0
 33.2566
 23.8537
 29.6311
 0
 0
 39.6232
 37.1349
 37.1349
 20.8567
 26.4386
 53.0566
 24.9199
 24.9199
 48.7955
 36.6742
 47.5184
 33
 23.4094
 0
 31.0805
 0
 26.0576
 28.2489
 28.2489
 28.2489
 28.2489
 30.282
 0
 0
 26.4386
 40.7431
 57.3585
 57.3585
 57.3585
 26.0192
 34.6121
 27.2764
 24.4745
 62.49
 31.5119
 33.2114
 33.2114
 53.0848
 39.5348
 33.8378
 42.5793
 42.5793
 42.5793
 48.6929
 26.0576
 33.9559
 55.3082
 55.3082
 35.0143
 35.4683
 34.2637
 48.7134
 0
 22.1585
 0
 43.2666
 43.2666
 36.0139
 36.0139
 48.6004
 22.2036
 42.5793
 42.5793
 23.4307
 33.5857
 33.3766
 33.3766
 40.0375
 20.664
 46.7868
 35.4542
 28
 45.8912
 27.7849
 25.632
 50.1896
 33.9117
 33.9117
 27.1293
 40.7185
 32.0624
 38.923
 38.923
 26.3249
 32.7261
 39.8623
 0
 0
 28.3373
 28.3373
 55.9285
 34.4238
 48.2804
 27.5862
 27.5862
 29.5973
 31.241
 63.6396
 37.4967
 33.1059
 33.7787
 58.9237
 26.4008
 26.4008
 33.4216
 28.4253
 24.6171
 24.6171
 39.2683
 26.9815
 54.0925
 32.7261
 52.3641
 52.3641
 52.3641
 28.2489
 20.9284
 28.4781
 29.1719
 45.2327
 24.1247
 25.318
 30.8545
 51.4198
 30.8707
 0
 0
 29.5127
 40.4351
 0
 32.249
 29.5296
 27.6406
 38.3145
 14.8661
 34.6266
 34.6266
 32.1559
 27.2947
 22.6495
 10.4403
 42.7668
 48.6929
 83.4805
 41.9643
 35.6651
 41.4729
 38.6135
 18.3848
 18.3848
 56.5862
 27.3496
 13.7477
 40.7922
 27.074
 32.0312
 34.3511
 34.3511
 53.6097
 11.4455
 41.5452
 0
 24.3721
 45.0777
 43.2782
 59.3212
 23.3666
 0
 15.5563
 26.9815
 56.7274
 34.6266
 22.6053
 15.1327
 50.4183
 23.4307
 35.2846
 35.2846
 14.7986
 28.6531
 35.6651
 48.1041
 48.1041
 15.9374
 28.7576
 48.2804
 36.7151
 55.0182
 55.0182
 16.8226
 41.1825
 41.1825
 34.5832
 56.5332
 23.5584
 43.8748
 17.088
 26.3629
 37.3229
 39.7492
 25.2982
 37.4433
 18.2757
 18.2757
 0
 28
 35.6371
 0
 0
 48.7237
 48.7237
 23.388
 32.45
 32.45
 32.45
 16.3095
 22.6495
 46.9894
 42.4971
 42.4971
 26.533
 26.533
 31.9374
 33.2415
 53.0094
 21.7025
 48.9285
 26.1534
 23.7276
 27.7308
 32.8024
 24.5967
 43.7035
 43.7035
 35.9305
 51.817
 39.0384
 34.9857
 27.8029
 27.8029
 58.7537
 58.7537
