 0
 0
 3.4641
 3.74166
 0
 0
 2.44949
 3.31662
 3.4641
 1.73205
 2
 2
 4.24264
 0
 1.73205
 1.41421
 2.23607
 0
 1.73205
 0
 3.4641
 3.31662
 5.19615
 3
 3
 5.09902
 2.64575
 2.44949
 3
 2.23607
 1.73205
 0
 3.31662
 3.16228
 1.73205
 3.74166
 3.31662
 3.4641
 3.4641
 4.89898
 4.3589
 5.09902
 5.09902
 6
 2.44949
 2.44949
 1.73205
 1.41421
 2.44949
 2.44949
 3.87298
 1.41421
 4.3589
 1.73205
 1.73205
 5.19615
 0
 1.73205
 5
 5
 2.44949
 3
 3.31662
 4.12311
 1.73205
 1.73205
 4.89898
 2
 0
 5.19615
 2.82843
 5.47723
 6.7082
 3
 4.24264
 1.73205
 1.41421
 1.73205
 0
 4.24264
 3.4641
 5.47723
 0
 4.3589
 0
 5.38516
 6.40312
 5.19615
 4.89898
 2.82843
 3.87298
 1.41421
 2.82843
 4.3589
 3
 4.3589
 3
 3.87298
 4.58258
 3.4641
 2.44949
 3
 4.24264
 5.19615
 3.74166
 6
 6
 6
 2.82843
 4.79583
 1.73205
 3.4641
 3.87298
 4.3589
 3.60555
 3.31662
 4.89898
 4.3589
 5.65685
 4.24264
 4.58258
 4.24264
 2.64575
 4.79583
 4.24264
 4.89898
 6
 6
 4.12311
 2.44949
 2.23607
 5.19615
 2.44949
 2.44949
 4.58258
 3.4641
 6.245
 5.19615
 6.16441
 5.19615
 4.89898
 3.4641
 4.89898
 4.47214
 4.3589
 2.82843
 6
 3
 3.4641
 2.44949
 2.44949
 0
 6
 4.3589
 3.4641
 3
 4.89898
 3.4641
 6.63325
 6.9282
 6.16441
 5.47723
 5.47723
 6.245
 4.89898
 5.19615
 5.19615
 3.87298
 5.09902
 5.19615
 4.24264
 5.47723
 5.19615
 5.47723
 6
 6
 6.16441
 5.19615
 6.245
 6.48074
 2.44949
 3.4641
 6
 2.64575
 5.38516
 5.2915
 3.4641
 6
 6
 5.19615
 6
 5.19615
 5.19615
 4.3589
 6
 6
 4.24264
 4.24264
 4.24264
 6
 6
 6
 3.4641
 4.24264
 6
 5.19615
 5.38516
 3.4641
 5.19615
 6
 5.38516
 0
 4.3589
 5.19615
 4.24264
 6
 4.24264
 3.87298
 4.24264
 6.16441
 5.38516
 5.09902
 4.24264
 6.48074
 5.47723
 5.65685
 5.38516
 3.4641
 4.89898
 5.19615
 5.74456
 3.4641
 6.245
 3.4641
 3.4641
 5
 3.4641
 5.19615
 5.19615
 6
 5.19615
 6
 6.48074
 5.65685
 6.16441
 5
 4.89898
 6.245
 4.24264
 6.16441
 4.24264
 6
 3.60555
 6
 6
 5.74456
 5.47723
 6
 6
 5.19615
 5.19615
 4.47214
 6
 6
 3.4641
 4.3589
 6
 5.65685
 5.47723
 4.24264
 5.74456
 6.16441
 4.89898
 6.08276
 6.245
 5.38516
 6.245
 6.16441
 6.48074
 5.19615
 6.48074
 6.85565
 6.85565
 5.74456
 6.85565
 4.24264
 5.19615
 5
 5.74456
 5.19615
 5.19615
 6
 6
 6
 3.4641
 6
 7.14143
 6
 6.32456
 5.19615
 6.245
 4.58258
 4.3589
 5.19615
 5.19615
 3.74166
 4.47214
 5.38516
 6.55744
 6.55744
 23.3024
 6.08276
 6.9282
 4.3589
 5.74456
 6.16441
 6.85565
 6
 6
 4.3589
 6.55744
 3.4641
 6.55744
 4.24264
 4.58258
 6.85565
 6.16441
 4.89898
 3.4641
 4.3589
 6.85565
 5
 6.9282
 6.9282
 6.08276
 5.65685
 6.08276
 5.19615
 5.19615
 5.74456
 4.3589
 7.68115
 7.07107
 5.38516
 4.89898
 4.89898
 6.08276
 6.32456
 5
 5.19615
 6.9282
 5.47723
 6.9282
 6.7082
 5.19615
 3.4641
 6.08276
 5.19615
 6
 3.74166
 1.73205
 3.4641
 6
 5.19615
 6
 4.3589
 6.16441
 4.24264
 6.85565
 6.08276
 6
 4.47214
 3.4641
 6.08276
 6
 5.38516
 4.3589
 4.3589
 4.3589
 6.245
 5.09902
 5.47723
 6.7082
 5.38516
 3.4641
 5.74456
 6.55744
 6.9282
 6.08276
 7.61577
 6.85565
 6.9282
 5.74456
 6.16441
 6
 2.44949
 6.245
 6.9282
 4.3589
 5.47723
 6.9282
 4.24264
 6.245
 7.81025
 6
 6.48074
 6.9282
 6.08276
 4.89898
 22.2261
 5.74456
 6.245
 7
 5.19615
 6
 7.14143
 6.9282
 4.24264
 5.47723
 6
 5.19615
 4.3589
 6.16441
 6.9282
 6.08276
 4.24264
 7.14143
 5.74456
 6.85565
 6.16441
 7.14143
 6.245
 4.58258
 4.58258
 6
 4.3589
 6.85565
 7.34847
 6
 6.9282
 7.34847
 6
 6.9282
 6.9282
 6
 2.44949
 6.08276
 6
 6.9282
 2.44949
 6.48074
 5.38516
 6.9282
 6.16441
 5.19615
 6.32456
 6.16441
 6.245
 4.3589
 3.4641
 6
 7.14143
 6
 5.09902
 7.4162
 6.08276
 6.08276
 6.16441
 1.73205
 7.4162
 6
 6.32456
 3.4641
 6.16441
 6.16441
 7.34847
 3.4641
 6.08276
 8.06226
 7.34847
 6.08276
 6.85565
 6.08276
 4.3589
 4.47214
 7
 4.3589
 5.19615
 3.4641
 6
 5.2915
 6.16441
 2.44949
 6.16441
 3
 3.74166
 3.74166
 6.245
 6.245
 5.47723
 5.47723
 6
 6
 6
 4.24264
 4.24264
 6
 7.74597
 5.38516
 0
 5.38516
 6
 2.44949
 2.44949
 4.3589
 3.4641
 6.85565
 6.08276
 3.4641
 8
 5.09902
 5.19615
 5.19615
 6.85565
 5.38516
 7.4162
 4.24264
 6
 5.09902
 4.58258
 7.07107
 5.47723
 4.89898
 6
 2.64575
 6
 5.19615
 6.16441
 5.47723
 6
 5.19615
 6.48074
 6.16441
 5.19615
 7.34847
 5.74456
 4.24264
 6.48074
 5.09902
 1.73205
 5.09902
 5.09902
 6
 5.38516
 6.16441
 5.19615
 4.24264
 6.08276
 0
 0
 6
 7.34847
 5.47723
 0
 5.74456
 5.74456
 6
 6
 4.24264
 5.19615
 5.19615
 5.19615
 6.08276
 4.69042
 2.44949
 5.09902
 4.79583
 6.32456
 6
 3.4641
 7.87401
 5.19615
 4.24264
 3.4641
 4.3589
 6
 5.19615
 3
 4.89898
 3.4641
 6
 0
 5.38516
 5.38516
 6.08276
 6
 5.09902
 6.55744
 5.19615
 6
 6.48074
 2.44949
 4.24264
 6.85565
 5.74456
 6.16441
 5.19615
 6
 5.19615
 4.24264
 5.19615
 5.74456
 0
 6.85565
 5.19615
 3.4641
 6.245
 4.3589
 7.34847
 6
 4.69042
 6
 5.65685
 0
 0
 6
 6.85565
 6.85565
 3.74166
 0
 5.09902
 4.89898
 3.4641
 6.08276
 3.4641
 5.19615
 6.245
 3.74166
 3.74166
 6
 5.38516
 5.19615
 7.14143
 6
 6
 4.24264
 4.24264
 7.07107
 4.3589
 6
 2.64575
 0
 5.19615
 6
 6
 5.65685
 6
 3.87298
 3.4641
 6
 4.69042
 4.3589
 0
 6.245
 4.3589
 6
 5.09902
 5.38516
 0
 2.64575
 6
 0
 6
 4.3589
 4.69042
 6.85565
 4.12311
 0
 6
 4.24264
 3.4641
 7.07107
 7.87401
 4.3589
 5.38516
 1.73205
 6
 7.4162
 6.48074
 0
 6
 3
 5.19615
 5.19615
 5.19615
 6
 4.24264
 6.08276
 6.08276
 6
 0
 6
 5.38516
 4.47214
 5.19615
 6.63325
 4.3589
 5.47723
 3.4641
 4.58258
 5.65685
 6
 3.31662
 4.3589
 5.19615
 4.79583
 4.3589
 3.4641
 4.24264
 5.19615
 4.12311
 6
 3
 5.19615
 5.19615
 0
 5.47723
 5.19615
 3.4641
 4.3589
 3.31662
 5.38516
 3.74166
 6.63325
 4.3589
 5.19615
 3.4641
 5.09902
 6
 4.24264
 6.16441
 4.47214
 3.31662
 3.4641
 0
 1.73205
 4.3589
 4.24264
 4.47214
 4.24264
 2.64575
 4.24264
 2.44949
 4.24264
 6.245
 6.08276
 5.19615
 4.24264
 1.73205
 5.19615
 5.19615
 6.08276
 5.09902
 5.74456
 5.91608
 3.31662
 2.44949
 5.2915
 5.74456
 5.19615
 3.4641
 3.4641
 5
 5.19615
 1.73205
 5.19615
 3
 6.245
 0
