 357.653
 0
 7.81025
 8.77496
 8.77496
 5.74456
 6.245
 4.58258
 5.47723
 0
 7.87401
 1.73205
 11.7473
 10.583
 9.32738
 9.64365
 9.32738
 12.1244
 9
 8.66025
 7.4162
 8.66025
 9.69536
 8.66025
 10.3923
 7.34847
 8
 7
 4.24264
 8.66025
 6
 4.24264
 6.245
 10.3923
 11
 3
 12.8841
 11.3137
 11.0905
 2.44949
 11
 12.49
 11.0905
 5.65685
 9.94987
 8
 5.09902
 10.8167
 10.7703
 11.0454
 1.73205
 8.48528
 11.5758
 10.6301
 2.82843
 8.66025
 4.12311
 9.94987
 8.66025
 5.09902
 5.09902
 7.34847
 7.34847
 9.32738
 8.60233
 8.60233
 11.0905
 2.82843
 7.74597
 12.8841
 3.4641
 11.1355
 6.08276
 11.0905
 4.24264
 9.32738
 3
 10.4881
 3
 9.32738
 6.245
 8.48528
 5.47723
 8.66025
 8.18535
 9.16515
 7
 9.84886
 10.9087
 11.7047
 8.544
 7.93725
 11.0454
 12.8062
 6.16441
 11.5326
 4.58258
 13.1529
 3.4641
 5.65685
 9.84886
 7.74597
 10.4881
 9.38083
 6.7082
 9.8995
 9.8995
 11.0905
 12
 10.9545
 11.6619
 11.7898
 10.6771
 13.9642
 5.38516
 12.0416
 5.47723
 12.3693
 4.24264
 13.2288
 2.82843
 6.78233
 12.4499
 8.60233
 9.79796
 8.66025
 11.6619
 11.6189
 7.74597
 12.2882
 9
 13.7477
 9.8995
 13.0767
 9.64365
 13.6748
 8.544
 13.6382
 8
 14.7648
 7.07107
 14.4222
 7.93725
 12.2066
 9.84886
 10.9545
 14.7648
 11.6619
 13.5277
 8.94427
 14.8997
 9.8995
 16.0935
 15.6205
 9.32738
 15.2315
 10.0995
 14.7309
 8
 9.16515
 16.6733
 15.1987
 8.66025
 9.11043
 12.3288
 11
 11.6619
 13.7113
 14.2127
 14.7648
 12.9228
 15.9374
 14.7309
 16.6733
 15.5563
 16.0624
 16.6433
 16.1245
 15.8745
 16.8226
 13
 14.2478
 12.7671
 13.4536
 14.8997
 14.1067
 13.4907
 16.5227
 16.5227
 17.1172
 17.2047
 17.1464
 17.7764
 13.7113
 17.2047
 16.8523
 15.2971
 15.2971
 15.2971
 15.6844
 15.6844
 17.8606
 13.0384
 11.6619
 16.3707
 13.2665
 14.8997
 12.3288
 13.7113
 14.8997
 14.8661
 14.8661
 14.2478
 15.9687
 14.2127
 17.7764
 15.4596
 14.2127
 15.7162
 16.6132
 15.9374
 15.906
 15.9374
 15.5563
 14.4568
 15.9687
 14.7309
 14.6969
 14.7309
 15.4272
 14.6969
 14.7986
 16.5529
 15.4272
 16.5529
 16.6433
 17.5499
 17.1464
 14.5258
 16.3707
 17.8606
 17.1756
 15.6205
 17.5214
 14.9666
 16.6733
 15.6205
 14.8997
 13.5647
 13.7113
 13.4907
 15.0997
 13.5647
 16.5831
 17.1756
 15.9687
 17.3494
 16.1245
 15.9687
 19.2354
 14.4568
 17.5499
 14.4222
 16.3401
 14.2829
 15.9374
 14.7648
 15.1327
 13.6748
 10.4403
 14.6629
 13.5277
 13.4907
 11.6619
 14.7648
 14.7309
 16.6433
 15.1987
 16.6433
 16.6733
 17.3205
 15.6205
 16.0935
 16.8226
 16.6433
 16.8523
 16.1245
 11.7898
 12.8841
 13.2665
 13.7113
 11
 15.4272
 14.4222
 16.0312
 14.1774
 17.5499
 12.8841
 16.8523
 14.1421
 17.8885
 13.6382
 15.3623
 16.7033
 14.1774
 14.7986
 13.5277
 14.1067
 15.6205
 16.1245
 26.1725
 11.0905
 15.3948
 9.8995
 13.5277
 13
 10.3923
 12.49
 15.9374
 15.9374
 11.0454
 17.3494
 13
 17.2047
 11.6619
 12.8841
 15.3623
 16.4012
 14.1067
 17.2047
 15.1327
 18.5742
 13
 14.9332
 15.6525
 18.0278
 11.0454
 18.0555
 15.3623
 9.38083
 9.59166
 16.6733
 16.6733
 11.7047
 20.8567
 20.8567
 8.88819
 8.88819
 8.88819
 15.9687
 11.0454
 15.9687
 11.7473
 14.1421
 14.4222
 11.3137
 13.5647
 13.2665
 13.7113
 13.7477
 11.6619
 11.6189
 13
 14
 13.9642
 13.2288
 12.3693
 12.4097
 15.1658
 14
 9.84886
 13.6382
 13
 14.4568
 12.2882
 16.3707
 11.8322
 0
 14.1421
 13
 16.8523
 10.4403
 10.4403
 16.6132
 13
 13
 12.8452
 17.1464
 10.8167
 12.8452
 15.3297
 12.53
 13.5277
 13.1529
 15.9374
 9.21954
 14.9332
 17.5499
 12.49
 13.2288
 15.1327
 24.1661
 13.5647
 17.8326
 14.3178
 10.8628
 15.843
 15.4919
 11.7898
 25.632
 14.8324
 12.083
 13.1909
 13.1909
 15.4596
 14.1421
 9.32738
 9.32738
 13.5277
 17.7764
 8.544
 8.544
 8
 14.4568
 12.3693
 12.3693
 16.0935
 9.32738
 10.0995
 10.0995
 10.0995
 15.8745
 12.8452
 0
 14
 14.1067
 11.6189
 10.9087
 15.0997
 14.7648
 11.6189
 14.7648
 15.3297
 12.2882
 11
 11.0905
 11.7047
 16.0935
 10.1489
 10.0995
 10.0995
 12.2882
 12.083
 11.7047
 9
 12.4097
 13.6748
 15.9687
 8.12404
 8.12404
 15.9374
 12.9615
 8.48528
 18.6548
 11.7047
 14.9332
 8.48528
 13.6748
 13.6748
 12.2474
 14.8997
 9.53939
 12.3288
 14.7309
 9.69536
 12.9615
 14.4914
 12.2882
 12.8452
 10.6771
 14
 10.7238
 12.8841
 9.8995
 19.6214
 11.7898
 13.5277
 10.8628
 22.1359
 11.7898
 9.84886
 10.0995
 12.4097
 11.2694
 11.0454
 8.7178
 9.32738
 13.9642
 14.1067
 9.74679
 9.32738
 13.1529
 15.3948
 8.77496
 8.77496
 8.18535
 15.6205
 15.2643
 10.0499
 8.18535
 10.4881
 11.6189
 11.7047
 9.21954
 7.93725
 13.6748
 14.3875
 14.2127
 8.66025
 12.8841
 12.2066
 10.0995
 11.7898
 12.4097
 14.4568
 11.0454
 14.7309
 12.8062
 12.2882
 9.32738
 9.16515
 11.2694
 12.9228
 14.2127
 7.87401
 9.32738
 9.84886
 12.9615
 9.27362
 13
 8.66025
 8.66025
 11.3578
 14.4222
 9.64365
 8.83176
 7.81025
 8.48528
 12.0416
 11.225
 9.38083
 9.38083
 6.9282
 14.7309
 15.9687
 9.84886
 8.88819
 8.88819
 8.88819
 8.88819
 12.6095
 14.4568
 9.84886
 9.84886
 10.3441
 10.3441
 12.8452
 13.2665
 11.6619
 8.30662
 7.34847
 12
 13
 12.9615
 9
 9.48683
 11.6619
 10.4403
 10.1489
 10.3441
 11
 9.64365
 10.4403
 11.0454
 9.53939
 9.79796
 10.1489
 10.4403
 7.81025
 7.34847
 7.34847
 7.34847
 13.7113
 10.5357
 11
 7.74597
 8
 10.3923
 8
 10.4881
 9
 10.8167
 9.64365
 13.4907
 9.53939
 10.4403
 9.53939
 11.3137
 8.544
 8.7178
 8.7178
 8.66025
 0
 12.49
 12.6095
 11.4018
 11.2694
 8.77496
 12.3288
 10.0995
 10.0995
 12.3693
 9.53939
 9.53939
 0
 12.7279
 11.7898
 15.2315
 11.6619
 0
 6.9282
 11.0905
 11.6619
 8.60233
 10.0995
 7.87401
 9.38083
 9
 11.4455
 7.87401
 12.3288
 8.77496
 12.3693
 11.0454
 8
 7.81025
 11.0454
 10.9545
 8.66025
 8.66025
 7.34847
 7.34847
 8.83176
 9.53939
 13.4907
 7.93725
 9.27362
 9.64365
 8.66025
 10.8167
 8.66025
 7.74597
 0
 11.3137
 9.74679
 7.87401
 8.544
 8.18535
 0
 8.83176
 9.32738
 11.1355
 9.27362
 8.18535
 8.83176
 12.0416
 9.32738
 11.8322
 10.3923
 12.083
 9.8995
 13.5277
 10.4881
 12.6095
 11.225
 14.0357
 11.2694
 8.18535
 10.3923
 12.2474
 12.3693
 9.69536
 8.66025
 10.4403
 8.18535
 13.5277
 14.3527
 6.08276
 6.08276
 6.08276
 0
 7.93725
 11.6619
 10.3923
 6.9282
 14.3527
 9.27362
 9.79796
 11.225
 9.38083
 14.0712
 6.32456
 8.60233
 9.16515
 10.3923
 12.8841
 9.32738
 9.16515
 9.59166
 8.66025
 14.0712
 7.93725
 10.8167
 9.16515
 9.16515
 9.16515
 16.1245
 9.38083
 7.81025
 9.8995
 8.66025
 8.66025
 9.74679
 15.1658
 8.60233
 7.74597
 8.12404
 9.38083
 7
 12.8841
 9.38083
 6.245
 6.245
 6.245
 0
 11.225
 9.64365
 11.6619
 9.8995
 7
 8.66025
 7.81025
 13.2288
 8.544
 11.4455
 10.6771
 8.18535
 7.74597
 13.2288
 8
 6.9282
 11.225
 10.3441
 10.583
 6.9282
 9.48683
 9.32738
 10.6771
 8.18535
 10.3923
 11.3137
 7.81025
 8.7178
 13.9642
 13.9642
 7.81025
 8.66025
 8.66025
 8.66025
