 362.552
 0
 26.9444
 23.7065
 23.7065
 31.0161
 19.105
 7.4162
 16.6132
 17.4356
 17.4356
 14.1067
 19.0526
 22.3383
 14.8997
 15.906
 24.1454
 21.5174
 24.1039
 20.025
 20.9045
 18.303
 18.303
 16.5831
 16.5831
 16.5831
 20.8567
 24.2281
 16.4621
 24.2899
 20.9284
 19.5448
 22.561
 27.258
 22.2711
 22.6495
 17.8606
 26.3439
 20.6398
 20.6398
 15.6525
 19.7737
 20.6155
 13
 18.1108
 17.9444
 9.53939
 19.1311
 25.3969
 18
 12.8841
 18.2757
 24.9199
 16.4317
 17.8885
 29.2916
 21.587
 16.7033
 13.1909
 19.8242
 19.8242
 19.8242
 19.8242
 25.2982
 25.02
 25.02
 32.4808
 13.9642
 13.9642
 24.1039
 18.3848
 17.3494
 17.3494
 16.8226
 13.2665
 21.4709
 24.5967
 29.189
 20.9284
 23.4094
 19.8746
 19.8746
 9.79796
 20.2731
 17.1172
 20
 21.3776
 28.6705
 28.1603
 25.2982
 20.1742
 21.2603
 20.9045
 19.0263
 19.0263
 22.4054
 17.3781
 31.3369
 19.1833
 23.3452
 24.8395
 24.8395
 29.6985
 29.6985
 20.3224
 20.3224
 0
 28.6531
 26.9629
 29.2062
 24.2281
 23.4094
 22.9129
 16.3095
 16.8523
 20.347
 16.6733
 30.7083
 21.2838
 31.8277
 21.9773
 25.2982
 28.6531
 20.1742
 20.1742
 20.1742
 21.9545
 33.8821
 23.3024
 27.7489
 28.4956
 19.7231
 28.2135
 17.1172
 22.7596
 22.2711
 22.2711
 35.1852
 35.1852
 33.9559
 22.5389
 28.3196
 28.4429
 28.4429
 29.1204
 18.5742
 35.1426
 23.3452
 33.3017
 33.3017
 25.7488
 31.1288
 27.6225
 16.3095
 30.6594
 23.6854
 25.5343
 35.9444
 35.9444
 35.9444
 38.5876
 29.95
 27.2947
 28.8791
 28.8791
 28.2666
 31.3847
 33.2716
 26.4008
 23.7276
 28.0357
 22.2486
 26.0768
 18.6279
 40.5216
 36.9459
 21.4476
 34.0441
 38.3145
 40.8534
 40.8534
 32.4037
 14.2478
 32.45
 32.45
 33.7787
 34.0588
 34.0588
 33.8378
 33.5112
 26.0192
 26.4953
 24.0208
 29.6648
 22.5167
 24.2899
 41.9762
 41.9762
 35.2987
 37.1483
 37.1483
 40.0125
 20.3224
 13.9284
 27.1662
 27.1662
 27.1662
 33.1059
 28.3019
 27.5862
 33.1059
 0
 27.8209
 34.4093
 27.6767
 24.0832
 19.8242
 30.7083
 19.8746
 33.5112
 36.6879
 42.3792
 39.8372
 41
 32.0156
 32.0156
 32.0156
 32.0156
 32.0156
 23
 33.541
 33.9117
 36.1939
 32.6343
 30.7246
 22.7816
 20.9762
 25.5343
 25.865
 26.7955
 26.533
 37.081
 39.281
 40.0125
 35.5246
 34.2053
 22.2036
 21.6795
 21.6795
 20.0499
 33.8821
 15.6205
 33.0303
 39.5601
 31.5911
 25.1794
 21.7486
 31.3209
 33.5559
 24.1039
 30.2324
 24.3516
 40.9634
 42.1545
 38.923
 38.833
 25.807
 25.807
 25.807
 15.6525
 33.5261
 12.8452
 31.9061
 31.9061
 39.37
 21.5407
 31.4643
 21.4243
 22.9129
 28.931
 24.1454
 32.1092
 34.7131
 40.2368
 39.3319
 37.7889
 35.7911
 35.7911
 35.7911
 35.7911
 28.3019
 12.0416
 31.496
 31.496
 24.8395
 24.8395
 23.2809
 31.1288
 23.0651
 28.9482
 23.8328
 26.1343
 20.0499
 45.618
 38.5746
 38.5746
 38.5746
 38.5746
 42.4382
 36.606
 36.606
 21.5639
 21.5639
 16.0312
 16.0312
 38.8973
 38.8973
 38.8973
 33.7787
 33.7787
 38.2753
 23.6643
 34.2491
 21.7256
 29.2062
 20.0998
 29.5635
 29.5635
 32.8329
 22.1811
 32.6803
 15.9687
 33.0303
 24.3105
 37.5899
 44.7325
 21.4942
 32.6956
 25.9422
 25.9422
 25.9422
 19.5192
 19.5192
 17.9165
 22.7816
 22.7816
 22.7816
 22.7816
 22.7816
 37.3497
 37.6962
 26.9815
 31.3847
 31.3847
 25.02
 25.02
 27
 27
 37.6032
 22.9783
 22.9783
 22.9783
 32.5423
 21.3776
 21.3776
 21.3776
 33.5708
 33.5708
 33.5708
 39.5221
 39.5221
 39.5221
 39.5221
 37.4566
 17.2337
 17.2337
 31.9061
 0
 0
 0
 0
 0
 35.0428
 35.0428
 35.0428
 35.0428
 37.1214
 23.3238
 30.9839
 31.3209
 38.8716
 35.7631
 58.532
 33.5112
 30.692
 30.692
 30.1828
 39.3065
 39.3065
 39.3065
 22.2711
 41.5452
 41.5452
 37.9605
 17.8885
 25.9422
 37.6298
 39.3954
 39.7366
 39.7366
 31.5119
 34.5688
 34.5688
 34.5688
 22.2486
 33.7787
 41.2916
 41.2916
 41.2916
 24.7184
 24.7184
 24.7184
 21.1896
 31.4802
 31.4802
 31.4802
 39.0768
 22.1359
 22.1359
 22.1359
 22.1359
 31.4643
 32.187
 0
 18.6548
 27.2213
 27.2213
 37.4433
 37.4433
 33.2716
 33.2716
 21.7256
 27.7128
 27.7128
 20.9045
 20.9045
 33.8378
 24.8596
 32.7414
 11.4455
 11.4455
 31.3688
 28.4956
 32.4654
 22.5167
 27.1477
 27.5681
 28
 28
 28
 22.8035
 35.6651
 35.6651
 35.6651
 30.7246
 23.388
 19.799
 19.6214
 19.6214
 19.6214
 35.819
 32.1559
 20
 36.3043
 29.1376
 43.6921
 20.2978
 31.607
 29.6816
 27.2947
 27.2947
 36.6879
 25.8263
 25.8263
 25.8263
 25.8263
 25
 25
 25
 28.4956
 19.5959
 28.6705
 31.6386
 27.8209
 27.8209
 26.8887
 12.4097
 35.4542
 25.5343
 25.5343
 21.0238
 26.9258
 25.02
 25.02
 25.02
 25.02
 25.219
 25.219
 25.219
 25.219
 17.8885
 31.3369
 31.3369
 31.3369
 17.3494
 17.3494
 31.8434
 24.2074
 26.0768
 26.0768
 26.0768
 28.6356
 28.6356
 28.6356
 13.7113
 13.7113
 31.0644
 31.0483
 31.0483
 31.0483
 19.0263
 19.0263
 19.0263
 28.2135
 28.2135
 28.2135
 17.8885
 22.1133
 22.1133
 22.1133
 22.1133
 19.799
 22.2935
 22.8035
 35.2987
 29.1204
 34.6266
 24.7588
 29.8998
 29.8998
 29.8998
 29.8998
 24.1661
 23.622
 35.4965
 35.7631
 35.7631
 35.7631
 0
 0
 0
 23
 30.5123
 0
 0
 0
 20.9045
 25.3772
 25.3772
 25.3772
 25.3772
 36.2629
 33.8526
 24.2487
 24.2487
 15.9687
 22.1811
 22.1811
 23.7065
 30.4302
 30.4302
 30.4302
 27.4408
 41.0244
 41.0244
 41.0244
 32.9848
 32.9848
 30.4795
 30.4795
 30.4795
 30.4795
 22.561
 46.4758
 46.4758
 19.6214
 19.6214
 18.5742
 21.9317
 21.4476
 28.7576
 29.0172
 16.6733
 16.6733
 26.7395
 26.7395
 29.2916
 29.2916
 24.8596
 49.7996
 22.5832
 27.9106
 0
 23.5584
 23.5584
 23.4521
 23.4521
 37.3497
 22.383
 22.383
 31.9844
 31.9844
 22.1811
 22.1811
 0
 23.5797
 32.2645
 32.2645
 24.2487
 0
 0
 18.0555
 33.3916
 13.5647
 10.7238
 10.7238
 10.7238
 19.8242
 49.6085
 24.4131
 28.4077
 29.5804
 40.939
 35.7631
 33.0303
 33.0303
 23.6643
 29.4109
 29.4958
 29.4958
 29.4958
 29.4958
 28.9482
 24.0624
 24.2899
 22.1585
 28.0535
 24.3105
 24.3105
 33.7343
 27.8029
 27.8029
 0
 24.1247
 24.1247
 20.664
 26.4008
 26.4008
 0
 17.9165
 17.9165
 11.6189
 35.2562
 41.7852
 41.7852
 25
 25
 11
 11
 35.3977
 35.3977
 31.6386
 27.1846
 33.4365
 33.4365
 9.8995
 9.8995
 19.0526
 26.5895
 8.66025
 35.426
 18.8149
 18.8149
 30.3315
 19.0526
 37.6829
 9.74679
 9.74679
 9.74679
 9.74679
 0
 34.8425
 34.8425
 28.0357
 26.4008
 11.0454
 32.1559
 19.4936
 32.9848
 32.9848
 12.49
 23.7276
 36
 26.0384
 26.0384
 12.8062
 31.1929
 31.1929
 16.1245
 27.7669
 12.4499
 12.4499
 23.0868
 29.95
 29.95
 29.95
 11.6619
 11.6619
 34.8138
 40.0625
 40.0625
 40.0625
 37.5899
 13.1909
 13.1909
 13.1909
 41.3038
 41.3038
 7.74597
 11.3137
 38.4578
 25.04
 25.04
 25.04
 0
 10.3923
 10.3923
 10.3923
 31.9531
 17.8045
 23.8328
 23.8328
 11.6189
 11.6189
 42.0238
 18.412
 18.412
 18.412
 10.4403
 10.4403
 10.4403
 22.9783
 22.9783
 22.9783
 22.9783
 22.9783
 22.9783
 33.3017
 33.3017
 28.3019
 25.5343
 25.5343
 25.5343
 32.45
 32.45
 29.1719
 29.1719
 29.1719
 29.1719
