 372.441
 0
 15.5885
 16.2173
 16.2173
 16.2173
 28.3373
 32.249
 32.9242
 29.1204
 33.5112
 30
 33.0908
 34.7131
 32.45
 35.1568
 31.5595
 34.8138
 35.5809
 35.819
 34.0588
 38.2492
 38.2492
 32.0936
 29.9833
 35.8608
 28.8097
 32.9848
 31.257
 36.4966
 34.7419
 34.0588
 35.6791
 40.9512
 27.037
 29.6142
 38.2753
 41.6893
 27.4955
 22.6053
 35.8608
 35.6511
 27.4773
 26.0768
 37.3497
 28.931
 26.1151
 27.1109
 35.7351
 26.4386
 29.5466
 35.623
 40.3361
 26.9258
 30.4959
 39.4462
 26.0384
 25.0599
 35.2562
 27.8029
 27.8029
 33.6006
 33.6006
 37.4032
 38.223
 38.223
 42.6028
 34.7563
 34.7563
 45.1664
 29.5127
 38.2492
 28.7054
 38.2753
 28.7402
 37.51
 28.7054
 42.72
 33.8969
 44
 33.9559
 36.1248
 29.5635
 38.8587
 30.8545
 42.1307
 28.2666
 42.7902
 37.8286
 47.7808
 38.6911
 27.2764
 41.7013
 40.05
 30.4959
 40.8656
 30.545
 42.9069
 34.1614
 36.5377
 44.3058
 35.6651
 41.3401
 41.328
 38.7169
 41.9643
 0
 43.8634
 35.1141
 41.2795
 49.548
 44.4297
 42
 45.2438
 33.4066
 43.5086
 34.4384
 48.2804
 36.2767
 49.7695
 35.8887
 42.638
 47.0532
 40
 43.7493
 44.4635
 47.0106
 48.4458
 38.3145
 53.9259
 37.3765
 48.0937
 43.8748
 46.9681
 42.5676
 48.6313
 35.2987
 51.342
 34.4674
 52.4976
 40.9268
 48.6313
 41.821
 48.3839
 47.7703
 42.5911
 50.03
 42.7902
 53.6749
 42.7083
 56.7891
 42.6732
 50.1298
 52.0961
 46.7012
 53.0471
 44.317
 55.6237
 36.318
 41.5452
 58.8048
 52.259
 43.8862
 47.2864
 47.9896
 50.4381
 49.7795
 55.5968
 48
 47.833
 59.3212
 52.6118
 46.9468
 53.8888
 49.8999
 53.9444
 54.8817
 49.1427
 58.983
 59.6406
 42.8719
 53.3104
 48.0833
 52.1728
 52.9245
 54.3415
 53.0377
 55.0818
 57.9396
 62.0564
 54.8088
 52.9717
 54.8726
 53.8795
 56.4447
 59.925
 56.6039
 56.6039
 56.4269
 60.3656
 60.3656
 63.7417
 47.3075
 44.7884
 58.5662
 51.1762
 54.8179
 53.6749
 55.0545
 57.6715
 57.3324
 57.3324
 50.547
 63.4429
 54.9818
 56.9298
 57.4021
 54.037
 58.2409
 53.0471
 59.5399
 59.5567
 54.461
 61.3107
 57.6715
 48.6826
 54.0185
 50.2892
 55.6507
 55.4437
 60.2495
 55.4797
 66.2722
 61.041
 54.4426
 58.4808
 59.1016
 55.6687
 56.5597
 60.0083
 63.1664
 58.4466
 58.1979
 62.8013
 53.6563
 59.7411
 57.1314
 49.4773
 54.4794
 50.8724
 59.9166
 56.7098
 62.8888
 61.3025
 60.3324
 62.45
 55.7943
 53.6936
 55.6327
 60.8523
 56.4535
 61.9919
 56.9122
 65.5057
 58.3952
 61.9435
 53.4228
 56.7539
 55.9553
 48.2183
 60.4649
 53.0848
 64.2729
 54.0185
 61.1474
 60.63
 58.6686
 54.9818
 54.9909
 60.8687
 64.436
 51.449
 59.9333
 62.3939
 60.3656
 61.8789
 56.9034
 57.2887
 55.5878
 52.1632
 58.3095
 48.1768
 48.1768
 52.6213
 52.6213
 59.2537
 55.5068
 58.6174
 58.6174
 57.5674
 63.7495
 55.2811
 56.6833
 63.0397
 56.5509
 56.5509
 58.6003
 58.6003
 66.6483
 58.3438
 57.7754
 52.9717
 63.1189
 59.4306
 59.4306
 63.7495
 48.5798
 52.3163
 58.7878
 58.7878
 53.7866
 69.5126
 60.5888
 75.5645
 56.1516
 69.8928
 54.6717
 66.3174
 56.7539
 52.8299
 56.4801
 55.1725
 57.1664
 50.9019
 58.5747
 53.3573
 52.9245
 72.5672
 62.6738
 50.9706
 58
 64.1249
 64.1249
 57.81
 71.9514
 71.9514
 65.8179
 65.8179
 65.8179
 56.921
 68.3374
 52.5167
 67.8086
 67.8086
 56.0268
 56.0268
 60.0916
 52.0577
 56.542
 63.5767
 50.5272
 61.0082
 61.0082
 65.192
 74.7529
 55.7943
 55.7943
 72.2288
 72.2288
 56.8419
 56.8419
 66.8581
 63.9687
 65.5286
 50.1996
 58.0517
 60.7042
 60.7042
 57.4021
 58.9237
 59.5063
 59.5063
 57.3411
 61.1392
 60.6548
 60.6548
 63.9375
 60.3324
 65.192
 56.6127
 64.4438
 69.5485
 56.9561
 68.7895
 56.6392
 56.6392
 69.029
 69.029
 58.1034
 71.7635
 62.6738
 66.9776
 56
 57.4456
 61.7333
 56.3471
 63.2376
 62.6099
 63.4744
 63.4744
 57.9655
 67.4685
 58.3267
 58.3267
 59.0508
 64.405
 50.5371
 50.5371
 61.1146
 59.1861
 52.3163
 52.3163
 55.4707
 61.7009
 61.041
 61.041
 61.3922
 63.0635
 57.931
 57.931
 65.1076
 64.0547
 56.7186
 56.7186
 56.7186
 57.4543
 57.5152
 67.5056
 67.5056
 69.5557
 56.8067
 56.3383
 66.6033
 62.45
 58.3609
 58.3609
 57.5847
 62.9365
 59.0593
 59.0593
 59.0593
 62.3699
 63.726
 55.0636
 38.2884
 63.4586
 53.6563
 59.127
 52.5452
 52.5452
 56.0089
 65.3223
 48.2494
 42.5911
 61.5305
 59.1101
 53.0471
 35.7351
 35.7351
 62.9603
 61.7414
 55.4346
 55.4346
 63.5216
 56.1783
 63.7181
 62.5939
 57.3411
 57.9396
 67.1044
 55.6417
 67.8896
 57.0438
 57.3934
 57.3934
 57.8965
 58.5662
 67.1267
 67.1267
 59.0169
 45.5741
 58.6089
 69.7639
 57.6888
 26.9815
 62.1369
 61.9839
 56.9386
 60.208
 60.208
 65.1076
 57.1489
 59.0762
 63.9844
 65.2687
 65.2687
 57.7841
 70.2353
 58.155
 58.155
 58
 58.4123
 51.6527
 51.6527
 52.5642
 63.5531
 55.0091
 50.3984
 53
 61.441
 61.441
 61.441
 61.441
 61.441
 53.0754
 59.3296
 34.7131
 34.7131
 34.7131
 56.6304
 55.6417
 55.6417
 55.6417
 52.2111
 49.5883
 65.4523
 56.3294
 59
 51.1273
 51.1273
 63.0714
 46.7226
 52.7636
 52.7636
 53.9166
 63.5059
 55.7494
 57.0526
 53.0189
 67.6461
 67.6461
 67.6461
 48.1664
 58.2409
 37.9737
 56.5066
 56.5066
 56.5066
 56.5066
 56.5066
 56.6127
 57.5065
 59.2368
 59.2368
 59.2368
 59.2368
 53.7029
 56.5066
 46.0869
 49.8498
 58.8558
 51.3907
 53.9907
 51.643
 62.7296
 50.6557
 53.1507
 51.8652
 51.1762
 54.5619
 55.8211
 49.689
 48.775
 55.6507
 55.6507
 52.5357
 50.4381
 45.3652
 71.6798
 71.6798
 51.9808
 51.9808
 57.1577
 80.5109
 49.5984
 52.6118
 52.6118
 59.2453
 47.655
 54.5344
 51.6527
 60.5145
 47.2864
 53.6936
 62.6658
 48.3632
 59.9833
 58.4123
 49.5278
 65.0385
 52.6878
 53.8609
 53.8609
 52.8678
 52.8678
 63.5216
 56.3116
 51.4101
 53.8052
 53.9166
 51.2933
 54.9636
 61.887
 61.887
 61.887
 49.2849
 54.9909
 66.1287
 49.3356
 49.3356
 38.9358
 46.7868
 50.9902
 57.6888
 61.5386
 47.0532
 54.231
 49.8999
 61.7576
 59.1101
 48.8774
 49.548
 66.1665
 49.2544
 54.0278
 51.3225
 50.1398
 57.1752
 49.5278
 49.0918
 55.4977
 55.4977
 51.2835
 47.4552
 47.2546
 50.8822
 54.037
 58.7878
 62.474
 54.1941
 58.258
 45.8585
 0
 0
 0
 0
 45.3652
 62.8729
 62.8729
 55.8659
 56.4712
 30.1496
 55.6058
 44.0568
 52.144
 56.5066
 50.3885
 24.1039
 56.8858
 67.0448
 53.9722
 51.7494
 46.2493
 57.7235
 54.3139
 27.6225
 49.8698
 57.0175
 47.0425
 21
 63.0079
 47.0744
 53.768
 49.1325
 41.5211
 63.0317
 21.8632
 54.7814
 54.7814
 43.4166
 0
 42.107
 62.849
 51.303
 51.6914
 22.9347
 43.715
 62.1932
 48.6004
 49.4166
 25.2587
 52.0673
 44.833
 59.925
 42.3202
 24.4131
 46.0543
 49.6991
 62.1932
 46.2169
 24.4336
 47.392
 50.636
 48.6621
 55.0545
 55.0545
 24.1868
 56.4801
 41.4608
 54.8635
 54.7814
 46.7012
 54.2586
 26.1343
 60.7783
 51.3128
 43.6119
 42.5793
 44.3959
 25.0799
 62.5939
 62.5939
 92.0706
 49.2544
 49.2544
 22.2486
 53.6936
 67.6018
 56.0535
 56.3028
 56.3028
 53.7029
 27.8029
 51.8266
 66.9253
 56.921
 38.8973
 53.7308
 23.6432
 43.1856
 49.8297
 56.116
 61.5386
 56.4269
 42.8602
 45.9674
 53.535
 62.4179
 42.0595
 54.8908
 51.5267
 48.7134
 63.4508
 48.6826
 46.6154
 51.6624
 42.5793
 64.7225
 64.7225
