 350.588
 0
 0
 0
 0
 6.16441
 3.74166
 7.14143
 3
 4.3589
 2.44949
 6.9282
 4.89898
 4.69042
 3.4641
 4.24264
 2.82843
 5.19615
 2.44949
 1.41421
 2.44949
 4.24264
 7.93725
 8.60233
 6.85565
 6.245
 3.4641
 5.2915
 6.245
 2.64575
 5.74456
 3
 2
 5.19615
 7.93725
 5
 5.19615
 6
 7.93725
 3
 4.58258
 5.47723
 8.12404
 7.34847
 4.3589
 2.44949
 6.9282
 6.9282
 3.31662
 6.9282
 3.4641
 5.09902
 4.89898
 6.16441
 1.73205
 4.24264
 3.4641
 4.69042
 6
 1.41421
 1.41421
 6.16441
 6.16441
 6.245
 4.24264
 4.24264
 6.08276
 3.4641
 3.4641
 6.85565
 3.4641
 5.09902
 4.89898
 4.24264
 6.16441
 2.64575
 4.47214
 3.74166
 3.31662
 4.24264
 1.73205
 5.19615
 2.44949
 6.08276
 1.41421
 6.85565
 1.41421
 6.08276
 2.82843
 6.85565
 3.4641
 4.24264
 6
 5.56776
 5.47723
 4.89898
 3
 5
 3
 1.73205
 4.58258
 1.73205
 5.47723
 6.9282
 3.60555
 6.9282
 0
 6.08276
 4.12311
 3.31662
 6.9282
 6.55744
 4.47214
 6.32456
 4.79583
 6.245
 4.69042
 6.245
 2.44949
 7.74597
 2.64575
 2.23607
 7.14143
 4.24264
 6.9282
 5.47723
 6.9282
 6.9282
 2.44949
 7.81025
 1.73205
 7.4162
 2.23607
 7.14143
 4.24264
 7.68115
 5.19615
 8.12404
 5.19615
 8.88819
 7.34847
 9
 5.74456
 10.4403
 6.245
 5.09902
 10.3923
 4.24264
 8.66025
 2.44949
 11.225
 3.4641
 10.0499
 8.18535
 4.24264
 8.06226
 5.19615
 8.18535
 6.32456
 6.85565
 11.2694
 9.32738
 6.245
 6.32456
 8.24621
 6.9282
 8.66025
 11.225
 9.21954
 8.66025
 9.53939
 11.225
 6.55744
 11.5758
 8.83176
 10.0499
 11.225
 11.5326
 10.8167
 10.9087
 9.64365
 9.64365
 7.68115
 8.83176
 11.225
 10.3923
 9.84886
 11.3578
 11.225
 12.0416
 10.9545
 11.1803
 12.8452
 7.74597
 11.5758
 10.8167
 10.6301
 10.6301
 11.4891
 10.8628
 10.8628
 14
 8.48528
 7.81025
 12.7671
 6.9282
 10.8167
 8.66025
 7.81025
 8.88819
 9.64365
 9.64365
 8.48528
 10.3923
 8.18535
 12.3693
 9.32738
 8.83176
 8.88819
 10.6771
 10.0499
 10.9545
 11.5326
 9.8995
 9.38083
 11.225
 8.88819
 11.4891
 10.1489
 10.4403
 10.4881
 11.225
 11.7898
 11.2694
 12.3288
 10.1489
 9.8995
 12.0416
 8.88819
 10.0995
 13.4907
 10.4403
 9.27362
 11.6189
 8.88819
 9.11043
 10.4881
 10.0499
 9.05539
 9.84886
 9.69536
 10.4403
 10.4403
 11.7047
 12.53
 11.7898
 11.5758
 11.1803
 9.64365
 13.1529
 7.81025
 11.7898
 8.88819
 11.5758
 8.7178
 11.225
 9.32738
 10.0499
 9.64365
 7.74597
 10.6771
 9.27362
 9.69536
 7.81025
 11.2694
 9.8995
 10.9087
 9.38083
 10.5357
 10.6771
 11.6619
 8.83176
 10.6771
 11.6189
 11.3578
 10.9545
 11.3578
 9.69536
 9.64365
 8.83176
 11.4018
 7.81025
 12.2066
 8.48528
 12.1244
 7.93725
 11.2694
 8.66025
 12
 9.53939
 12.4499
 9
 9.27362
 11.4018
 9
 10.7238
 8.88819
 10.4403
 10.8628
 10.4403
 20
 8.544
 11.2694
 7.81025
 10.3923
 9.53939
 7.93725
 7.81025
 11.2694
 11.2694
 7.81025
 13.8564
 10.3923
 13.1149
 9.53939
 11.2694
 10.5357
 13.9642
 9.69536
 11.7473
 8.18535
 12.6491
 10.3923
 11.225
 11.6189
 12.7671
 8.66025
 18.2483
 14.2829
 8.83176
 8.66025
 13.5647
 13.5647
 8.7178
 17.088
 11.5326
 8
 8
 9.69536
 11.2694
 9.53939
 9.84886
 11.2694
 9.53939
 8.94427
 9
 9.53939
 10.9545
 8.18535
 8.60233
 8
 8.83176
 7.81025
 8.88819
 7.81025
 8.88819
 8.06226
 8.06226
 10.5357
 9.32738
 7.34847
 7.81025
 8.88819
 9
 8.66025
 10.0995
 9.74679
 9.74679
 9.59166
 9.27362
 10.583
 7.34847
 6.9282
 12.3288
 11.225
 11.225
 9.59166
 12.3693
 10.3923
 8.66025
 12.2474
 12.6095
 9.84886
 12.1244
 12.8062
 6
 12.1244
 14.7986
 8.18535
 6.78233
 9.59166
 22.5832
 10.0995
 13.1149
 7.68115
 9.05539
 13.8564
 8.24621
 8.7178
 27.4408
 10.7238
 9.69536
 12.2066
 12.2066
 9.64365
 11.4455
 7.07107
 7.07107
 9.84886
 13.6382
 6.85565
 6.85565
 7.81025
 10.4403
 11.225
 11.225
 11.6189
 9.05539
 8.7178
 8.7178
 8.66025
 12.3693
 9
 0
 9.11043
 9.84886
 8.66025
 10.4403
 12
 13
 8.7178
 11.2694
 11.5326
 9.64365
 7.81025
 8.83176
 8.66025
 11.7473
 8.7178
 8.77496
 8.77496
 8.06226
 8.83176
 9.53939
 8.66025
 7.14143
 11.5326
 10.9545
 6.9282
 6.9282
 9.05539
 9.79796
 6.9282
 15.8114
 11.2694
 10.4403
 7.74597
 10.0499
 10.0499
 9.69536
 11.3578
 8.83176
 7.74597
 13.2288
 8.77496
 10.3923
 8.83176
 9.64365
 9.8995
 10.4403
 10.0995
 11.2694
 7.81025
 8.24621
 14.8324
 10.0995
 9.59166
 10.3441
 19.8242
 8.66025
 7.34847
 8.7178
 12.4097
 9.53939
 8.66025
 8.7178
 8.88819
 12.1244
 10.9087
 9.53939
 7.81025
 12.083
 12
 8.60233
 21.3542
 8
 11.7473
 11.7473
 8.60233
 7.81025
 10.6301
 6.85565
 7.87401
 6.9282
 8.88819
 12.2474
 10
 9.32738
 9.32738
 11.5326
 8.66025
 9.64365
 10.3923
 11.5326
 9
 9.05539
 9.79796
 11.225
 9.48683
 9
 7.81025
 10.4403
 9
 11.2694
 7.93725
 8.77496
 9.53939
 10.3923
 8.66025
 7.74597
 9
 8.66025
 9.59166
 8
 8.7178
 9.32738
 8.18535
 8.18535
 9.53939
 10.0995
 7.81025
 11.3578
 8.66025
 11.7473
 10.1489
 10.1489
 10.4403
 7.81025
 7.81025
 7.81025
 12.2066
 8
 8.88819
 8.88819
 10.3441
 10.3441
 11.3578
 7.14143
 7.81025
 7.81025
 6.9282
 8.66025
 9.53939
 8.544
 8.48528
 9.64365
 8.77496
 11.3137
 7.81025
 10.4881
 9.79796
 8.18535
 7.81025
 8.66025
 10.8167
 8
 10.6771
 7
 8.544
 8.12404
 7.81025
 0
 8
 10.6771
 9.53939
 7.74597
 7.81025
 7.74597
 7.93725
 8.83176
 8.66025
 11.3137
 8.60233
 10.3923
 9.64365
 8.66025
 10.3923
 9.64365
 8.66025
 9.38083
 8.77496
 9.64365
 9.64365
 7.4162
 10.6771
 11.7473
 11.2694
 9.64365
 7.87401
 8.83176
 9.59166
 11.2694
 9.69536
 0
 0
 10.3923
 7.74597
 13.4907
 8.18535
 8.18535
 7.34847
 8.60233
 8.77496
 7.74597
 9.59166
 7.07107
 8.66025
 9.27362
 12.2474
 7.4162
 9
 9
 12.1244
 8.77496
 9.38083
 7.81025
 9.48683
 11.2694
 10.7703
 7
 9.27362
 0
 7.93725
 9.84886
 8.88819
 8.18535
 8.66025
 9.27362
 9
 7.81025
 9
 8.94427
 0
 8.66025
 9.79796
 8.7178
 9.32738
 8.24621
 8.24621
 8.77496
 8.66025
 5.19615
 10.9545
 8.544
 10.3441
 8.83176
 7.81025
 6.85565
 10.9087
 12.3288
 10.0995
 11.225
 8.18535
 11.3578
 11.225
 7.93725
 11.225
 7.81025
 7.81025
 6.32456
 10.3923
 9.84886
 8.83176
 7.74597
 6.9282
 11.2694
 7.93725
 7.93725
 7.93725
 9.64365
 0
 7
 10.3923
 7.81025
 7.81025
 7.93725
 9.84886
 10.0499
 10.8167
 9.53939
 7.34847
 7.14143
 8.66025
 8.48528
 10.6771
 8.77496
 9.79796
 9.79796
 10.0995
 9.32738
 8.88819
 8.7178
 8.60233
 10.1489
 9.27362
 0
 10.0499
 9.64365
 9.32738
 9.38083
 10.4403
 8.24621
 10.0499
 11.0454
 9.27362
 7.74597
 8.48528
 10.3923
 9.21954
 6.7082
 10.5357
 8.544
 7.74597
 8.66025
 0
 6.48074
 9.38083
 7.87401
 11.225
 6.9282
 10.0995
 8.48528
 7
 9.32738
 12.1244
 8.66025
 9
 8.60233
 7.4162
 9.16515
 6.9282
 9.53939
 11.3137
 8.66025
 6.9282
 9.69536
 9.79796
 10.4403
 7
 10.4881
 8.48528
 8.60233
 9
 9.53939
 11.2694
 7.81025
 9
 8.83176
 0
