 343.171
 0
 11.2694
 12
 12
 15.6844
 9.53939
 12.1655
 5.19615
 9
 6.08276
 11.6189
 5.19615
 2.44949
 5.19615
 6.55744
 7.07107
 4.24264
 7
 6
 7.28011
 7.74597
 10.3923
 9.32738
 7.4162
 9.32738
 7.07107
 8.18535
 11.225
 7.28011
 9.48683
 6.9282
 7.81025
 8.12404
 9
 8.12404
 7
 8.12404
 8.18535
 6.9282
 7.07107
 6.245
 8.18535
 8.18535
 7.74597
 7.74597
 11.3578
 6.7082
 6
 7.54983
 9.64365
 6.48074
 7.34847
 6.48074
 6.9282
 6.245
 7.93725
 5.83095
 8.60233
 5.74456
 5.74456
 9
 9
 8.12404
 8.83176
 8.83176
 8.48528
 8.66025
 4.24264
 7.34847
 7.93725
 8.42615
 8.94427
 7.34847
 10.0995
 7.34847
 8.60233
 7.74597
 7.93725
 8.18535
 7.93725
 8.60233
 10.8167
 9.32738
 7.14143
 9.84886
 10.7703
 9.16515
 7.34847
 9.16515
 7.74597
 7.14143
 7.68115
 6.9282
 8.18535
 6.245
 7
 5.47723
 7.81025
 8.60233
 8.544
 7.81025
 9.16515
 10.3923
 8.66025
 9.21954
 0
 9.16515
 4.3589
 7.07107
 9.74679
 7.93725
 7.93725
 8.06226
 7.93725
 8.60233
 8.48528
 9.69536
 7.07107
 11
 8.66025
 7.81025
 10.5357
 8.48528
 9.79796
 10.3923
 9.16515
 9.21954
 7.81025
 9.79796
 6.9282
 9.79796
 7.93725
 8.60233
 8.60233
 8.66025
 9.32738
 8.12404
 8.12404
 10.4403
 9.27362
 10.0995
 9
 12
 10.4403
 10.6771
 9.32738
 8.83176
 9.8995
 9.48683
 11.7473
 6.9282
 9.38083
 9.74679
 9.32738
 11.0454
 10.583
 10.0995
 9.8995
 9.84886
 12.4097
 9.11043
 11.2694
 11.3137
 8.94427
 11.0454
 11.0454
 13.1529
 9.79796
 9.16515
 11.3137
 12
 8.66025
 11.2694
 8.544
 11.2694
 11.9583
 11.1803
 11.6189
 11
 10.0995
 11.3137
 9.38083
 9.8995
 12.3693
 11.7898
 11.6189
 11.2694
 12.3693
 12.083
 10.3923
 9.79796
 12
 9.84886
 9.59166
 10.0995
 11.225
 11.225
 13.5277
 11.225
 0
 14.7986
 9
 9.84886
 13.9642
 10.3441
 10.583
 10.583
 9.74679
 9.38083
 9.69536
 9.69536
 11.0454
 10.3923
 10.3923
 11.2694
 9.38083
 9.84886
 10.583
 12.4499
 10.6301
 12.0416
 11.6619
 10.198
 12.1244
 10.9087
 9.64365
 12.0416
 10.9545
 10.8628
 12
 12.9615
 12.3693
 12.49
 13.2288
 11.225
 10.1489
 10.583
 9.84886
 9.69536
 13.1909
 11.0905
 11.0905
 12.7671
 11.0905
 11.6619
 10.7238
 11.5758
 10.4403
 11.6189
 11.6189
 12.7671
 12
 13.2288
 13.9284
 11.3137
 11.6619
 12.49
 10.3923
 12.0416
 10.4403
 12.8062
 11.5758
 15.0997
 11.7898
 13.4536
 10.0995
 9.94987
 9.84886
 9.38083
 10.9545
 9.69536
 11.6189
 11.0454
 13.1909
 10.9087
 12.53
 9.38083
 10.4881
 12.4499
 12.4097
 10.3923
 12.0416
 11.2694
 13.2288
 12.7671
 13.8924
 11.2694
 10.8167
 12.7671
 12.083
 11.5758
 13.4907
 9.84886
 13.1909
 9.8995
 9.64365
 11.0454
 10.9545
 11.7898
 12.8841
 11.0454
 11.0454
 12.7671
 11.6619
 12.3693
 10.4881
 10.6771
 11.5326
 11.225
 13.1149
 9
 14.0357
 10.5357
 9.84886
 10.5357
 8.544
 8.18535
 13.9642
 25.8844
 10.4881
 18.0278
 13.1909
 16.8819
 11.8322
 14.7648
 11.7898
 15.5242
 10.4403
 12.4499
 10.4403
 13.7477
 12.49
 12.8452
 10.9545
 15.6525
 12.0416
 21.1424
 15.3297
 9.69536
 9.69536
 14.3178
 14.3178
 10.6301
 14.7986
 12.5698
 13.2288
 13.2288
 11.2694
 13.6748
 12.49
 11.0905
 13.5647
 12.8062
 8.94427
 10.4881
 11.6619
 8
 10.4403
 8.94427
 9.16515
 11.225
 11
 9.27362
 8.7178
 9.8995
 9.43398
 9.8995
 10.4403
 9.69536
 7.2111
 8.88819
 12.4499
 12.7671
 10.0995
 11.3137
 14
 14
 10.4403
 10.1489
 10.5357
 6.9282
 9.16515
 13.5277
 12.3693
 12.3693
 10.6301
 14.6969
 12.8062
 9.8995
 14.3875
 15.5885
 12.2474
 13.6015
 13.4907
 8.544
 13.5647
 14.3527
 12
 5.38516
 10.0499
 23.3452
 10.9545
 14
 9.79796
 9.84886
 15.0997
 12
 9.05539
 31.3847
 12.4499
 12.0416
 12.1244
 6.08276
 11.7898
 14.0357
 7.48331
 6
 10.9545
 12.8841
 9.38083
 0
 9.94987
 12.0416
 12.4097
 12.4097
 11.8322
 10.8628
 12.53
 12.53
 11.7473
 15.3623
 10.8628
 0
 7.93725
 12.2474
 11.5758
 13.5647
 13.7113
 13.7477
 10.1489
 9.8995
 13.1529
 10.1489
 10.4403
 10.9545
 11.6189
 12.0416
 10.0995
 11.225
 20.2978
 9.69536
 10.8628
 11.7898
 8.83176
 9.84886
 11.2694
 13.2288
 6.16441
 6.16441
 11.6189
 14.7986
 8.18535
 18.2209
 15.0997
 12.0416
 8.94427
 8.66025
 8.66025
 12.083
 13.5277
 11.7473
 7.68115
 14.8661
 10.9087
 12.4499
 9.84886
 10.8628
 11.8322
 12.4097
 11.3137
 13.6015
 9.74679
 9.05539
 13.1529
 9.74679
 9.8995
 11
 18.2209
 11.0454
 8
 9.05539
 14.3527
 12.3693
 9.84886
 9.05539
 12.8452
 13.1529
 10.9545
 10.4881
 9.64365
 13.1529
 12.5698
 11.6189
 21.4476
 8.544
 13.5647
 13.4536
 9
 9.32738
 11.1803
 9.84886
 9.32738
 9.32738
 9.84886
 14.0357
 11.3578
 9.64365
 11.0905
 16.1864
 10.583
 11.225
 12.0416
 13
 11.5758
 10.4881
 7.81025
 13.5277
 11.5758
 11.7473
 11
 12.1244
 10.4881
 13.5277
 9.8995
 9.84886
 11.2694
 13.2288
 10.0995
 9.16515
 11.5758
 9.53939
 12.3288
 10.3923
 8.88819
 11.6619
 8.18535
 11.0905
 11.6189
 12
 8.88819
 12.8452
 8.66025
 13.1909
 7.87401
 13
 12
 9.64365
 0
 12.7279
 14.0357
 10.583
 10.1489
 0
 10.583
 10.583
 11.6619
 10.3923
 9.32738
 9.84886
 10.3923
 9.69536
 13.5277
 8.48528
 11.6619
 11.7898
 10.0995
 13.4907
 9.27362
 12.9615
 10.7238
 11.1355
 10.4881
 12.9615
 12.2474
 11.4018
 13.6382
 9.84886
 10.583
 9.64365
 11.5326
 0
 9.8995
 12.9615
 11.7473
 8.66025
 8.24621
 10.3441
 10.3923
 11.0454
 8.83176
 12.49
 9.38083
 10.4403
 11.5758
 8.544
 10.4881
 12.2882
 10.8628
 11.7898
 9.64365
 10.4881
 0
 9.38083
 12.2882
 12.4097
 11.4018
 10.7703
 11.3137
 11.7898
 9.38083
 13.1909
 11.6189
 0
 0
 11.5758
 11.225
 12.9615
 9.64365
 9.64365
 8.66025
 9.84886
 9.64365
 11.5758
 12
 8.544
 12.4499
 10.4403
 14
 9.21954
 9.84886
 11.6619
 13.2288
 10.7238
 10.3923
 9.53939
 12.3693
 12.6491
 11.0905
 7.87401
 11.225
 0
 8.94427
 11.2694
 7.14143
 9.32738
 11.4018
 11.0905
 9.64365
 8.18535
 11.3578
 8.83176
 8.83176
 9.94987
 12.083
 9.38083
 7.81025
 9.69536
 0
 10.5357
 11.0905
 7.4162
 13.1909
 8.24621
 10.3923
 12
 8.544
 9.11043
 11.6189
 13.8924
 10.9545
 12.8452
 8
 11.7898
 12.49
 6.245
 11.7898
 9.84886
 9.32738
 8.48528
 11.225
 10.0995
 9.69536
 9.38083
 9.21954
 12.0416
 4.69042
 10.9087
 9.64365
 9.64365
 0
 9.79796
 11.3137
 10.0995
 12.4097
 7.34847
 9.84886
 11.7898
 12.8452
 11.7473
 8.544
 10.4403
 9.32738
 11.2694
 13.6748
 9.21954
 10.3923
 9.48683
 10.5357
 9.8995
 7.74597
 9.69536
 11.225
 11.2694
 8.83176
 0
 7.4162
 10.5357
 9.8995
 10.6771
 10.9545
 8.94427
 9.53939
 8.66025
 12
 8.544
 8.88819
 11.1355
 12.8452
 5.47723
 11.3578
 12.0416
 8.88819
 9.21954
 0
 7.93725
 11.6619
 8.66025
 11.2694
 11.0454
 10.8167
 10.3923
 9.27362
 11.0454
 12.1655
 11.225
 11.2694
 11.2694
 8.06226
 9.79796
 8.12404
 9.38083
 12.2066
 10.1489
 9.32738
 10.0499
 11.7473
 11.2694
 8.544
 11.7473
 8.18535
 11.225
 9.69536
 9.21954
 10.4403
 8.83176
 10.0995
 10.0995
 0
