 344.465
 0
 33.8969
 38.0789
 38.0789
 31.8904
 28.3901
 20.9045
 25.1794
 25.1794
 27.074
 30.8545
 22.6053
 17.7764
 19.1833
 17.3494
 26.4386
 20.9284
 26.6271
 24.0832
 18.2483
 20.199
 18.1934
 13
 10.3923
 14
 16.4317
 29.6142
 18.412
 31.4643
 25.04
 27.5862
 31.5595
 30
 20.2731
 19.0788
 23.4521
 34.2491
 18.412
 8.83176
 28.9482
 16.7332
 17.9165
 24.0832
 20.3961
 28.1247
 28.3019
 16.4317
 23.3452
 16.3707
 3.16228
 8.66025
 26.3629
 15.2971
 1.73205
 22.6716
 30.3315
 14.7648
 12.3693
 21.0238
 21.0238
 12.6491
 12.6491
 28.4253
 28.4781
 28.4781
 29.7153
 21.166
 21.166
 29.3598
 16.5831
 25.1396
 12.2882
 23.4734
 19.5192
 23.8537
 28.8617
 26.8514
 21.7486
 27.0185
 27.9106
 14.5258
 30.8221
 12.9615
 24.4745
 20.8087
 27
 32.0156
 7.74597
 30.692
 24.5153
 18.3848
 30.545
 23.4734
 8.66025
 24.8395
 18.1384
 26.8328
 29.4279
 33.2265
 30.1496
 31.4006
 20.9284
 13.8924
 27.8029
 18.303
 0
 29.3939
 15.8745
 28.1957
 37.5766
 28.0357
 22
 27.2029
 13.8564
 28.9482
 10.3923
 31
 16.7631
 30.6105
 32.7872
 36.5103
 23.5797
 33.2114
 13.2665
 29.7153
 19.1833
 32.3265
 24.4745
 41.9285
 27.4955
 31.5119
 27
 28.7576
 25.6515
 28.2489
 12.1655
 31.8904
 13
 30.3974
 21.7025
 16.6733
 33.2566
 14.3527
 35.9166
 36.1663
 20
 28.0179
 35.3412
 27.6043
 40.5463
 29.3769
 34.2345
 29.1719
 29.5127
 35.4824
 25.7099
 35.6931
 12.1655
 11.2694
 35.1568
 24.7386
 23.622
 40.4104
 13.2288
 38.2623
 19.105
 33.0454
 31.4643
 29.6142
 43.2782
 38.8201
 29.5127
 31.8119
 34.2491
 32.2335
 34.7419
 28.6705
 34.8999
 35.805
 11.5326
 26.3059
 15.6525
 29.0172
 16.2788
 43.1741
 20.0499
 36.8511
 34.9857
 42.45
 32.0312
 31.1127
 37.6696
 35.6931
 32.28
 35.242
 37.6563
 37.6563
 33.9853
 37.108
 0
 35.7771
 19.4165
 10.4403
 26.1343
 22.5832
 16.6433
 21
 33.7194
 27.4955
 27.2397
 0
 40
 43.2088
 32.9848
 38.1051
 32.0312
 30.7571
 35.4401
 36.5103
 38.2099
 34.6121
 31.4802
 35.6651
 30.0167
 14.7648
 15.9687
 12.8062
 17.0294
 25.1794
 26.1343
 36.2767
 43.9545
 44.4635
 39.975
 29.4958
 30.3974
 33.8378
 32.3265
 26.2679
 44.0341
 35.2562
 32.7414
 38.7427
 26.3059
 33.121
 20.7364
 15.1658
 15.5242
 13.7477
 28.6705
 27
 42.3792
 46.4327
 42.638
 21.7256
 14.1067
 34.9428
 32.6803
 32.6803
 34.6987
 36.318
 33.9853
 43.0813
 31.9218
 35.819
 35.819
 19.2873
 15.1658
 11.0454
 26.4197
 11.2694
 42.7902
 30.4138
 44.7996
 38.223
 40.5586
 21.9317
 16.4924
 34.9571
 19.2094
 34.0147
 38.1182
 35.7771
 38.5097
 37.1618
 32.218
 21
 15.1987
 22.1811
 26.3059
 13.7113
 32.187
 15.1327
 15.1327
 29.6985
 29.6985
 40.0625
 40.0625
 42.4735
 42.4735
 36.1801
 35.4401
 35.4401
 38.9358
 38.9358
 37
 19.0788
 36.5513
 33.9264
 27.074
 23.3024
 32.0468
 13.4907
 19.2873
 19.2873
 10.3923
 18.8149
 18.3303
 18.3303
 32.2645
 32.6803
 47.3814
 45.7493
 32.3419
 47.085
 38.8458
 49.1325
 37.8814
 43.8406
 37.229
 41.7852
 38.7556
 39.7744
 29.5466
 34.6121
 21.0238
 45.1885
 28.0713
 17.3781
 21.1424
 22.1359
 22.1359
 35.1568
 33.0757
 38.7814
 35.0143
 35.0143
 38.3275
 44.833
 50.05
 38.3275
 38.3275
 26.1916
 35.9722
 64.3195
 44.9778
 44.9778
 37.081
 41.833
 39.9375
 39.9375
 34.4819
 37.5899
 30.7409
 30.7409
 32.28
 13.5647
 45.1996
 46.9787
 19.1311
 19.1311
 43.9545
 37.3497
 15.906
 41.5452
 33.9264
 0
 23.7065
 20.2731
 35.805
 35.805
 33.0606
 41.3521
 19.4936
 19.4936
 17.0587
 41.4367
 32.1559
 7.93725
 39.0768
 35.9583
 35.9583
 35.9583
 36.565
 46.7119
 46.7119
 38.8201
 20.2485
 20.2485
 20.2485
 20.2485
 18.4391
 38.3014
 38.3014
 40.9756
 35.6931
 39.6989
 42.2729
 42.2729
 42.2847
 36.8646
 24.3105
 24.3105
 40.5463
 33.8969
 15.1658
 15.1658
 21.9545
 36.2491
 22.2711
 22.2711
 31.496
 37.7094
 19.8242
 19.8242
 36.756
 24.5967
 47.55
 47.55
 36.1109
 34.7563
 34.7563
 0
 40.2244
 40.2244
 25.2389
 48.9898
 48.4458
 30.133
 18.0555
 18.0555
 46.6905
 21.9773
 21.9773
 25.923
 38.092
 44.2041
 34.7419
 26.1916
 26.1916
 21.0713
 38.2623
 31.305
 20.9762
 36.606
 28.7402
 38.0657
 23.8537
 23.8537
 38.1445
 36.2353
 15.1658
 39.5348
 30.545
 37.0405
 20.5913
 19.6469
 19.6469
 20.9762
 37.3631
 31.305
 34.4819
 38.4708
 30.4302
 24.2281
 38.3667
 38.3667
 28.9137
 34.7563
 43.6921
 39.598
 39.598
 21.5639
 39.6232
 21.6564
 36.9053
 36.973
 36.973
 44.3058
 18.5472
 28.3196
 49.163
 35.0999
 35.0999
 37.7624
 43.8748
 34.7994
 44.8999
 44.8999
 41.1947
 27.7849
 38.1051
 40.5956
 40.5956
 36.5924
 38.9102
 40.8656
 19.8494
 19.8494
 18.0831
 37.4166
 25.3772
 35.8329
 19.2873
 36.7423
 35.5809
 43.795
 28.8097
 26.8142
 36
 36
 38.1576
 33.9411
 32.8938
 19.0788
 25.8844
 25.8844
 25.8844
 38.5227
 17.7764
 27.1477
 30.4302
 30.4302
 28.4253
 43.1509
 20.3224
 20.3224
 24.0208
 20
 35.4824
 24.8596
 24.8596
 25.04
 39.2046
 37.2156
 37.2156
 23.6432
 45.0888
 47.2652
 47.2652
 47.2652
 20.9045
 39.4081
 28.688
 29.4788
 32.8938
 24.2074
 0
 43.9545
 27
 35.1994
 35.1994
 0
 0
 25.3772
 17.3205
 35.9722
 35.9722
 33.0454
 37.3631
 32.7261
 36.8239
 33.7935
 36.2215
 31.5753
 33.7935
 35.426
 33.9411
 26.9444
 26.4386
 35.805
 31.607
 21.166
 21.166
 29.6479
 32.6956
 28.3196
 28.3196
 17.5784
 23.0868
 0
 23
 38.1445
 24.3516
 22.2261
 26.5707
 24.5561
 28.0891
 28.0891
 29.1376
 35.1283
 26.0768
 32.249
 28.8617
 28.8617
 36.2767
 38.4448
 44.317
 48.6621
 23.5372
 33.0908
 0
 37.47
 36.8103
 40.9878
 33.1512
 33.7046
 37.47
 51.6914
 33.8231
 39.9875
 39.9875
 0
 0
 33.2866
 37.3898
 37.3898
 35.609
 0
 21.7256
 34.4819
 35.623
 33.8674
 40.2244
 40.2244
 31.1448
 34.4238
 49.0408
 49.0408
 32.1714
 33.4066
 37.6962
 28.7054
 31.305
 24.8797
 28.2843
 29.1376
 30.3645
 19.5704
 19.5704
 0
 24.8395
 23.4094
 24.1454
 24.5764
 27.7489
 27.7489
 30.6431
 27.8209
 29.5127
 18.7617
 18.7617
 18.7617
 39.1663
 41.7732
 19.8494
 35.609
 0
 39.37
 39.37
 11.225
 39.9249
 22.8254
 39.1152
 32.0156
 35.7071
 7.93725
 34.7419
 37.3898
 39.6232
 35.1852
 30.8383
 31.289
 41.5692
 8.88819
 35.3412
 33.0454
 29.7321
 8.77496
 26.9258
 31.3688
 33.5559
 29.5635
 34.4238
 20.445
 8.66025
 33.0757
 33.2566
 33.2566
 0
 34.0881
 18.735
 25.5734
 28.5482
 12.083
 30.7409
 19.4936
 19.4936
 22.1133
 11.225
 26.3629
 34.4238
 20.8327
 20.8327
 11.5326
 34.8999
 34.8999
 16.1555
 28.0713
 10.3441
 35.805
 19.8494
 19.8494
 15.9687
 0
 10.3923
 10.3923
 28.4781
 27.9285
 16.8523
 41.2311
 25.0799
 11.3137
 38.8201
 31.6386
 29.8496
 29.8496
 44.0114
 10.5357
 31.4802
 39.8372
 28.5657
 28.5657
 0
 9.59166
 36.524
 32.665
 32.9848
 35.0571
 33.0908
 29.6479
 12.3693
 36.8239
 40.8901
 33.2566
 26.0384
 34.5977
 13.7113
 40.5832
 26.3059
 33.8526
 37.6829
 33.0454
 39.3319
 20.7846
 33.0606
 34.7563
 36.4006
 33.8526
 21.4942
 29.1204
 34.8999
 32.2335
 28.7924
 28.9137
 34.5688
 36.1248
 0
