 350.542
 0
 20.3224
 22.1585
 22.1585
 21
 24.4131
 18.2483
 16
 8.66025
 20.0749
 24.1454
 17.5784
 14.2127
 13.8924
 18.5472
 21.3776
 14.0357
 19.5704
 14.9666
 16.7332
 16.6733
 22.5832
 22.5832
 19.799
 19.8242
 20.4695
 19.4679
 22.561
 22.891
 24.5357
 18.412
 19.2614
 22.3383
 18.3303
 15.4919
 20.025
 20.2237
 16.7033
 16.1245
 16.7631
 14.8661
 16.5831
 16.3095
 19.2094
 18.2483
 21.0713
 15.4272
 16.8523
 15.2643
 16.0624
 14.7648
 17.5784
 15.1987
 8.83176
 17.8885
 23.8328
 14.4222
 21.3307
 18.6548
 18.6548
 20.9045
 20.9045
 25.9037
 19.0263
 19.0263
 24.0624
 16.6433
 16.6433
 19.5448
 16.0312
 20
 17.2047
 17.6635
 21.1424
 19.5959
 21.3542
 20.8806
 17.8885
 20.2978
 22.3159
 20.199
 22.6495
 23.0651
 18.1934
 24.5357
 21.0713
 24.5764
 15.5242
 21.7486
 17.2337
 17.2047
 20
 16.5227
 17.9165
 16.7033
 17.4356
 19.7737
 18.1384
 22.2486
 22.6495
 22.561
 22.1133
 23.3666
 20.445
 23.4734
 0
 24.8797
 14.8324
 17.4929
 25.7488
 19.4422
 17.5784
 19.975
 17.1464
 21.1424
 19.4679
 23.9792
 19.6723
 25.2389
 21.0238
 22.5832
 24.454
 22.9347
 21.4942
 20.1246
 24.8395
 26.4764
 17.7482
 28.0179
 20.0499
 22.7376
 19.4422
 20.0749
 22.6274
 20.1742
 20.6398
 24.6779
 18.3303
 25.807
 22.7816
 23.1948
 21
 24.2074
 22.561
 24.3926
 24.1454
 19.4165
 27.6406
 19.9499
 28.8271
 20.0998
 24.0832
 20.8327
 22.6274
 25.02
 22.6936
 26.5707
 21.4243
 19.8242
 28.688
 25.2785
 25.318
 27.1293
 22.0454
 25.7876
 26.4575
 29.5466
 23.0868
 19.2354
 27.074
 25.2785
 20.8567
 22.5389
 24.3105
 24.1454
 23.388
 21.4476
 26.2869
 28.8964
 20.6398
 25.0599
 20.6882
 23.388
 24.4336
 28.4429
 26.8328
 23.9583
 26.7395
 27.6948
 21.6795
 19.4679
 26.0576
 23.1084
 22.561
 22.4054
 26.4197
 26.4197
 29.1376
 24.8596
 0
 30.7734
 22.1811
 21.095
 27.9464
 23.2809
 22.6053
 25.2982
 25.02
 22.7376
 26.3059
 0
 27.2213
 27.2947
 22.1133
 26.2869
 23.8956
 20.4206
 25.5539
 25.5343
 28.3549
 25.1794
 27.1846
 29.4279
 28.3549
 23.5797
 22.6495
 23.6854
 25.8263
 26.1343
 27.6948
 24.3311
 29.1719
 28.2666
 28.7576
 22.2036
 22.5832
 20.9045
 22.6053
 25.2982
 30.0998
 22.8035
 24.8998
 32.28
 24.4949
 29.3598
 27.8388
 23.4521
 23.8328
 24.454
 27.5681
 25.6515
 29.6648
 30.282
 29.4958
 21.7025
 14.7986
 25.2785
 21.166
 20.2978
 23.7276
 27.0555
 24.0208
 30.692
 26.0576
 30.692
 23.1948
 26.9444
 23.5797
 21.7256
 26.1534
 22.6495
 29.8496
 25.6515
 28.7576
 23.7276
 27.074
 35.2136
 29.6985
 24.8797
 25.593
 21.7486
 24.5764
 25.8457
 27.0555
 30.1496
 27.9821
 26.1151
 23.6008
 26.4008
 26.9444
 22.561
 26.4575
 22.561
 25.7682
 23.4307
 12.49
 25.5734
 24.1868
 30.2655
 28.4429
 24.98
 23.8537
 20.2731
 27.7128
 26.9815
 27.074
 25.5734
 30.3809
 26.9444
 23.1084
 24.3311
 32.7567
 20
 24.4131
 24.4131
 20.0998
 22.0454
 29.4958
 29.4958
 24.5561
 37.7359
 28.4429
 38.9487
 25.9037
 33.541
 23.7065
 31.9061
 24.1868
 29.0861
 26.096
 27.6948
 28.8791
 26.7769
 24.454
 30.9516
 26.9258
 40.7063
 32.249
 21.8174
 24.8797
 33
 33
 26.4764
 36.4966
 27.2764
 31.0966
 31.0966
 30.1496
 29.1548
 30.7083
 26.096
 26.096
 32.909
 20.6882
 44.9889
 30.6594
 30.6594
 25.0799
 26
 27.9464
 27.9464
 24.5357
 24.1039
 24.1454
 24.1454
 25.0599
 24.1454
 28.8791
 33.7491
 21.9089
 16.7332
 31.1127
 31.0644
 21.7715
 26.7955
 31.7333
 31.7333
 26.2488
 27.9285
 23.7697
 23.7697
 23.4094
 29.4788
 26.4197
 26.4197
 26.2488
 30.7409
 31.1127
 24.7184
 33.8821
 33.4066
 33.4066
 26.9815
 30.4302
 27.8029
 27.8029
 21.9545
 29.2746
 29.2746
 29.2746
 29.2746
 26.3059
 29.189
 29.189
 25.0799
 30.4631
 30.545
 28.775
 28.775
 29.5127
 30.3974
 26.1343
 26.1343
 30.2985
 33.4216
 19.8494
 19.8494
 29.5466
 26.8328
 21.8632
 21.8632
 24.8797
 29.5635
 30.3974
 30.3974
 30.3974
 30.5123
 31.0966
 31.0966
 31.0644
 33.7194
 24.5764
 0
 23.388
 25.593
 28.6356
 31.8591
 31.0966
 28.2843
 24.2074
 24.2074
 30.7246
 24.8797
 24.8797
 26.1343
 27.1109
 28.3373
 27.6043
 19.799
 19.799
 27.8568
 27.5862
 28.5832
 20.8327
 30.2159
 26.096
 33
 17.1172
 17.1172
 28.3901
 35.4119
 21.9773
 32.5576
 31.1929
 28.178
 22.6495
 19.7231
 19.7231
 28.8964
 29.4449
 26.8142
 19.4165
 33.541
 29.5635
 30.8545
 26.2107
 24.6374
 29.5296
 32.7872
 22.7816
 33.4664
 33.4664
 23.1948
 30.8383
 24.3516
 21.4476
 28.4781
 28.4781
 26.8514
 18.5742
 27.5136
 32.8481
 28.3373
 22.4054
 26.4197
 30.8221
 28.7576
 30.7083
 24.0416
 28.5482
 27.2213
 27.2764
 31.4643
 33.1059
 22.5389
 27.4408
 30.1496
 19.5192
 18.2483
 24.6779
 28.8617
 19.6723
 25.0998
 21.8174
 37.9342
 28.5657
 25.5343
 25.02
 33
 25.0998
 24.0624
 28.931
 31.257
 27.6043
 28.775
 20.9284
 25.04
 23.1733
 29.189
 29.1376
 27.8388
 27.258
 27.258
 23.6854
 30.545
 26.5141
 26.5141
 22.1359
 27.8388
 27.2397
 23.6008
 23.7065
 19.2614
 28.9137
 26.6083
 26.6083
 26.6083
 28.2312
 30.3809
 30.3809
 30.3809
 22.5389
 29.0172
 20.9523
 26.2679
 27.8029
 20.2237
 0
 26.7955
 28.4605
 24.5561
 25.3377
 0
 0
 20.199
 24.1454
 27.6767
 24.779
 25.3772
 28.4253
 24.8797
 30.0832
 26.0192
 31.3369
 30.5123
 24.5561
 30.3645
 25.671
 26.7769
 28.4605
 30.249
 25.2389
 28.6356
 24.5357
 27.8209
 27.9285
 22.2711
 18.0831
 26.1725
 25.632
 0
 19.0526
 28.8617
 25.923
 25.1794
 28.0357
 20.2485
 21.4709
 26.0192
 28
 33.4963
 22.9347
 30.348
 23.1084
 21.4476
 30.315
 25.1794
 28.8791
 32.619
 22
 24.454
 0
 27.6043
 25.7488
 33.0908
 26.6083
 24.454
 27.9821
 29.1376
 25.2587
 25.5343
 25.5343
 0
 0
 22.6936
 28.8271
 28.8271
 22.891
 22.891
 21.7256
 23.388
 27.0185
 29.4958
 31.7805
 20.8567
 29.3428
 26.8887
 33.0454
 21.8861
 23.4094
 27.9464
 32.6497
 24.2074
 22.8035
 24.8998
 21.9317
 30.0167
 26.4953
 24.1039
 22.2261
 0
 24.2899
 24.8797
 18.5472
 24.3311
 28.1247
 24.8193
 27.4591
 20.2978
 30.2159
 22.9783
 22.9783
 22.9783
 26.9815
 24.7386
 21.7025
 29.3939
 0
 28.2312
 26.0768
 20.2731
 30.3315
 23.4094
 24.3926
 24.1454
 23.8328
 18.3848
 24.8998
 29.9165
 24.4949
 25.3574
 22.2935
 30.3974
 27.6406
 16.3707
 22.1133
 28.3373
 24.3311
 17.8606
 30.249
 21.9545
 24.1661
 23.7065
 23.6854
 27.4591
 15.9374
 29.189
 23.7065
 23.7065
 0
 23.8956
 24.7184
 20.4695
 28.4605
 20.1494
 22.9129
 23.6008
 28.8791
 25.3969
 20.2237
 26.5518
 24.8797
 23.622
 24.7184
 20.6882
 24.7992
 21.6795
 22.8035
 24.2899
 19.0526
 24.0832
 23.4947
 24.2074
 24.4745
 0
 19.799
 25.4755
 24.5561
 25.7099
 26.096
 24.1247
 26.5707
 19.8242
 27.4226
 22.5389
 22.9129
 25.6905
 26.6833
 18.6011
 27.8209
 27.6225
 22.9347
 22.9347
 0
 18.0831
 23.3024
 20
 25.923
 25.2982
 23.388
 23.8328
 19.4936
 23.0868
 29.1376
 23.2809
 20.567
 20.3224
 17.1464
 25.8844
 20.8806
 24.8797
 28.178
 27.6586
 22.8254
 20.5913
 20.9523
 25.923
 22.1811
 29.8831
 20.1494
 22.2261
 28.2843
 23.3452
 20.025
 26.5707
 21.5174
 27.0185
 0
