 386.285
 0
 30.1496
 31.4643
 31.4643
 31.4643
 42.2493
 46.2493
 44.5982
 40.4228
 45.7602
 46.4004
 43.1393
 43.1625
 46.594
 48.6313
 47.0106
 48.7442
 48.1144
 48.9285
 41.7373
 51.2445
 55.8032
 46.9468
 44.3058
 54.9272
 43.4971
 44.5309
 50.3587
 51.614
 50.7642
 44.317
 53.7122
 55.5968
 44.2267
 39.8873
 50.6261
 54.5527
 42.9535
 40.025
 48.4355
 47.5815
 42.9185
 46.9148
 48.7134
 46.4758
 47.3181
 40.6202
 48.7955
 40.1248
 48.5901
 51.7494
 50.1597
 40.1373
 45.0999
 49.5782
 43.9204
 39.3319
 53.9722
 45.0999
 45.0999
 54.8361
 54.8361
 59.9416
 49.1019
 49.1019
 60.918
 46.1844
 46.1844
 60.5723
 43.9659
 53.8331
 46.9468
 51.6624
 52.1536
 47.9479
 50.4282
 53.3854
 51.7784
 50.9019
 47.3075
 53.1977
 47.6445
 60.8769
 45.5302
 62.6019
 38.5357
 66.9627
 50.4083
 63.7181
 45.7384
 44.3058
 56.2317
 52.2111
 51.342
 50.309
 55.9553
 48.9387
 55.7046
 58.6089
 54.0278
 53.7494
 53.1037
 62.8411
 55.5338
 67.2756
 67.2756
 69.6994
 41.0122
 53.9259
 69.7065
 61.4817
 45.2106
 61.384
 49.5681
 51.2738
 55
 49.2849
 58.8812
 56.8243
 61
 62.7136
 59.1439
 55.0545
 66.4304
 58.8218
 69.1592
 73.9527
 48.2908
 74.081
 41.6653
 63.0872
 57.4978
 57.6281
 48.7237
 52.5071
 51.303
 70.5408
 56.8067
 58.2752
 64.1639
 58.5577
 66.1967
 68.8767
 64.707
 57.3149
 75.9803
 54.6992
 76.8765
 47.0532
 77.324
 62.562
 64.3351
 61.3025
 50.4381
 56.0892
 47.0744
 74.9933
 56.5509
 63.9375
 62.5939
 59.4222
 69.5917
 69.7495
 70.342
 70.7178
 76.8895
 82.061
 64.792
 61.2699
 80.025
 74.3841
 46.465
 70.0571
 70.6399
 62.554
 58.6515
 53.1413
 79.4921
 63.5059
 62.2977
 59.4306
 72.7942
 75.7826
 72.4431
 79.1707
 79.95
 75.1598
 84.3979
 84.3149
 70.406
 61.7819
 79.6367
 51.643
 75.2596
 63.4114
 75.5976
 75.5976
 56.5774
 82.8432
 82.8432
 63.6867
 58.3952
 66.7308
 62.8411
 76.8895
 73.171
 82.2557
 79.1644
 80.8332
 85.5628
 85.5628
 65.0154
 86.1104
 69.282
 69.4982
 73.8106
 59.397
 62.2174
 49.7996
 82.6015
 79.9875
 79.9875
 61.9112
 60.0583
 65.5591
 71.0915
 75.6373
 82.8855
 82.4379
 87.4586
 83.0482
 90.0111
 84.4216
 66.325
 82.8553
 75.7166
 71.2039
 57.6715
 65.9848
 60.4318
 62.849
 58.8558
 79.3977
 55.8032
 62.6179
 69.7711
 68.374
 79.5487
 77.6015
 85.4283
 84.4689
 87.3441
 83.6062
 81.9024
 84.3742
 67.0075
 77.711
 65.9924
 68.7095
 56.7098
 61.7252
 66.3174
 65.6201
 58.2151
 63.0238
 56.7362
 70.0714
 80.697
 67.9043
 88.5099
 79.1644
 88.3063
 81.8474
 86.0233
 83.6182
 80.3306
 64.3817
 79.7183
 76.7529
 86.9368
 77.2269
 53.4135
 85.4517
 81.2034
 76.2102
 76.2102
 67.7274
 80.7589
 61.2209
 85.8371
 53.5724
 53.5724
 80.8332
 80.8332
 84.9765
 66.9851
 84.5044
 84.5044
 77.7625
 89.9944
 70.3847
 61.8547
 88.8876
 51.7204
 51.7204
 78.5684
 78.5684
 78.5684
 56.107
 78.2432
 63.7809
 63.7809
 86.2844
 86.2844
 90.4655
 73.4302
 81.9207
 83.2526
 83.2526
 78.0128
 99.91
 82.6741
 103.049
 77.6015
 76.7789
 69.8856
 94.0691
 61.4085
 71.4493
 51.1273
 62.2093
 78.5303
 68.7459
 68.7459
 78.4538
 63.914
 85.1645
 69.6563
 73.8647
 83.8332
 86.0291
 86.0291
 85.0529
 104.809
 104.809
 97.6422
 97.6422
 97.6422
 75.1598
 99.1917
 71.8819
 92.6337
 92.6337
 61.4492
 61.4492
 88.2836
 60.2329
 54.0925
 74.793
 74.793
 74.793
 74.793
 70.4486
 93.0215
 66.34
 66.34
 69.5773
 69.5773
 70.5833
 70.5833
 80.8641
 84.3801
 63.8827
 76.7398
 76.7398
 59.2199
 59.2199
 83.5284
 75.1931
 70.3847
 70.3847
 83.8988
 67.2978
 87.155
 87.155
 85.2936
 67.9779
 98.9495
 63.7181
 84.5931
 98.8281
 72.3118
 94.747
 57.5674
 57.5674
 91.5642
 91.5642
 70.2068
 71.5122
 71.5122
 67.1267
 82.4985
 71.5472
 71.5472
 84.1546
 68.0294
 64.7457
 85.5921
 85.5921
 62.9206
 93.9149
 61.7252
 61.7252
 70.6258
 59.7244
 72.8697
 72.8697
 65.7343
 83.2766
 81.3634
 81.3634
 81.4187
 81.4187
 85.773
 85.773
 74.7797
 94.0106
 81.7863
 81.7863
 95.5144
 66.0303
 61
 61
 61
 75.8419
 65.8863
 96.8246
 96.8246
 95.7862
 78.0641
 68.8694
 85.481
 91.526
 53.8331
 53.8331
 77.6402
 77.6402
 85.4283
 85.4283
 85.4283
 85.4283
 79.019
 65.4064
 65.4064
 62.53
 61.1146
 68.6513
 65.7875
 65.7875
 73.3962
 91.6242
 66.1891
 67.2607
 60.1415
 87.9318
 81.074
 46.1411
 46.1411
 77.0779
 68.7605
 82.3832
 82.3832
 75.6835
 78.6956
 90.6752
 90.6752
 66.3099
 63.4665
 98.453
 62.2334
 98.3616
 68.1909
 69.7782
 69.7782
 84.6877
 62.1852
 92.228
 92.228
 100.539
 100.539
 86.7352
 95.9687
 79.5613
 79.5613
 80.3741
 79.3221
 59.8415
 59.8415
 59.8415
 71.2601
 58.4294
 69.5773
 62.9285
 62.9285
 62.9285
 85.9884
 79.404
 66.2495
 66.2495
 65.7495
 86.0581
 64.6452
 64.6452
 81.0802
 59.3043
 59.3043
 59.3043
 79.5299
 60.2412
 60.2412
 60.2412
 60.2412
 60.2412
 60.2412
 81.7007
 49.3356
 49.3356
 49.3356
 49.3356
 89.7051
 89.7051
 89.7051
 61.1555
 64.3894
 96.7213
 78.3007
 74.505
 58.4551
 58.4551
 94.0425
 58.3095
 88.5325
 88.5325
 88.5325
 91.5696
 68.7095
 79.5173
 79.5173
 91.1757
 91.1757
 91.1757
 91.1757
 67.838
 51.0196
 63.5216
 63.5216
 63.5216
 63.5216
 63.5216
 63.5216
 63.5216
 77.3499
 77.3499
 77.3499
 77.3499
 61.1228
 61.1228
 61.1228
 57.8014
 55.9285
 57.28
 57.28
 57.28
 86.3829
 71.0422
 71.0422
 71.0422
 56.4181
 78.3645
 50.8822
 50.8822
 60.291
 58.5662
 58.5662
 58.5662
 68.6586
 63.4902
 95.0631
 95.0631
 95.0631
 95.0631
 73.437
 110.458
 63.2376
 63.2376
 63.2376
 63.2376
 66.0303
 78.224
 64.6297
 89.6103
 89.6103
 89.6103
 83.5524
 72.753
 86.0523
 86.0523
 62.1852
 88.3799
 88.3799
 56.6304
 56.6304
 65.7723
 65.7723
 89.7552
 75.921
 58.532
 78.4793
 61.7819
 58.1722
 69.6994
 81.5843
 81.5843
 81.5843
 59.9416
 71.8331
 70.8943
 59.9166
 59.9166
 56.107
 59.6657
 59.6657
 74.9933
 56.6745
 78.0641
 64.7302
 49.0204
 89.9333
 58.6174
 52.8204
 59.2115
 87.8749
 55.1543
 56.0446
 66.7458
 59.4559
 60.9426
 64.7843
 65.8103
 65.8103
 65.8103
 63.8514
 58.6259
 58.6259
 69.383
 75.0533
 75.776
 71.218
 70.0428
 87.4185
 63.8122
 63.8122
 79.4858
 69.8498
 79.1202
 61.041
 90.989
 90.989
 68.352
 61.1637
 40.0625
 69.857
 58.4979
 56.921
 75.776
 75.776
 38.3014
 56.8595
 91.3127
 91.3127
 64.0312
 57.8014
 82.0122
 71.1477
 39.598
 39.598
 55.4977
 65.5668
 39.6737
 87.704
 59.9583
 68.4982
 68.4982
 53.4041
 74.5252
 37.8682
 69.8427
 69.8427
 58.3181
 58.3181
 59.7327
 59.7327
 59.7327
 52.3927
 40.398
 66.4906
 66.4906
 63.8044
 56.7274
 38.5616
 61.9435
 59.127
 82.4197
 82.4197
 38.4708
 64.7765
 71.2741
 88.1249
 88.1249
 88.1249
 68.0661
 72.0625
 60.7947
 59.2284
 59.2284
 38.5487
 65.437
 65.437
 78.492
 68.8113
 77
 83.8689
 39.4588
 82.5288
 63.1506
 61.9597
 57.3324
 57.3324
 37.7492
 37.7492
 37.7492
 37.7492
 67.082
 67.082
 38.3014
 65.9242
 74.8064
 74.7128
 77.3499
 77.3499
 64.5678
 37.1618
 66.5282
 91.4658
 74.4782
 74.4782
 69.8928
 37.7757
 37.7757
 59.7578
 68.7023
 92.5797
 60.3987
 60.3987
 57.1314
 62.7057
 84.309
 54.0925
 55.5698
 67.9117
 54.0555
 78.6193
 70.4131
 61.6117
 69.8999
 69.8999
 69.0145
 69.0145
