 365.404
 0
 18.7883
 14.9332
 14.9332
 16.4924
 15.5563
 7.87401
 19.0263
 12.1655
 20.2485
 11.2694
 24.3105
 25
 20.4939
 19.0788
 18.5203
 19.4165
 16.6733
 14.2829
 15.1987
 16.7631
 21.9773
 19.1311
 22.3159
 15.9374
 15.6525
 14.3875
 13.2288
 15.6525
 14.7309
 12
 14.7309
 20.5426
 18.7883
 11.4455
 24.6779
 21
 18.6279
 16.5227
 24.0208
 25.9037
 20.347
 12.9615
 24.6171
 20.5183
 8.66025
 19.4422
 19.2873
 20.0499
 7.28011
 18.2209
 17.2337
 18.2757
 12.0416
 16.4924
 18.3848
 18.8149
 18.735
 15.3623
 15.3623
 15.7162
 15.7162
 18.2483
 15.4272
 15.4272
 22.1133
 9
 9
 21.8632
 11.4018
 25.219
 13.7113
 24.0208
 12.1244
 18.6011
 12.3288
 20.2731
 10.583
 18.5742
 13
 18.9737
 16.6733
 21.4476
 21
 19.0788
 12.3288
 19.5448
 16.8523
 23.7065
 14.7986
 14.3875
 20.8327
 25.5539
 16.5529
 21.4942
 13.0384
 22.3607
 12.2066
 14.7648
 18.3848
 18.2757
 19.4422
 20.6155
 18.4662
 21.6795
 0
 21.095
 19.0788
 18.412
 22.9565
 21.0476
 17.7764
 25.5539
 14.8324
 25.02
 17.3494
 22.0907
 14.7648
 21.5174
 13.0384
 15.6844
 21.3542
 19.4936
 20.347
 20.567
 25.2785
 21.4709
 17.2627
 21.3776
 19.0263
 27.7308
 19.6977
 28.931
 18.2757
 28.2666
 18.735
 25.2982
 17.8885
 24.6577
 15.6205
 23.7065
 15.8745
 22.9129
 20.025
 20.9762
 24.8596
 21.5174
 22.561
 20.2731
 28.3549
 20.9284
 27.6586
 29.6142
 19.6469
 29
 19.3391
 28.9137
 19.8242
 20.2731
 28.8617
 25.807
 20.0998
 19.1833
 23.3238
 20.6398
 23.0651
 24.7184
 26.0192
 26.4386
 23.7276
 30.9193
 25.865
 32.1714
 26.0576
 27.2397
 32.6956
 26.0192
 27.7128
 28.8791
 28.8791
 25.0599
 17.4356
 21.7715
 23.1517
 23.388
 22.9129
 26.9629
 26.7582
 25.7876
 27.6406
 29.4958
 34.4819
 26.4386
 32.8024
 33.9117
 30.0333
 30.0333
 30.0333
 28.8617
 28.8617
 30.133
 22.5389
 17.8606
 27
 17.2337
 21.9089
 23.4307
 21.4476
 24.5561
 25.632
 0
 26.5895
 25.7488
 27.074
 32.5269
 32.0156
 30.05
 31.3688
 28.178
 28.2843
 29.5804
 27.6225
 28.8791
 26.8328
 22.9347
 21.587
 22.1133
 26.0384
 21.7486
 25.632
 25.8263
 27.9464
 27.1662
 30.7896
 32.078
 32.619
 30.2655
 28.4077
 34.0294
 35.5809
 31.273
 27.4226
 30.0832
 24.8998
 26.8328
 27.7669
 22.0907
 24.9199
 22.6716
 25.2982
 23.5372
 25.632
 27.2213
 26.2488
 33.2716
 33.9117
 28.8617
 29.4958
 34.7275
 26.5707
 33.1964
 27.8029
 30.0832
 26.5707
 29.1719
 22.7156
 25.0599
 17.8606
 22.6274
 25.318
 18.3576
 24.5153
 16.2481
 27.258
 30.282
 27.2764
 33.3617
 34.6699
 28.8444
 33.1813
 29.4449
 27.037
 30.692
 28.8791
 28.4956
 27
 24.3516
 25.318
 25.8457
 26.1534
 19.9499
 26.9072
 20.9045
 32.8786
 25.5343
 34.2053
 24.8395
 33.2716
 27.0185
 34.4238
 24.1454
 27.6948
 30.282
 27.7489
 27.7489
 24.7184
 24.7184
 28.3373
 27.7308
 27.7308
 22.9347
 22.9347
 21.9773
 21.9773
 27.7669
 21.4009
 21.4009
 28.4605
 28.4605
 24.4336
 33.5559
 25.7682
 31.8277
 23.4307
 29.5296
 25.8263
 32.7109
 25.8263
 33.3467
 26.4197
 33.8378
 26.0768
 30.133
 27
 31.8119
 25.5539
 31.0966
 27.8209
 27.8209
 27.8209
 30.348
 30.348
 18.7083
 30.8545
 30.8545
 14.4222
 14.4222
 14.4222
 30.4138
 28.6356
 31.9687
 29.9333
 29.9333
 24.1661
 18.7617
 31.6544
 31.6544
 27.2947
 32.7719
 22.9347
 24.1247
 25.7682
 31.5911
 24.3516
 26.4386
 25.5734
 26.3059
 26.3059
 28.2843
 28.2843
 26.2488
 26.2488
 25.318
 23.6008
 31.9531
 25.0998
 0
 26.4953
 19.8494
 19.8494
 23.4734
 30.6105
 27.4591
 24.1661
 24.1661
 27.6406
 30.6757
 20.6155
 26.2869
 29.9333
 27.8927
 31.4166
 28.2843
 25.7488
 25.7488
 31.5119
 28.2489
 24.5764
 24.5764
 32
 38.3145
 25.3574
 30.315
 31.0644
 23.3666
 29.1376
 28.2666
 26.9815
 26.9815
 27.313
 22.9347
 34.1906
 34.1906
 30.7083
 25.632
 28.8444
 28.8444
 27.2947
 32.6803
 21.6102
 21.6102
 22.6716
 27.6767
 27.258
 27.258
 28.8964
 20.3224
 18.4391
 18.4391
 18.4391
 23.8328
 26.3059
 0
 24.3311
 27.6948
 25.2785
 28.8791
 28.2312
 31.8748
 19.105
 28.8617
 31.1127
 25.593
 22.1133
 17.088
 25.5734
 31.4484
 23.2379
 16.3707
 16.3707
 25.3969
 25.8263
 27.2397
 20.567
 22.7816
 26.8142
 30.0998
 25.2587
 25.2587
 31.6228
 26.6833
 26.6833
 26.6833
 26.0768
 31.607
 19.2094
 25.1595
 25.1595
 27.4773
 26.5518
 23.4734
 22.2261
 27.6043
 22.1585
 31.3209
 28.2666
 24.8797
 25.2587
 24.454
 21.587
 27.9285
 28.3019
 20
 33.8231
 24.5764
 26.5707
 24.4949
 24.4949
 22.9565
 21.4476
 23.2164
 28.8791
 22.7596
 21.9089
 23.6432
 27.7849
 26.7582
 28.2843
 28.2843
 24.0208
 25.02
 29.8831
 29.8831
 29.8831
 29.8831
 30.3974
 26.2298
 26.7955
 21.8403
 22.561
 22.7816
 24.1868
 18.3576
 18.5742
 25.8263
 25.0599
 25.807
 21
 27.6948
 27.6948
 23.4094
 24.1868
 23.5372
 24.7184
 29.4109
 28.2489
 25
 27.9821
 23
 25.807
 20.3224
 28.4781
 26.5895
 21.7025
 14.2127
 17.2047
 26.3818
 22.3383
 25.0599
 25.0799
 18.2757
 22.6495
 25.5343
 22.6274
 28.8097
 24.0416
 19.8494
 23.6432
 28.931
 28.931
 28.931
 23.4307
 29.2062
 33.2566
 20.9284
 22.5832
 22.5832
 22.5832
 22.5832
 26.4386
 28.0179
 25.1794
 0
 0
 0
 26.3439
 25.5734
 25.3574
 22.8254
 14.3527
 22.891
 25.7682
 23.622
 23.622
 21.1424
 22.4277
 22.5832
 21.8403
 25.5147
 25.5147
 21.3307
 19.0526
 25.4165
 25.4165
 22.9565
 24.3105
 18.6815
 26.096
 26.096
 26.096
 26.096
 23.388
 49.7996
 23.1948
 17.8885
 29.6648
 20.347
 21.166
 20.9523
 26.9815
 23.8328
 21.4476
 23.0434
 23.1084
 25.671
 24.3311
 23.7908
 23.3452
 29.7321
 20.8567
 22.5832
 0
 26.4764
 26.4764
 21.166
 25.7876
 23.1733
 25.0599
 25.0599
 22.3159
 22.3159
 18.7083
 18.7083
 0
 22.1133
 22.7156
 22.7156
 22.2486
 0
 27
 22.1359
 24.3105
 26.9815
 3.4641
 18.3576
 14.4568
 18.6815
 32.187
 20.8806
 22.9347
 21.8403
 26.9444
 22.2486
 20.9284
 19.0788
 25.04
 25.9037
 22.7816
 22.7816
 25.1396
 25.1396
 25.671
 23.4307
 25.3574
 21.095
 26.3629
 19.0263
 15.1987
 21.6564
 28.4429
 23.1301
 0
 22.1811
 22.3607
 22.6274
 22.9565
 22.9565
 0
 23.6643
 23.6643
 19.105
 27.0185
 22
 21.6795
 31.0805
 25.04
 20.8806
 20.8806
 27.7308
 22.2935
 20.9523
 20.9284
 27.2947
 25.1595
 20.347
 27.8029
 19.2614
 22.2486
 19.6723
 26.1151
 19.4165
 19
 25.0599
 17.2337
 26.3818
 20.4695
 21.8174
 21.8174
 21.8174
 0
 28.3373
 25.0799
 25.8844
 20.9045
 20.8806
 23.9583
 22.0907
 21.6795
 25.2982
 22.3607
 20.9284
 22.3159
 24.2074
 26.7582
 22.3607
 22.561
 24.4949
 21.7025
 22.8254
 22.2036
 20.2731
 25.2982
 22.5167
 22.5167
 22.5167
 22.2711
 23.6854
 22.3607
 27.0924
 24.7184
 24.7184
 29.189
 22.2036
 17.4356
 17.4356
 21.7715
 21.7715
 11.1355
 19.6977
 29.4958
 14.7986
 14.7986
 14.7986
 0
 19.0526
 19.0526
 21.4476
 27.7128
 24.0416
 20.7364
 20.7364
 19.6723
 22.383
 28.6531
 17.4642
 18.303
 18.303
 19.0526
 26.9444
 26.9444
 21.9317
 25.2785
 20.4695
 20.4695
 19.1311
 19.1311
 23.6432
 15.8745
 22.3159
 23.3024
 23.3024
 24.5967
 25.318
 25.318
 21.2603
 28.6531
 28.6531
 28.6531
