 350.542
 0
 0
 0
 0
 18.6815
 18.6815
 18.6815
 19.1311
 19.1311
 23.4521
 23.4521
 23.8537
 17.1172
 17.3781
 20.8806
 24.4949
 20.0499
 23.7908
 17.4642
 20.2731
 16.3401
 25.6125
 23.3238
 22.4277
 22.4277
 26
 26
 26
 28.0357
 27.037
 27.037
 23.5372
 27.1662
 18.8149
 18.8149
 27
 26.0576
 16.9115
 19.3907
 22.7816
 21.166
 16.9115
 16.9115
 25.1794
 25.1794
 25.1794
 16.0624
 21.0476
 15.8745
 15.8745
 17.3494
 20.9523
 15.5885
 15.5885
 21.5174
 21.5174
 15
 22.1359
 22.1359
 22.1359
 23.8328
 23.8328
 30.2985
 21.7715
 21.7715
 30.545
 17.5784
 17.5784
 26.3249
 26.3249
 26.5518
 26.5518
 23.3666
 21.4243
 24.5764
 22.4944
 26.7208
 19.4165
 23.9583
 28.2666
 20.8806
 24.1661
 26.3818
 21.7486
 27.4955
 16.4621
 30.2985
 20.3715
 28.6007
 17.6068
 17.9165
 26.9629
 23.516
 23.516
 22.7816
 19.5448
 23.3024
 23.3024
 26.1343
 27.0185
 28.6531
 25.1595
 26.9629
 25.5734
 27.8209
 27.8209
 31.4484
 20.1494
 21.5174
 31.4484
 26.4197
 20.3715
 26.9072
 19.975
 27.8029
 20.2978
 29.6479
 22.9783
 29.0517
 29.0517
 27
 28.0179
 28.6356
 24.3721
 23.622
 30.133
 32.7719
 22.561
 34.6121
 25.1396
 29.6985
 22.561
 27.8388
 22.8473
 27.1846
 20.2978
 32.8329
 18.3576
 30.3974
 21.8403
 28.7402
 22.5832
 28.3373
 28.8791
 31.257
 30.7246
 23.4307
 34.0294
 25.318
 34.8999
 25.1794
 32.1403
 27.3861
 27.6043
 31.9061
 25.2785
 33.2114
 33.2114
 19.2614
 35.0286
 30.8221
 26.533
 29.6816
 27.2213
 31.8904
 32
 35.623
 31.3847
 26.1534
 34.7563
 33.9264
 28.4429
 29.6479
 31.4484
 30.7409
 30.348
 26.5895
 34.3802
 35.4824
 24.1247
 31.0644
 24.8998
 28.8791
 27.7489
 34.4238
 32.1714
 30.6105
 32.573
 36.6606
 29.4958
 26.1725
 35.0428
 31.4643
 31.6386
 31.8591
 33.7491
 13.6748
 34.0147
 32.7261
 32.7261
 34.6266
 26.1343
 23.7065
 31.6702
 27.1662
 26.9444
 30.1164
 31.9374
 31.305
 32.0468
 0
 36.4966
 33.8231
 30.8545
 36.1525
 32.7109
 28.4781
 33.9853
 31.9218
 36.7831
 33.7046
 34
 36.1939
 35.8469
 28.0179
 28.3196
 26.8328
 32.078
 29.8664
 34.4674
 30.1164
 36.2215
 34.1321
 36.9324
 29.8664
 31.1127
 31.1609
 32.1403
 35.3553
 35.7071
 31.8591
 33.1964
 38.9872
 31.5436
 35.8608
 32.0156
 26.9629
 29.5127
 28.0535
 34.6987
 30.7896
 36.8239
 36.3318
 37.3765
 30.1496
 23.8537
 33.3916
 31.3688
 28.7576
 30.8545
 34.4529
 32.665
 35.0143
 31.4006
 35.4824
 28
 32.0156
 29.6648
 25
 31.6228
 25.2587
 38.092
 30.8383
 35.1283
 32
 35.4542
 43.0929
 36.9594
 32.28
 32.311
 30.3315
 31.8904
 32.311
 34.2345
 35.4824
 33.2716
 30
 28.0713
 29.5296
 30.8707
 24.4745
 30.6594
 26.1534
 30.7571
 29.5296
 23.1301
 31.3847
 29.3939
 37.5633
 32.6497
 34.322
 33.0606
 24.8193
 37.2559
 30.133
 34.6121
 28.4253
 38.8458
 33.0151
 25.0799
 27.4591
 38.923
 21.9773
 27.2213
 27.2213
 22.2261
 26.4386
 29.5466
 29.5466
 29.8831
 41.4849
 34.5977
 45.8912
 33.7046
 41.7852
 31.3528
 41.1947
 32.6497
 35.4824
 34.9714
 37.2693
 36
 38.2753
 30.7409
 39.2938
 28.8964
 42.3674
 33.8674
 25.5539
 27.6225
 27.6225
 27.6225
 32.2025
 38.8458
 33.7343
 33.7343
 33.7343
 37.47
 36.6879
 34.7707
 35.7351
 35.7351
 39.0512
 29.4109
 47.7703
 37.7227
 37.7227
 49.1833
 33.5261
 33.5261
 33.5261
 31.8119
 33.8378
 30.3974
 30.3974
 32.8024
 31.3209
 33.5261
 38.833
 22.2036
 22.7816
 37.47
 36.0139
 21.9545
 34.7275
 35.0856
 17
 28.3373
 33.0454
 30.5123
 30.5123
 23.4307
 37.229
 26.6833
 26.6833
 33.1813
 37.6962
 35.623
 38.7427
 39.4968
 37.081
 37.081
 37.081
 32.2335
 33.9559
 33.9559
 57.3149
 28.7054
 28.7054
 28.7054
 28.7054
 31
 36.6197
 36.6197
 30.8545
 34.4384
 37.7359
 34.9428
 34.9428
 37.8814
 36.9188
 29.1376
 29.1376
 36.9594
 38.5487
 19.4165
 19.4165
 34.322
 36.606
 22.9565
 22.9565
 32.5883
 39.2938
 31.3528
 31.3528
 39.2683
 39.2683
 38.3406
 38.3406
 35.4683
 38.2099
 34.7131
 34.7131
 29.189
 34.6554
 32.6497
 32.6497
 36.0139
 36.0139
 27.7849
 27.7849
 38.9102
 30.7083
 30.7083
 28.3901
 34.6843
 37.0675
 34.2637
 33.8231
 0
 36.8511
 35.3836
 34.2637
 23.6643
 37.4032
 28.0535
 40.2492
 38.092
 0
 36.647
 40.8412
 20.0499
 37.6563
 37.7492
 36.8782
 23.6643
 26.7955
 26.7955
 36.0139
 34.6121
 34.6121
 24.5561
 38.0657
 35.9305
 37.0945
 32.619
 33.5857
 34.5543
 39.5601
 31.1288
 40.3237
 40.3237
 23.6854
 34.2345
 29.9666
 29.7658
 35.6371
 35.6371
 35.6371
 22.5167
 30.692
 30.692
 34.5832
 27.0185
 30.3974
 30.3974
 34.7419
 36.3868
 31.0322
 31.0322
 30.315
 36.9324
 36.9324
 28.7228
 28.7228
 33.8378
 37.921
 23.4307
 19.5704
 23.4094
 34.2783
 25.5343
 30.3315
 30.3315
 42.3674
 33.7491
 32.3728
 32.3728
 37.921
 31.1288
 26.2869
 26.2869
 33.1662
 34.0441
 34.2783
 22.3159
 29.5296
 27.7128
 27.7128
 34.6699
 29.5804
 32.7414
 32.7414
 26.7582
 35.4965
 35.4965
 35.4965
 35.4965
 29.7658
 33.4963
 33.4963
 31.0483
 25.3574
 35.3553
 35.3553
 35.3553
 34.0734
 34.0147
 34.0147
 34.0147
 0
 25.6515
 25.6515
 24.8998
 24.8998
 30.6757
 24.6577
 0
 0
 0
 33.4216
 30.3974
 0
 0
 0
 29.5973
 33.7787
 31.9844
 32.0936
 32.0936
 33.7787
 33.7787
 32.9848
 32.9848
 32.9848
 32.0156
 34.2637
 33.0606
 33.0606
 33.0606
 38.5746
 32.5883
 31.0644
 29.5804
 29.3598
 29.3598
 27
 25.219
 25.219
 24.4131
 0
 24.6779
 33.2415
 29.0861
 25.923
 29.8831
 26.5895
 26.9815
 32.6497
 32.6497
 40.3361
 28.7924
 37.1214
 24.3721
 25.1595
 36.6606
 29.0172
 29.0172
 29.0172
 25.0799
 25.0799
 0
 36.1386
 36.1386
 36.1386
 36.1386
 26.5518
 36.2215
 36.2215
 36.2215
 30.7409
 0
 0
 0
 27.6767
 35.4683
 0
 29.6648
 29.6648
 23.3452
 30.5287
 33.4066
 33.3916
 33.3916
 26.9629
 33.1059
 33.1059
 38.7556
 27.7669
 29.5466
 29.5466
 38.9743
 28.7228
 25.3377
 30.3809
 26.2488
 34.2491
 34.2491
 28.2312
 25.04
 0
 0
 0
 24.8998
 24.8998
 32.218
 32.218
 32.218
 32.218
 33.8674
 33.8674
 33.8674
 33.8674
 28.2843
 28.2843
 22.0907
 33.8378
 0
 33.5559
 33.5559
 20.2485
 20.2485
 20.2485
 27.7849
 30.7571
 30.7734
 22.3607
 29.7153
 29.7153
 29.7153
 33.0606
 31.9374
 31.9374
 31.9374
 20.2485
 20.2485
 36.9188
 30.1993
 19.799
 19.799
 19.799
 19.799
 28
 29.1719
 29.1719
 19.0263
 19.0263
 19.0263
 19.0263
 0
 30.2655
 30.2655
 25.318
 30.6757
 21.5174
 21.5174
 21.5174
 21.5174
 27.4226
 21.587
 26.7395
 28.2135
 28.2135
 28.2135
 22.2036
 28.2489
 22.383
 22.383
 22.383
 21.5174
 21.5174
 21.5174
 27.5681
 27.5681
 0
 20.9523
 28.7054
 28.7054
 29.1376
 29.1376
 29.1376
 27.7489
 20.2485
 20.2485
 28.8271
 28.8271
 31.1127
 33.3017
 20.1742
 20.1742
 32.8024
 32.8024
 32.8024
 0
 20.2731
 20.2731
 26.8328
 30.315
 30.249
 30.249
 30.249
 20.8806
 31.1769
 31.1769
 29.6816
 29.6816
 27.55
 19.6723
 19.6723
 25.5343
 25.5343
 25.5343
 25.5343
 25.5343
 25.5343
 25.5343
 25.5343
 25.5343
 25.5343
 25.5343
 25.5343
 25.5343
 25.5343
 25.5343
 29.1204
 29.1204
 29.1204
 0
