 19.0263
 21.7256
 26.4197
 29.7321
 27.2947
 24.7184
 28.0357
 16.8523
 19.975
 9.53939
 27.6225
 22.6495
 28.6007
 24.8395
 22.1133
 25.6515
 28.0357
 26.0768
 25.1794
 22.2261
 19.1833
 20.664
 17.8326
 15.3297
 17.5784
 17.8885
 22.561
 20.445
 20.4695
 28.0891
 24.454
 18.6011
 24.3311
 29.5804
 14.1067
 12.49
 30.7896
 26.7955
 14.7648
 14
 27.2764
 26.6458
 14.1067
 12.2882
 27.1846
 26.096
 19.975
 14.2478
 26.9629
 14.1421
 16.5831
 21.9545
 24.1039
 14.1067
 11.2694
 18.7883
 27.9643
 15.9374
 19.0788
 23.4094
 0
 19.0263
 0
 24.7184
 23.8537
 0
 28.7228
 17.8885
 17.8885
 28.9655
 14.7986
 28.8791
 16.7033
 28.0357
 19.0263
 27.7849
 22.2711
 26.4575
 20.1494
 23.6643
 28.6356
 19.105
 28.0713
 21.8861
 26.4575
 25.2587
 28
 28.4781
 24.5561
 28.7054
 21.3776
 19.0526
 29.3087
 28.6705
 15.1658
 27.8388
 16.7631
 30.4795
 17.1172
 26.533
 27.2397
 29.7489
 24.6779
 21.2132
 26.6833
 23.3238
 23.3238
 29.7153
 26.3059
 26.4197
 30.9677
 28.8964
 23.3666
 32.6803
 14.1774
 30.3809
 16.5227
 31.305
 19.5192
 27.4955
 20.9762
 26.4197
 25.7682
 28.7228
 19.7484
 26.9258
 26.4197
 30.1993
 25.318
 33.4066
 28.6531
 32.9848
 27.6225
 30.8221
 25.5343
 29.5296
 19.0263
 30.7246
 17.5784
 27.8209
 20.664
 22.7816
 22.8035
 20.9045
 26.9444
 32.6803
 26.0192
 29.9833
 29.4109
 28.2843
 30.5778
 28.0357
 34.7131
 33.0757
 27.8029
 34.3802
 25.0799
 32.6037
 19
 18.735
 29.5296
 22.8254
 24.5357
 27.2213
 19.105
 30.1993
 25.7294
 29.2404
 33.0151
 31.1929
 29.9666
 33.9559
 33
 33.8969
 33.3766
 29.3939
 33.0606
 23.2809
 31.8434
 28.4253
 16.1555
 23.388
 23.1301
 24.0624
 21.4942
 27.9821
 25.593
 29.0172
 29.6816
 32.2335
 34.2053
 30.8545
 35.6371
 30.8707
 34.0147
 32.3419
 30.8383
 11.2694
 27.9643
 30.0666
 30.0666
 29.0345
 20.3224
 17.7764
 25.2587
 25.7876
 19.0526
 23.4521
 28.2843
 28.8444
 29.9333
 29.9333
 35.1283
 30.8383
 33.2716
 34.8568
 34.7994
 31.5911
 34.4384
 34.1028
 35.0143
 29.4788
 26.8142
 31.3528
 26.533
 19.6723
 20.9762
 17.8045
 24.8193
 26.2107
 28.3373
 25.02
 31.9531
 30.5941
 36.4966
 30.5614
 35.609
 32.6956
 33.0606
 35.8748
 35.6931
 30.5778
 30.05
 34.2053
 25.7488
 29.4958
 22.1811
 19.6977
 20.8806
 21.5407
 26.9629
 28.1425
 29.95
 31.5278
 35.1994
 25.0799
 23.4521
 34.9142
 32.3419
 31.289
 33.2415
 34.5543
 31.3847
 33.0303
 29.5635
 29.0172
 23.9792
 22.6274
 20.8567
 17.1172
 24.3105
 18.4662
 30.692
 25.593
 28.4429
 24.1039
 33.9411
 34.4674
 30.692
 34.8281
 25.7876
 34
 34.0294
 26.9815
 33.3167
 28.2135
 30.7409
 22.2036
 19.105
 24.6374
 22.2711
 16.3095
 23.388
 22.9347
 26.096
 26.0192
 21.7256
 27.2397
 26.0768
 35.1994
 25.923
 33.9264
 33.9706
 21.7715
 35.2278
 19.799
 29.7153
 15.6844
 33.5112
 27.4408
 17.0587
 19.4165
 29.0861
 13.5647
 17.8606
 17.8606
 12.9228
 20.2978
 31.305
 0
 22.8035
 32.7261
 26.5707
 38.092
 28.9137
 33.4813
 33.0454
 32.4962
 32.218
 39.128
 34.7707
 38.3536
 29.7153
 34.641
 27.5681
 36.5924
 20.5913
 32.5883
 24.6171
 14.3178
 18.3303
 26.0576
 26.0576
 24.8797
 25.7682
 25.7682
 27.074
 0
 0
 35.3129
 27.6225
 35.6651
 35.6651
 28.4956
 31.289
 38.2623
 35.8329
 35.8329
 32.7109
 34.9285
 34.1467
 34.1467
 29.3769
 33.4216
 32.218
 32.218
 24.0624
 26.8142
 28.8617
 32.3265
 16.4924
 20.347
 33.5112
 32.8329
 13.5647
 36.318
 28.4605
 28.4605
 19.1311
 23.8328
 35.6791
 35.6791
 22.1811
 38.2884
 19.799
 0
 23.2809
 35.6791
 25.7876
 29.4788
 30.8545
 25.1992
 25.1992
 22.5389
 24.3311
 30.8221
 30.8221
 31.3688
 22.1359
 22.1359
 22.1359
 22.1359
 18.6815
 30.1828
 30.1828
 18.6011
 23.4307
 40.4228
 26
 26
 32.4808
 33.9706
 15.6525
 0
 39.3446
 27.0185
 14.1067
 0
 23.3024
 36.5103
 20.9762
 0
 23.9583
 36.5513
 22.2486
 0
 33.0454
 23.7065
 27.037
 0
 27.0555
 28.3373
 28.8097
 0
 31.209
 33.0908
 21.1424
 25.1595
 33.541
 27.1846
 14.8661
 14.8661
 37.5366
 19.6723
 19.6723
 24.0416
 29.9333
 38.3667
 24.0208
 19.6214
 0
 29.1376
 35.4542
 25.1595
 14.1774
 37.4433
 15.9687
 40.025
 14.2127
 0
 39.4588
 33.3617
 13.4907
 19.105
 26.2679
 36.2905
 15.6525
 26.5895
 0
 23.4094
 35.1426
 19.1311
 26.9258
 29.4958
 24.6374
 23.8537
 34.5832
 26.9815
 21.4009
 24.8596
 30.545
 25.923
 25.923
 14.7648
 25.2389
 16.3401
 28.8097
 24.8596
 24.8596
 30.5941
 16.5529
 22.2261
 29.6816
 28.6007
 23.2594
 19.6723
 32.249
 23.6643
 33.2415
 17.5784
 32.1248
 17.5499
 35.9166
 30.1993
 30.1993
 17.7764
 36.2491
 32.4037
 17.4356
 13.5277
 14.3527
 34.6266
 22.3383
 27.8388
 13.9284
 31.1127
 28.9655
 32.6956
 17.5499
 24.96
 30
 18.4932
 30.2159
 26.4575
 34.0294
 21.4709
 20.3224
 20.2237
 22.9565
 25.5539
 24.4745
 17.3781
 22.9565
 22.9565
 17.3205
 23.7065
 16.6433
 16.6433
 15.1327
 22.9347
 20.2237
 14.8997
 27
 28
 22.6495
 19.1311
 19.1311
 25.807
 27.7308
 26.4008
 26.4008
 0
 15.6205
 34.9285
 17.3205
 21.1896
 19.2614
 19.2614
 19.2614
 19.2614
 18.3303
 34.8281
 18.4932
 18.4932
 18.4932
 18.4932
 25.1992
 35.6371
 28.4253
 23.9374
 28.0179
 28.688
 34.176
 33.3617
 28.0179
 27.8209
 26.6271
 25.7682
 28.0357
 17.8885
 24.3105
 29.6648
 26
 24.8193
 17.2047
 21.6795
 23.8118
 20.8806
 13.2665
 19.7737
 19.7737
 19.7737
 21.3542
 24.1247
 17.5784
 17.3781
 21.3073
 21.9773
 18.6548
 25.2389
 20
 22.6053
 23.1733
 33.8821
 14
 17.8326
 21.7025
 20.347
 26.8514
 27.2764
 13.9642
 15.7162
 0
 35.2562
 19.7737
 22.9565
 19.6214
 15.6525
 34.3948
 21.9089
 22.1133
 22.1811
 22.1811
 22.1811
 0
 25.1794
 33.0454
 33.0454
 27.6225
 27.6225
 14.7309
 28.6705
 29.5466
 28.2489
 30.7571
 20.0998
 23.7065
 27.7489
 26.096
 20.8567
 22.5389
 25.4951
 24.6374
 19.6723
 14.7986
 17.088
 19.6977
 21
 19.6469
 19.6469
 14.7986
 14.7986
 19.2873
 15.6205
 25.2785
 16.4924
 20.5913
 22.383
 19.2354
 20.4206
 21.7945
 17.4356
 17.4356
 17.4356
 21.7486
 17.4356
 17.0587
 21.1424
 0
 24.4949
 26.4197
 23.3452
 21
 16.7332
 15.6205
 31.8591
 21.8632
 22.8035
 21.7715
 20.2978
 15.5885
 30.545
 24.1039
 23.6432
 22.2486
 23.4307
 12.9228
 28.4077
 24.1661
 20.664
 24.6982
 20.199
 17.3781
 21.587
 25.5539
 20.2237
 22.2486
 24.1039
 24.1039
 0
 0
 22.3607
 16.8523
 17.7764
 21.7486
 24.8797
 13.7477
 13.9642
 23.8328
 17.4069
 22.2711
 21.1187
 16.3095
 21.6102
 17.9165
 21.4476
 15.4596
 16.2481
 17.2337
 17.8326
 21.166
 17.0294
 19.8494
 16.4924
 16.4924
 16.4924
 23.8956
 19.0526
 17.7764
 19.2094
 22.7816
 22.7816
 22.6274
 23.3452
 20.8806
 14.7309
 14.9332
 17.8606
 25.219
 24.0832
 20.8567
 21.4709
 21.4709
 0
 0
 21.7715
 22.561
 25.4165
 17.3781
 26.1151
 14.6969
 19.7737
 25.219
 18.2209
 17.8885
 23.4734
 12.49
 19.105
 22.9347
 20.1494
 17.4356
 26.1343
 20.347
 28.0713
 19.0788
 11.7898
 13.8564
 21.3776
 22.2261
 25.1992
 15.5242
 19.975
 22.6716
 23.8747
 23.8747
 18.9473
 17.1464
 17.1464
 17.1464
