 12.2882
 12.4499
 15.9687
 22.0227
 10.4403
 17.8885
 27.8029
 21.7025
 18.2757
 6.16441
 23.7276
 26.4386
 23.1517
 14.8997
 16.4924
 20.025
 21.9317
 15.6844
 20.664
 16.3095
 19.0526
 15.2315
 24.8596
 20.8806
 19.8494
 22.1585
 23.3238
 19.5192
 23.8747
 25.2587
 26.0768
 18.735
 22.6053
 25.2587
 18.735
 17.1172
 24.6982
 24.3105
 17.0587
 15.8114
 22.2261
 20.6398
 16.8819
 19.2094
 22.5832
 21.0238
 21.1187
 15.8114
 20.0499
 15.6525
 19.975
 13.1529
 19.6977
 15.3948
 12.1655
 20.2731
 26.2679
 14.7648
 20.8567
 18.2757
 18.2757
 21.9317
 21.9317
 28.3373
 20
 20
 27.8209
 16.7332
 16.7332
 25.2785
 17.4929
 25.6905
 17.8606
 21.1424
 21.3776
 21.8861
 21.4476
 23.622
 18.6011
 22.1585
 25.9422
 19.6469
 24.5357
 24.5764
 20.567
 26.0576
 14.7986
 28.2489
 19.3649
 25.3969
 16.4012
 15.6525
 24.5764
 21.9089
 16.7033
 21.7486
 16.8226
 21.1424
 19.5704
 25.0799
 23.9583
 26.096
 23.2809
 25.1794
 25
 26.7021
 26.7021
 29.189
 17.72
 20.9762
 28.3901
 23.7487
 17.6068
 26.0384
 15.4596
 26.7021
 17.8326
 28.7228
 21
 28.3019
 22.9347
 25.9422
 24.5967
 26.9258
 22.4499
 23.8956
 27.258
 30.2985
 22
 33.4365
 21.7025
 28.6356
 20.8567
 25.1794
 20.3224
 24.2074
 18.4391
 31.5753
 17.1464
 28.178
 21.8174
 24.4949
 20.3715
 26.7955
 27.6225
 27.8209
 28.8617
 22.6053
 32.3265
 22.8692
 31.8119
 21.7486
 30.1993
 26.1343
 26.4575
 31.0322
 24.0416
 31.9844
 20.199
 19.2614
 31.9531
 27.313
 25.5343
 28.178
 24.1247
 31.4643
 30.0333
 34.4238
 28.4605
 25.219
 32.078
 31.6544
 27.3861
 28.2843
 29.5296
 27.8388
 29.189
 23.4734
 31.3688
 31.9374
 22.1585
 28.3549
 24.1039
 25.1992
 26.6458
 31.9218
 30.4138
 28.9137
 31.3209
 34.2929
 28.4077
 25.0799
 33.0757
 28.0535
 28.4781
 29.5466
 31.8277
 13.5647
 32.28
 30.1993
 30.1993
 33.4066
 24.5153
 22.5389
 29.7658
 25.923
 24.7184
 28.6705
 29.4449
 28.6531
 30.7571
 30.7571
 34.9857
 32
 29.7153
 34.5832
 31.4325
 27.9821
 31.5119
 30.6594
 33.7935
 30.4138
 32.1248
 33.4813
 32.311
 26.0768
 24.7588
 24.8797
 28.9137
 27.4408
 33.2415
 28.3019
 33.8083
 32.3883
 35.4401
 27.258
 26.4008
 28.2843
 29.1548
 33.8526
 34.4674
 28.775
 29.0172
 35.6651
 29.3428
 32.6497
 29.2746
 24.2074
 26.7582
 26.9072
 31.9844
 27.0555
 33.8083
 33.8969
 35.4401
 27.9464
 21.3542
 31.1609
 28.6531
 25.632
 29.7153
 33.3467
 30.7083
 34.2345
 30.7083
 33.0757
 25.6515
 28.4429
 25.3377
 23.0651
 29.3939
 22.9565
 35.0571
 28.3373
 32.0624
 28.3196
 32.5883
 39.6232
 32.665
 30.5123
 28.5132
 29
 31.0966
 28.9482
 32.078
 32.2955
 31.4006
 29.1033
 25.632
 28.3725
 30.1164
 23.388
 29.8831
 26.0576
 30.0333
 28.2666
 20.2485
 30.133
 26.0768
 36.3868
 31.4802
 33.2566
 31.3688
 22.9129
 36.1386
 29.2404
 34.0441
 26.5518
 36.3043
 31.3369
 24.1868
 25.5539
 36.2077
 21.1187
 24.2487
 24.2487
 20.8087
 24.4949
 28.7402
 28.7402
 29.0345
 38.3406
 32.6497
 43.6348
 31.8591
 38.092
 30
 39.37
 30.5614
 33.541
 32.3265
 35.327
 34.7851
 34.7563
 28.9655
 36.2491
 28
 40.0125
 32.4346
 23.622
 26.4386
 30.5287
 30.5287
 31.5278
 37.1483
 32.7719
 34.1028
 34.1028
 35.6511
 35.0571
 34.7131
 34.1321
 34.1321
 36.973
 28.0535
 44.3283
 36.9459
 36.9459
 32.6803
 31.607
 31.1288
 31.1288
 30.5941
 32.4191
 29.9165
 29.9165
 29.4279
 29.4958
 32.3265
 36.8917
 22.1133
 20.3224
 35.6511
 35.2562
 19.2094
 32.6803
 34.2345
 15.4596
 24.8797
 29.9165
 29.1548
 29.1548
 22.1585
 36.5787
 24.8998
 24.8998
 31.305
 36.1663
 32.8177
 31.5911
 38.092
 35.327
 35.327
 34.3802
 31.5911
 32.7414
 32.7414
 30.9839
 26.096
 26.096
 26.096
 26.096
 26.7955
 34.2345
 34.2345
 29.3939
 33
 36.9053
 32.8177
 32.8177
 36.8646
 36.2491
 25.318
 25.318
 36.647
 36.6333
 18.4391
 18.4391
 29.95
 35.5106
 21.7945
 21.7945
 29.0345
 38.1314
 28.6531
 28.6531
 38.0526
 33.8083
 35.4683
 35.4683
 34.6266
 37.6962
 32.0312
 32.0312
 27.4773
 31.9061
 30.133
 36.6606
 34.8281
 35.2278
 25.2587
 25.2587
 38.5876
 29.1204
 29.1204
 26.4386
 33.0606
 36.7696
 32.7109
 20.2237
 20.2237
 34.4674
 35.7351
 32.0624
 22.5832
 37.1214
 25.5343
 40.4351
 20.3715
 20.3715
 36.2767
 38.9358
 19.975
 35.171
 34.6266
 37.2961
 22.1359
 25.7876
 25.7876
 32.7719
 34.7563
 29.0689
 23.4521
 38.1314
 34.7419
 33.1059
 31.4643
 32.0624
 33.7046
 35.0143
 28.775
 37.4032
 37.4032
 22.8035
 32.619
 28.1069
 29.5127
 31.9687
 31.9687
 35.4965
 20.9762
 30.4138
 36.1386
 33.3017
 26.4197
 29.7321
 35.3129
 34.5977
 36
 27.2029
 16.6433
 29.1719
 35.8329
 36.6333
 27.9464
 25.5343
 33.0151
 37.8418
 23.3452
 18.8149
 21.6795
 33.2566
 24.3105
 27.6586
 20.6882
 40.0375
 32.8481
 31.4802
 25.5539
 34.0294
 31.0805
 25.4362
 34.6987
 32.5115
 33.4664
 32.665
 21.1896
 29.4958
 25.9422
 31.9687
 32.6497
 28.6705
 29.5466
 29.5466
 26.6833
 33.541
 26.9258
 26.9258
 24.1039
 28.8791
 29.5127
 26.1534
 29.6816
 25.2389
 34.1906
 30.1496
 30.1496
 32.8024
 33.4813
 31.9531
 31.9531
 31.9531
 24.1661
 35.9166
 22.5832
 31.9374
 28.3725
 22.7376
 22.7376
 22.7376
 31.4325
 32.7414
 28.7228
 28.7228
 28.7228
 28.7228
 28.3373
 32.6497
 30.6594
 31.1609
 32.6037
 33.7787
 36.4417
 31.4643
 35.2846
 35.805
 29.7321
 33.8378
 33.541
 27.1477
 30.8545
 38.1051
 30.282
 31
 27.0185
 28.6531
 33.1361
 25.5539
 22.8035
 25.0799
 23.4734
 0
 23.3238
 33.6898
 28.3549
 25.02
 29.1376
 25.5734
 26.9258
 32.0312
 30.7246
 34.0588
 28.3725
 37.3363
 21.8174
 24.5764
 32.7261
 28.931
 35.2704
 36.0278
 23.6643
 27.4408
 0
 35.7911
 31.289
 34.5832
 31.0644
 25.8457
 35.3695
 31.9218
 30.4138
 30.1993
 30.1993
 0
 0
 27.7849
 34.9142
 0
 29.189
 29.189
 22.7816
 29.7321
 33.3617
 31.3688
 36.524
 26.7769
 31.5436
 33.2415
 38.1182
 27.7849
 28.3373
 33.3766
 38.2884
 27.9464
 25.0599
 25.2587
 26.2107
 33.7787
 29.4958
 24.4336
 25.02
 0
 27.6586
 24.5153
 25.2389
 25.5343
 31.0966
 31.4643
 29.2404
 26.9629
 33.1361
 20.8567
 20.8567
 20.8567
 27.4226
 28.4429
 21.4709
 33.0757
 0
 32.8329
 32.665
 19.0526
 34.4384
 28.178
 26.1916
 31.0966
 28.2489
 18.0278
 29.95
 34.0881
 26.8328
 33.0303
 30.0998
 35.6931
 33.7046
 17.2337
 25.2389
 35.4401
 29.5127
 15.4596
 33.9853
 25.2785
 27.1477
 27.2947
 29.189
 30.348
 16.6433
 33.8969
 33.8969
 33.8969
 0
 29.9165
 27.6043
 23.4094
 29.9165
 19
 24.5561
 23.4307
 31.1288
 27.3861
 20.347
 26.3059
 26.4764
 22.561
 28.3901
 20.3224
 25.3772
 22.3383
 20.8806
 28.8097
 19
 27.3679
 25.2785
 27.5318
 21.9545
 0
 19.6723
 25.7682
 28.8097
 29.0689
 24.1868
 27.5862
 26.9258
 19.5704
 29.1719
 26.4197
 24.6779
 30.2324
 33.1059
 18.9473
 29.3258
 32.7719
 24.8193
 24.8193
 0
 18.412
 28.3373
 26.4764
 28.3901
 30.692
 23.4307
 28.7576
 18.4391
 29.3087
 32.6497
 29.1548
 22.0907
 26.533
 17.2337
 30.348
 25.5147
 30.8221
 32.6343
 36.1386
 27.7489
 22.9129
 22.1359
 31.4166
 28.178
 34.5398
 20.0749
 26.9629
 35.0571
 26.5141
 18.5742
 28.3901
 25.9615
 32.0156
 0
