 21.7945
 21.7945
 16.5529
 20.567
 17.1756
 21.7945
 27.1846
 35.4542
 30.5287
 43.7264
 40.5709
 46.5833
 39.4335
 47.2123
 37.108
 46.7226
 36.0139
 46.8828
 33.9853
 40.2989
 34.9571
 44.2945
 42.1545
 37.4433
 36.8375
 46.5081
 32.249
 33.0151
 40.0874
 26.9258
 45.2769
 31.8591
 39.1024
 35.0428
 21.7256
 34.9428
 43.7379
 44.643
 22.7156
 33.2716
 56.0357
 49.8799
 22.6274
 37.8021
 50.7839
 56.3116
 32.4808
 22.6274
 46.6047
 22.5832
 34.6554
 48.7545
 36.7831
 20.9284
 37.6032
 38.4448
 54.9636
 20.8327
 40.8412
 56.5862
 56.5862
 38.8072
 0
 30.2655
 43.7607
 0
 32.9697
 38.5876
 0
 41.7732
 37.3363
 56.3205
 38.9487
 62.6259
 33.0757
 56.8683
 28.5307
 46.7333
 34
 40.9268
 48.1248
 43.1509
 59.3801
 39.281
 60.5475
 31.607
 59.6574
 30.4302
 48.2804
 38.4838
 40.8412
 40.4846
 55.4256
 60.4649
 42.4146
 64.2962
 36.6333
 52.915
 25.2785
 28.9655
 45.1664
 55.3263
 43.2319
 40.8534
 58.1808
 35.8329
 0
 33.9706
 61.8223
 54.5619
 35.2987
 58.2924
 43.4856
 65.4981
 43.4051
 64.9461
 39.37
 39.2428
 31.1448
 47.0319
 25.0799
 32.7109
 45.3542
 50.3488
 44.6206
 64.436
 35.0143
 29.5635
 68.1762
 37.9605
 65.643
 57.3847
 56.2672
 66.3174
 44.3509
 68.4617
 42.7434
 59.0593
 38.0789
 47
 27.6948
 49.7795
 27.9106
 42.72
 36.8511
 57.7408
 36.6197
 65.9545
 32.1714
 70.9013
 35.8469
 65.7191
 55.6417
 68.0735
 55.4527
 69.1737
 33.121
 59.1777
 46.2493
 38.9358
 49.8096
 52.5167
 25.3377
 27.0555
 47.7598
 57.1139
 35.8469
 31.273
 57.7754
 71.7983
 38
 57.4369
 72.6774
 65.7039
 63.8357
 56.2583
 73.8444
 50.01
 63.0159
 52.5452
 46.2925
 33.9117
 38.7943
 28.7576
 50.9215
 30.1662
 39.3192
 42.1545
 38.3014
 40.4104
 65.6582
 74.2698
 53
 71.1829
 69.9786
 75.0267
 64.6065
 23.3024
 54.0555
 67.0298
 67.0298
 57.8533
 50.5866
 46.4112
 51.2055
 37.027
 54.4334
 45.1442
 25.6905
 41.1704
 35.0999
 35.0999
 51.4296
 38.3927
 59.5063
 56.8067
 70.6824
 77.4855
 75.452
 73.4439
 70.3847
 67.3276
 56.5243
 57.836
 55.1453
 54.4794
 52.5928
 47.6445
 45.8912
 31.5278
 37.3363
 30.7246
 40.0874
 41.1704
 56.5774
 51.1957
 67.6166
 75.0533
 78.9557
 78.4156
 74.793
 74.2832
 65.3452
 62.458
 42.6497
 55.6058
 57.1577
 51.1175
 36.9324
 43.7264
 35.1994
 29.9333
 40.3237
 29.9833
 37.9605
 46.9042
 57.7754
 58.3095
 74.6525
 76.5702
 53.2353
 73.4847
 75.0467
 65.4217
 64.2495
 54.2402
 54.0463
 49.0102
 59.1185
 51.1371
 50.4183
 43.7264
 59.4054
 26.7582
 35.426
 57.3934
 43.6692
 68.4982
 68.4982
 68.4982
 65.8331
 53.9259
 79.0316
 63.2614
 71.5821
 50.774
 61.3433
 40.2865
 40.2865
 53.1413
 65.3452
 52.2877
 63.7574
 39.9375
 59.6322
 30.692
 53.3854
 28.3901
 28.3901
 57.28
 57.28
 61.7009
 48.8262
 69.6563
 80.796
 80.796
 68.5201
 68.5201
 74.8599
 39.2301
 39.2301
 52.8583
 35.1141
 35.1141
 66.2118
 66.2118
 54.1295
 41.2795
 54.7905
 54.7905
 54.7905
 38.1182
 29.3087
 36.7151
 45.1221
 74.505
 66.8954
 66.8954
 80.6412
 67.8307
 77.6724
 63.6632
 66.4831
 89.3085
 42.1545
 82.0731
 53.3948
 48.9285
 63.1902
 55.9106
 55.9106
 58.112
 58.112
 30.6105
 30.6105
 30.6105
 31.3688
 0
 0
 49.7494
 49.8096
 69.217
 69.217
 69.217
 80.5543
 43.8064
 43.8064
 0
 0
 0
 0
 0
 0
 0
 0
 0
 0
 0
 32.7719
 65.3299
 56.8858
 56.8858
 56.8858
 72.5741
 56.6569
 56.648
 60.3573
 60.3573
 43.1856
 61.4898
 60.8276
 60.8276
 30.8869
 47.8121
 56.701
 56.701
 64.2184
 64.2184
 41.5211
 47.8748
 58.9915
 72.9931
 72.9931
 73.858
 52.8961
 52.8961
 52.8961
 88.6397
 65.5591
 65.5591
 65.5591
 65.5591
 45.1885
 53.2635
 53.2635
 40.9756
 54.8544
 92.8009
 92.8009
 92.8009
 55.5338
 77.7496
 59.5987
 59.5987
 59.2959
 62.53
 62.53
 62.53
 61.8547
 50.4678
 44.1248
 0
 28.9482
 28.9482
 46.6047
 0
 0
 47.4552
 55.0273
 55.0273
 34.8138
 41.8688
 47.0106
 0
 0
 0
 0
 0
 0
 49.1732
 45.0888
 45.0888
 69.2387
 40.6571
 40.6571
 40.6571
 67.6831
 88.4703
 88.4703
 88.4703
 88.4703
 44.6878
 44.6878
 50.4381
 50.4381
 84.729
 56.6216
 55.9732
 48.3011
 0
 0
 0
 0
 0
 0
 0
 43.0233
 49.2747
 0
 0
 0
 33.2114
 40.8779
 51.449
 25.671
 59.0085
 36.4829
 48.156
 41.5933
 39.7869
 39.7869
 73.8783
 73.8783
 42.6028
 42.6028
 42.391
 78.1537
 69.5773
 69.5773
 82.4318
 47.0532
 40.8289
 49.4975
 67.2384
 36.5103
 55.8838
 73.1027
 48.7545
 48.7545
 48.7545
 92.0978
 92.0978
 60.2827
 94.6731
 94.6731
 69.8355
 69.8355
 84.7762
 50.8626
 50.8626
 47.8957
 77.4403
 77.4403
 42.5911
 52.2972
 59.3885
 59.3885
 59.3885
 50.547
 60.2827
 60.2827
 47.4447
 57.1577
 57.1577
 47.5079
 65.8711
 65.8711
 44.911
 44.911
 44.911
 44.911
 44.911
 75.6968
 75.6968
 41.821
 41.821
 41.821
 41.821
 48.2183
 48.2183
 25.7876
 35.1568
 80.8084
 40.0125
 40.0125
 68.6586
 68.6586
 68.8694
 50.3289
 54.8726
 54.8726
 54.8726
 54.8726
 54.2586
 35.426
 35.426
 35.426
 35.426
 35.426
 35.426
 35.426
 54.5527
 55.6147
 55.6147
 55.6147
 55.6147
 52.1057
 56.3028
 42.5793
 42.3202
 88.3572
 62.9365
 50.6656
 50.6656
 73.9392
 74.8131
 38.5227
 49.5278
 49.5278
 49.5278
 58.3181
 43.9659
 46.8402
 62.2254
 62.2254
 43.9773
 48.949
 44.2945
 84.7821
 84.7821
 39.3827
 0
 0
 0
 44.7772
 44.7772
 52.8015
 33.1964
 51.1762
 51.1762
 35.8887
 34.6554
 43.4626
 43.4626
 61.5224
 32.4346
 58.3952
 51.3323
 50.9411
 61.709
 37.3631
 35.4824
 35.4824
 64.6142
 64.6142
 34.9714
 55.0727
 44.1362
 46.8081
 46.8081
 43.0349
 47.8435
 47.8435
 0
 0
 48.6415
 48.6415
 48.6415
 46.8722
 88.8032
 88.8032
 88.8032
 88.8032
 45.1553
 87.47
 54.231
 41.4126
 59.0762
 71.1899
 48.7032
 48.7032
 55.1906
 41.328
 33.0908
 33.0908
 49.6991
 38.4708
 63.9766
 43.1856
 72.2357
 72.2357
 72.2357
 41.7732
 30.348
 45.2438
 43.1393
 53.6936
 47.1063
 35.6371
 48.6826
 55.4797
 44.5758
 44.5758
 0
 38.1182
 56.0803
 56.0803
 39.0512
 39.0512
 45.8476
 65.3146
 24.2487
 46.1844
 46.1844
 40
 61.709
 37.5366
 24
 65.6734
 61.9758
 94.6678
 49.3761
 40.1497
 52.7636
 55.9464
 26.1151
 26.1151
 26.1151
 33.121
 26.0768
 56.8243
 50.03
 45.607
 35.4401
 35.4401
 66.8655
 23.1948
 53.9259
 53.9259
 53.9259
 53.9259
 101.287
 72.3049
 35.1141
 35.1141
 21.7256
 36.9324
 67.4833
 49.0816
 35.6791
 21.7715
 62.7615
 33.0606
 42.9069
 42.9069
 21.8403
 41.2189
 51
 67.3276
 67.3276
 21.7715
 48.7545
 58.9406
 48.1144
 77.2399
 77.2399
 77.2399
 50.2295
 50.2295
 42.4382
 77.4532
 42.72
 61.2617
 22.6053
 33.0606
 43.8634
 49.6286
 46.4004
 61.0574
 23.5372
 23.5372
 23.5372
 23.5372
 23.5372
 0
 0
 0
 0
 33.0303
 61.131
 61.131
 61.131
 27.8209
 43.6807
 64.3273
 75.9013
 75.9013
 45.111
 45.111
 45.8694
 47.4447
 83.8809
 40.0874
 70.4131
 41.7852
 37.3765
 45.0555
 58.112
 33.121
 58.0603
 58.0603
 56.8419
 74.2832
 51.0196
 50.5074
 36.5513
 36.5513
 76.2561
 76.2561
