 17.3781
 15.6844
 13.7113
 16.4012
 14.1067
 9
 14.8661
 6.08276
 10.6771
 17.5214
 14.0357
 12.49
 12.6491
 12.2882
 8.60233
 13.5277
 14.7309
 9.74679
 13.9284
 9.8995
 12.1655
 9.21954
 13.8924
 14.4568
 12.8062
 12.2474
 14.1067
 11.6619
 12.3693
 15.5242
 15
 13.1909
 11.5326
 14.7648
 9.53939
 8.24621
 14.7986
 13
 8.66025
 10.5357
 11.7047
 10.8167
 8.66025
 8.12404
 12.083
 11.6619
 10.0499
 8.66025
 10.6771
 7.87401
 8
 9.32738
 10.9545
 8.66025
 1.73205
 12.6491
 16.5529
 8.66025
 14.0712
 12.8062
 0
 13.5647
 0
 17.7764
 10.0995
 0
 15.5242
 10.4403
 10.4403
 13
 9.74679
 13.2288
 10.7238
 12
 11.6619
 12.2474
 13.1909
 13.7113
 11.2694
 13.4907
 14.3178
 13.1529
 11.7898
 14.7986
 11.225
 14.8997
 10.4881
 15.4919
 8.18535
 13.1909
 10.4881
 12.0416
 13.2665
 9.69536
 11.7898
 10.4403
 11.7898
 14.6629
 12.53
 14.4568
 14.3875
 14.6969
 13.4536
 13.7477
 12.4097
 14.3875
 0
 15.6844
 10.3923
 10.583
 16.2788
 13.1149
 10.1489
 13.4536
 13.0384
 13.8564
 13.1909
 14.2829
 13.9642
 14.5945
 15.1658
 15.1327
 14.7648
 14.7309
 13.0384
 10.0995
 15.8745
 17.1756
 10.4403
 18.6815
 13
 14.6969
 11.7898
 14.2478
 14.8324
 13.1149
 13.8924
 16.5227
 13.1529
 15.3623
 14.2478
 13.8924
 12.9615
 13.0384
 12.083
 13.8924
 14.8997
 11.6619
 17.7764
 10.583
 17.3205
 13.0384
 16.6433
 13
 13.5277
 14.8324
 13.4907
 16.5227
 13.8924
 11.4018
 16.2173
 16.4924
 15.1327
 16.6433
 13.8924
 14.7648
 15.4919
 16.6132
 14.7648
 12.5698
 16.4012
 16.5529
 13
 14.7309
 15.8745
 12.9228
 14
 10.1489
 14.7986
 17.8326
 11.2694
 14.7309
 11.5758
 13.5647
 13.2665
 16.6733
 15.1987
 13.2288
 14.7648
 17.1172
 13.9642
 12.1244
 18.3303
 14.0357
 16.4924
 13.7113
 15.4919
 8
 15.6205
 14.1774
 0
 16
 13.8564
 13.1909
 15.0333
 13.4907
 12.1655
 15.1327
 15.4596
 13.5277
 16.7033
 16.7033
 16.7332
 17.2337
 15.0997
 17.8606
 17.3494
 14.2478
 15.9374
 14.5602
 17.7764
 13.7113
 15.4596
 19.1572
 16.5529
 13.0384
 14.3178
 12.1655
 14.8324
 15.3623
 15.6525
 11.3137
 17.2047
 16.1555
 18.3576
 12.083
 15.6205
 14.1067
 13.9642
 17.8326
 18.0278
 12.0416
 13.784
 19.4936
 14.0357
 18.2209
 17.8326
 13.7477
 13.8924
 14.1067
 15.906
 12.9228
 17.8045
 17.088
 16.4317
 11.0454
 4.24264
 14.9332
 13.0384
 11.3578
 14.2829
 14.8997
 12.53
 15.5563
 14.2478
 17.3494
 13.8924
 17.6635
 13.8924
 14.5258
 15.1658
 14.1067
 18.412
 14.8661
 15.5242
 12.8062
 15.1987
 25.865
 19.3649
 14.8997
 13.2665
 14
 14.8997
 14.5258
 14.4914
 18.2209
 14.0357
 15.8114
 14.1067
 14.8661
 14.7986
 13.5647
 12.9228
 13.8924
 12.53
 13.6382
 5.19615
 14.4914
 13.1909
 19.0788
 15.6844
 15.6205
 14.7309
 7.74597
 16.7332
 17.1172
 16.5831
 16.3401
 19.6977
 15.6205
 12.7671
 15.8114
 19.1311
 12.7671
 15.3948
 15.3948
 13.5277
 13.9284
 16.5227
 16.5227
 14.9332
 20.445
 15.1987
 22.1585
 14.6969
 19.0526
 14.7648
 17.8606
 15.6205
 19.3132
 15.906
 19.105
 16.7033
 17.7482
 13.6748
 16.8523
 17.5499
 19.5704
 17.4356
 14.3178
 15.6205
 19.4165
 19.4165
 15.9687
 21.8632
 18.7617
 21.0238
 0
 19.0263
 16.7332
 18.412
 17.3494
 17.3494
 20.8327
 14.7648
 36.7423
 19.4422
 19.4422
 15.1658
 19.3649
 19.7737
 19.7737
 13.4907
 17.6918
 15.906
 15.906
 15.9687
 14.1774
 18.6548
 24.4336
 15.3948
 7.74597
 19.0263
 18.2757
 14.7648
 16.7631
 18.2757
 14.6629
 16.4924
 18.2483
 15.7162
 15.7162
 15
 20
 14.8324
 0
 15.5563
 16.9115
 18.3576
 15.1658
 19.4936
 18.1384
 18.1384
 13.5277
 17.4356
 19.2873
 19.2873
 15.906
 20.2485
 20.2485
 20.2485
 20.2485
 17.088
 15.3297
 15.3297
 15.1658
 15.3623
 20.2731
 19.975
 19.975
 18.6011
 18.4662
 14.1421
 14.1421
 20.3961
 19.975
 14.4222
 14.4222
 19.4422
 19.105
 14.1067
 14.1067
 15.3297
 19.8242
 19.7737
 0
 19.0788
 20.0998
 18.6815
 0
 19.5192
 18.412
 14.6969
 0
 16.8523
 14.9666
 19.1833
 18.2209
 17.5784
 16.6433
 16.7929
 16.7929
 21.8861
 14.8324
 14.8324
 15.1987
 15.6205
 20.9045
 17.6068
 8.7178
 8.7178
 18.412
 19.3649
 17.5214
 12
 20.6882
 14.9666
 21.4243
 10.9545
 0
 20.1246
 20.6398
 16.1245
 14.8661
 16.5227
 18.1384
 14.9332
 14.5602
 0
 17.4069
 17.1172
 15.4272
 14.0357
 18.7083
 18.6815
 19.0788
 17.088
 14.7648
 18.735
 20.347
 16.8226
 19.8746
 19.8746
 15.906
 17.6918
 14.8324
 13.8924
 17.8885
 17.8885
 16.4621
 10.4881
 18.3848
 21.1424
 16.1245
 12.49
 17.5499
 20.0998
 15.5563
 21.4476
 13.8924
 22.561
 14.7648
 20.025
 20.9045
 13.9642
 13.9642
 16.8523
 19.0788
 11.0454
 9.05539
 17.7764
 19.105
 10.6301
 16.7631
 15.9374
 23.9792
 17.4642
 17.6068
 14.8661
 17.9165
 15.6844
 12.9228
 17.8606
 18.2209
 17.088
 20.2731
 13.0384
 11.6619
 11.7047
 17.3781
 18.303
 16.7033
 17.3781
 17.3781
 14.2127
 20.6155
 15.906
 15.906
 13.0384
 21.4709
 15.6525
 14.0357
 13.1149
 9.32738
 20
 14.9666
 14.9666
 15.6525
 17.5499
 20.6398
 20.6398
 20.6398
 13.9642
 18.412
 13
 13.2288
 15.843
 10.4881
 0
 17.4642
 15.5885
 16.4924
 15.1658
 0
 0
 10.3923
 13.4907
 17.8606
 16.2788
 15.9687
 18.735
 18.303
 17.5499
 19.7484
 19.6469
 19.3907
 14.8997
 16.8226
 17.2627
 14.2829
 17.72
 19.0526
 14.7648
 17.3781
 12.4097
 16.7033
 14.2127
 13.1149
 7.4162
 17.4356
 14.4568
 0
 9.64365
 16
 15.6205
 16.5831
 19.7484
 9.79796
 11.0905
 15.3623
 19.105
 20.9762
 14.3178
 21.2603
 17.2337
 12.9615
 19.799
 12.8841
 18.6011
 21.0713
 12.4097
 13.8924
 0
 19.7484
 13.5647
 21
 15.4596
 14.0357
 18.7083
 18.303
 16.6132
 12.9228
 12.9228
 0
 0
 14
 18.0278
 18.0278
 14.8324
 9.59166
 15.3948
 15.6205
 17.8885
 17.8606
 22.7816
 13.8924
 17.4069
 18.2483
 19.105
 13.8203
 14.1421
 16.6733
 19.4679
 13.4164
 13.8924
 15.9374
 9.69536
 17.4356
 15.4919
 16.7929
 11.4018
 0
 15.3948
 14.7986
 13.6382
 16.2173
 16.6733
 14.3527
 18.2483
 13.5647
 19.0526
 15.1327
 9.8995
 9.8995
 14.7986
 15.3623
 13.9642
 19.8242
 0
 17.8606
 16.2173
 13.1529
 17.6068
 15.6205
 14
 14.8324
 15.3948
 9.38083
 14.3527
 16.0312
 13.4907
 15.7162
 15.4272
 19.0788
 15.6525
 10.0995
 10.583
 18.7617
 14.9332
 9.32738
 19.0263
 13.4536
 14.7309
 14.4914
 15.3297
 15.8114
 11.225
 18.2757
 14
 14
 0
 14.3875
 14.8661
 11.2694
 16.5227
 12.8452
 13.1909
 16.8523
 16
 15.5242
 12.0416
 16.7033
 15.4919
 12.8452
 11.1355
 11.5758
 14.6969
 12.2066
 18.3576
 14.3527
 11.3137
 14.2829
 13.2665
 13.1909
 17.8885
 0
 12.4097
 15.0997
 14.7309
 14.9332
 19.0263
 15.0997
 17.2627
 11.7898
 15.3948
 13.9642
 14
 14.7648
 14.1067
 13.1909
 16.5227
 16.3401
 14
 14
 0
 10.1489
 13.1149
 12.0416
 14.8661
 15.3623
 12.53
 14.0357
 10.1489
 13
 17.4356
 14.7648
 9.38083
 9.53939
 9
 16.0935
 13
 17.0587
 17.9165
 19.0263
 14
 10.6771
 9.69536
 17.8885
 14.7309
 18.5203
 12.1655
 11.4018
 19.1311
 14.1421
 9.69536
 17.6918
 11.8322
 17.2916
 0
