 16.4924
 28.7054
 31.4006
 28.8271
 31.0483
 20.0749
 33.6155
 24.6577
 28.3549
 3.4641
 39.3573
 35.4683
 40.8779
 38.8587
 32.4346
 37.1349
 32.9393
 33.0757
 27.1109
 23.4734
 15.8114
 19.8494
 12.1655
 12.1244
 18.412
 15.8745
 17.7482
 22.7596
 18.7617
 26.5518
 27.55
 18.1934
 28.0713
 33.8821
 12.4097
 10.583
 41.2674
 32.6803
 13.9642
 14.7309
 40.2492
 39.2428
 14.7309
 15.1987
 39.8372
 38.6264
 20.8806
 14.7309
 33.0908
 13.8924
 20.9284
 32.4654
 22.8692
 11.3137
 17.088
 13.8924
 42.0357
 13.8924
 13.8924
 33.7639
 0
 16.4924
 0
 21.7945
 26.1725
 0
 32.6343
 15.6844
 0
 34.1614
 13.8924
 42.3556
 15.6205
 40.4104
 18.1934
 34.5977
 28.6182
 28.688
 20.0749
 21.8861
 33.4216
 13.8924
 38.8587
 20.8567
 39
 17.3494
 33
 28.1957
 27.9106
 32.2955
 20.9762
 17.3494
 37.4166
 40.5339
 13.2288
 35.8887
 14.1421
 33.8083
 15.7797
 26.7021
 25.9037
 34.5977
 18.3848
 17.3494
 36.973
 20.9523
 0
 27.4226
 31.6228
 29.1719
 32.0156
 34.7131
 22.7596
 43.1277
 10.4403
 41.3642
 10.4403
 34.7419
 13.9284
 26.9444
 17.3781
 26.7395
 17.0294
 32.665
 14.7986
 36.1663
 22.1585
 27.9285
 33.8674
 34.2637
 35.7071
 42.2729
 32.45
 44.7996
 22.0454
 40.4475
 12.1655
 34.8712
 13.9284
 29.1033
 17.3781
 16.5831
 19.3391
 15.843
 28.8791
 38.4708
 22.6495
 39.2683
 27.7849
 37.7492
 32.7719
 36.2629
 41.9404
 44.5197
 32.218
 42.8952
 20.9284
 38.2623
 12.9615
 13.2288
 28.8791
 16.0624
 18.2209
 23.5797
 13.8924
 30.05
 21.6564
 26.9444
 39.5601
 41.3038
 31.4166
 43.7379
 39.5854
 47.4025
 36.2905
 31.3688
 46.0109
 20.9523
 35.819
 28.6531
 28.6531
 20.2485
 26.0192
 20.8087
 16.4621
 23.5584
 21.1424
 32.7261
 28.688
 33.0757
 42.8252
 41
 47.0532
 37.1618
 48.2494
 45.1774
 35.2987
 9.32738
 27.8209
 35.6371
 35.6371
 29.4958
 14.8997
 22.6274
 18.1659
 25.3377
 13.6748
 18.303
 21.7025
 28.9655
 26.9258
 0
 40.5216
 30.4302
 42.9185
 45.1774
 48.6518
 44.3396
 44.0341
 37.4967
 39.1918
 33.7194
 23.4094
 30.3315
 21.7256
 14.2829
 15.9687
 13.4907
 19.975
 23.6432
 25.1992
 22.9783
 31.289
 32.45
 43.3935
 39.6232
 47.0532
 42.8135
 41.2674
 49.2849
 45.1996
 36.5377
 30.545
 34.7851
 19.975
 22.8692
 16.7631
 18.303
 16.5227
 33.8231
 22.5832
 42.7668
 28.688
 24.3516
 35.609
 35.623
 37.0945
 43.1277
 43.7035
 44.1362
 38.6005
 41.833
 36.1386
 34.4238
 29.6142
 22.7816
 21.6795
 14.3527
 16.8226
 31.4166
 16.5529
 32.1248
 26.9815
 33.2716
 27.8388
 30.545
 36.647
 37.9078
 36.4417
 42.6146
 31.289
 44.2267
 39.6863
 29.5466
 35.1568
 21.5639
 28.7924
 16.7631
 15.6844
 22.7596
 16.5227
 29.5635
 19.975
 20.8567
 34.1174
 26.9444
 36.0416
 25.2785
 36.7696
 38.4318
 31.5436
 43
 42.8486
 26.4197
 41.3642
 41.3642
 33.9264
 33.9264
 38.1445
 24.3926
 24.3926
 15.1658
 15.1658
 6.9282
 6.9282
 6.9282
 5.19615
 5.19615
 34.1614
 0
 20.8087
 44.2606
 23.4947
 47.833
 34.7707
 49.1427
 41.6053
 37.1753
 41.3038
 48.7032
 38.4968
 47.9166
 33.0454
 43.0581
 26.0576
 37.3765
 16
 27.6043
 22.5389
 22.5389
 22.5389
 31.273
 0
 33.8969
 32.1714
 32.1714
 26.7769
 0
 0
 40.0874
 20
 48.6929
 48.6929
 48.6929
 38.8973
 34.7707
 47.1699
 0
 38.1576
 49.5883
 39.5474
 39.5474
 31.5595
 46.5618
 33.4066
 33.4066
 23.5584
 29.6142
 29.6142
 28.7402
 28.7402
 23.5797
 23.5797
 27.6225
 12.3693
 44.8776
 21.7945
 21.7945
 17.72
 19.0788
 19.0788
 19.0788
 26.2869
 48.621
 13.4907
 0
 21.4942
 41.6773
 19.3907
 34.4238
 28.3373
 16.7033
 16.7033
 20.664
 17.8606
 17.8606
 17.8606
 42.8602
 17.1464
 0
 0
 0
 13.5647
 29.8329
 29.8329
 12.2882
 19.1311
 44.4185
 20.8327
 0
 38.2492
 32.7109
 18.2757
 0
 0
 20.2731
 15.5885
 0
 18.2757
 49.3457
 17.3205
 0
 31.3528
 42.6028
 11.6189
 0
 31.289
 18.0278
 30.7571
 0
 0
 23.7697
 33.3916
 0
 35.8329
 41.7612
 21.8861
 17.3781
 33.7639
 33.8821
 14.2127
 14.2127
 46.4004
 17.4642
 17.4642
 27.2764
 29.4958
 50
 18.2757
 21.7486
 0
 30.4302
 43.6463
 23.6854
 11.2694
 38.2492
 11.5326
 47.8748
 19.5192
 0
 0
 28.7228
 28.7228
 28.7228
 19.4936
 48.734
 8.88819
 33.3167
 0
 20.0998
 37.3229
 10.3923
 35.1141
 22
 17.2916
 28.0535
 42.0357
 29.3087
 12.49
 20.347
 31.3209
 16.7332
 16.7332
 15.9374
 21.7025
 17.5499
 38.8201
 24.4131
 0
 35.426
 18.3848
 14.3178
 34.7419
 27.9285
 25.1992
 19.0526
 47.2017
 18.2757
 40.8289
 40.8289
 43.4396
 10.6771
 47.9687
 47.9687
 47.9687
 47.9687
 47
 42.4264
 23.0651
 11.5758
 2.44949
 38.6394
 26.9815
 30.5287
 3.87298
 32.7872
 24.2281
 39.2683
 6.55744
 21.8861
 21.8861
 10.5357
 36.5103
 18.4391
 35.5949
 14.5258
 20.8806
 20.3224
 27.4408
 21.7256
 20.347
 15.1658
 22.1585
 22.1585
 10.4403
 28.2666
 14.3527
 14.3527
 9.53939
 16.2788
 7.74597
 6.16441
 33.9264
 31.8748
 10.0995
 15.906
 15.906
 26.1725
 33.8378
 33.0757
 0
 0
 9.27362
 46.0869
 21.1424
 16.5529
 8.12404
 8.12404
 8.12404
 8.12404
 10.5357
 47.1275
 10.583
 0
 0
 0
 31.5278
 44.3058
 33.7046
 27.6406
 18.303
 33.7935
 34.7131
 41.6893
 41.6893
 36.8917
 30.4138
 17.8606
 32.249
 6.9282
 6.9282
 32.9848
 24.4131
 23.8956
 23.8956
 13
 15.7162
 17.0294
 15.3297
 15.3297
 15.3297
 15.3297
 25.2587
 32.2645
 11.5326
 15.3297
 18.2209
 29.6142
 20.0499
 33.0908
 1.73205
 14
 24.4336
 36.8782
 0
 17.8326
 14.1067
 22.3383
 32.1714
 27.7849
 6.9282
 3.74166
 0
 46.8935
 46.8935
 19.0788
 13.8564
 1.73205
 45.1664
 45.1664
 21.8403
 21.8403
 21.8403
 21.8403
 0
 31.1769
 36.6606
 0
 35.609
 35.609
 5.19615
 37.3229
 32.1559
 44.2945
 34.5832
 31.0644
 21.5639
 34.5688
 20.6155
 25.7682
 23.4307
 25.671
 14.0357
 14.0357
 5.09902
 8.88819
 28.6705
 12.083
 10.4403
 10.4403
 9.64365
 9.64365
 19.8242
 6
 31.5753
 4.24264
 12.3693
 29.6142
 17.2337
 21.9317
 15.5885
 0
 0
 0
 17.1172
 7
 24.8596
 24.8596
 0
 33.8526
 33.8526
 27.0185
 9.53939
 15.1658
 3.4641
 46.4327
 34.3948
 26.9444
 26.9444
 13.8924
 2.44949
 37.4299
 29.7321
 20
 20.8806
 24.3311
 11.6619
 27.8388
 27.9106
 25.1794
 23.5584
 27.4591
 9.53939
 23.4307
 33.8526
 16.4924
 24.3721
 13.4536
 13.4536
 0
 0
 20.8567
 10.3923
 20.8567
 10.3923
 24.6779
 6.9282
 2.44949
 20.9762
 21.8861
 23.4734
 24.0832
 6.85565
 32.665
 11.8322
 24.2899
 6.08276
 23.3666
 0
 10.7238
 23.4307
 8.83176
 22.5389
 19.105
 19.105
 19.105
 23.4947
 20.2731
 7.81025
 16.2788
 1.41421
 1.41421
 32.4346
 21.7486
 10.3923
 10.3923
 2.44949
 2.44949
 32.2025
 21.7256
 23.8537
 36.5513
 36.5513
 0
 0
 23.4307
 23.4307
 28.6531
 12.9228
 37.7359
 2.44949
 2.44949
 24.454
 6.245
 1.41421
 29.1376
 2.44949
 2.44949
 22.6274
 16.1555
 16.1555
 34.4529
 6
 32.2335
 32.2335
 6
 6
 2.44949
 13.8924
 20.4206
 14.2829
 14.2829
 6.08276
 21.0238
 21.0238
 10.8628
 20.3224
 20.3224
 20.3224
