 36.1248
 33.8526
 16.7332
 20.2731
 14.9666
 14.9666
 32.1559
 40.1123
 35
 45.1885
 44.7214
 49.295
 41.7013
 49.6185
 44.3734
 47.8644
 34.2929
 45.1885
 32.2025
 39.0768
 28.0535
 43.1393
 37.3631
 29.7321
 31.4643
 39.8999
 35.4119
 31.257
 46.2061
 44.1814
 50.3587
 28.3019
 51.4879
 51.0294
 28.6531
 29.8329
 52.1249
 50.03
 29.7153
 32.4346
 54.4518
 49.1325
 29.1719
 42.332
 44.7549
 52.2398
 42.3084
 28.5132
 44.8776
 27.258
 44.8776
 52.7731
 34
 26.7955
 41.2795
 34.5688
 55.0182
 27.8029
 37.0945
 48.8569
 0
 43.5775
 0
 47.833
 38.6135
 0
 0
 33.1512
 0
 0
 33.3617
 55.7225
 35.4824
 53.0189
 44.2719
 39.975
 46.7119
 39.2046
 48.0937
 33.1512
 51.0098
 37.108
 58.6259
 44.2945
 49.558
 48.2804
 39.9124
 57.4456
 45.0999
 56.5155
 31.289
 33.2415
 55.848
 52.6308
 39.6106
 45.1885
 49.4065
 35.9861
 48.1768
 52.2685
 33.9264
 54.8179
 35.1994
 46.3033
 56.4978
 53.2729
 53.2729
 60.2578
 37.3765
 48.1248
 58.0086
 58.2838
 31.4006
 59.4979
 35.819
 43.1509
 41.3159
 34.641
 49.7896
 34.3074
 52.1536
 56.3205
 36.6742
 50.8626
 48.3322
 58.2151
 53.7122
 61.1801
 47.8226
 62.9047
 34.7707
 57.3847
 50.6162
 54.5802
 28.8097
 41.8569
 33.121
 54.9909
 43.6921
 34.4384
 55.6507
 37.3765
 57.0088
 47.9687
 57.3411
 56.701
 59.8164
 55.6597
 62.6099
 43.4511
 60.5145
 63.4665
 57.4543
 56.0535
 43.5546
 41.7253
 29.1376
 58.4466
 37.9605
 49.2341
 35.2704
 34.7707
 55.6597
 53.6936
 49.7695
 58.3781
 59.8749
 64.9461
 58.1722
 55.6327
 64.3894
 64.0859
 38.7298
 60.3821
 62.2013
 45.8803
 45.8476
 35.1283
 61.6685
 37.1349
 43.9318
 36.8239
 56.8067
 59.95
 49.4672
 57.7321
 60.6383
 59.0339
 68.0368
 67.5574
 62.7375
 51.303
 67.3498
 35.6791
 65.4523
 48.7647
 60.2246
 25
 33.1059
 66.2042
 66.2042
 36.9459
 37.4833
 47.0744
 35.6371
 59.95
 51.6527
 63.3877
 63.0159
 66.6108
 69.1592
 69.1592
 52.2877
 67.6092
 61.7333
 58.5662
 64.6529
 51.2543
 45.3762
 33.7639
 67.2533
 65.0922
 65.0922
 39.064
 33.0454
 42.8135
 49.4166
 54.1849
 63.4114
 63
 70.8308
 66.5733
 71.3583
 65.9318
 55.5158
 69.4478
 66.6033
 61.7252
 44.3847
 51.7784
 39.281
 53.2447
 46.6262
 53.4509
 35.8469
 34.2783
 42.6263
 45.9239
 59.1101
 55.5878
 66.9029
 66.4906
 68.9783
 61.8223
 62.5939
 67.6092
 57.1052
 62.6658
 55.6687
 53.9073
 47.833
 44.8219
 55.9732
 44.8888
 46.2817
 34.3511
 35.4401
 43.715
 59.1861
 47.3181
 68.7532
 59.127
 68.9565
 65.4599
 65.3529
 62.8729
 62.849
 32.2025
 54.7905
 61.7171
 65.8255
 78.5239
 36.4829
 62.7933
 67.335
 46.1844
 46.1844
 42.6028
 58.7792
 36.5513
 65.3452
 33.8821
 33.8821
 62.9524
 62.9524
 70.3278
 57.3324
 66.7757
 66.7757
 58.1636
 65.3376
 65.6734
 48.7237
 70.9013
 34.4529
 34.4529
 63.4744
 63.4744
 63.4744
 34.6554
 58.2838
 39.6737
 39.6737
 67.0895
 67.0895
 67.0895
 53.6283
 63.3482
 58.6515
 58.6515
 60.2661
 72.8903
 61.3351
 76.5768
 60.3821
 56.3294
 68.5784
 69.6204
 46.3357
 66.1287
 33.4515
 60.3158
 63.3246
 67.0224
 67.0224
 68.1909
 37.3229
 54.037
 38
 52.5452
 63.9531
 55.6327
 55.6327
 66.4455
 71.2952
 71.2952
 77.6273
 77.6273
 77.6273
 57.2975
 75.3857
 70.3704
 70.3704
 70.3704
 47.7179
 47.7179
 69.5557
 69.5557
 35.5809
 57.6888
 57.6888
 57.6888
 57.6888
 62.7933
 80.343
 80.343
 80.343
 53.2916
 53.2916
 39.2683
 39.2683
 66.4003
 62.6817
 43.9204
 55.5248
 55.5248
 29.1204
 29.1204
 61.1555
 48.9081
 57.3672
 57.3672
 65.2074
 47.7703
 64.5136
 64.5136
 64.3195
 47.8226
 77.6402
 49.4975
 58.7367
 73.8715
 73.8715
 73.13
 29.1204
 29.1204
 29.1204
 29.1204
 40.9023
 40.9023
 0
 0
 0
 0
 0
 0
 39.3446
 34.4238
 63.8044
 63.8044
 50.8724
 75.4321
 35.609
 0
 0
 29.4958
 53.0377
 53.0377
 36.647
 81.7374
 62.5939
 62.5939
 63.773
 63.773
 57.5413
 57.5413
 51.1566
 70.8943
 56.6304
 56.6304
 75.2861
 33.9117
 46.4327
 0
 0
 0
 37.5633
 71.211
 71.211
 74.0878
 53.9259
 53.9259
 66.0606
 71.1899
 71.1899
 71.1899
 66.0606
 66.0606
 66.8655
 66.8655
 66.8655
 66.8655
 51.5946
 38.4838
 38.4838
 48.9387
 35.0143
 56.8155
 48.9796
 0
 0
 0
 44.2945
 34.7707
 31.607
 31.607
 61.0574
 35.171
 0
 49.5379
 50.5074
 63.7887
 63.7887
 45.3542
 55.3173
 65.1153
 65.1153
 49.0204
 33.9117
 75.9539
 47.9062
 73.8715
 73.8715
 46.5725
 46.5725
 62.1852
 49.0408
 68.5711
 68.5711
 77.3175
 77.3175
 65.7571
 70.647
 66.8506
 66.8506
 59.9166
 59.6322
 41.3884
 41.3884
 41.3884
 49.7594
 31.209
 64.8999
 40.8779
 40.8779
 40.8779
 82.547
 65.1076
 51.9326
 51.9326
 50.4777
 77.2334
 50.9902
 50.9902
 59.975
 30.692
 30.692
 30.692
 61.1474
 34.0588
 34.0588
 34.0588
 34.0588
 34.0588
 34.0588
 53.7866
 33.1813
 33.1813
 33.1813
 33.1813
 66.7757
 66.7757
 66.7757
 66.7757
 43.1741
 73.5051
 51.9808
 51.9808
 37.7094
 37.7094
 74.8665
 34.7563
 74.7395
 74.7395
 74.7395
 69.5198
 69.5198
 62.1289
 62.1289
 69.2315
 69.2315
 69.2315
 69.2315
 55.2178
 31.8748
 45.8476
 45.8476
 45.8476
 45.8476
 45.8476
 45.8476
 45.8476
 55.0454
 55.0454
 55.0454
 55.0454
 55.6507
 55.6507
 55.6507
 41.5692
 32.7567
 42.5558
 42.5558
 42.5558
 69.9857
 74.8198
 74.8198
 74.8198
 39.1024
 61.2781
 26.096
 26.096
 35.0571
 33.0908
 33.0908
 33.0908
 49.548
 43.6234
 83.0301
 83.0301
 83.0301
 83.0301
 57.7754
 98.4429
 98.4429
 98.4429
 98.4429
 98.4429
 58.1636
 58.6259
 38.9615
 70.1427
 70.1427
 70.1427
 62.849
 57.7668
 61.1392
 61.1392
 49.4065
 62.554
 62.554
 33.0606
 33.0606
 61.7252
 61.7252
 58.0689
 54.1572
 37.1349
 76.5114
 34.4238
 38.8973
 47.8748
 47.8748
 0
 0
 0
 0
 0
 42.5911
 82.1523
 35.3695
 60.531
 60.531
 52.6308
 28.7054
 62.2174
 37.9078
 34.0441
 68.4251
 47.8017
 29.5973
 49.93
 58.2924
 31.273
 34.0588
 41.9047
 37.7359
 31.305
 42.1782
 42.2847
 42.2847
 0
 41.8091
 33.8969
 33.8969
 46
 50.1498
 54.4518
 46.2169
 54.7266
 65.3299
 40.939
 40.939
 40.939
 44.2267
 56.0625
 40.4475
 69.4622
 69.4622
 47.2969
 38.0789
 28.9137
 45.8585
 50.6458
 33.4066
 57.0789
 57.0789
 28.4429
 35.0143
 62.7615
 62.7615
 63.435
 46.9787
 52.2972
 52.1728
 29.2062
 29.2062
 28.931
 49.7896
 31.0483
 57.7148
 50.8232
 46.0326
 46.0326
 53.5817
 50.4579
 27.2397
 49
 49
 49
 0
 0
 0
 0
 26.7769
 26.2488
 49.8598
 49.8598
 52.8394
 34.7563
 26.0768
 35.6511
 42.9302
 69.4982
 69.4982
 26.0576
 49.7795
 55.3082
 66.0303
 66.0303
 25.5734
 59.4979
 50.9608
 37.8153
 39.064
 0
 25.5343
 49.4874
 49.4874
 56.8155
 44.6542
 59.2368
 57.4891
 24.6374
 57.1577
 40.7063
 48.1871
 44.2945
 44.2945
 25.0599
 67.2235
 67.2235
 92.3472
 92.3472
 92.3472
 92.3472
 45.1885
 72.374
 51.6236
 57.8014
 57.8014
 44.8999
 26.4764
 47.7598
 63.4902
 55.3715
 55.3715
 51
 26.5141
 26.5141
 41.4608
 46.6798
 65.7799
 34.6266
 34.6266
 36.5377
 43.2897
 59.3549
 34.1467
 25.865
 48.2804
 34.7131
 50.6754
 49.3255
 42.0595
 43.3128
 43.3128
 42.0476
 0
