 14.2478
 13.9642
 13.5277
 18.1934
 13.7113
 12.8841
 11.2694
 2.64575
 9.84886
 9.84886
 8.42615
 6.78233
 5.74456
 3.60555
 5.19615
 2.44949
 8.7178
 13.8564
 12.4097
 13.1149
 9.38083
 7.28011
 9.8995
 14.3178
 14
 11.7898
 11.8322
 14.7309
 10.0499
 14.7309
 10.9545
 13.2288
 24.454
 8.544
 5.47723
 8.94427
 3.4641
 13.9642
 5.47723
 11.225
 13.0384
 1.73205
 6.08276
 8.88819
 1.41421
 11.7898
 12.1655
 6
 13.0384
 6.9282
 13.8924
 6.08276
 10.583
 5.19615
 8.66025
 9.79796
 6.9282
 5.19615
 13.9642
 2.44949
 0
 11.5326
 0
 9.38083
 13.0384
 0
 7.93725
 6.9282
 0
 10.0499
 12
 5.47723
 9.53939
 7.87401
 12.0416
 8.66025
 13.0767
 8.83176
 4.89898
 12.8452
 6.48074
 13.6748
 9.53939
 14.3527
 6.9282
 10.5357
 8.12404
 11.225
 10.3923
 9.21954
 9.69536
 10.0995
 11.7047
 7.07107
 11.6189
 9.79796
 5.56776
 11.5326
 13.9642
 14.4914
 12
 11
 11.2694
 13.5647
 8.48528
 13
 0
 10.1489
 1.73205
 15.6525
 12.49
 8.83176
 6.63325
 9.21954
 8.66025
 12.2474
 11.225
 12.8062
 8
 11.0454
 14.7648
 15.906
 9.53939
 11.0905
 12.53
 11.225
 13
 8.66025
 9.16515
 15.1327
 14.1067
 9.27362
 14.0712
 11.3137
 9.16515
 11.4018
 10.4403
 12.7671
 9
 10.5357
 12.7671
 9.84886
 14.8997
 16
 15.0997
 15.5885
 12.1655
 11.0905
 12.8452
 9.74679
 12.0416
 14.5258
 11.2694
 10.0499
 14.7648
 14.7648
 9.16515
 14
 11.0454
 11.225
 13.9642
 9.69536
 8.94427
 14.8661
 12.9228
 12.9615
 14.2478
 9.79796
 9.16515
 11.6189
 17.0294
 15.4919
 9.84886
 10.8628
 15.7797
 14
 15.6205
 11.0905
 11.7898
 13.7477
 11.6619
 9.64365
 13.6748
 11.6619
 13.4907
 16.5529
 13.784
 12.8841
 10.5357
 15.6205
 12.8062
 12.2474
 12.49
 14.5602
 11.6189
 15.0997
 14.8661
 6.245
 10.4881
 14.7986
 0
 13.5277
 8.30662
 13.6748
 9.8995
 9.64365
 14.7986
 12.4097
 14
 6.08276
 8.12404
 0
 13.9642
 16.4621
 13
 12.7279
 10.3923
 12.49
 13.8564
 14
 14.5258
 13.2665
 11.0454
 12.3693
 13.9284
 14.1067
 12.2882
 13.7477
 15.1987
 10.4403
 7.93725
 13.8924
 15.3948
 16.6433
 13.7113
 8.66025
 8.66025
 14.1067
 10.4403
 1.73205
 18.5472
 13.6748
 12.4499
 11.1803
 7
 14.3527
 14.0712
 13.5277
 14.7309
 16.6733
 14.5258
 4.24264
 14.0712
 17.3494
 13.6015
 0
 0
 9.79796
 12.2474
 12.2474
 11.7473
 14.8324
 13.0384
 15.9374
 9.32738
 13.7113
 13.7113
 15.3623
 14.7309
 16.3401
 13.9284
 15.1658
 14.7986
 14.3875
 17.3781
 15.6205
 13.6382
 13.9284
 14.3875
 10.4403
 6.32456
 14.4222
 15.6205
 12.3693
 14.7648
 14.7648
 9.21954
 12.53
 14.7309
 15.0997
 13.0384
 13.2288
 11.6619
 14.4222
 14.4222
 13.4536
 13.4536
 14.7648
 14.7648
 13.2288
 13.2288
 12.2882
 12.9615
 12.9615
 15.6205
 15.6205
 14.3178
 13
 16.6433
 14.2127
 13
 11
 13.0384
 7.74597
 12.8841
 0
 13.9642
 15.1658
 13.4907
 0
 11.7898
 9.05539
 19.2094
 12.9615
 6.55744
 15.6525
 15.3948
 17.2047
 14.7648
 16.7631
 14
 16.4621
 17.0587
 18.2209
 13
 8.12404
 13.5277
 12.7671
 14.3178
 11.6619
 12.8841
 16.1245
 0
 13.1909
 13.6015
 15.6525
 19.4936
 0
 18.5472
 16.1245
 22.561
 13.7113
 0
 11.3137
 15.9687
 21.0476
 16.3401
 0
 14.9332
 18.2483
 15.3297
 0
 11.4455
 16.8523
 7.34847
 0
 14.2127
 11.0905
 18.7083
 14.7986
 11.7898
 11.7898
 17
 16.0935
 14.1067
 17.6635
 13.1149
 13.1149
 13.7477
 16.6132
 14.3178
 0
 13.2288
 18.1934
 13.7113
 0
 11.6189
 17.8606
 13.4164
 24.5764
 15.1987
 10.0995
 0
 0
 15.9687
 19.1311
 0
 18.6011
 15.906
 0
 0
 0
 14.9332
 12.6491
 0
 19.0263
 14.0357
 17.0294
 17.8606
 0
 14.3178
 17.8045
 13.5647
 0
 14.8661
 13
 13.7113
 0
 16.5227
 12.4097
 10.4403
 0
 11.0905
 15.9374
 16.1245
 0
 15.3623
 12.4097
 17.3781
 0
 11.0454
 14.6969
 14.6969
 0
 17.5499
 17.5499
 18.2757
 18.2757
 17.7482
 1.73205
 15.5885
 0
 19.2094
 12.6491
 0
 0
 18.0831
 19.2354
 17.3205
 7.34847
 0
 14.7648
 16.4924
 11.2694
 8.66025
 17.5784
 12.1244
 7.81025
 8.18535
 0
 13.2665
 17.4069
 14.3527
 6.85565
 9.53939
 13
 10.1489
 0
 0
 15.4272
 15.4272
 13.2288
 18.0831
 15.1658
 11.7898
 13.2288
 15.7162
 15.7162
 15.5885
 13.6748
 27.2397
 11.7047
 0
 14.1774
 9.32738
 14.7309
 15.6205
 8.48528
 0
 20.8327
 6.9282
 13.9642
 17.4356
 7.34847
 7.34847
 15.5563
 15.1987
 16.3707
 16.6433
 16.6433
 15.5242
 11.2694
 14.1067
 15.6844
 15.6844
 21
 14.8661
 20.6882
 3
 3
 14.6969
 16.3401
 6.16441
 13.9642
 11.3578
 14.7309
 12.2474
 20.2978
 8
 16.0624
 14.7648
 14.7648
 14.1067
 18.412
 18.3848
 13.9284
 8.88819
 8.88819
 8.88819
 15.906
 23.3452
 16.8226
 5.47723
 0
 7
 13.0384
 16.6733
 0
 9.64365
 7.81025
 9.53939
 7.74597
 7.74597
 9.64365
 12.4097
 10.5357
 0
 9.69536
 19.9499
 19.4936
 0
 0
 4.24264
 11.7898
 8.60233
 10.4403
 5.19615
 5.65685
 0
 17.9444
 7.74597
 13.7113
 13.7113
 0
 0
 7.07107
 7.14143
 13.9642
 13.9642
 14.8324
 15.843
 14.8661
 15.6205
 11.3137
 16.5529
 6.245
 13.2288
 14.7986
 13.8924
 11.6189
 18.735
 13.5647
 11.6189
 12.4499
 12.4499
 14.9332
 11.0454
 7.34847
 7.34847
 16.5831
 13.5277
 0
 6.245
 9.38083
 5.19615
 15.1327
 13.0384
 6.08276
 12.4499
 12.4499
 8.66025
 13.5647
 10.0499
 2.44949
 12.1655
 12.1655
 11.0905
 16.4924
 18.2483
 19.9499
 5.74456
 8.66025
 0
 14
 13.1149
 9.64365
 9.8995
 9.53939
 13.1529
 22.561
 11.4455
 15.0997
 0
 0
 0
 13.2288
 16.3401
 0
 15.6844
 15.6844
 1.41421
 14.5258
 15.4596
 15.906
 16.2481
 16.2481
 18.1934
 13.8924
 25.2982
 25.2982
 16.5529
 14.6969
 13.5277
 9.32738
 11.7473
 17.5784
 7.14143
 14
 9.79796
 12.8062
 12.8062
 0
 0
 11.4018
 7.74597
 12.6491
 14
 14
 9.38083
 15.1658
 16.4621
 9.11043
 6.08276
 0
 12.8452
 17.3781
 7.68115
 12.3288
 0
 13.8924
 13.8924
 10.0499
 16.5529
 12.0416
 14.7309
 11.2694
 13.9642
 12
 9.8995
 14.7309
 15.6525
 13.8924
 13.1529
 15.6205
 14.8997
 8.544
 13.2288
 13.2665
 10.583
 10.8167
 14.7648
 11.4891
 14
 11.0454
 12.9228
 14.2829
 8.66025
 15.1658
 13.9642
 0
 0
 10.3923
 10.583
 10.0995
 15.6205
 9.84886
 12.53
 10.4403
 10.4403
 15.4272
 11.225
 14.7309
 13.5647
 11
 11
 10.583
 10.0995
 10.0995
 9.05539
 6.9282
 10.583
 11.7898
 10.8628
 10.8628
 11.3578
 0
 11.0905
 11.0905
 9.74679
 8.24621
 10.3923
 17.088
 10
 9.74679
 12.2882
 9.53939
 11.7473
 11.7473
 17.2916
 9.11043
 12.1655
 14.7986
 7.07107
 0
 0
 10.8628
 13.1909
 13.2288
 9.79796
 13.1149
 10.4403
 5.74456
 8.83176
 13.7113
 16.1555
 12.083
 5.47723
 14.7648
 4.58258
 15.1987
 6.9282
 13.0384
 17.3205
 11.6189
 16.7929
 7.14143
 13.0384
 16.3401
 14.7309
 15.1658
 7.81025
 7.34847
 14.4914
 12.2882
 13.9642
 13.1149
 13.1529
 15.6205
 0
