 7.93725
 9.64365
 3.4641
 6.9282
 5.19615
 9.64365
 21.3073
 27.0555
 26.2679
 31.496
 35.4542
 39.0128
 28.7228
 40.6817
 29.1204
 33.1361
 23.3452
 35.0428
 20.8806
 25.7099
 19.1833
 27.8568
 25.318
 21.7715
 22.6274
 27.1846
 21.1424
 21.6795
 26.0768
 25.6515
 31.4325
 19.3907
 28.8964
 35.6791
 4.3589
 21.9545
 40.0375
 36.5377
 6
 20.025
 41.6653
 37.108
 5.19615
 26.1151
 35.7491
 40.5463
 23.4947
 6
 34.641
 6.16441
 26.9444
 36.4966
 23.7276
 5.74456
 27.9821
 23.516
 42.4146
 4.24264
 23.3666
 35.3977
 0
 22.9783
 0
 25.219
 28.7576
 0
 33.1964
 21.8632
 0
 40.9634
 23.6854
 43.1509
 20.9523
 43.909
 21.9089
 38.1182
 21.7945
 28.8791
 27.0555
 26.1534
 40.8534
 27.7489
 45.0666
 24.4745
 41.5692
 26.1534
 38.4708
 31.1609
 29.9333
 37.7624
 22.3159
 23.6008
 43.5201
 43.5431
 25.8457
 42.3792
 27.6043
 33
 25.1992
 30.1662
 26.9444
 36.9324
 29.6311
 28.0179
 43.6692
 30.3645
 0
 35.8329
 38.1838
 34.2491
 36.524
 44.7102
 25.5539
 46.9681
 27.5681
 41.7373
 28.3196
 36.647
 28.8617
 27.6225
 28.7228
 32.8634
 28.8964
 40.0874
 32.8329
 46.6476
 33.0151
 38.7814
 46.2709
 41.1461
 40.5093
 45.8258
 35.0286
 48.1664
 22.3607
 44.7325
 25.318
 35.4542
 29.6816
 29.5127
 32.2025
 32.249
 33.9411
 30.692
 35.8469
 45.5631
 34
 47.1275
 40.1373
 47.8121
 40.1622
 43.9204
 48.2597
 47.9792
 36.606
 46.5725
 21.8632
 38.9487
 28.8791
 32.4808
 30.1662
 32.573
 28.8617
 31.4802
 34.5398
 37.7624
 34.8138
 39.8497
 44.8888
 49.6286
 43.909
 48.6724
 47.5184
 49.2747
 43.6119
 36.1663
 49.8899
 33.0606
 41.2674
 31.6544
 33.8821
 33.8821
 36.1109
 33.9706
 36.1663
 34.4529
 36.4966
 39.0128
 41.5812
 43.8748
 52.1153
 50.3885
 50.4183
 47.2864
 51.2152
 51.0784
 42.8135
 11.0454
 32.28
 44.7102
 44.7102
 33.5261
 34.3948
 36.3043
 33.8674
 35.9861
 38.833
 38.3406
 35.6931
 42.1782
 42.4146
 42.4146
 44.1135
 45.8258
 50.8035
 51.8266
 53.619
 52.7826
 49.0306
 47.4868
 45.5741
 43.7264
 36.3043
 33.8231
 34.7563
 36.0694
 38.6911
 37.9078
 36.4966
 37.027
 43.4281
 41.7013
 43.2897
 41.4849
 50.03
 48.5901
 55.3624
 53.3573
 52.0096
 55.3353
 51.9519
 49.3761
 40.8534
 38.1969
 35.805
 32.7109
 37.1349
 36.7967
 36.9188
 37.6431
 41.4488
 37.5766
 44.2719
 36.1386
 37.3497
 45.9021
 49.7695
 48.7442
 54.9181
 50.9019
 50.951
 50.1199
 46.3789
 41.9881
 42.9069
 32.6956
 35.6511
 36.5103
 39.8748
 36.7967
 40.8779
 37.921
 42.0714
 36.5103
 38
 39.3319
 37.9078
 25.593
 25.593
 25.593
 42.0595
 51.923
 51.1077
 40.9756
 47.7179
 34.3074
 38.2361
 30.8545
 33.4365
 35
 40.5956
 37.7624
 40.7185
 39.3954
 41.821
 41.7493
 42.5911
 43.2435
 43.2435
 46.8295
 46.8295
 51.3128
 52.5357
 44.1475
 53.0283
 53.0283
 45.5082
 45.5082
 44.7437
 36.0555
 36.0555
 35.623
 34.2491
 35.6791
 41.5331
 0
 40.0999
 37.3497
 36.8917
 0
 15.748
 40.2741
 39.6106
 42.6966
 41.6533
 48.5695
 52.915
 52.915
 57.7668
 53.4696
 52.6783
 56.356
 45.299
 59.6154
 29.4109
 54.8544
 33.5559
 31.305
 38.6911
 40.0125
 40.0125
 36.5787
 0
 39.1408
 13.0384
 13.0384
 40.8044
 0
 0
 49.4166
 43.2204
 55.9017
 55.9017
 55.9017
 57.4195
 23.8328
 23.8328
 0
 0
 0
 0
 0
 0
 0
 0
 0
 33.2114
 33.2114
 38.3145
 35.171
 37.2827
 37.2827
 37.2827
 40.4104
 40.5463
 48.2908
 33.8821
 33.8821
 38.5746
 37.1214
 50.8724
 50.8724
 39.4208
 51.342
 40.6325
 0
 44.2945
 43.1393
 39.7492
 44.8553
 35.4119
 44.3283
 44.3283
 49.224
 32.1714
 32.1714
 32.1714
 61.0164
 37.7757
 37.7757
 37.7757
 37.7757
 43.1161
 39.5221
 39.5221
 40.1746
 34.4238
 60.3158
 42.0119
 0
 43.1509
 49.4571
 33.2265
 0
 0
 35.2704
 35.2704
 0
 36.9188
 52.2015
 37.47
 0
 36.6606
 54.8088
 37.6962
 0
 42.9767
 37.1349
 36.318
 0
 40.8534
 32.218
 48.4768
 0
 17.4929
 55.9732
 36.6879
 44.2945
 44.2945
 55.0999
 44.643
 44.643
 64.7997
 40.0375
 40.0375
 26.0384
 46.7654
 66.5658
 41.0853
 19.2354
 0
 43.9318
 62.8092
 30
 15.1658
 55.9732
 34.0734
 49.6588
 34.9857
 0
 0
 35.0286
 44.3734
 17.3781
 39.1024
 50.1797
 38.9102
 36.2629
 0
 37.4032
 52.3737
 36.7015
 37.47
 32.6343
 34.0441
 37
 13.784
 49.1732
 28.1957
 40.694
 37.7359
 44.8776
 44.8776
 33.5708
 33.5708
 36.8375
 56.7891
 47.8121
 0
 0
 27.8388
 35.0143
 61.4166
 45.7821
 21.7256
 41.9524
 66.5658
 35.6931
 41.8091
 41.8091
 66.3174
 19.4936
 47.4236
 63.4508
 63.4508
 47.2229
 48.7237
 56.648
 42.9302
 42.9302
 29.5296
 54.9909
 54.9909
 35.7911
 42.3556
 33.5559
 24.1661
 39.8873
 33.2415
 38.8458
 38.8458
 34.0588
 41.5452
 16.6733
 39.7869
 41.2795
 41.2795
 41.0244
 85.9942
 39.6358
 39.6358
 39.6358
 81.523
 81.523
 81.523
 81.523
 81.523
 81.523
 81.523
 81.523
 45.6289
 21.9773
 53.6377
 32.573
 28.1603
 46
 46
 45.1996
 36.7831
 59.6992
 59.6992
 59.6992
 59.6992
 47.085
 22.2486
 22.2486
 34.7994
 34.7994
 34.7994
 34.7994
 13.1529
 47.8435
 38.4838
 38.4838
 38.4838
 38.4838
 53.066
 43.4281
 38.5487
 36.2353
 56.6569
 55.3082
 38.1445
 50.6754
 47.0744
 59.5987
 34.322
 32.4037
 82.3772
 82.3772
 35.1141
 46.2601
 34.5977
 35.4401
 35.4401
 29.6479
 32.665
 28.3196
 66.053
 66.053
 32.3574
 0
 39.37
 19.0526
 26.096
 31.9687
 37.4299
 20.8567
 34.7994
 36.8917
 28.7402
 36.2905
 36.524
 57.6888
 42.5793
 20.2485
 37.9473
 29.5296
 39.3827
 45.1442
 33.9117
 29.3087
 29.3087
 48.9592
 48.9592
 33.2415
 34.2491
 33.0454
 47.244
 47.244
 38.6005
 39.7869
 39.7869
 0
 0
 39.4208
 42.9535
 42.9535
 36.9459
 73.4643
 73.4643
 36.7967
 31.305
 36.9594
 54.8452
 38.7685
 29.6816
 48.5695
 41.2432
 47.8121
 30.1662
 40.7063
 39.6232
 27.2397
 33.9117
 19.975
 34.7851
 35.4683
 28.8791
 44.5646
 44.5646
 0
 33.7491
 21.8403
 37.7359
 40.4722
 38.5097
 46.0869
 35.0143
 38.4708
 38.0789
 34.6554
 34.6554
 34.6554
 28.6007
 38.3667
 38.3667
 37.1483
 37.1483
 46.076
 46.7868
 12.0416
 32.28
 28.7576
 28.688
 55.7943
 30.3645
 4.47214
 45.5961
 40.8779
 30.8383
 45.8585
 27.8568
 35.7071
 37.8021
 2.44949
 27.0555
 47.3603
 28.6705
 3.74166
 44.3847
 46.6798
 39.0512
 26.9444
 43.9886
 39.95
 3.4641
 36.8511
 36.8511
 36.8511
 36.8511
 76.4461
 40.3856
 31.5911
 31.5911
 1.73205
 24.8797
 40.1871
 33.8674
 22.9129
 3.4641
 36.1801
 26.6833
 25.5343
 27.9106
 4.58258
 35.623
 36.8239
 42.9884
 27.5136
 3
 37.8946
 41.5331
 32.0624
 47.8539
 0
 1.73205
 33.4365
 29.4788
 36.8511
 48.1871
 40.05
 44.2267
 0
 36.6333
 26.1534
 30.7083
 40.1871
 46.1194
 6.08276
 39.2301
 39.2301
 71.8679
 71.8679
 71.8679
 71.8679
 46.4112
 20.3224
 35.5809
 56.745
 26.9444
 37.9473
 19.7737
 40.9878
 40.2741
 55.4437
 20.6398
 40.4104
 40.4104
 29.8496
 37.4566
 56.6216
 47.5184
 48.0625
 34.0294
 27
 37.7624
 50.9215
 26.9629
 36.1663
 36.4692
 39.6232
 49.97
 30.4302
 36.1386
 30
 34.9428
 44.2945
 0
