 12.8452
 32.249
 31.8748
 27.2947
 27.8388
 20.9762
 29.2233
 24.5967
 22.3607
 10.4403
 10.4403
 38.092
 36.3318
 35.819
 27.1662
 34.3366
 31.8591
 32.2955
 26.9444
 24.7184
 14.8997
 16.7033
 16.7033
 14.1067
 14.1067
 14.1067
 19.4165
 26.0768
 22.2261
 30.2655
 31.3209
 21.6564
 31.6544
 37.855
 9.84886
 16.6733
 36.2767
 35.2704
 10.6771
 10.6771
 32.4654
 34.0294
 9.79796
 15.9687
 34.7851
 36.2215
 20.1246
 9.84886
 34.7419
 7.07107
 21.7715
 32.4808
 22.8473
 6.08276
 21.4476
 19.6469
 44.9555
 8.66025
 24.1039
 37.6298
 0
 0
 0
 24.2281
 28.7576
 0
 36.8375
 15.1327
 0
 35.327
 16.6733
 35.9583
 35.9583
 33.8378
 19.9249
 35.6791
 41.1096
 30.05
 25.2587
 19.5704
 37.7359
 37.7359
 32.3265
 23.4947
 35.3553
 16.5831
 39.3827
 31.4166
 33.8231
 35.4683
 20.6155
 17.4642
 37.4833
 35
 35
 36.2905
 16.3095
 35.7771
 18.6815
 30.692
 22.8035
 22.8035
 19.4165
 19.4165
 38.5746
 38.5746
 0
 29.8998
 36.7015
 35.0286
 31.6386
 37.4566
 20.0749
 35.2704
 12.2474
 36.1386
 13.0384
 34.9285
 19.5192
 25.8844
 21.7715
 31.8904
 14.4914
 34.2199
 34.2199
 34.2199
 21.7256
 31.8904
 39.3446
 36.0139
 41.4608
 36.973
 36.2077
 35.2278
 19.2873
 36.0278
 36.0278
 36.2353
 36.2353
 27.2213
 19.8242
 14.5258
 26.9815
 26.9815
 35.171
 37.921
 27.2029
 41.1825
 30.3974
 30.3974
 34.7994
 42.2611
 42.5911
 34.7707
 35.7351
 39.9625
 17.6068
 36.8917
 36.8917
 36.8917
 27.4408
 10.9545
 21.166
 26.1343
 26.1343
 33.1059
 23.0651
 29.3598
 41.5331
 40.9145
 34.4674
 40.0625
 41.9166
 37.3095
 45.8476
 35.4824
 38.223
 22.6053
 37.1349
 28.9137
 28.9137
 18.3576
 24.5561
 23.6643
 23.6643
 26.3818
 23.9165
 23.9165
 30.1993
 37.51
 42.7083
 41.4126
 40.9268
 38.8072
 40.8779
 38.223
 42.8252
 3.4641
 28.1247
 36.5924
 36.5924
 29.1033
 8.06226
 20.9045
 6.08276
 6.08276
 6.08276
 23.622
 32.9848
 29.7153
 29.1719
 0
 41.5211
 36.3043
 44.238
 40.8289
 40.025
 44.7214
 36.6333
 42.5793
 40.7431
 40.8779
 29.0861
 32.0468
 17.4642
 17.4642
 17.4642
 17.4642
 17.4642
 21.2838
 28.0357
 25.3377
 36.4966
 35.2278
 48.2597
 33.121
 39.1408
 41.7493
 39.6485
 45.1553
 41.2311
 40.8534
 35.0143
 35.8329
 24.8596
 21.7945
 12.8841
 21.0476
 21.0476
 34.4674
 26.9444
 38.1707
 33.5559
 28.8964
 40.1995
 30.4138
 28.7054
 44.4972
 48.734
 36.4692
 41.8091
 38.6782
 44.3058
 36.4966
 34.5832
 22.0907
 19.1311
 19.1311
 19.1311
 27.2947
 22.7376
 30.249
 30
 30
 34.9714
 26.5707
 40.4228
 39.3573
 34.4819
 44.0454
 28.5832
 51.449
 44.2154
 31.8748
 41.833
 21.5174
 29.1719
 29.1719
 29.1719
 29.1719
 18.3303
 30.1993
 23.8537
 23.8537
 28.7054
 28.7054
 27.8388
 28.0713
 33.7935
 39.4588
 29.9333
 47.7808
 41.7373
 36.4006
 47.0956
 47.0956
 47.0956
 47.0956
 38.7556
 24.98
 24.98
 15.8745
 15.8745
 5.47723
 5.47723
 5.47723
 5.47723
 5.47723
 36
 0
 26.8142
 42.6849
 29.5973
 48.6929
 38.0132
 46.7547
 48.0312
 48.0312
 49.95
 45.1885
 42.8369
 39.1663
 35.805
 41.7612
 33.541
 43.4166
 18.5472
 28.8964
 27.4591
 27.4591
 27.4591
 31.8119
 0
 40.6325
 36.1939
 36.1939
 36.1939
 0
 0
 47
 30.1662
 47.1805
 47.1805
 47.1805
 42.5911
 42.5911
 49.4773
 0
 47.5289
 44.317
 44.317
 0
 36.8782
 40.0625
 40.0625
 0
 20.1742
 20.1742
 20.1742
 32.2335
 32.2335
 32.2335
 32.2335
 28.6356
 15.3297
 15.3297
 19.2873
 19.2873
 19.2873
 19.2873
 19.2873
 0
 33.9853
 33.9853
 33.9853
 0
 28.7924
 36.8646
 18.303
 42.1545
 32.28
 23.0217
 23.0217
 32.7109
 16.8819
 16.8819
 16.8819
 52.4595
 52.4595
 52.4595
 52.4595
 52.4595
 52.4595
 32.7719
 32.7719
 12.1655
 23.6008
 52.6688
 25
 0
 41.9285
 33.7046
 33.7046
 0
 48.1871
 20.0749
 22.7376
 0
 0
 47.2335
 47.2335
 0
 23.1733
 46.9148
 46.9148
 0
 37.1618
 19.799
 19.799
 0
 0
 20.3715
 31.8591
 0
 34.641
 46.0652
 46.0652
 28.4781
 28.4781
 41.0609
 41.0609
 41.0609
 50.4183
 50.4183
 50.4183
 50.4183
 37.9342
 46.9361
 20.6882
 26.6083
 0
 35.0286
 47.0956
 21.166
 12.2882
 44.3509
 11.4455
 51.5267
 51.5267
 51.5267
 47.3498
 26.0576
 26.0576
 26.0576
 20.0998
 43.5546
 10.4881
 28.6705
 0
 0
 43.9545
 14.4568
 33.9853
 22.6495
 17.4642
 38.2753
 36.4966
 38.3797
 18.3303
 26.9815
 26.9815
 23.2379
 23.2379
 23.2379
 23.2379
 23.2379
 41.3038
 41.3038
 0
 41.9166
 17.8606
 15.7162
 43.1393
 28.9482
 28.9482
 25.1794
 41.7852
 23.8956
 43.1625
 43.1625
 46.0435
 11.3137
 48.4252
 48.4252
 48.4252
 48.4252
 45.3982
 45.3982
 45.3982
 45.3982
 13.5277
 43.5546
 43.5546
 43.5546
 11.7047
 11.7047
 23.516
 43.8748
 9.84886
 9.84886
 9.84886
 12.53
 12.53
 12.53
 33.2114
 33.2114
 20.445
 28.7054
 28.7054
 28.7054
 23.4521
 23.4521
 23.4521
 23.4521
 23.4521
 23.4521
 17.1172
 17.1172
 17.1172
 17.1172
 17.1172
 8.94427
 35.3129
 24.8797
 15.5242
 23.1301
 23.1301
 29.5296
 47.4131
 47.4131
 0
 0
 9.05539
 46.5725
 19.105
 17.8885
 17.8885
 17.8885
 0
 0
 0
 45.4973
 20.6882
 0
 0
 0
 36.5787
 45.2217
 45.2217
 45.2217
 45.2217
 40.9878
 43.566
 46.551
 46.551
 40.8534
 33.9706
 33.9706
 34.9714
 14.3527
 14.3527
 14.3527
 26.1151
 29.5127
 29.5127
 29.5127
 20.2237
 20.2237
 19.799
 19.799
 19.799
 19.799
 16.8523
 36.2767
 36.2767
 17.1756
 17.1756
 25.2389
 19.5448
 38.4448
 1.73205
 21.7025
 26.0768
 26.0768
 7.81025
 7.81025
 20.0499
 20.0499
 42.6028
 42.72
 7.07107
 6.16441
 0
 48.8979
 48.8979
 26.533
 26.533
 15.9687
 46.8722
 46.8722
 30.5287
 30.5287
 30.5287
 30.5287
 0
 33.7194
 50.8822
 50.8822
 42.4146
 42.4146
 42.4146
 36.565
 26.8142
 32.7872
 40.5463
 40.5463
 40.5463
 37.8021
 31.289
 37.081
 24.1868
 26.0576
 21.9317
 22.0681
 13.1909
 13.1909
 18.2483
 14.8661
 14.7986
 14.7986
 14.7986
 14.7986
 20.199
 10.3923
 34.7707
 11.6189
 14.8324
 40.0125
 40.0125
 28.9137
 16.6132
 16.6132
 16.6132
 16.6132
 16.6132
 16.2788
 20.2237
 20.2237
 0
 37.3898
 37.3898
 18.9209
 19.4679
 32.8024
 32.8024
 44.4522
 44.4522
 20.8567
 20.8567
 21.4709
 21.4709
 51.342
 41.0853
 29.8496
 29.8496
 16
 16
 35
 34.9571
 17.8606
 32.311
 33.9706
 33.9706
 22.5389
 38.3536
 26.3439
 16.3095
 16.3095
 16.3095
 0
 0
 29.5296
 29.5296
 14
 10.5357
 18.303
 17.2047
 10.5357
 25.7876
 25.7876
 18.7083
 17.2916
 15.5563
 22.6716
 22.6716
 18.3576
 13.0384
 13.0384
 9
 15.1327
 17.5214
 17.5214
 12.083
 24.9199
 24.9199
 24.9199
 20.567
 20.567
 20.2731
 25.1595
 25.1595
 25.1595
 26.6271
 16.3401
 16.3401
 16.3401
 27.1293
 27.1293
 33.9117
 16.2481
 18.6815
 41.1218
 41.1218
 0
 0
 19.8242
 19.8242
 19.8242
 7.4162
 34.7419
 0
 0
 19.8242
 19.8242
 19.6214
 34.7851
 34.7851
 34.7851
 17.1172
 17.1172
 17.1172
 36.1801
 36.1801
 36.1801
 36.1801
 36.1801
 36.1801
 24.5967
 24.5967
 23.4094
 12.1244
 12.1244
 12.1244
 26.096
 26.096
 18.2483
 18.2483
 18.2483
 18.2483
