 23.4947
 29.6479
 16.6733
 16.7631
 15.7162
 15.7162
 29.6816
 29.1204
 28.2489
 31.8748
 39.4081
 41.1218
 38.5227
 45.0777
 32.665
 40.4104
 24.3721
 36.4966
 25.7488
 31.0966
 22.1811
 31.4802
 20.2237
 18.412
 22.2486
 22.9565
 25.2587
 27.9285
 31.3209
 34
 39.0768
 27.7849
 37.3095
 40.4599
 17.088
 22.4722
 44.3058
 42.7551
 19.2094
 18.4391
 46.2385
 39.8623
 18.3576
 24.7386
 39.6106
 38.8201
 27.6406
 19.4679
 36.9865
 17.5784
 30.3974
 38.7556
 29.2233
 17.5499
 29.2575
 27.2397
 43.4856
 18.1384
 22.0907
 36.8646
 0
 27.7128
 0
 30.1662
 33.5112
 0
 39.7366
 28.0357
 0
 44.6878
 22.6053
 44.699
 20.3715
 44.5309
 25.2587
 36.9324
 28.9137
 32.8329
 34.2783
 31.305
 43.909
 22.7816
 46.2277
 27.6406
 39.8372
 32.5883
 37.7492
 38.2492
 36.3731
 44.3396
 30.6105
 20.9284
 45.8585
 44.7549
 21.587
 42
 25.9615
 36.8239
 30.282
 36.5103
 32.0468
 42.2019
 28.2843
 30.1496
 44.8219
 33.1813
 0
 38.7814
 39.3065
 39.5095
 42.6497
 46.2493
 33.7935
 47.927
 22.891
 42.0714
 23.9583
 40.8289
 30.1164
 33.9411
 30.7571
 40.7185
 29.5127
 42.2137
 30.1164
 47.1911
 37.4833
 41.2068
 44.5646
 47.697
 40.8044
 48.9183
 41.9166
 48.621
 30.7409
 44.6318
 20.9523
 40.1497
 24.0416
 35.0571
 33.3617
 31.3528
 34.5254
 32
 44.7214
 48.4045
 38.1051
 48.3425
 43.1625
 46.4543
 45.4423
 45.913
 48.9898
 50.5074
 43.2551
 44.7102
 32.0624
 42.8019
 21.5407
 29.1376
 38.1051
 31.3369
 32
 35.0571
 31.3688
 43.4166
 37.55
 43.0929
 47.7389
 48.4252
 47.9792
 50.4282
 45.1221
 49.7695
 44.1588
 43.715
 48.621
 35.0999
 43.8406
 39.3446
 27.6767
 35.0428
 34.5398
 38.0789
 33.7787
 36.7151
 38.1182
 44.8442
 45.0999
 49.1121
 52.259
 49.2037
 52.5547
 44.0908
 51.817
 50.6458
 43.6921
 9.69536
 37.5766
 45.4863
 45.4863
 41.833
 29.7321
 27.8568
 35.6931
 37.0135
 36.8375
 38.7556
 41.5211
 46.2709
 44.4072
 44.4072
 45.3652
 48.9592
 53.0377
 53.0754
 53.376
 51.9423
 48.5386
 44.0114
 45.1221
 47.9583
 39.3192
 41.821
 37.51
 29.0861
 35.623
 30.9839
 40.5956
 37.1887
 46.1844
 41.5331
 51.1371
 47.9792
 51.817
 52.0577
 54.8817
 52.4595
 51.1468
 52.8678
 49.2138
 48.9796
 46.4543
 42.4617
 39.37
 38.7298
 33.1964
 29.5635
 37.51
 30.8221
 44.8999
 40.2119
 48.8774
 42.5558
 47.9583
 49.7795
 49.6387
 52.2972
 52.2972
 50.3389
 49.7594
 48.2597
 48
 46.2817
 46.8402
 38.6911
 36.8646
 34.4529
 38.0526
 30.7246
 43.7264
 34.0881
 47.9896
 39.4462
 43.4051
 43.9431
 48.1975
 32.5269
 33.1964
 52.3068
 43.4971
 55.6417
 51.2933
 42.8952
 48.4768
 39.3573
 42.4028
 35.7071
 37.4566
 33.2566
 41.8091
 28.8791
 28.8791
 37.4566
 37.4566
 46.0435
 48.6313
 43.2319
 43.2319
 47.2864
 39.2428
 59.0931
 51.9808
 45.9021
 46.6369
 46.6369
 45.3652
 45.3652
 49
 41.821
 35.171
 32.0936
 40.05
 41.2795
 41.2795
 41.2795
 30.282
 35.1426
 39.4715
 0
 37.1753
 44.8665
 42.72
 50.8527
 47.9583
 50.3587
 57.2451
 55
 50.8626
 59.808
 46.669
 62.2575
 47.927
 57.931
 46.076
 50.9019
 30.0666
 44.238
 37.5633
 31.5119
 38.092
 37.6165
 0
 41.0244
 41.2068
 41.2068
 45.913
 0
 0
 49.548
 45.4973
 57.7927
 57.7927
 57.7927
 49.558
 49.558
 60.208
 60.208
 46.6583
 55.8032
 54.7996
 54.7996
 54.7996
 56.9825
 63.2139
 63.2139
 63.2139
 58.3352
 58.3352
 26.8328
 26.8328
 55.2087
 46.2817
 46.8295
 30.4138
 51.643
 39.1408
 39.1408
 35.4824
 40
 51.6817
 51.6817
 40.7185
 50.9608
 41.7971
 0
 47.4552
 46.5618
 45.5412
 49.6991
 40.3609
 45.8148
 45.8148
 49.8698
 29.3598
 29.3598
 29.3598
 29.3598
 29.6816
 29.6816
 29.6816
 29.6816
 32.0468
 43.1625
 43.1625
 38.1576
 42.5088
 51.3615
 44.587
 0
 47.6655
 50.3686
 35.1426
 0
 0
 39.3192
 31.305
 0
 38.3927
 62.1611
 34.5977
 0
 39.1152
 47.4342
 37.054
 0
 41.9881
 43.0465
 36.7151
 0
 45.7384
 39.95
 46.2925
 0
 0
 45.9891
 33.8526
 44.441
 44.441
 51.9711
 33.9559
 33.9559
 54.4334
 43.8406
 43.8406
 43.8406
 47.6865
 52.8299
 42.6497
 42.6497
 0
 47.7493
 53.6004
 35.6931
 18.5472
 50.5964
 30.7571
 59.4895
 35.6371
 0
 0
 39.3954
 26.5707
 11.225
 40.7063
 59.0169
 34.0441
 28.5132
 0
 42.6028
 47.4658
 38.2492
 38.2492
 39.9375
 34.9285
 42.6146
 52.5642
 44.3509
 33.9117
 46.1086
 44.7325
 44.3734
 44.3734
 36.2353
 36.2353
 38.0526
 48.8365
 47.0425
 0
 47.244
 28.5307
 39.9875
 50.5964
 46.7654
 21.3542
 42.7434
 50.3686
 38.2884
 53.5724
 53.5724
 55.1906
 35.7211
 62.3378
 52.3068
 32.187
 32.187
 57.8965
 55.8659
 45.4753
 45.4753
 41.3159
 51.0686
 38.1314
 38.1314
 31.9218
 37.6298
 34.0441
 41.2795
 34
 36.1525
 36.1525
 36.1525
 36.1525
 36.1525
 40.2741
 35.9861
 23.6432
 23.6432
 23.6432
 46.1952
 37.8946
 37.8946
 37.8946
 37.8946
 29.4449
 42.6497
 31.5119
 31.5119
 31.4643
 31.4643
 44.7214
 23.1517
 42.8719
 42.8719
 26.9815
 44.7996
 44.7996
 42.0357
 38.1051
 51.6624
 51.6624
 51.6624
 28.775
 46.3789
 19.799
 38.5097
 38.5097
 38.5097
 38.5097
 38.5097
 35.0571
 54.4426
 38.2361
 38.2361
 0
 0
 0
 47.8748
 37.5766
 42.2374
 46.1952
 38.6782
 40.2989
 50.4183
 47.7493
 60.1415
 41.3038
 28.2666
 37.1483
 37.6165
 35.6651
 40.6571
 35.6511
 39.7869
 39.7869
 26.5141
 33.2716
 29.1719
 61.4003
 61.4003
 26.4197
 0
 42.4264
 69.4262
 29.5804
 30.2324
 30.2324
 51.3907
 44.3283
 43
 27.037
 40.1995
 46.1952
 45.111
 41.0122
 38.1051
 36.5513
 45.9456
 42.6263
 43.9545
 35.8887
 29.5127
 29.5127
 58.3781
 58.3781
 30.4959
 35.0571
 29.7321
 57.5847
 28.0535
 35
 35.2278
 35.2278
 0
 0
 47.4025
 48.6107
 48.6107
 34.4093
 54.3783
 20.2731
 52.3355
 40.05
 37.1483
 43.4741
 39.7618
 31.3528
 37.027
 40.5093
 48.6621
 33.0454
 40.4846
 39.0384
 28.7576
 31.4484
 27.7849
 33.7639
 36.4692
 29.9333
 25.0799
 38.0526
 0
 33.5708
 27.2764
 44.3509
 28.688
 35.6791
 40.8779
 37.7757
 40.8534
 39.3954
 23.3024
 23.3024
 23.3024
 28.7576
 38.7685
 24.8797
 40.2368
 0
 48.518
 39.1152
 23.5797
 31.0483
 36.973
 27.7849
 43.1393
 33.0606
 25.2587
 41.8569
 40.6817
 30.7083
 55.1271
 38.1051
 44.4072
 37.1349
 19.6723
 33.4365
 40.6694
 35.0999
 20.6398
 34
 45.5192
 34.4819
 31.5753
 44.5421
 35.623
 20.3961
 33.4216
 33.4216
 33.4216
 0
 38.1969
 38.2099
 31.7175
 30.05
 20.0499
 32.6037
 39.5854
 37.1753
 24.0624
 18.735
 27.1477
 29.5635
 42.4264
 24.2074
 19.2094
 29.9833
 31.9374
 39.95
 31.8277
 17.8885
 39.3827
 29.6648
 26.1151
 30.545
 0
 19
 32.1092
 28.2666
 32.6803
 28.775
 38.223
 28.4781
 16.3707
 36.0416
 28.7402
 30.692
 37.3497
 43.1625
 16.6733
 35.805
 35.805
 71.2601
 71.2601
 71.2601
 71.2601
 36.8646
 67.6018
 33.0454
 42.638
 42.638
 36.4555
 20.2237
 35.5949
 40.05
 44.6542
 18.3576
 37.7757
 17.4642
 25.1197
 33.0606
 42.2019
 37.8418
 37.9473
 30.282
 26.0576
 36.8375
 40.9512
 29.189
 30.5123
 31.4166
 34.1467
 41.0853
 29.5973
 26.7395
 29.4279
 30.6757
 40.8044
 0
