 15.1658
 15.1658
 8.66025
 13.7113
 12.2474
 8.18535
 4.58258
 14.9666
 6.245
 23.8537
 15.6525
 20.9762
 19.4165
 24.3311
 14.9332
 20.0998
 8.88819
 17.2627
 5
 8.66025
 5.65685
 12.2474
 8.60233
 6.48074
 7.34847
 8.12404
 3.60555
 3
 8.77496
 6.16441
 16.6433
 0
 12.6491
 14.8324
 4.58258
 6.16441
 26.0768
 17.72
 6.245
 5.09902
 28.4605
 26.096
 5.74456
 8.60233
 23.6643
 27.1662
 5.09902
 6.9282
 19.1311
 7.28011
 6.9282
 23.1733
 7.74597
 5.47723
 10.583
 6
 26.2679
 6.16441
 6.85565
 20.0749
 0
 7.81025
 0
 2.64575
 9.21954
 0
 12.3693
 4.3589
 0
 20.8806
 7
 27.4773
 7.34847
 29.6311
 5.19615
 21.8861
 4.58258
 11.6619
 8.66025
 6.48074
 21.1187
 6.9282
 27.5862
 8
 24.1868
 7.93725
 21.095
 10.4403
 12.49
 19.799
 5.19615
 6.08276
 27.2029
 28.775
 9.27362
 23.4094
 7.34847
 15.4272
 5.19615
 8.60233
 7.34847
 19.8242
 9.53939
 9.53939
 27.8029
 9.53939
 0
 12.4499
 19.8242
 14.4568
 17.088
 26.6458
 7.34847
 31.0644
 8.12404
 25.3574
 8.544
 17.8885
 7.81025
 8.66025
 4.3589
 10.8628
 7.81025
 21.4476
 12.1244
 28.8964
 11.5326
 13.0384
 28.2666
 21.8632
 23.0651
 28.775
 18.5742
 33.4066
 6.08276
 25.0599
 8.60233
 16.6733
 11.7473
 11.9583
 9.48683
 8.7178
 8.544
 10.4403
 18.6815
 27.1293
 13.7113
 32.6803
 14.7648
 29.1204
 17.6068
 23.8328
 29.8329
 33.0454
 19.105
 27.6586
 9
 20.2978
 8.24621
 10.7238
 11.2694
 9.53939
 7
 6.9282
 13.8203
 18.3576
 12.6095
 17.8606
 26.0576
 31.1609
 20.7123
 31.289
 26.1534
 34.6699
 21.5639
 20.2978
 31.5595
 13.0767
 18.4932
 12.49
 12.1655
 12.1244
 13
 12.1244
 13.8564
 8.94427
 14.5258
 19.8494
 18.2757
 21.8861
 32.218
 30.315
 31.3847
 24.8797
 35.9305
 30.8221
 21.587
 18.5742
 10.9087
 20.3715
 20.3715
 14.4222
 12.1244
 14.0712
 11.225
 11.4018
 15.6525
 14.1421
 11.7898
 20.2978
 18.2209
 18.2209
 24.3311
 19.975
 34.5688
 31.5753
 36.6333
 33.4216
 29.189
 25.7682
 22.7816
 23.1301
 14.3527
 12.9228
 8.83176
 11.7473
 13.0384
 12.2882
 14.8324
 10.3923
 18.6279
 14.8661
 20.5183
 20.9284
 30.5778
 25.671
 36.524
 35.7211
 30.4302
 35.9166
 26.4575
 24.8797
 21
 16.7332
 13.2665
 9.32738
 10.583
 13.1909
 13.8924
 12.1244
 15.5563
 12.2882
 19.8242
 8.88819
 22.2261
 22.9783
 31.1609
 31.5753
 34
 30.7409
 28.4781
 27.0924
 24.3105
 19.0526
 20.2237
 10.6771
 12.1655
 11.3137
 15.6205
 13.7113
 14.9332
 14
 18.7883
 12.2882
 14.3178
 16.5227
 23.1301
 9.21954
 13
 32.0936
 15.4919
 34.5977
 27.4591
 17.1464
 22.2486
 10.5357
 17.4642
 12.1655
 13.9284
 9.69536
 15.5242
 15.4919
 16.7631
 13.9642
 19.5192
 15.1327
 30.7083
 15.9687
 15.9687
 25.3377
 25.3377
 35.4542
 35
 20.0499
 27.6767
 27.6767
 21.0476
 21.0476
 23.3238
 12.083
 12.083
 11.7898
 11.5758
 16.4621
 13.2288
 0
 17.1172
 13.6748
 11.7473
 0
 12.2066
 12.4499
 16.3401
 16.6433
 25
 21.4942
 35.9305
 24.6577
 34.7131
 36.8646
 27.074
 39.37
 22.891
 32.7109
 15.1658
 28.2312
 11.2694
 11.6619
 10.4403
 15.906
 17.8885
 12.1655
 0
 12.1244
 12.1244
 12.1244
 12.6095
 0
 0
 27.4773
 14.0357
 37.5633
 37.5633
 37.5633
 34.5688
 3.31662
 3.31662
 3.31662
 26.5707
 38.0789
 24.8596
 24.8596
 24.8596
 35.7071
 41.2795
 41.2795
 11.3578
 13.4536
 12.8062
 6.16441
 15.1327
 16.6733
 23.3666
 15.906
 16.3707
 29.5635
 9.84886
 9.84886
 11.7898
 13
 38.7943
 0
 12.3693
 39.3446
 14.7309
 0
 16.7631
 26.4386
 14
 24.1039
 17.8326
 16.8523
 16.8523
 20.0499
 9.53939
 24.4949
 24.4949
 38.5487
 12.8841
 12.8841
 12.8841
 12.8841
 14
 21.4476
 21.4476
 14.1067
 13.4907
 33.1361
 13.7113
 0
 25.3772
 21.4942
 15.0997
 0
 35.4965
 10.3923
 10.3923
 0
 9.05539
 36.9324
 14.3527
 0
 13.2665
 30.7734
 10.4403
 0
 20.2978
 10.583
 9.84886
 0
 15.1327
 9.64365
 22.5167
 0
 19.799
 33.2566
 9.84886
 15.9687
 16.7033
 28.4605
 17.9165
 17.9165
 37.4967
 13.9284
 13.9284
 6.08276
 23.1084
 39.3192
 16.7332
 5.47723
 0
 21.2132
 36.2767
 9.53939
 8.7178
 29.4958
 13.1909
 33.7787
 14.9666
 0
 38.8072
 10.3923
 19.6214
 1.73205
 11.4018
 35.2562
 15.1327
 24.3105
 0
 12.1244
 27.5862
 13.2288
 25.5147
 11.3137
 9.79796
 12.1244
 24.6982
 21.4476
 8
 13.9642
 25.9037
 14
 14
 14.8661
 9.32738
 15.6205
 33.8083
 18.3303
 18.3303
 26.9815
 11.3578
 12.0416
 32.665
 21.9317
 11.0905
 14.7648
 40.0749
 13.6748
 25.1794
 8.18535
 40.0625
 12.0416
 34.0588
 33.9559
 33.9559
 14.8997
 33.8821
 27.258
 22.1359
 22.1359
 17.8326
 21.2368
 14.4914
 23.3452
 18.9473
 6.08276
 12.3288
 21.0238
 12.0416
 9.53939
 9.53939
 29.5466
 22.1133
 6.245
 24.5967
 12.4097
 12.4097
 19.1572
 61.0983
 15.5885
 15.5885
 13.1909
 52.5167
 52.5167
 12.1655
 12.1655
 10.583
 10.583
 11.5326
 1.41421
 16.7332
 8.66025
 27.9643
 21.4476
 8.7178
 20.6155
 20.6155
 21.3776
 20.2978
 32.6803
 0
 0
 0
 32.0468
 7.14143
 14.5945
 7.34847
 12.3288
 12.3288
 12.3288
 6.245
 36.8646
 14.8661
 14.8661
 14.8661
 14.8661
 26.096
 28.8617
 27.0924
 22.9347
 25.9037
 31.607
 20.9045
 31.9374
 21
 35.6511
 20.7364
 7.14143
 27.7849
 8.66025
 9.64365
 20.9284
 15.3623
 7.81025
 6.08276
 9
 13.9284
 10.1489
 43.5316
 43.5316
 17.3781
 0
 16.8523
 14.7648
 8.94427
 14.3875
 8.66025
 15.9374
 17.1756
 19.2614
 12.6491
 10.6771
 20.4939
 25.865
 25.2982
 13.4536
 11.5326
 17.0587
 22.9129
 18.2209
 13
 9.84886
 9.84886
 34.2199
 11.225
 7.74597
 14.3527
 12.1244
 33.2415
 6.48074
 19.0263
 20
 20
 0
 0
 26.4197
 24.8596
 24.8596
 29.4449
 46.1844
 9.84886
 28.2135
 14.7648
 14.4568
 24
 28.7924
 8.60233
 25.5539
 12.4499
 27.2397
 14.8661
 21.9089
 12.9615
 10.0499
 13.5277
 14.4568
 12.3693
 11.225
 10.4403
 20.347
 11.225
 0
 14.3527
 10.0995
 24.5764
 14.0357
 13
 22.9783
 12.0416
 22.0907
 13.0384
 14.2829
 14.2829
 14.2829
 10.583
 15.6205
 15.6205
 13.1149
 13.1149
 22.891
 26.9629
 11.6619
 11.5758
 17.9165
 7.93725
 34.5398
 15.906
 14.3527
 23.0651
 16.2788
 11.2694
 31.305
 17.2047
 17.088
 17.5784
 11.6619
 14.7986
 23.9792
 13.5277
 14.2829
 16.1555
 24.1039
 13.9284
 9.27362
 22.9783
 13.7113
 13.1909
 13
 13
 13
 13
 58
 14.7309
 11.7473
 11.7473
 10.9545
 10.4881
 18.0555
 14.4222
 15.906
 11
 12.3288
 9.84886
 15.6525
 13.6748
 11
 12.8062
 15.3297
 22.0907
 9.05539
 11.6619
 20.025
 12.4499
 11.7473
 22.7596
 0
 12.2882
 10.4881
 10.583
 12.1655
 20.8806
 19.1311
 17.9165
 10.4881
 9.69536
 9.38083
 10.0995
 21.2603
 23.8956
 11.7473
 13.6382
 13.6382
 54.9909
 54.9909
 54.9909
 12.4097
 22.8254
 17.3205
 12.1244
 29.5804
 10.4403
 19.5192
 12.49
 21.0713
 17.8606
 33.3916
 8.88819
 19.975
 11.0454
 16.2173
 16.2173
 30.8383
 20.9762
 21.5639
 18.6548
 13.9642
 19.0788
 25.3772
 16.4317
 14.7309
 16.7033
 20.8806
 22.7816
 12.1655
 15.4919
 8.83176
 16.3707
 17.5499
 0
