 386.285
 0
 26.9444
 29.1376
 29.1376
 0
 43.8064
 47.2652
 44.0227
 40.5463
 45.3321
 45.3321
 44.4072
 43.4741
 46.2385
 47.0744
 45.8912
 48.9285
 47.833
 48.239
 41.0366
 47.833
 55.6147
 45.3872
 42.6028
 54.7175
 42.6966
 43.5775
 48.7134
 50.1597
 50.1199
 44.699
 53.5257
 54.4243
 43.2782
 39.0128
 51.4296
 54.6809
 54.6809
 36.8782
 48.4974
 47.833
 47.833
 42.9302
 47.55
 46.5188
 45.7165
 40.025
 48.5077
 39.1918
 47.6235
 51.5461
 50.5866
 39.4842
 39.4842
 49.163
 43.4051
 38.6652
 51.264
 51.264
 51.264
 53.0566
 53.0566
 57.463
 48.7134
 48.7134
 58.7792
 45.2106
 45.2106
 60.7289
 42.7902
 51.4781
 43
 49.7795
 48.6415
 47.8435
 48.7442
 53.6004
 51.0588
 50.7839
 47.6235
 49.5883
 47.8539
 60.0333
 45.0777
 60.8933
 38.223
 66.3325
 48.1456
 62.3378
 42.8836
 42.5911
 55.0182
 53.1131
 48.7134
 51.049
 53.9537
 48.0937
 53.9907
 58.2924
 53.7866
 52.5262
 50.4282
 61.6928
 52.9811
 66.053
 66.053
 69.4622
 39.281
 50.6853
 69.0072
 62.8729
 43.7493
 61.636
 47.0213
 52.2303
 51.2835
 49.366
 55.7405
 57.4543
 59.1016
 62.2415
 59.9833
 52.5738
 66.0984
 55.7136
 68.7095
 73.9121
 47.4447
 75.1798
 41
 64.7611
 55.848
 58.1808
 44.9555
 52.8204
 48.1041
 71.2531
 52.9811
 58.7367
 59.5651
 60.9344
 61.7576
 69.95
 64.4515
 56.1338
 75.9803
 53.8795
 77.4726
 46.2817
 77.4726
 61.636
 64.8151
 61.9839
 49.5379
 58.3866
 45.0222
 75.6373
 52.2207
 59.9917
 64.6916
 60.8605
 67.1937
 67.8159
 72.3878
 71.3793
 76.987
 83.5464
 65.6506
 62.3298
 82.7406
 76.896
 48.2804
 72.952
 70.406
 63.7338
 61.8385
 53.8609
 80.8641
 66.1287
 62.857
 61.8304
 72.6705
 76.2627
 73.3826
 80.796
 80.1686
 76.8765
 83.7496
 85.2643
 72.8217
 63.773
 81.3142
 52.5357
 76.7268
 65.146
 75.6307
 38
 56.5243
 83.4086
 34.4529
 64.2962
 59.1016
 66.2948
 63.5295
 76.1315
 73.8715
 82.3772
 79.404
 81.8046
 86.5332
 86.5332
 66.6708
 86.9253
 71.5402
 70.7531
 75.7232
 62.3137
 66.2797
 53.3854
 85.4985
 80.8208
 80.8208
 63.6553
 64.304
 67.7864
 73.7089
 75.8354
 84.3979
 82.1401
 88.9888
 83.6242
 91.3291
 85.6213
 67.624
 85.9244
 78.7401
 73.7699
 60.6795
 68.4763
 61.4003
 62.6099
 60.3738
 81.7068
 59.1016
 66.9851
 71.4493
 69.1303
 82.2071
 77.8781
 87.3212
 83.1384
 89.7162
 83.7616
 83.4626
 87.327
 68.6804
 79.4229
 68.9348
 70.9225
 57.4282
 63.7181
 66.0379
 65.5896
 58.3181
 63.5531
 57.376
 71.8123
 83.1445
 67.9043
 89.9944
 79.0316
 90.5759
 81.3511
 87.0747
 87.4128
 82.8613
 67.9485
 81.3695
 79.1391
 88.5099
 76.9935
 57.1052
 87.7895
 81.6701
 79.3095
 79.3095
 69.7711
 82.4136
 61.7252
 85.6271
 52.1536
 52.1536
 80.1873
 80.1873
 84.6109
 68.8331
 84.3682
 84.3682
 79.7245
 90.5649
 72.298
 64.5446
 89.5042
 54.5161
 54.5161
 80.0125
 80.0125
 80.0125
 58.2666
 80.3555
 64.3117
 64.3117
 85.2995
 85.2995
 91.5041
 72.6292
 80.9568
 81.148
 81.148
 79.2906
 99.2119
 85.1704
 105.148
 80.1499
 77.2981
 70.7248
 98.8787
 63.8122
 71.2671
 53.647
 63.7495
 79.0886
 70.1997
 70.1997
 79.2023
 64.3195
 84.0357
 69.5198
 75.213
 82.4985
 80.7527
 80.7527
 85.8953
 106.953
 106.953
 96.1561
 96.1561
 96.1561
 77.1881
 98.4835
 73.1095
 94.4405
 94.4405
 64.7302
 64.7302
 90.294
 60.8687
 56.8243
 77.7882
 77.7882
 77.7882
 77.7882
 71.3162
 94.1063
 68.884
 68.884
 72.9657
 72.9657
 71.2531
 71.2531
 82.7466
 85.2115
 62.9603
 76.138
 76.138
 59.95
 59.95
 82.2131
 76.0066
 72.1734
 72.1734
 78.8162
 71.0774
 86.2264
 86.2264
 88.3799
 68.8912
 97.3807
 68.1396
 84.6286
 97.8673
 76.9805
 96.8298
 56.7539
 56.7539
 95.1052
 95.1052
 69.419
 75.5645
 75.5645
 68.4763
 84.5399
 70.4344
 70.4344
 85.2232
 69.0217
 69.5557
 87.8749
 87.8749
 65.2227
 94.9684
 63.6318
 63.6318
 71.2671
 60.8687
 71.9236
 71.9236
 66.9925
 82.662
 78.8987
 78.8987
 81.9024
 81.9024
 84.9294
 84.9294
 76.8245
 94.9157
 85.2115
 85.2115
 95.6347
 68.0074
 63.1744
 63.1744
 63.1744
 78.5048
 68.7386
 99.0909
 99.0909
 97.903
 80.4798
 72.8148
 88.7863
 93.1773
 56.5066
 56.5066
 77.3563
 77.3563
 87.7439
 87.7439
 87.7439
 87.7439
 86.0116
 69.4478
 69.4478
 64.6684
 62.538
 70.5975
 68.3081
 68.3081
 73.0342
 93.0054
 65.0231
 68.8694
 64.3195
 87.046
 78.4028
 48.5592
 48.5592
 80.9259
 70.3136
 82.8432
 82.8432
 77.3628
 81.7374
 93.1182
 93.1182
 70.8167
 67.9485
 99.1211
 63.2614
 98.1173
 69.6132
 69.7137
 69.7137
 86.2554
 64.1794
 93.4933
 93.4933
 104.8
 104.8
 86.9483
 97.6627
 80.8332
 80.8332
 81.8046
 81.8046
 60.4401
 60.4401
 60.4401
 60.4401
 60.7536
 69.728
 66.0152
 66.0152
 66.0152
 85.1293
 79.3095
 67.8012
 67.8012
 69.5773
 83.6959
 65.7723
 65.7723
 79.0443
 59.6238
 59.6238
 59.6238
 77.801
 58.8388
 58.8388
 58.8388
 58.8388
 58.8388
 58.8388
 84.4038
 47.613
 47.613
 47.613
 47.613
 89.073
 89.073
 89.073
 62.8888
 64.591
 94.9052
 77.7817
 75.6968
 59.9833
 59.9833
 94.2762
 62.1691
 91.815
 91.815
 91.815
 95.0947
 69.5845
 83.3067
 83.3067
 92.6769
 92.6769
 92.6769
 92.6769
 69.6276
 51.643
 64.2651
 64.2651
 64.2651
 64.2651
 64.2651
 64.2651
 64.2651
 79.1644
 79.1644
 79.1644
 79.1644
 60.8194
 60.8194
 60.8194
 59.9333
 59.9333
 60.2246
 60.2246
 60.2246
 87.0517
 69.8999
 69.8999
 69.8999
 59.9083
 77.3822
 52.1344
 52.1344
 64.591
 58.3181
 58.3181
 58.3181
 68.7677
 65.1613
 97.0618
 97.0618
 97.0618
 97.0618
 74.793
 110.941
 65.6582
 65.6582
 65.6582
 65.6582
 65.909
 80.7465
 66.34
 90.89
 90.89
 90.89
 86.5794
 73.9189
 86.1336
 86.1336
 62.6259
 89.6493
 89.6493
 60.8194
 60.8194
 66.1135
 66.1135
 92.152
 76.8505
 59.127
 81.3081
 63.1823
 60.7289
 71.8958
 82.7224
 82.7224
 82.7224
 60.1082
 70.4557
 70.4557
 62.7694
 62.7694
 58.5577
 61.4166
 61.4166
 74.7262
 59.4643
 82.0122
 66.0908
 52.2015
 91.3729
 61.0328
 56.7539
 60.0083
 90.879
 57.1227
 59.3043
 68.9202
 61.3922
 63.4271
 66.3099
 68.9928
 68.9928
 68.9928
 65.4294
 59.6406
 59.6406
 70.7531
 74.7596
 79.0127
 71.638
 72.3671
 87.9034
 62.6498
 62.6498
 84.1249
 71.6519
 80.3057
 60.5227
 91.2962
 91.2962
 69.8069
 65.8103
 39.1535
 70.4628
 58.6345
 59.9166
 79.8561
 79.8561
 37.3631
 60.8523
 93.188
 93.188
 63.9218
 61.9597
 84.5281
 73.7699
 39.3065
 39.3065
 62.5859
 67.8012
 38.6652
 38.6652
 61.7576
 71.2461
 71.2461
 53.0189
 79.3032
 36.524
 70.4486
 70.4486
 61.8223
 61.8223
 59.1523
 59.1523
 59.1523
 52.1728
 35.6651
 65.2687
 65.2687
 62.7057
 59.6992
 35.623
 62.6179
 57.7754
 85.557
 85.557
 85.557
 63.5138
 74.0068
 87.8635
 87.8635
 87.8635
 64.3195
 73
 61.9193
 60.7124
 60.7124
 34.7275
 70.4486
 70.4486
 78.3071
 69.5342
 76.1971
 84.5281
 34.7851
 82.6741
 65.3376
 61.1964
 57.9914
 57.9914
 34.8281
 34.8281
 34.8281
 34.8281
 68.2862
 68.2862
 37.3765
 69.491
 73.4847
 75.8947
 80.1124
 80.1124
 66.8132
 35.1568
 68.8331
 93.7977
 78.0897
 78.0897
 72.8492
 36.7015
 36.7015
 61.8304
 73.2871
 95.2313
 65.3682
 65.3682
 58.4209
 64.0703
 88.2496
 58.8643
 58.7878
 69.1086
 56.6304
 83.666
 72.6911
 62.0725
 71.8888
 71.8888
 74.94
 74.94
