 350.542
 0
 16.7033
 22.5389
 22.5389
 22.5389
 27
 21.7025
 18.2483
 6.85565
 22.2711
 22.2711
 22
 14.8661
 15.6525
 18.9737
 22.0681
 14.8997
 20.2731
 15.1658
 18
 15.5563
 25.0998
 22.7596
 20.2978
 22.7596
 22.2036
 20.1742
 24.4745
 23.8956
 26.1916
 19.0526
 22.6274
 24.6171
 18.1384
 17.4642
 23.4734
 23.5797
 23.5797
 17.5499
 21.166
 20.0749
 20.0749
 19.2614
 20.8567
 21
 21.4476
 15.8114
 19.2873
 15.6205
 19.2094
 13.0384
 19.6469
 15.2971
 15.2971
 20.2978
 25.0998
 14.7309
 21.5639
 21.5639
 21.5639
 21.7486
 21.7486
 27.2397
 20.1742
 20.1742
 27.2029
 17.088
 17.088
 24.5764
 17.1464
 24.8193
 18.6011
 20.0499
 21.7256
 21.166
 21.6564
 22.1811
 18.5742
 22.1585
 25.923
 19.7231
 23.4094
 25.1794
 19.3907
 27.258
 14.5602
 28.7054
 18.6815
 23.622
 16.1864
 16.5831
 22.6053
 20.9045
 17.2627
 20.9523
 18.6279
 21.7256
 21.0238
 25.2785
 23.516
 25.219
 21.7256
 25.8263
 23.1084
 27.1109
 27.1109
 29.9165
 16.5529
 19.5959
 26.8514
 23
 18.412
 24.3516
 16.6132
 24.4336
 18.9737
 26.9815
 22.2036
 27.4591
 23.6854
 26.3439
 26.1343
 26.0576
 23.4307
 23.5797
 28.8271
 31.289
 21.7025
 30.7409
 21.6795
 28
 20.347
 22.6936
 20.347
 23.0651
 20.347
 28.8791
 19.105
 28
 22.5389
 26.3818
 20.9762
 27.2213
 26.3818
 26.9444
 28.3549
 22.3383
 30.7409
 21.8861
 30.7896
 20.9284
 29.6479
 25.02
 25.2587
 28.1957
 23.3666
 29.4958
 20.3224
 20.8806
 32.2955
 27.8388
 27.6586
 30.1993
 25.5734
 30.2985
 30.1993
 33.1964
 28
 24.3721
 31.3847
 30.7246
 25.9037
 28.0179
 29.4788
 28.8791
 29.4958
 24.5764
 31.4325
 33.4216
 22.2486
 28.3196
 24.3105
 25.5734
 27.1477
 32.7567
 29.2404
 29.1548
 30.7246
 32.1092
 27.7489
 24.454
 31.0805
 26.4386
 28.2666
 27.6043
 29.6311
 13.9642
 31.1288
 29.4958
 29.4958
 33.7787
 23.9374
 22.2711
 30.0167
 26.0576
 25.0799
 27.6225
 28.9137
 27.8029
 30.8545
 0
 31.496
 31.3847
 26.5518
 31.9061
 28.3019
 24.2487
 29.7489
 31.5119
 33.7935
 29.5804
 31.1127
 34.1614
 33.3317
 27.1477
 26.5895
 25.2785
 29.9333
 29.1376
 32.8177
 27.1477
 34.4093
 31.4325
 32.249
 27.2947
 26.0192
 26.1343
 27.7669
 31.0805
 33.8378
 27.7308
 30.7734
 36.9324
 29.9333
 34.1321
 30.5123
 26.1151
 27.7669
 27.4408
 31.5595
 28.688
 33.3467
 34.2199
 34.6121
 27.037
 19.7231
 30.6757
 27.1846
 25.02
 28.4429
 31.3369
 28.8964
 34.4384
 28.9482
 32.4808
 26.0384
 29.8664
 27.7849
 23.1948
 30.7246
 25.5343
 34.5832
 29.7153
 33.4963
 28.9137
 32.8634
 40.1497
 34.2199
 29.9333
 30.315
 28.6007
 31
 30.315
 32.8024
 33.5261
 31.6228
 29.2916
 27.2029
 28.5482
 29.9666
 24.0208
 30.0998
 25.671
 28.4781
 27.7669
 18.4662
 29.5466
 28.4605
 34.9714
 31.9374
 29.6816
 28.3019
 23.3452
 32.6803
 28.7054
 31.3369
 26.9258
 36
 31.9061
 23.5584
 25.9615
 37.6431
 20.4695
 27.1477
 27.1477
 21.2603
 24.5561
 30.6757
 30.6757
 29.6479
 39.2683
 34.0441
 42.9651
 30.4138
 38.6394
 29.9833
 36.8917
 27.7669
 33.0908
 31.9061
 32.7719
 34.5977
 33.7639
 28.4956
 36.2905
 28.4253
 42.4382
 33.0757
 24.5764
 26.1534
 30.315
 30.315
 30.6431
 40.05
 32.28
 34.2637
 34.2637
 35.0286
 34
 34.2491
 31.607
 31.607
 38.4578
 25.8844
 47.1805
 36.1525
 36.1525
 30.3315
 29.8998
 29.9333
 29.9333
 29.6648
 29.1376
 29.5973
 29.5973
 30.3315
 28.4956
 32.249
 36.3043
 22.0454
 20.4939
 33.9411
 34.2929
 22.9783
 32.0624
 33.541
 15.906
 27.1662
 30.7734
 28.6007
 28.6007
 22.2711
 34.9142
 27.2397
 27.2397
 32.0156
 35.8329
 33.9706
 32.311
 37.8682
 36.8782
 36.8782
 32.0312
 31.4166
 30.3809
 30.3809
 28.4429
 28.688
 28.688
 28.688
 28.688
 29.5804
 33.8378
 33.8378
 29.5635
 33.4963
 35.7771
 33.2265
 33.2265
 35.1426
 35.6511
 28.2843
 28.2843
 36.1663
 36.8375
 20.0499
 20.0499
 31.7175
 32.6343
 22.2935
 22.2935
 29.3939
 35.6371
 31.8119
 31.8119
 35.7911
 34.6699
 37.108
 37.108
 36.1386
 37.1349
 29.0345
 29.0345
 27.8029
 29.9165
 32.5115
 37.5766
 35
 33.9411
 27.7489
 27.7489
 37.3229
 30.0167
 30.0167
 26.9629
 32.0468
 34.1906
 33.7491
 21.4476
 21.4476
 33.2716
 34.5977
 33.8083
 22.9347
 36.1663
 28.1069
 39.0384
 19.3132
 19.3132
 34.2345
 39.6232
 20.8567
 34.641
 37.0945
 33.8526
 23.0651
 25.5343
 25.5343
 34.4093
 34.5832
 31.3369
 23
 37.2961
 35.0428
 36.524
 29.6479
 30.8221
 34.3657
 38.1707
 27.7128
 37.6298
 37.6298
 23.4521
 33.5112
 28.5132
 25.593
 32.1714
 32.1714
 32.6343
 21.7486
 31.4484
 35.4542
 34.0881
 25.3574
 29.6311
 29.6311
 33.2566
 36.3456
 28.5832
 28.5832
 29.6648
 33.0454
 36.9324
 35.5809
 35.5809
 33.0303
 36.3868
 24.0208
 19.4422
 25.2587
 33.0151
 22.1585
 27.3313
 21.0713
 39.8748
 31.607
 31.1448
 25.6515
 35.623
 29.95
 26.7582
 33.5261
 32.8938
 32.619
 33.1813
 21.7486
 28.8964
 25.865
 33.2716
 32.7414
 28.7576
 30.7896
 30.7896
 24.9199
 32.665
 26.9444
 26.9444
 25.3377
 29.5127
 30.9193
 27.4408
 29.8998
 24.1454
 35.0143
 31.9687
 31.9687
 33.0151
 32.665
 32.3574
 32.3574
 0
 25.6125
 34.2491
 23.8747
 30.1662
 29.2233
 24.7992
 0
 0
 31.1448
 31.8748
 29.2404
 0
 0
 0
 29.5296
 32.9697
 29.1548
 30.1496
 30.1496
 30.05
 35.171
 30.6757
 33.8083
 35.4401
 29.4618
 33.9264
 31.4643
 28.4429
 32.619
 34.9428
 29.5127
 29.6985
 27.8029
 29.1548
 31.3528
 24.8797
 22.8035
 26.7208
 24.6982
 0
 23.1084
 33.8083
 28.7576
 25.6905
 29.8998
 26.4575
 26.0384
 31.3209
 31.8277
 35.9305
 26.9815
 37.0675
 24.4949
 26.4197
 33.0606
 29.6985
 33.3017
 35.8887
 24.8998
 27.9821
 0
 34.2199
 29.5635
 34.9142
 30.6594
 26.8328
 35.4119
 32.2645
 29.4958
 30.133
 30.133
 0
 0
 28
 34.2199
 0
 26.7395
 26.7395
 23.3666
 28.3901
 30.1662
 32.8024
 35.1852
 26.1343
 32.7719
 30.7734
 36.4966
 27.7128
 27.8568
 32.7719
 37.8814
 27.1846
 25.3377
 27.0185
 24.5153
 33.5559
 29.7153
 26.7021
 23.3238
 0
 27.6586
 26.8142
 24.0832
 27.258
 30.5123
 28.7054
 29.1548
 25.593
 33.4365
 21.7256
 21.7256
 21.7256
 27.9285
 28.0357
 22.9565
 33.0454
 0
 30.7734
 31.8748
 20.2485
 34
 27.313
 26.7769
 30.6594
 27.9464
 18.412
 30.3315
 32.8329
 26.4575
 32.2645
 30.1496
 33.5857
 32.665
 17.3494
 25.3772
 35.7911
 30.133
 17.7764
 33.5112
 25.0998
 28.2666
 26.9629
 28.7402
 30.692
 17.7764
 33.3766
 33.3766
 33.3766
 0
 29.5127
 27.7489
 23.388
 30.0333
 19.6469
 24.6779
 25.3574
 31.0966
 26.9444
 21.4709
 26.9444
 26.0384
 23.5797
 28.9137
 20.2978
 27
 22.6936
 21.8861
 28.2312
 19
 26.7395
 25.5734
 26.8142
 23.8328
 0
 19.6469
 28.3019
 27.2397
 27.7849
 25.865
 26.9629
 27.8209
 19
 29.1376
 25.3772
 24.8395
 30
 32.4654
 18.412
 30
 31.9844
 24.8395
 24.8395
 0
 18.4932
 27.6225
 23.7487
 28.8791
 29.5296
 24.8797
 27.6043
 19.0788
 26.9815
 33.0303
 28.8791
 24.1247
 24.2281
 17.3781
 30.5614
 24.8395
 30.7083
 32.0624
 33.2866
 27.7128
 22.2036
 23.0434
 30.7083
 27.8029
 33.5261
 20.9045
 25.5343
 33.2566
 27.2947
 20.8806
 28.8617
 24.6779
 32.8634
 0
