 362.211
 0
 33.1813
 39.598
 39.598
 39.598
 44.4747
 46.7119
 41.2189
 38.1051
 42.4971
 42.4971
 44.6542
 42.0357
 44.2041
 48.4562
 47.5289
 50.8134
 50.06
 51.1859
 52.5167
 56.0268
 67.2607
 60.0083
 56.8595
 69.1375
 52.4214
 45.1885
 57.4978
 42
 56.1427
 48.1768
 46.2385
 43.1856
 39.7115
 50.0799
 45.5192
 50.3786
 50.3786
 48.5489
 50.3786
 48.9081
 48.9081
 52.2877
 51.2835
 48.0937
 46.9681
 37.9078
 50.2096
 38.1576
 45.6399
 50.2892
 53.6377
 36.2491
 36.2491
 57.5326
 43.7264
 35.3977
 62.1772
 62.1772
 62.1772
 59.1016
 59.1016
 53.9166
 53.7308
 53.7308
 48.4665
 51
 51
 50.1896
 51.449
 52.8299
 55.5428
 53.9166
 51.6914
 57.4369
 43.3244
 61.4654
 42.8369
 59.95
 46.3249
 61.8708
 48.9285
 63.8827
 49.558
 56.648
 53.066
 49.0408
 51.7687
 48.7545
 52.2877
 55.254
 55.6597
 56.4801
 59.0762
 62.6099
 53.507
 62.0242
 42.0714
 40.8534
 65.1537
 55.8122
 63.9453
 65.9014
 49.3153
 61.2454
 61.2454
 56.4269
 56.648
 57.6455
 50.9019
 62.8888
 57.6194
 60.8605
 59.1101
 66.1589
 57.8619
 49.7695
 51.6624
 70.562
 44.6766
 44.2832
 71.4633
 53.3667
 68.0147
 56.0268
 62.6179
 54.1018
 58.2666
 55.848
 61.6766
 64.7688
 61.9758
 64.3428
 60.9918
 70.6753
 62.7455
 75.591
 56.7274
 72.1457
 48.5592
 76.1709
 42.0714
 69.9357
 48.621
 58.3952
 64.2339
 57.3585
 57.6194
 62.9206
 56.6922
 63.4271
 62
 68.6222
 65.8483
 78.4538
 51.4781
 77.3886
 66.3174
 59.6406
 79.511
 80.3679
 52.3927
 50.5272
 73.1369
 70.859
 65.3988
 60.349
 66
 68.6659
 60.4979
 67.3721
 71.5961
 69.6204
 72.1873
 75.1665
 80.2683
 73.1984
 82.6136
 82.9638
 68.4398
 61.498
 63.1269
 54.2771
 77.7946
 57.2713
 68.3959
 61.563
 62.9444
 61.5873
 69.8642
 75.06
 62.9762
 76.818
 70.6682
 81.2404
 79.9687
 36.8103
 81.768
 84.2674
 84.2674
 88.0341
 74.5587
 67.9926
 81.2342
 63.0793
 78.9873
 72.7736
 54.2863
 60.531
 63.4271
 63.4271
 65.8179
 61.4085
 59.127
 68.0074
 71.5122
 77.666
 85.2995
 82.6741
 88.295
 83.4686
 84.7526
 87
 88.3006
 81.4801
 78.886
 71.6938
 75.8419
 60.5145
 68.4471
 55.6956
 66
 60.8933
 69.5989
 66.6033
 72.3809
 75.7628
 79.9187
 81.9085
 87.909
 82.8794
 86.1742
 91.2907
 69.8999
 89.1291
 86.3365
 76.5768
 64.7225
 69.0507
 66.1665
 58.6515
 67.838
 59.2115
 59.0508
 66.7383
 70.8449
 68.2715
 75.0467
 83.5643
 55.6507
 87.6641
 84.4748
 91.236
 84.3979
 86.4928
 79.5362
 77.8588
 86.8447
 73.1505
 78.4538
 66.9403
 87.4586
 56.4978
 63.0159
 83.3607
 63.0714
 108.637
 108.637
 108.637
 88.5155
 67.6461
 83.3607
 88.6736
 85.2232
 84.0417
 86.7698
 69.5485
 69.5485
 81.7007
 85.6329
 74.2159
 87.8977
 64.8845
 82.28
 58.1292
 65.6734
 55.6327
 55.6327
 78.867
 78.867
 77.6338
 64.9846
 89.8276
 85.4751
 85.4751
 84.4926
 84.4926
 98.4276
 66.453
 66.453
 78.3326
 70.6824
 70.6824
 92.6553
 92.6553
 72.856
 64.2417
 85.1293
 85.1293
 85.1293
 76.7138
 61.79
 77.8267
 62.9126
 98.2446
 71.2811
 71.2811
 80.4612
 86.3597
 82.7164
 83.9405
 82.5712
 97.355
 63.8279
 102.171
 80.9259
 87.1378
 96.2133
 76.909
 76.909
 87.0517
 87.0517
 61.2536
 61.2536
 61.2536
 65.2687
 65.2687
 65.2687
 66.3476
 75.8947
 72.2219
 94.615
 94.615
 80.5109
 83.9107
 83.9107
 83.9107
 83.6421
 85.4283
 85.4283
 83.9583
 83.9583
 95.1105
 95.8123
 69.7854
 84.1843
 84.1843
 64.9846
 94.186
 77.4016
 77.4016
 77.4016
 97.3756
 76.138
 73.13
 93.5842
 93.5842
 65.7495
 91.7987
 75.3989
 75.3989
 53.1883
 70.739
 82.4379
 82.4379
 88.5381
 88.5381
 74.3572
 68.0808
 89.6995
 105.48
 73.858
 97.7855
 84.3386
 84.3386
 65.5973
 85.481
 88.9888
 67.4611
 77.4016
 96.0104
 72.8492
 70.4486
 90.5594
 70.4202
 85.8254
 96.8452
 63.6003
 63.6003
 76.3479
 96.8659
 85.9186
 85.9186
 79.2906
 98.0816
 98.0816
 98.0816
 92.9032
 71.1899
 63.3246
 63.3246
 58.2495
 58.2495
 76.5441
 76.5441
 76.5441
 81.0247
 84.4453
 84.4453
 68.1616
 77.1168
 65.6277
 65.6277
 65.6277
 74.7329
 113.64
 96.4572
 96.4572
 63.4665
 70.8872
 83.0602
 78.3582
 70.3562
 79.5927
 79.5927
 79.1265
 89.4539
 65.192
 65.192
 65.192
 69.5845
 98.1682
 82.6438
 82.6438
 94.2337
 83.1745
 71.7983
 67.624
 67.624
 69.1592
 95.6033
 74.2698
 74.2698
 98.3819
 73.2598
 64.8614
 64.7457
 64.7457
 93.7977
 92.6283
 64.3739
 53.6097
 83.4386
 60.6383
 92.8386
 54.1479
 69.9714
 75.9803
 76.2824
 76.2824
 98.1377
 68.352
 64.9307
 64.9307
 70.9084
 78.1665
 94.2709
 94.2709
 84.7349
 67.9926
 70.2068
 67.6979
 81.6639
 58.6345
 79.1012
 79.1012
 76.1052
 76.1052
 76.1052
 76.1052
 76.1052
 67.7643
 93.8776
 93.8776
 93.8776
 93.8776
 98.9848
 66.9477
 66.9477
 73.1642
 84.3623
 84.3623
 61.9031
 71.5751
 96.7729
 96.7729
 96.7729
 76
 95.268
 95.268
 69.2026
 78.6193
 78.6193
 64.5988
 94.7048
 94.7048
 64.923
 64.923
 64.923
 64.923
 64.923
 105.428
 65.0077
 64.2262
 64.2262
 64.2262
 76.6355
 73.5051
 73.5051
 56.6569
 62.4179
 83.1986
 56.5332
 56.5332
 94.2444
 68.7386
 79.3977
 70.5337
 64.2884
 64.2884
 64.2884
 64.2884
 70.8237
 57.3324
 57.3324
 57.3324
 57.3324
 57.3324
 57.3324
 57.3324
 70.6753
 80.1686
 80.1686
 80.1686
 80.1686
 58.2409
 71.4633
 64.0937
 61.0328
 61.0328
 64.6142
 70.0071
 70.0071
 91.3729
 69.8999
 67.2978
 81.7741
 81.7741
 81.7741
 89.3364
 63.4271
 67.4166
 91.8259
 91.8259
 73.1437
 69.9857
 66.0606
 107.191
 107.191
 60.3241
 60.3241
 79.4544
 79.4544
 73.4302
 73.4302
 79.8812
 55.5698
 74.5319
 74.5319
 67.4611
 68.3008
 65.3299
 65.3299
 85.0588
 56.4447
 83.5703
 74.2294
 62.8172
 88.8426
 62.1932
 63.4429
 63.4429
 76.629
 76.629
 68.1175
 79.9875
 70.4415
 78.0128
 78.0128
 65.1537
 72.1318
 73.4575
 73.4575
 73.4575
 66.174
 66.174
 66.174
 66.7458
 66.7458
 59.0593
 59.0593
 59.607
 68.884
 91.6788
 71.3583
 71.4913
 56.5685
 94.0585
 62.5939
 62.5939
 66.0757
 71.4353
 58.3352
 58.3352
 76.7203
 61.9919
 97.2214
 67.0373
 87.51
 87.51
 87.51
 65.1537
 56.8946
 61.6766
 69.5485
 82.988
 59.2284
 62.7057
 67.4018
 85.4459
 63.0476
 63.0476
 63.0476
 65.1997
 80.3181
 80.3181
 69.4766
 69.4766
 67.7348
 69.0217
 39.064
 72.2357
 72.2357
 66.5056
 63.9453
 59.6406
 37.2961
 71.2741
 92.5527
 120.358
 77.214
 68.8113
 85.2115
 76.8635
 40.8656
 40.8656
 40.8656
 61.4492
 40.4228
 76.9025
 62
 70.2068
 61.4492
 61.4492
 86.0581
 36.2905
 76.5376
 76.5376
 60.025
 60.025
 60.025
 92.9355
 57.836
 57.836
 37.9473
 61.2699
 91.9511
 60.8523
 60.2495
 39.0384
 86.3134
 58.9067
 66.2118
 66.2118
 37.6696
 66.4981
 70.1285
 87.8123
 87.8123
 87.8123
 59.5735
 79.599
 73.3757
 95.2628
 95.2628
 95.2628
 72.1803
 72.1803
 68.3447
 93.3006
 54.4334
 80.5543
 38.4448
 62.2013
 64.1794
 62.9047
 57.2975
 63.6632
 38.8072
 38.8072
 38.8072
 38.8072
 68.4909
 68.4909
 68.4909
 71.5612
 71.5612
 61.8547
 67.0597
 67.0597
 67.0597
 36.8646
 54.9454
 94.7629
 72.0208
 72.0208
 49.4975
 49.4975
 70.7178
 67.3573
 81.1295
 63.1902
 80.6598
 62.2495
 59.2368
 50.8429
 70.4273
 57.6888
 82.6982
 82.6982
 66.8581
 86.9137
 74.2361
 70.0928
 64.6065
 64.6065
 90.7028
 90.7028
