 367.689
 0
 11.2694
 4.58258
 4.58258
 0
 18.3848
 22.4277
 18.0555
 16
 17.8045
 17.8045
 21.4476
 20.664
 18.9737
 20.0499
 16.4924
 16.4621
 18.2483
 15.8114
 19.6214
 20.8567
 29.1719
 25.2982
 22.5832
 25.5147
 18.3576
 16.6733
 19.2614
 17.9165
 20.9523
 16.7332
 18.2757
 22
 21.9317
 22.7596
 25.5343
 26.0384
 26.0384
 17.8045
 23.1733
 24.0208
 24.0208
 20.6882
 22.561
 21.7256
 15.9687
 21.587
 18.3576
 22.4277
 16.5529
 21.7945
 20.8806
 21.5639
 21.5639
 22.5167
 16.8523
 20.7364
 24.4131
 24.4131
 24.4131
 23.0868
 23.0868
 25.02
 17.4642
 17.4642
 23.3452
 15.5242
 15.5242
 26.1343
 19.0526
 22.4054
 18.5742
 22.6274
 20.2485
 21.7486
 15.1987
 22.6053
 16.7033
 22.8473
 18.1108
 22.6053
 18.7083
 28.1069
 17.8885
 27.9106
 17.4069
 23.622
 14.7648
 26.2298
 15.6844
 18.3848
 26.2869
 26.8887
 21.4476
 22.6274
 19.0263
 20.0998
 18.5742
 20.2237
 22.6053
 21.7715
 25.2587
 30.348
 22.2711
 29.4109
 29.4109
 28.2312
 17.6635
 16.4924
 28.8271
 30.4631
 19.105
 27.8747
 20.6398
 28
 22.9347
 26.1916
 22.1585
 28.8097
 21.6795
 22.4722
 32.1559
 23.7487
 32.2335
 22.8473
 32.6803
 29.2916
 22.1133
 34.8281
 19.105
 33.9706
 21.6564
 33.9264
 20.9523
 30.6105
 23.622
 29.9666
 24.6779
 33.9411
 22.5832
 34.1906
 18.735
 35.5809
 28.5132
 26.2869
 34.7994
 27.7489
 33.9853
 25.1794
 34.7994
 22.5389
 34.7994
 34.7563
 26
 36.8646
 23.6008
 35.2846
 23.4521
 25.318
 38.7169
 36.6742
 27.1662
 26.3629
 37.3631
 29.9833
 35.8887
 40.05
 31.4166
 31.305
 39.1408
 39.9375
 29.5635
 40.0125
 30.4138
 33.9706
 39.1408
 33.8821
 35.1426
 40.4351
 33.0303
 38.5616
 33.8526
 33.0454
 38.2623
 34.9571
 37.3898
 35.7771
 39.1535
 39.9625
 37.3898
 34.7994
 40.8412
 33.0303
 39.9625
 40.0625
 35.6931
 33.8083
 35.6651
 36.7423
 30.7246
 42.9767
 34.7851
 33.9264
 39.2938
 33.1813
 40.1373
 38.3014
 35.1426
 36.5513
 40.8534
 40.8534
 35.6791
 38.2753
 36.5787
 40.8656
 40.9878
 37.3898
 42.9185
 38.1969
 40.1497
 38.2492
 40.8167
 38.7427
 41.2795
 38.1969
 39.3192
 36.5103
 40.9634
 36.4966
 41.7373
 37.4433
 40.8779
 40.9145
 40.0125
 40.8901
 43.7607
 39.95
 36.5377
 42.8952
 40.6202
 38.2492
 38.2623
 41.4246
 39.0896
 41.4246
 40.6079
 36.4829
 40.4475
 36.5377
 40.9756
 36.647
 41.6893
 35.8748
 39.1152
 41.7133
 43.6463
 39.1535
 37.3497
 41.1704
 35.6511
 42.7785
 35.623
 42.1545
 37.6298
 41.3401
 35.6371
 41.0853
 41.9047
 33.9264
 40.8656
 36.4692
 41.7253
 36.6333
 39.9124
 40.8534
 39.128
 43.4511
 42.8952
 40.7676
 41.7852
 38.223
 38.2099
 41.0122
 38.1969
 42.0476
 39.1408
 40.9512
 40
 36.5103
 39.1024
 37.3765
 40.8289
 36.7015
 40.9145
 36.6333
 44.4072
 36.8917
 36.8917
 41.0122
 42.6028
 42.5911
 41.7133
 39.975
 37.3765
 37.3765
 37.4032
 37.4032
 40.7063
 39.128
 40.9634
 36.5103
 42.0951
 36.5787
 36.5787
 44.8553
 35.6511
 35.6511
 38.3014
 38.3014
 37.3497
 46.9787
 41.7373
 50.4579
 39.1152
 40.8289
 40.8289
 48.0833
 39.975
 39.5727
 35.623
 44.8888
 38.2492
 41.1704
 36.5103
 47.1593
 36.5103
 45.3321
 42.8719
 38.2623
 36.5787
 42.0238
 42.0238
 36.7967
 51.303
 51.303
 40.2244
 40.2244
 40.2244
 41.8688
 40.4599
 43.5431
 41.1825
 41.1825
 39.9875
 39.9875
 40.025
 27.0185
 34.8281
 42.2847
 28.4253
 39.95
 39.95
 39.5601
 56.8595
 37.4166
 37.4166
 59.3885
 59.3885
 35.6511
 35.6511
 57.4891
 40.3485
 36.5377
 37.4299
 39.3446
 40.1871
 40.1871
 37.4833
 41.0609
 42.7434
 42.7434
 30
 45.2106
 40.025
 40.025
 42.0476
 39.95
 41.0122
 39.9875
 43.5086
 45.5412
 42.5911
 42.7434
 38.3145
 38.3145
 45.1774
 16.7631
 35.9722
 54.8999
 41.7013
 50.4579
 41.8569
 40.8779
 39.9875
 40.2244
 41.9047
 40.0125
 39.1791
 39.1791
 43.4626
 40.8901
 40.8167
 40.8167
 43.4856
 42.5793
 34.7419
 34.7419
 39.3827
 44.3396
 33.2866
 33.2866
 37.3363
 41.7612
 40.9023
 40.9023
 41.7612
 40.8779
 40.5586
 40.5586
 42.8719
 41.7732
 37.47
 37.47
 28.3901
 41.6773
 40.8167
 45.5631
 29.5296
 46.3897
 42.5911
 40.3609
 42.5911
 40.8901
 34.4384
 25.0599
 36.9865
 41.7612
 41.833
 25.5539
 25.5539
 42.6146
 42.6028
 39.2556
 28.6356
 39.9875
 39.95
 43.4856
 30.3809
 30.3809
 42.7551
 40.9023
 33.9559
 35.9166
 45.1885
 43.5431
 34.5398
 34.7563
 34.7563
 45.2659
 41.7253
 39.2173
 29.7489
 41.7373
 39.6863
 46
 34.1614
 40.8901
 40.8167
 46.4435
 35.0143
 43.3359
 37.8814
 36.7423
 41.1582
 41.7493
 38.6005
 40.8779
 41.2916
 37.3497
 28.7054
 38.2884
 45.5741
 39.7115
 27.0924
 37.6431
 37.6431
 40.8656
 43.4626
 34.7707
 34.7707
 39.5727
 41.8688
 41.4126
 42.5676
 0
 40.8779
 44.4185
 41.1825
 41.1825
 37.6829
 31.273
 30.5123
 32.187
 34.7707
 41.7373
 35.819
 34.7707
 34.9714
 40.1622
 40.1622
 35.5949
 37.3898
 35.3129
 37.3363
 42.8135
 19.3907
 39.8999
 33.0303
 37
 40.8412
 38.3667
 40.1995
 41.2674
 34.1174
 41.7493
 35.9166
 40.8779
 35.7071
 30.4795
 40.7063
 35
 40.0375
 33.0303
 40.7185
 45.3542
 35.242
 40.1123
 35.9861
 42.107
 42.107
 0
 36.2629
 42.6146
 30.4959
 38.3275
 36.3043
 36.3043
 36.3043
 0
 35.1852
 45.2106
 40.7431
 40.7431
 36.0832
 0
 36.0832
 34.7994
 39.2428
 34.1906
 34.1906
 36.0139
 36.5513
 38.704
 40.2119
 33.7491
 39.9375
 36.5377
 35.7631
 33.7491
 38.3406
 36.4555
 33.0454
 34.8568
 32.0156
 36.4829
 34.8281
 31.5753
 59.7578
 59.7578
 36.7696
 0
 35.805
 62.0564
 35.5809
 36.0139
 36.0139
 30.6757
 30.8707
 29.3939
 40.5586
 40.7799
 31.4802
 32.8634
 44.1248
 33.6898
 39.0384
 35.7771
 38.7298
 42.332
 34.5977
 36.647
 36.647
 41.7493
 35.805
 40.9268
 40.2368
 35.8469
 45.2548
 35.0428
 38.1445
 37.0135
 36.8646
 0
 0
 36.1525
 38.4968
 38.4968
 36.6333
 36.6333
 30.6757
 34.8425
 32.218
 36.9865
 36.4692
 32.6956
 37.6165
 33.2866
 36.4966
 34.7994
 34.7275
 35.2136
 43.8178
 32.1559
 36.318
 38.3145
 33.9264
 41.0488
 34.6121
 39.9875
 31.9061
 0
 36.0416
 33.541
 33.8821
 39.1918
 40.9145
 39
 38.6135
 35.3129
 42.0119
 30.5941
 0
 39.3319
 36.1386
 39.4462
 32.7719
 43.2319
 0
 37.6563
 38.2623
 24.2487
 39.0768
 33.3017
 34.9857
 39.1408
 36.5103
 26.7021
 38.4838
 43.6463
 36.8239
 40.8656
 34.7131
 43.0465
 40.8044
 25.7682
 37.6563
 39.8999
 32.218
 26.7021
 40.7308
 34.9857
 37.8021
 32.4191
 30.692
 40.5709
 24.454
 37.1753
 0
 36.9053
 0
 32.4191
 41.3884
 33.6898
 35.2704
 22.1585
 32.4191
 40.8656
 34.5832
 34.8281
 22.6274
 35.8887
 33.4365
 38.1707
 35.7071
 21.9089
 35.426
 37.6962
 38.7685
 32.4346
 22.1585
 33.0303
 36.5103
 37.2961
 39.2428
 0
 25.4362
 38.4448
 31.0483
 37.7757
 40.0125
 35.7071
 42.0119
 21.9545
 36.8103
 35.1568
 30.5941
 37.1214
 35.9305
 21.4709
 43.3935
 43.3935
 76.7919
 36.0139
 36.0139
 21.7025
 36.973
 29.7825
 39.3827
 36.1525
 32.311
 35.7631
 22
 35.8329
 47.655
 36.3043
 34.2199
 33.0606
 22.5832
 38.4318
 34.2783
 36.9053
 41.7493
 38.8716
 33.8821
 34.6121
 35.0999
 41.5572
 32.2335
 39.0512
 36.3456
 36.9594
 41.5812
 35.9305
 34.7707
 36.4692
 33.1662
 41.7971
 0
