 350.588
 0
 2.44949
 3.74166
 3.74166
 3.74166
 6.16441
 10.3923
 4.24264
 6.08276
 2.44949
 2.44949
 3.60555
 4.24264
 2.44949
 2.44949
 0
 4.24264
 1.73205
 0
 3.87298
 0
 10.4403
 9.32738
 6.16441
 9.16515
 3.4641
 4.79583
 8.66025
 1.73205
 7.07107
 3.4641
 5.09902
 4.24264
 7.4162
 7.81025
 5.74456
 6.7082
 6.7082
 6.32456
 4.24264
 3.74166
 3.74166
 10.3923
 2.44949
 3.87298
 7.14143
 6.48074
 0
 6.48074
 6.9282
 5.09902
 1.73205
 5.56776
 5.56776
 5.56776
 4.3589
 3.87298
 6.245
 6.245
 6.245
 7
 7
 6.245
 3.87298
 3.87298
 5.56776
 5.09902
 5.09902
 7.4162
 5.19615
 4.58258
 7.74597
 1.73205
 7.74597
 1.73205
 5.19615
 3.4641
 4.24264
 4.69042
 5.19615
 5.47723
 3.4641
 7.34847
 0
 7.93725
 4.58258
 7.28011
 2.44949
 5.38516
 1.73205
 2.44949
 4.47214
 4.24264
 6.08276
 1.73205
 5.19615
 0
 6.9282
 5.19615
 3.4641
 3.31662
 3
 8.60233
 3.4641
 8.60233
 8.60233
 7.93725
 0
 2.44949
 6.08276
 6.9282
 3
 5.74456
 6.08276
 6.245
 5.19615
 5.74456
 6.08276
 8.42615
 6.9282
 6
 7.81025
 4.3589
 8.12404
 6
 8.60233
 8.66025
 4.24264
 8.83176
 0
 8.18535
 0
 6.9282
 0
 6.08276
 6.32456
 7.74597
 6.245
 7.74597
 7
 11.225
 5.19615
 12.3288
 7.93725
 4.3589
 10.5357
 3.4641
 9.84886
 1.73205
 11.3578
 2.44949
 8.7178
 7.87401
 4.79583
 9.59166
 4.89898
 8.66025
 7.14143
 7.68115
 11.2694
 9.59166
 8.18535
 8.83176
 10.5357
 8.60233
 10.4403
 13.1909
 8.83176
 8.88819
 12.3693
 12.1655
 6.55744
 12.1244
 7.87401
 10.6771
 12.2066
 11.225
 11.2694
 12.1655
 10.3923
 12.1244
 8.18535
 9.53939
 12.083
 12.8062
 10.4403
 12.8452
 10.583
 12.1655
 11.5326
 10.3923
 13
 6.08276
 10.3923
 9.53939
 10.4881
 10.4403
 11.3578
 10.3923
 7.2111
 13.8924
 8.7178
 8.544
 12.1655
 8.12404
 11.2694
 9.8995
 9.64365
 8.88819
 10.3923
 10.3923
 8.7178
 10.3923
 8.83176
 12.1655
 9.59166
 10.5357
 12.1655
 12.5698
 12.083
 11.4455
 13.8564
 10.4403
 13
 12.9228
 11.225
 12.1244
 12.1655
 10.3441
 13.4536
 12.3693
 13.2288
 12.4097
 13
 12.1655
 12.1244
 12.1244
 8.66025
 9.59166
 12.1655
 9.69536
 11.4891
 13
 12.6095
 13
 12.1655
 11.4891
 12.1655
 11.7473
 12.2882
 9.69536
 12.9615
 12.3693
 13.1909
 13.9284
 12.1655
 10.583
 9.69536
 12.9615
 8.88819
 13.0384
 8
 11.2694
 9.8995
 11.3137
 8.66025
 11.2694
 12.1244
 9.27362
 13.2288
 10.6301
 12.4499
 10.0995
 13.9642
 13.1149
 12.3693
 11.2694
 11.2694
 11.4891
 13.0384
 10.8167
 12
 13
 13.1149
 13.0384
 12.5698
 12.3693
 12.5698
 10.0995
 12.6491
 10.0995
 13.6748
 9.05539
 13.2288
 9.69536
 11.2694
 10.0995
 12.1244
 11.2694
 13.0384
 10.5357
 9.53939
 12.5698
 9.84886
 12.1244
 10.6771
 11.2694
 12.1655
 12.2882
 8.7178
 9.05539
 13.9642
 8.88819
 12.083
 12.3693
 10.0995
 8.18535
 11.6189
 11.6189
 11.6619
 14.1067
 14.3178
 15.6844
 11.7898
 13.9284
 12.8452
 18.2483
 10.4881
 11.225
 8.88819
 14.7648
 12.8062
 14
 11.3137
 13.8924
 10.8167
 18.735
 13.9642
 11.7898
 9.32738
 8.66025
 8.66025
 11.2694
 19.4165
 13.9284
 11.0454
 11.0454
 12.3693
 12.8841
 11.7473
 11.5758
 13.5647
 14.4914
 8.7178
 11.2694
 10.9087
 11.3578
 8.60233
 9.59166
 8.66025
 9.69536
 10.5357
 8.66025
 8.18535
 8.7178
 11.7898
 11.3137
 9.59166
 8.66025
 7.68115
 8.7178
 9.64365
 9.38083
 10.8167
 10.4403
 10.6771
 1.73205
 9.84886
 10.7238
 8.7178
 9
 4.89898
 14.0357
 11.4891
 11.4891
 13.6015
 12.8452
 12.53
 13.5277
 14
 15.9687
 12.4097
 15.4919
 12.2474
 7.07107
 14.7648
 14.8324
 7.93725
 6.9282
 9.79796
 23.6854
 13.1149
 13.6015
 7.34847
 11.8322
 15.1327
 8.544
 11.7898
 5.38516
 13.2665
 12
 14.7648
 14.7648
 11.2694
 14
 9.32738
 9.32738
 11.5326
 13.9642
 7.4162
 7.4162
 11.7473
 10.6771
 13.1149
 13.1149
 12.2882
 13.7477
 13.9642
 13.9642
 13
 14.3527
 10.583
 10.583
 6.85565
 10.5357
 13.1529
 14.7309
 12.2882
 15.1658
 13.9642
 13.2288
 12.8841
 13.7113
 8.66025
 8.66025
 10.583
 12.3288
 13.6015
 9.53939
 9.53939
 11.5758
 12.8062
 13.9642
 10.583
 9.74679
 13.4164
 12.4097
 8.18535
 8.18535
 10.0995
 12.1244
 9.79796
 16.7033
 16.4621
 10.583
 9.74679
 10.3923
 10.3923
 14.5258
 12.8452
 13.0384
 7.81025
 15.0665
 14
 15.6205
 9.64365
 13.4536
 14.5258
 14.7648
 8.66025
 14.4568
 9.38083
 8.88819
 15.6205
 13.3041
 9.8995
 12
 21.4709
 11.7473
 8.94427
 12
 13.9642
 13.2288
 10.5357
 10.9545
 10.9545
 15.0997
 12.4097
 13.4536
 13.4536
 14.3527
 12.2474
 11.0905
 22.5167
 22.5167
 12.3288
 12.8841
 11.5758
 8.66025
 14.3875
 7.87401
 8.83176
 7.2111
 11.0905
 13.1149
 8.83176
 9.8995
 11.0905
 14.0357
 10.4403
 11.7473
 12
 11.4018
 10.6301
 13.4907
 7.93725
 12.8452
 9.64365
 12.49
 11.7898
 12.8841
 11.3578
 13.1909
 9
 11.6619
 12.083
 13.5647
 12.0416
 10.0499
 12.2882
 13.1909
 13.2665
 9.38083
 14.3527
 14.1774
 11.0905
 13.5647
 11.5758
 11.6189
 10.0995
 10.0995
 11.7473
 13.1149
 10.3923
 13.5277
 12.8841
 11.7473
 11.7473
 0
 15.1658
 12.8841
 12.53
 12.53
 14.2829
 0
 13.6382
 8.12404
 10.7238
 10.0995
 10.0995
 10.8628
 11.6619
 9.53939
 10.583
 12.8841
 12.2474
 14.0712
 11.0905
 12.3693
 12.3693
 11.6619
 11
 9.32738
 14.0712
 9.64365
 13
 8.83176
 13.0384
 9.79796
 10.1489
 0
 10.0995
 14.4222
 12.49
 9.8995
 9.84886
 12
 11.0905
 12.49
 13.2288
 13.784
 10.3923
 13.6382
 13.9642
 12.4499
 13.4907
 12.3288
 10.8628
 11.7047
 11.7898
 13.9284
 13.9284
 8.94427
 13.7113
 13.9284
 14.6969
 12.9228
 13.1909
 12.2882
 12.7671
 13.5647
 9.79796
 0
 0
 12.0416
 9.84886
 9.84886
 9.53939
 9.53939
 11
 11.7473
 9.74679
 9.79796
 11.5758
 10.4403
 12.0416
 12.4499
 14.7986
 11.0905
 10.6771
 12.3288
 15.9374
 10.4881
 13.6748
 11.2694
 10.9545
 14.7309
 14.0357
 12.4499
 11.0454
 0
 10.4403
 12.8452
 8.83176
 13
 11.8322
 12.49
 11.3137
 10.583
 12.53
 10.4403
 0
 12.49
 12.49
 11.8322
 13.4907
 12.3693
 12.3693
 10.4881
 11.7898
 4.3589
 14.7648
 11.6189
 13.1529
 10.8167
 10.6771
 6
 14.0357
 14.7309
 12.8841
 14.3178
 13.4164
 13.6382
 15.4272
 6.63325
 13.2288
 13.9284
 11.5758
 5.19615
 12.49
 12.3693
 11.8322
 9.64365
 9.84886
 13.5647
 4.47214
 11.6619
 0
 14.0357
 0
 10.4403
 13.5277
 10.1489
 9.8995
 1.73205
 12.4499
 14.1421
 12.2474
 11.7898
 4.89898
 11.0454
 10.583
 11.7047
 13.7113
 5.47723
 12.8062
 12
 12.8841
 12.8452
 5.09902
 11.3137
 11.7473
 13.5647
 12.8452
 0
 5.09902
 13.4907
 12.2474
 12.9228
 12.9615
 11.2694
 13.5277
 4.47214
 12.3288
 11.0905
 10.4403
 13.9284
 14
 2.44949
 14.3875
 13
 9.84886
 11.1355
 0
 5.09902
 12.3288
 8.24621
 14.8661
 9.38083
 11.7047
 11.0454
 4.58258
 11.7898
 15.5242
 11.1355
 12.2882
 11.3137
 5.74456
 13.6382
 9.21954
 12.49
 13.9642
 12.083
 9.84886
 11.6619
 11.2694
 13.5647
 11.3137
 13.2288
 10.3923
 11.0905
 14
 11.2694
 13
 10.583
 12.083
 14
 0
