 343.171
 0
 9
 15.1327
 15.1327
 15.1327
 12.1655
 15.5885
 7.93725
 10.4881
 8.12404
 8.12404
 9.53939
 3.4641
 7
 6.08276
 8.66025
 5.19615
 8.60233
 6.9282
 10.5357
 7.81025
 14.7648
 10.9545
 9.05539
 13.9284
 9.48683
 9.53939
 13.8924
 8.66025
 11.3137
 7.81025
 11.2694
 9.84886
 9.27362
 11.225
 10.1489
 11
 11
 10.6771
 11.2694
 10.6301
 10.6301
 12.2066
 8.88819
 10.3923
 12.1655
 7.34847
 8.66025
 8.48528
 13.4536
 5
 11
 6.9282
 6.9282
 10.7238
 9.05539
 6.55744
 11.5326
 11.5326
 11.5326
 11.3137
 11.3137
 10.5357
 10.1489
 10.1489
 12.1244
 10.3923
 5.09902
 11.8322
 10.3923
 12.083
 13.9284
 8.7178
 12.1244
 8.88819
 9.53939
 9.38083
 9.05539
 11.7473
 11.5758
 11.4455
 11.6189
 12.8841
 8.18535
 13.7113
 4.24264
 13.1529
 11.225
 10.4881
 8.7178
 7.81025
 9.69536
 11.3137
 9.53939
 10.3923
 9.53939
 8.66025
 12.2474
 12.083
 10.0995
 10.583
 10.4403
 14.2829
 10.7238
 14
 14
 14.2829
 6.48074
 10.5357
 10.583
 11.2694
 10.0995
 11.7898
 10.4403
 11.2694
 11.2694
 12.7671
 12.1244
 14.1421
 13.0767
 12.1655
 12.9228
 11.3137
 13.2288
 13.4164
 14.3178
 14.3527
 11.3578
 12.3693
 8.66025
 14.4222
 9.53939
 10.6301
 8.7178
 10.6301
 13.0767
 12.3693
 12.9615
 13.4536
 11.2694
 13.7113
 11.3578
 15.906
 14.3178
 13.0384
 13.4907
 11.2694
 12.9228
 11.2694
 13.4907
 7.87401
 13.7113
 13.1909
 12.4097
 14.1067
 13.4536
 12.9228
 13.1529
 14.0712
 16.3707
 13.0384
 15.3623
 16.1555
 13.5647
 15.4919
 15.4272
 16.6132
 13.9284
 13.2288
 15.4272
 16.5227
 13.2288
 15.9374
 13.5647
 16
 17.088
 14.7648
 16.5831
 16.1555
 12.3288
 14.9666
 14.1774
 12.2882
 16.6132
 16.4924
 14.2127
 15.9374
 15.9374
 15.4919
 15.5885
 13.7113
 15.4272
 12.53
 13.5277
 14.2478
 14.1067
 8.48528
 15.9687
 15.2971
 15.2971
 18.5472
 11.7473
 13
 17.8885
 14.4222
 14
 13.5277
 14.4222
 14.2478
 14.1067
 14.1067
 14.9666
 14.1421
 14.2127
 15.3948
 12.9228
 13.5277
 14.9666
 17.6918
 16
 15.9374
 15.6844
 15.4596
 17.4929
 15.5563
 14.8997
 14.4222
 15.1658
 14.6629
 17.2047
 15.9374
 17.2047
 15.3948
 16.0312
 16
 13.7477
 14.7648
 14.4568
 14.1774
 16.0312
 15.6525
 17.1756
 17.8606
 17.1756
 16.6733
 14.7986
 16.5227
 14.7309
 16.5529
 15.6525
 16.5831
 15.6205
 17.7764
 18.3848
 16.1864
 16.0312
 16.6733
 15.5885
 15.4596
 14.4914
 16.6733
 16.2788
 19.0526
 14.7309
 15.9687
 14.7648
 14.4568
 14.7309
 12.9228
 15.6525
 14.6969
 16.1555
 16.0935
 18.3576
 16.1245
 17.8045
 14.9332
 16.0312
 16.5529
 17.8885
 16.3095
 17.1756
 16.1245
 18.3576
 16.8226
 17.72
 15.6205
 15.9687
 16.5227
 15.4596
 15.906
 17.7482
 14.8997
 15.9687
 14.9332
 14.2127
 15.6205
 15.4596
 16
 17.3494
 15.4596
 14.9666
 16.5529
 16.1864
 15.6205
 14.7986
 14.3875
 16.4012
 16.6733
 14.4568
 12.9228
 19.975
 13.5647
 14.4568
 15.9687
 13.5647
 12.2474
 17.2047
 29.4618
 16.6733
 20.2731
 19
 21.0238
 16
 19.5704
 17.2047
 20.5913
 13.5647
 15.3297
 15.9374
 17.9165
 17.8885
 18.7617
 14.7986
 20.2485
 16.5529
 23.3666
 17.5499
 14.7309
 12.2882
 14.6969
 21.4942
 15.3297
 18.9473
 16.6132
 18.7083
 18.7083
 16
 17.8326
 17.3494
 16.0312
 18.3848
 19.2614
 12.9228
 14
 16.7332
 11.0905
 15.1987
 12.3693
 11.0454
 13.7113
 16.3095
 12.8841
 13.7113
 12.53
 15.3948
 14.2829
 13.7477
 14.1067
 10.4881
 12.8452
 14.9666
 16.5831
 14.7309
 15.9687
 16.8226
 0
 12.8841
 14.7648
 14.2127
 10.583
 11.5326
 17.8326
 14.1774
 14.1774
 16.6132
 18.9737
 16.6433
 17.2337
 19.0526
 20.2978
 17.7482
 18.4662
 16.1864
 11.0454
 18.4391
 17.8326
 14.2127
 9.79796
 15.3948
 25.632
 16.3707
 18.5742
 14.6629
 14.9332
 19.0263
 16.0312
 13.2288
 9.16515
 17.3781
 17.1464
 15.906
 9.21954
 16.7033
 19.1572
 12.3288
 8.60233
 14.8997
 16.7033
 12.53
 5.19615
 15.4596
 16.5529
 16.5227
 16.5227
 16.6733
 16.0312
 19.0263
 19.0263
 17.8326
 19.5192
 14.7986
 14.7986
 11
 16
 17.8326
 19.6723
 17.3781
 17.9444
 16.8226
 14.9332
 17.7482
 16.1555
 14.7309
 12.0416
 16.3707
 15.9687
 16.1245
 13.2288
 25.2982
 14.9332
 17.2337
 17.8326
 11.1355
 15.4919
 14.7309
 18.412
 9.38083
 9.38083
 15.9687
 19.799
 11.6619
 19.7737
 21.8861
 16.6132
 12.53
 12.49
 12.49
 18.7617
 17.8045
 17.2047
 10.4403
 19.2614
 16.7033
 19.2614
 12.9228
 16.6433
 18.735
 18.4391
 13.2288
 18.412
 14.6969
 11.8322
 15.9374
 15.2315
 13.0384
 14.2478
 20.9045
 16.3707
 11.7473
 13.4907
 16.3707
 17.9165
 12.8452
 12.0416
 12.0416
 17.8606
 15.4272
 15.6525
 15.6525
 17.1756
 16.1245
 16.3401
 22.9347
 22.9347
 17.7764
 17.8885
 12.9615
 10.583
 15.3623
 14
 11.6189
 11.0905
 12.49
 16.4317
 14.2478
 14.1421
 13.0384
 21.1896
 14.7648
 14.7648
 15.9374
 15.9687
 15.9374
 17.4069
 9.38083
 17.1756
 14.1421
 15.9374
 16
 15.1327
 14.8997
 17.7764
 11.7473
 12.9615
 13.6015
 18.3848
 14.7309
 14.3875
 15.2971
 13.9284
 17.9165
 14.8997
 15.1987
 17.2047
 11.0905
 17.3781
 15.2971
 13.7113
 12.8452
 12.8452
 11.7898
 17.3494
 11.7473
 17.2337
 14.2127
 14.6287
 0
 0
 18.4391
 17.8045
 14.2127
 0
 14.7309
 14.7309
 16.3095
 15.1327
 13.5647
 14.2127
 14.2127
 13.4907
 17.8326
 12.3288
 14.1421
 16.3095
 14.8997
 17.6352
 14.4222
 15.3297
 15.9687
 15.9687
 14.7309
 15.3623
 15.9687
 14.4222
 17.2337
 12.8841
 15.3623
 11.5758
 12.6491
 0
 14.7986
 17.7764
 16.6132
 11.0905
 11
 16.6132
 14.8997
 15.9687
 13.7113
 14.9332
 12.8841
 16.3401
 16.6132
 13.4164
 13.5277
 16.7929
 14.7309
 14.7648
 13.4907
 14.6969
 0
 14.9666
 16.6733
 14.9666
 15.1987
 14.0712
 18.4391
 16.6433
 13.0384
 17.2047
 12.9615
 0
 0
 15.3297
 16.1245
 16.1245
 12.9615
 12.9615
 13
 14.6629
 12.3693
 15.3297
 14.3875
 13.2288
 17.2337
 14.1067
 17.3494
 14.3527
 13.7113
 16.1555
 18.4932
 14.2478
 15.1658
 12.8841
 15.4596
 17.3781
 14.7648
 12.6491
 12.9228
 0
 12.3693
 15.4272
 11.0905
 14.2127
 14.4568
 14.7309
 12.3288
 12.2882
 14.3527
 9.8995
 9.8995
 15.4596
 13.4536
 13.5277
 10.583
 13.2665
 0
 12.9228
 16.1555
 7.74597
 16.3401
 11.7047
 12.9228
 17.1756
 12.49
 9.32738
 16.3401
 16.7929
 13.2288
 18.412
 15.1327
 14.5258
 17.1172
 7.28011
 14.7986
 17.1756
 15.3297
 8.60233
 14.7309
 13.0384
 13.4536
 13.5647
 13.7113
 16.5831
 7
 15.3623
 15.3623
 14.0712
 0
 15.1327
 15.9687
 14.1067
 15.3623
 9.64365
 12.49
 16.5529
 15.1658
 15.1987
 11.7473
 13.2665
 11.1355
 12.6095
 17.7482
 10.1489
 13.5647
 11.225
 13.4907
 14.2127
 8.12404
 13.0384
 14
 13.6015
 11.7898
 0
 9
 13.2288
 12.8841
 13.2665
 13.1909
 12.1655
 11.7898
 7.34847
 14.1774
 11.6619
 11
 15.1658
 18.3848
 5.74456
 13.6748
 15.9687
 11
 11.8322
 0
 8.66025
 15.4596
 11.8322
 13.9642
 14.7648
 12.3288
 13.7113
 9.11043
 14.3527
 15.5563
 15.4596
 14.7648
 14.8324
 8.48528
 14.4222
 11.7898
 14.2127
 14.7648
 14.9666
 13.6748
 12.2474
 13.5277
 14.3527
 13.5277
 14.9332
 9.8995
 14.3178
 14.7648
 13.6015
 11.5326
 11.7898
 13.2665
 15.6205
 0
