 365.404
 0
 19.8494
 11.1355
 11.1355
 11.1355
 14.5602
 5
 15.5242
 10.3923
 17.8045
 17.8045
 20.347
 24.2281
 18.5742
 18.2757
 16.1245
 18.5203
 14.7648
 13.0384
 12.9228
 13.2665
 21.7945
 17.5499
 20.0998
 14.6969
 14.8661
 12.1244
 12.3693
 13.4907
 13.8203
 11.7473
 12.6095
 17.8326
 17.5214
 10.8628
 22.6495
 18.9737
 18.9737
 13.4907
 20.2731
 21.4942
 21.4942
 10.0499
 22.0907
 17.9165
 6.9282
 18.4391
 16.6733
 18.4932
 3.74166
 19.799
 13.5647
 17.2337
 17.2337
 14.7648
 17.1172
 17.6918
 15.6205
 15.6205
 15.6205
 13.9284
 13.9284
 15.6525
 13.6748
 13.6748
 18.1384
 6.9282
 6.9282
 18.6548
 9.59166
 19.7231
 8.66025
 21.0238
 8.77496
 16.6733
 10.4881
 19.105
 9.59166
 15.4919
 10.4881
 14.7986
 16.1555
 19.4165
 19.7737
 17.8606
 18.7617
 17.4642
 11.8322
 21.166
 11.0454
 12.4499
 17.7764
 22.0907
 13.8564
 17.4069
 11.4891
 18.4932
 11
 13.0767
 16
 15.6844
 15.6525
 19.0788
 14.7309
 19.9499
 19.9499
 19.8746
 16.1555
 13.5277
 21.4476
 19.799
 14.1067
 21.587
 12.1244
 22.2486
 14.2478
 18.412
 13.2288
 18.7883
 11.7898
 13.8564
 21.1187
 15.1658
 19.2873
 15.5242
 24.2899
 20.0749
 12.9615
 21.166
 16.6132
 25.2982
 17.1756
 26.9815
 13.7113
 25.1794
 14.7648
 22.2486
 13.8924
 20.8806
 11.5758
 25
 11.3137
 23.1301
 18.303
 18.2757
 23.8537
 18.3848
 22.3159
 17.8045
 27.4591
 19.5704
 23.9165
 26.4197
 16.7631
 28.2843
 15.3297
 27.0185
 14.7986
 16.7033
 26.2679
 25.04
 18.3576
 16.4924
 24.2074
 19.2354
 22.7156
 25.5343
 23.3024
 22.2711
 24.6982
 29.5296
 22.6495
 29.5466
 22.9783
 24.8998
 29.6142
 24.6982
 24.8797
 27.258
 27.258
 26.0192
 12.9228
 21.7025
 22.2486
 23.6643
 22.5389
 25
 24.4745
 24.2281
 24.3516
 26.2679
 32.0468
 23.1301
 28.2843
 29.5466
 27.9464
 18.7083
 27.9464
 25.5343
 17.088
 27.2764
 21.9545
 14.2127
 25.0799
 13.7113
 21.1187
 23.2164
 20.9762
 22.8035
 25.2785
 0
 24.8596
 24.2281
 25.0799
 29.4109
 29.4958
 29.1376
 32.1403
 26.9444
 27.9643
 28.0357
 28.8791
 27.258
 28.775
 23.3666
 22.1359
 21.7256
 26.9629
 19.8494
 26.5518
 25.7099
 27.1846
 26.6458
 29.8831
 31.5911
 32.619
 28.0179
 26.1151
 30.1164
 32.187
 28.4077
 26.8887
 28.9137
 26.5895
 29.1376
 27.5862
 19.8242
 26.9072
 16.9115
 26.7208
 17.5214
 27.1293
 26.3818
 24.2074
 32.3265
 31.3369
 24.8596
 26.0384
 31.3209
 23.6854
 31.6386
 24.4745
 27.037
 25.7099
 27.6043
 19.8494
 25.02
 18.6815
 18.3576
 27
 12.1244
 25.7488
 10.8628
 26.3439
 30.7083
 25.6515
 31.9687
 31.9218
 26.1916
 31.3369
 25.7876
 23.7276
 29.6311
 26.6271
 29.189
 25.318
 24.4949
 25.5147
 23.388
 26.1343
 13.8924
 26.2679
 18.303
 31.607
 23.388
 30.0998
 23.0434
 29.5296
 25.3772
 31.6228
 22.1133
 25.7294
 28
 25.593
 25.593
 23.6854
 23.6854
 26.0384
 27.4591
 27.4591
 20.6882
 20.6882
 21.0238
 21.0238
 28
 20.8327
 20.8327
 22.9129
 22.9129
 24.8193
 30.8383
 26.9629
 30.7734
 22.5167
 23.8537
 23.1084
 35.7631
 24.3105
 30.8058
 22.5167
 33.0606
 24.2281
 29.2233
 25.02
 31.5119
 23.3666
 29.1376
 24.8797
 24.8797
 24.8797
 22.6274
 22.6274
 14.9332
 30.1496
 30.1496
 12.2474
 12.2474
 12.2474
 28.9137
 27.8029
 29.9165
 28.4429
 28.4429
 20.9284
 18.3848
 28.4077
 28.4077
 24.1247
 31.3688
 22.6053
 22.9129
 23.8956
 28.2135
 22.2486
 24.3311
 26.1534
 27.9464
 27.9464
 25.3377
 25.3377
 25.6515
 25.6515
 22.8254
 21.4009
 29.9666
 23.7065
 23.7065
 24.4745
 18.412
 18.412
 22.1133
 24.1039
 24.5357
 23.1733
 23.1733
 29.5296
 26.4953
 19.975
 26.3818
 28.0713
 28.1247
 29.7321
 29.5296
 23.1084
 23.1084
 30.8058
 23.1517
 21.5407
 21.5407
 27.7849
 38.4578
 25.6515
 27.2397
 26.4197
 25.1794
 27.8747
 24.5561
 28.7576
 28.7576
 26.8514
 21.4243
 32.2335
 32.2335
 27.2764
 24.8596
 25.02
 25.02
 26.0384
 28.931
 17.8885
 17.8885
 19.0526
 23.8537
 26.3629
 26.3629
 27.4773
 21.7945
 17.9165
 17.9165
 17.9165
 22.8254
 25.6905
 25.6905
 19.6723
 25.7682
 23.8537
 31.4325
 25.3574
 30.3645
 18.6011
 25.807
 28.4077
 26.7208
 16.4012
 14.8997
 24.4336
 27.6948
 26.096
 14.7648
 14.7648
 26.6833
 24.4949
 28.2312
 19.9249
 20.9762
 26.1151
 27.7128
 23.622
 23.622
 27.6406
 24.98
 24.98
 24.98
 28.3019
 27.6225
 17.3494
 22.6716
 22.6716
 28.6007
 24.0832
 26.1725
 20.199
 27.4044
 25.1794
 31.0966
 26.5895
 26.5895
 27.258
 26.0576
 18.2483
 29
 24.5967
 17.1756
 33.541
 24.0624
 24.1247
 23.8118
 23.8118
 21.4942
 19.7737
 24.3311
 29.1033
 23.4094
 22.1585
 24.5357
 24.5357
 27.8029
 26.1151
 26.1151
 26.1151
 25.1992
 25.7876
 25.7876
 25.7876
 0
 26.4008
 20.9045
 26.7955
 22.6053
 22.7816
 17.8885
 23.7487
 17.1464
 17.3781
 24.3311
 22.0227
 22.6716
 20.8567
 24.8797
 24.8797
 23.9792
 22.1585
 21.1424
 23.2809
 30.5123
 25.5539
 24.3311
 25.02
 24.3311
 24.4949
 18.3576
 28.3549
 24.0832
 21.8174
 10.1489
 15.1658
 23.8118
 23.4734
 23.0868
 27.6043
 21.4942
 21.7256
 23.7276
 27.4408
 32.249
 24.3311
 21.7256
 21.7715
 29.5973
 29.5973
 0
 28.2135
 26.4008
 31.9531
 22
 23
 23
 23
 0
 27
 25.807
 27.2947
 0
 0
 0
 25.219
 20.9045
 26.1343
 22.6716
 22.6716
 22.0907
 23.9165
 21.4942
 21.4942
 20.0749
 23.7065
 22.7596
 21
 26.3439
 26.3439
 20.3961
 20.4206
 23.4307
 23.4307
 21.4942
 25.0998
 19.2094
 29
 29
 29
 29
 21.2132
 52.2877
 23.4521
 14.8324
 28.2666
 18.303
 21.8174
 18.412
 30.5287
 25.923
 21.6795
 22.561
 24.4745
 26.8887
 24.8998
 23.4947
 21.9545
 29.5635
 22.3383
 25.4951
 0
 21.5174
 21.5174
 21.166
 27
 25.3377
 23.4734
 23.4734
 23.4307
 23.4307
 14.9332
 14.9332
 0
 19.7484
 18.6815
 0
 20.9045
 0
 28.6356
 21.7256
 23.3452
 21.1424
 3.60555
 17.0587
 14
 18.9473
 33.9853
 21.4942
 22.5167
 22.7376
 29.9333
 21.8174
 22.2935
 20.0499
 22.1585
 26.9072
 24.6577
 24.6577
 25.2587
 25.2587
 25.1794
 23.9792
 22.9565
 23.4521
 26.1151
 19.2094
 14.9666
 21.7256
 29.5804
 21.7256
 0
 21.4942
 25.8263
 24.4949
 28.0713
 28.0713
 0
 22.9783
 22.9783
 17.8326
 29.1548
 23.8747
 23.6854
 26.4575
 23.9374
 19.5959
 19.5959
 28.8791
 24.454
 17.9165
 21.3542
 27.8568
 27.3679
 19
 28.7054
 22.5832
 21.4476
 18.412
 24.5967
 19.975
 21.7945
 23.4094
 14.3875
 26.1343
 16.5831
 23.9165
 0
 0
 0
 30.7896
 26.0192
 24.8596
 21.166
 14.1774
 24.4745
 23.4307
 21.3073
 22.8254
 17.4642
 26.2679
 22.5832
 28.6007
 29.2062
 17.5499
 23.8328
 27.9464
 20.9284
 24.98
 18.0278
 21
 28.4781
 27.6225
 27.6225
 27.6225
 16.9115
 28.8964
 24.2074
 31
 24.6577
 24.6577
 33.0908
 15.6525
 19.7737
 19.7737
 23.388
 23.388
 8.7178
 15.4596
 35.2278
 11.7473
 11.7473
 11.7473
 0
 17.2337
 17.2337
 19.5448
 31.9218
 22.1811
 22.2711
 22.2711
 17.2047
 25.632
 32.2955
 15.7162
 22.1359
 22.1359
 17.1756
 29.4788
 29.4788
 20.0749
 28.4781
 20.3224
 20.3224
 19.799
 19.799
 28.2666
 19.8242
 22.6274
 25.8844
 25.8844
 29.6648
 25.318
 25.318
 21.7025
 31.273
 31.273
 31.273
