 346.96
 0
 9.84886
 7
 7
 0
 0
 0
 2.44949
 2.44949
 4.3589
 0
 5.19615
 6.9282
 5.09902
 6
 5.19615
 6.9282
 5.19615
 3.4641
 3.4641
 1.73205
 1.73205
 1.73205
 1.73205
 1.73205
 1.73205
 1.73205
 1.73205
 5.19615
 5.19615
 5.19615
 1.73205
 3.31662
 4.3589
 4.3589
 4.24264
 5.38516
 5.38516
 5.38516
 1.41421
 3.74166
 3.74166
 3.74166
 5.38516
 1.41421
 1.41421
 4.3589
 5.19615
 4.3589
 4.3589
 6
 5.19615
 5.09902
 0
 0
 0
 5.19615
 5.19615
 0
 5.19615
 5.19615
 4.3589
 4.3589
 5.09902
 6.08276
 6.08276
 6.08276
 5.19615
 5.19615
 5.19615
 5.19615
 5.19615
 6
 6
 6
 6
 6
 6
 2.44949
 2.44949
 2.44949
 0
 0
 3.31662
 3.31662
 7.07107
 1.73205
 3.87298
 6
 4.58258
 5.74456
 5.38516
 6
 6
 6
 6
 7.14143
 7.14143
 7.14143
 5.09902
 5.09902
 5.09902
 5.09902
 5.09902
 5.09902
 4.24264
 4.24264
 5.19615
 4.24264
 5.19615
 4.24264
 3.74166
 2.44949
 2.44949
 4.3589
 4.3589
 3.60555
 3.60555
 1.73205
 1.73205
 1.73205
 5.19615
 5.19615
 1.73205
 1.73205
 1.73205
 1.73205
 2.82843
 5.09902
 5.09902
 5.09902
 6.85565
 5.19615
 6
 6
 6
 6
 6
 6
 6
 6
 6
 3.4641
 3.4641
 3.4641
 5.19615
 1.73205
 1.73205
 5.2915
 6
 5.09902
 6.08276
 3.4641
 3.4641
 5.47723
 5.47723
 3.31662
 3.31662
 3.31662
 6.245
 5.19615
 5.19615
 5.19615
 5.19615
 5.19615
 5.19615
 5.19615
 6.245
 2.82843
 2.82843
 7.93725
 4.47214
 4.89898
 4.58258
 5.19615
 4.24264
 6.85565
 6.85565
 6.85565
 5.19615
 3.31662
 4.3589
 6.08276
 4.3589
 2.64575
 5.09902
 6.7082
 3.4641
 3.4641
 5.47723
 6.85565
 6.48074
 6
 5.74456
 5.74456
 5.19615
 5.19615
 5.19615
 5.19615
 6.08276
 6.08276
 6
 6
 6.85565
 5.19615
 6.85565
 6.85565
 7.07107
 6.32456
 2.82843
 0
 0
 5.19615
 5.19615
 5.19615
 5.19615
 5.19615
 6.16441
 5
 3.4641
 5.19615
 6.16441
 5.19615
 4.89898
 4.3589
 3.4641
 6
 6
 7.61577
 7.61577
 7.28011
 7.28011
 5
 6
 3.4641
 6.32456
 6.32456
 6
 6
 5.19615
 6
 5.38516
 3.4641
 5.74456
 5.74456
 6.08276
 6.08276
 6
 5.09902
 5.09902
 7.34847
 5.38516
 6
 7.74597
 7.74597
 7.74597
 7.74597
 7.74597
 6
 6
 6
 4.3589
 0
 4.24264
 5.09902
 5.09902
 2.44949
 6
 6
 4.24264
 4.24264
 4.24264
 4.24264
 4.24264
 4.24264
 4.24264
 4.24264
 6.16441
 3.31662
 3.31662
 3.31662
 3.31662
 2.44949
 2.44949
 2.44949
 2.44949
 2.44949
 2.44949
 2.44949
 2.44949
 2.44949
 2.44949
 5.19615
 4.24264
 4.24264
 4.24264
 6.9282
 6.9282
 6.9282
 6.9282
 6.9282
 6.9282
 6.9282
 6.9282
 6.9282
 6.9282
 6.9282
 6.9282
 6.9282
 6.9282
 6.9282
 6.9282
 6.9282
 6.9282
 6.9282
 6.9282
 6.9282
 6.9282
 6.9282
 6.9282
 7.81025
 7.81025
 7
 7
 7
 7
 6.245
 6
 3.31662
 3.31662
 6.32456
 6.32456
 6.32456
 9.48683
 8.66025
 8.66025
 8.66025
 8.66025
 8.66025
 8.66025
 12.083
 5.38516
 5.38516
 5.38516
 5.38516
 5.38516
 5.38516
 5.38516
 2.44949
 2.44949
 2.44949
 2.44949
 2.44949
 6
 6
 6
 1.73205
 23.3452
 2.64575
 6
 6
 6
 6
 6
 6
 6
 6
 6
 6
 6
 3.31662
 3.31662
 3.31662
 3.31662
 3
 3
 3
 3
 3
 1.73205
 1.73205
 1.73205
 1.73205
 1.73205
 1.73205
 1.73205
 1.73205
 1.73205
 16.4317
 16.4317
 16.4317
 16.4317
 16.4317
 16.4317
 5.09902
 5.09902
 5.09902
 5.09902
 4.58258
 4.58258
 4.58258
 4.58258
 4.58258
 4.47214
 4.47214
 4.47214
 4.47214
 2
 2
 2
 2
 2
 2
 2
 2
 2
 2
 2
 2
 2
 2
 2
 2
 2
 2
 2
 2
 2
 2
 2
 2
 2
 2
 0
 0
 0
 0
 0
 0
 0
 0
 0
 0
 0
 3
 3
 3
 3
 3.4641
 3.4641
 3.4641
 3.4641
 3.4641
 3.4641
 3.4641
 3.4641
 3.4641
 3.4641
 3.4641
 3.4641
 3.4641
 3.4641
 3.4641
 3.4641
 3.4641
 3.4641
 3.4641
 3.4641
 3.4641
 3.4641
 3.4641
 3.4641
 3.4641
 3.4641
 3.4641
 3.4641
 3.4641
 3.4641
 3.4641
 3.4641
 3.4641
 3.4641
 3.4641
 3.4641
 3.4641
 3.4641
 3.4641
 3.4641
 3.4641
 3.4641
 3.4641
 3.4641
 3.4641
 3.4641
 3.4641
 0
 0
 0
 0
 0
 0
 0
 0
 0
 0
 0
 0
 0
 0
 0
 0
 4.3589
 4.3589
 4.3589
 4.47214
 4.47214
 4.47214
 4.47214
 4.47214
 4.47214
 4.47214
 4.47214
 4.47214
 4.47214
 4.47214
 6
 6
 6
 6
 6
 6
 6
 6
 6
 6
 6
 6
 6
 6
 6
 6
 6
 6
 6
 6
 6
 6
 6
 6
 6
 0
 0
 0
 4.58258
 4.58258
 4.58258
 4.58258
 4.58258
 0
 0
 0
 0
 0
 0
 0
 0
 0
 0
 0
 0
 0
 0
 0
 0
 0
 0
 0
 0
 0
 0
 0
 0
 0
 0
 0
 0
 0
 0
 0
 0
 0
 0
 0
 0
 0
 0
 0
 0
 0
 0
 0
 0
 0
 0
 0
 0
 0
 0
 0
 0
 0
 0
 0
 0
 0
 0
 0
 0
 0
 0
 0
 0
 0
 0
 0
 0
 0
 0
 0
 0
 0
 0
 0
 0
 0
 0
 0
 0
 0
 0
 0
 0
 0
 0
 0
 0
 0
 0
 0
 0
 0
 0
 0
 0
 0
 0
 0
 0
 0
 0
 0
 0
 0
 0
 0
 0
 0
 0
 0
 0
 5.19615
 5.19615
 5.19615
 5.19615
 5.19615
 5.19615
 6
 6
 6
 6
 6
 6
 6
 6
 5.19615
 5.19615
 5.19615
 5.19615
 6.08276
 6.08276
 6.08276
 6.08276
 6.08276
 6.08276
 6.08276
 3.4641
 3.4641
 0
 0
 0
 0
 0
 0
 0
 3.74166
 3.74166
 3.74166
 3.74166
 3.74166
 1.73205
 1.73205
 1.73205
 1.73205
 1.73205
 3.31662
 3.31662
 3.31662
 3.31662
 3.31662
 3.4641
 3.4641
 8.7178
 8.7178
 8.7178
 0
 2.82843
 2.82843
 2.82843
 2.82843
 2.82843
 2.82843
 2.82843
 2.44949
 2.44949
 2.44949
 2.44949
 2.44949
 2.44949
 2.44949
 2.44949
 2.44949
 2.44949
 2.44949
 0
 6
 6
 6
 6
 6
 6
 6
 5.19615
 5.19615
 5.19615
 5.19615
 5.19615
 5.19615
 5.09902
 5.09902
 5.09902
 5.09902
 5.09902
 5.09902
 5.09902
 5.09902
 5.09902
 5.09902
 5.09902
 5.09902
 5.09902
 5.09902
 5.09902
 5.09902
 5.09902
 5.09902
 5.09902
 5.09902
 0
