 360.495
 0
 7.93725
 14.7986
 14.7986
 14.7986
 25.865
 24.1454
 22.561
 17.8326
 22.2261
 22.2261
 24.0208
 19.3132
 19.6977
 21.4942
 18.4391
 15.1658
 19.2873
 16.7033
 23.3452
 22.6716
 33.7491
 28.8444
 27.6586
 30.8869
 25.5343
 19.9499
 26.7208
 23.1733
 25.1992
 18.4662
 23.5797
 25.8457
 22.2261
 23.1301
 28.6007
 28.2666
 28.2666
 21.7715
 25.0599
 26.0192
 26.0192
 26.0768
 23.6854
 24.0208
 22.5389
 21.2838
 18.7083
 22.1585
 21
 23.0434
 23.3024
 20.4206
 20.4206
 25.0799
 21.2132
 19.5704
 27.7128
 27.7128
 27.7128
 26.6458
 26.6458
 28
 19.7737
 19.7737
 28.3019
 19.0526
 19.0526
 29.7489
 22.7376
 26.096
 25.5147
 23.4307
 25.04
 23.388
 21.7715
 23.9374
 21.9317
 25.6515
 22.9347
 25.8457
 20.2978
 32.311
 18.5472
 31.4802
 17.0587
 27.6406
 18.5472
 29.2062
 19.6723
 21.2132
 29.2062
 26.6271
 25.923
 23.4094
 24.6779
 21.1187
 23.6432
 23.6432
 24.2281
 23.9792
 29.95
 33.9706
 24.1868
 33.5708
 33.5708
 33.3167
 18.6011
 19.9249
 31.4802
 32.619
 22.4944
 29.7153
 24.6982
 28.0535
 27.1477
 27.4955
 27.5862
 31.3209
 26.0576
 26.4386
 33.5559
 27.7308
 34.3948
 25.5734
 36.1663
 33.2415
 24.1039
 36.1801
 20.9762
 35.4824
 23.0434
 34.1174
 25.0998
 29.7489
 29.0345
 31.4006
 29.6648
 35.5809
 27.6406
 34.7851
 22.7376
 37.0945
 31.0805
 28.4781
 37.4433
 28.7054
 37.3229
 25
 37.3898
 23.0868
 36.2629
 35.5668
 28.0535
 36.8646
 28.775
 35.9861
 28.1957
 30.3974
 39.6989
 37.3363
 32.1559
 32.1714
 39.1791
 34.2491
 38.8973
 43.6921
 33.4515
 32.7567
 40.0749
 40.4599
 31.1609
 40.7063
 32.7109
 36.4966
 39.6737
 35.7071
 36.318
 41.4126
 34.1614
 39.8623
 35.4965
 35.819
 40.8534
 37.2961
 40.4599
 37.3898
 40.7063
 40.9756
 37.6298
 35.242
 41.328
 33.3317
 39.8873
 39.8999
 36.6879
 30.2159
 37.9737
 37.3095
 23.8537
 43.1393
 35.6651
 36.2629
 40.7676
 35.0143
 40.5956
 39.6737
 36.565
 39.3573
 41.8091
 41.8091
 37.4833
 40.4846
 38.1838
 41.7612
 40.7308
 37.7227
 42.1663
 40.3113
 40.2989
 39.4208
 41.1218
 40.5709
 41.4608
 38.9743
 39.4842
 37.5366
 41.5933
 38.1969
 44.0681
 38.923
 43.2088
 42.6263
 41.5572
 41.5692
 43.8406
 40.2368
 37.1483
 43.0116
 40.3485
 38.2361
 39.8246
 42.8836
 40.9512
 42.0119
 41.1096
 39.281
 41.3884
 39.5854
 41.9524
 38.5876
 42.6146
 38.8844
 41.2189
 41.7971
 44.1248
 41.5331
 37.2961
 41.2795
 37.3497
 42.8836
 37.081
 43.0349
 40.0625
 42.19
 37.4166
 41.1947
 43.2666
 36.9188
 43.4511
 39.5348
 44.0795
 39.281
 42.2966
 41.328
 41.2189
 44.1475
 42.1663
 41.0609
 41.4729
 39.0256
 38.4318
 42.0357
 39.2683
 42.0714
 42.3202
 41.1825
 40.7431
 38.2099
 40.7308
 39.2683
 42.1663
 39.0768
 42.19
 38.6394
 43.6348
 38.6394
 38.6394
 42.0714
 42.0714
 41.9524
 40.2616
 39.5601
 37.9868
 37.9868
 39.4081
 39.4081
 40.8901
 40.7185
 40.7185
 37.8021
 46.5188
 36.8917
 40.3856
 40.3856
 38.2099
 38.2623
 40.2492
 40.2492
 39.8623
 49.4571
 43.9318
 53.3948
 40.4475
 44.0341
 42.5676
 22.6274
 39.8623
 40.2741
 36.8782
 46.9681
 42.0238
 44.8776
 38.2492
 48.1248
 39.281
 47.592
 43.3128
 40.2492
 16.7631
 42.45
 42.45
 41.1825
 52.1536
 52.1536
 43.2435
 43.2435
 43.2435
 42.8952
 43.4741
 43.4396
 43.9545
 43.9545
 39.8873
 46.9361
 46.9361
 27.3861
 36.3456
 40.8656
 28.6531
 39.8497
 39.8497
 40.0375
 59.5735
 38.2099
 40.0999
 33.0606
 40.9268
 38.1838
 36.5513
 29.5973
 43.8634
 40.0749
 38.7298
 40.7308
 42.2966
 42.2966
 38.5487
 43.2666
 42.0357
 42.0357
 33.8378
 45.4533
 41.7493
 41.7493
 44.7325
 40.7063
 43.7379
 42.3084
 45.8585
 50
 43.6234
 45.8803
 40.9268
 25.1595
 46.5618
 43.6921
 38.833
 33.7491
 42.5793
 52.2781
 42.6263
 43.1277
 40.4475
 43.4281
 43.9659
 41.5572
 40.4846
 40.4846
 44.0795
 42.7668
 43.1393
 43.1393
 45.1553
 46.5725
 46.5725
 46.5725
 40.7799
 45.1664
 36.647
 36.647
 41.9762
 43.4281
 42.2847
 42.2847
 43.4856
 44.0681
 44.3734
 44.3734
 45.8585
 44.3509
 40.1248
 40.1248
 30.1164
 41.7493
 42.4146
 48.3735
 36.8917
 47.4763
 44.8219
 39.9124
 43.2897
 43.2435
 35.1994
 25.4362
 39.064
 41.8091
 45.3321
 25.923
 25.923
 43.6463
 42.8602
 42.3084
 31.1448
 41.5933
 41.0488
 45.1442
 33.4664
 33.4664
 42.9302
 44.6878
 37.1214
 36.318
 47.4447
 45.0444
 38.0657
 35.4119
 35.4119
 46.3789
 42.45
 43.9204
 31.0161
 44.441
 42.6146
 48.1975
 31.8748
 42.9185
 42.391
 48.1352
 35.4401
 45.6618
 38.4838
 37.6431
 41.2553
 44.0454
 39.4208
 42.1663
 44.3396
 39.37
 32.909
 40.4475
 46.6798
 41.7852
 27.8209
 39.2046
 39.2046
 43.1393
 43
 35.4542
 35.4542
 41.7852
 42.5676
 42.5793
 42.5793
 42.5793
 43.0929
 46.5725
 38.7169
 38.7169
 39.37
 32.6803
 31.1609
 32.28
 38.092
 45.3762
 37.5366
 35.0571
 37.6962
 45.1774
 45.1774
 53.8516
 37.3898
 38.5746
 37.9737
 45.1664
 45.1664
 43.9204
 82.7587
 40.3485
 40.3485
 41.0122
 83.2766
 43.1045
 35.7491
 35.7491
 36.1939
 42.6028
 36.8375
 31.3847
 42.0119
 36.0416
 41
 31.8904
 42.8952
 46.4543
 36.0278
 42.0238
 38.4448
 42.2493
 42.2493
 42.2493
 42.2493
 44.8665
 30.1496
 39.7115
 36.647
 34.6987
 34.6987
 0
 36.3043
 44.9778
 42.0714
 42.0714
 36.4417
 0
 37.3765
 36.8511
 38.7169
 36.5377
 36.5377
 37.51
 38.223
 37.6165
 43.9431
 36.6742
 39.4081
 39.9249
 36.4966
 35.7911
 42.0951
 38.5487
 34.3802
 37.1483
 32.3419
 38.1838
 37.7624
 32.8938
 63.2851
 63.2851
 38.7427
 0
 36.8646
 34.9857
 37.7094
 39.8623
 37.9342
 33.541
 32.7872
 31.7805
 44.5309
 44.0795
 32.9697
 34.1614
 46.1628
 35.7631
 41.6893
 39.6232
 41.5572
 43.9431
 36.8511
 37.9342
 37.9342
 43.2435
 36.1525
 42.1545
 42.3556
 38.4448
 47.5605
 36.8103
 39.0128
 39.4081
 36.1801
 0
 0
 37.9473
 42.0238
 42.0238
 36.4829
 36.4829
 31.8277
 36.2905
 32.187
 40.0999
 38.7427
 35.4824
 41.2189
 35.0286
 42.0951
 36.1663
 34.9714
 38.9102
 46.3573
 33.7491
 38.8973
 39.6106
 34.9857
 44.5084
 38.0526
 42.2729
 34.5977
 0
 37.3631
 36.9053
 33.9411
 41.0974
 42.8019
 39.8497
 41.2553
 36.565
 45.0777
 32.4962
 0
 39.9124
 35.7211
 42.0595
 42.0595
 45.6946
 45.6946
 40.0749
 39.0512
 24.2281
 41.2553
 36.1663
 34.7851
 40.4104
 37.4833
 26.9258
 39.3192
 43.8634
 37.108
 42.3556
 35.5949
 44.5646
 41.9404
 22.6936
 38.1445
 40.4722
 34.8712
 26.7021
 41.328
 35.805
 38.923
 33.2415
 32.7567
 41.2916
 24.8193
 38.8072
 0
 37.6298
 37.6298
 79.2843
 41.7133
 34.9571
 34.9571
 22.5389
 34.2783
 42.0595
 35.0286
 37.7624
 23.8956
 37.5366
 35.4683
 37.0135
 36.8917
 22.8473
 39.4335
 36.2767
 40.1373
 33.8231
 22.0907
 36.8646
 37.7757
 38.4578
 40.939
 0
 24.2281
 38.3536
 32.1714
 39.6611
 40.9023
 36.2767
 42.8019
 21.4476
 37.3765
 34.7994
 31.6702
 39.7995
 39.128
 20.9762
 43.6119
 43.6119
 77.4016
 36.5377
 0
 20.9045
 37.7492
 31.9687
 40.2368
 37.1483
 33.8526
 35.805
 21.7945
 35.805
 48.0729
 37.0135
 33.0151
 34.5109
 21.8861
 39.0256
 34.2199
 37.3095
 41.6053
 39.8748
 36.1525
 35.4965
 34.5543
 42.0951
 33.9117
 42.0238
 37.6165
 36.4555
 41.1947
 36.4966
 35.623
 37.6563
 33.1662
 42.1545
 0
