 17.8885
 17.5784
 8.18535
 2.44949
 8
 2.44949
 14.3527
 15.1658
 15.9374
 10.6771
 16.6433
 19.0263
 17.8606
 17.4642
 15.9374
 16.8523
 14.3178
 14.8997
 14.9666
 14.7986
 15.9374
 19.5704
 21.6795
 19.4679
 20.2485
 20.0499
 17.8606
 12.4499
 18.2483
 16
 18.735
 12.8062
 16.6733
 17.6068
 14.1067
 14.4914
 21.0713
 19.0526
 14.3178
 15.6844
 20.0998
 20.1246
 14.3178
 16.5529
 19.9249
 19.7737
 13
 14.9332
 17.4356
 15.1987
 13.6015
 19.3649
 17.3494
 14.1067
 12.3288
 18.5742
 17.1172
 14.2829
 21.0713
 16.8819
 0
 20.6155
 0
 19.1311
 12.4097
 0
 20.1494
 14.3178
 14.3178
 21.1424
 16.7929
 21.166
 17.9165
 21.7025
 16.4012
 19.9499
 14.7986
 19.105
 17.5499
 19.105
 17.8606
 20.1742
 20.2731
 22.7816
 17.72
 21.1187
 18.5472
 16.3401
 14.7309
 21.4709
 15.3623
 17.8885
 24.0208
 24.4131
 21.095
 20.9045
 19.0526
 20.025
 17.088
 16.3401
 17.3781
 19.4936
 22.8692
 23.1948
 22.1585
 22.8035
 0
 21.4709
 19.2614
 18.2209
 22.5389
 23.8537
 16.4924
 24.3311
 20.6155
 20.9523
 21.7256
 20.1742
 21.4009
 20.9045
 19
 19
 22.6053
 21.9545
 25.1992
 24.4336
 25.671
 22.3159
 22.561
 25.6905
 19.9499
 25.219
 21.7945
 26.9072
 20.6398
 22.6053
 21.5407
 22.6495
 24.8395
 25.1992
 22.2486
 22.6274
 18.735
 23.4947
 22.1133
 23.4947
 25.5539
 26.0192
 25.923
 24.4131
 25.5147
 21.7025
 26.9072
 27.9821
 23.4947
 26.4008
 21.7025
 26.2869
 21.8403
 22.2036
 25.2587
 26.0384
 21.5407
 21.2838
 27.7489
 22.891
 26.3059
 28.3019
 23.5372
 25.219
 26.1916
 26.9444
 23.4947
 28.8444
 24.2899
 25.593
 27.4226
 22.6716
 23.8537
 27.8747
 23.4734
 26.8701
 24.4131
 24.8395
 26.9629
 22.891
 27.8568
 24.3926
 27.074
 27.0555
 26.9629
 26.1534
 27.8568
 25.2785
 30.5123
 30.5614
 26.1151
 21.7486
 24.3516
 25.3574
 25.3574
 28.1247
 26.0384
 26.8514
 26.3249
 24.3926
 27.8209
 28.6705
 25.4165
 27.9643
 29.6648
 10.2956
 26.1151
 28.6705
 27.8209
 29.5635
 31.289
 26.9444
 29.6311
 26.096
 28.2312
 27
 26.9258
 27.8927
 25.2389
 24.4949
 27.2029
 24.3721
 27.8388
 25.4362
 29.5466
 24.7588
 28.688
 28.9655
 27.8029
 27.8568
 32.1559
 29.5973
 27.8388
 33.2415
 28.2666
 27.8388
 28.2489
 29.2746
 26.9258
 27.037
 27.8927
 25.2587
 27.8029
 25.2785
 27.8568
 24.4949
 28.7228
 23.5584
 26.0768
 27.8209
 31.3369
 29.5466
 28.2666
 28.8791
 27.7669
 29.9333
 27.1477
 28.5307
 28.7402
 27.8388
 26.096
 28.775
 29.5466
 26.9258
 28.8791
 27.037
 29.5973
 26.3439
 26.9444
 26.9629
 26.9258
 31.289
 29.8496
 28.7924
 27.313
 28.7924
 25.2389
 29.0172
 25.2785
 28.1603
 27.8029
 28.0357
 27.9464
 24.3516
 27.8388
 26.0768
 27.9106
 27.8209
 28.7228
 27.0924
 31.305
 27.0185
 27.0185
 29.5296
 29.5296
 31.3528
 30.5123
 27.4408
 27.074
 27.074
 28.6705
 28.6705
 27.8209
 26.096
 26.096
 26.9629
 29.8161
 28.2489
 27.8209
 27.8209
 27.7669
 27.4408
 28.0179
 28.0179
 26.8887
 32.187
 27.8388
 34.7994
 27.7308
 28.8097
 30.6757
 9.64365
 30.4795
 30.133
 28.1069
 32.0312
 28.688
 28.8964
 25.2587
 30.8707
 26.0768
 27.2947
 27.8927
 27.7849
 16.3095
 31.4006
 31.4006
 27.5681
 34.0294
 34.0294
 33.0151
 0
 0
 28.6705
 30.4302
 32.2955
 28.6705
 28.6705
 30.4631
 35.7771
 35.7771
 18.2757
 27.037
 32.0312
 19.975
 27.7849
 27.7849
 31.0322
 49.2138
 26.9072
 26.9258
 20.7846
 28.6705
 27.8927
 27.9285
 21.166
 31.3688
 28
 27
 28.8617
 27.9643
 27.9643
 26.7395
 31.3369
 33.5261
 33.5261
 27.4226
 31.8748
 29.5804
 0
 30.1496
 27.6225
 30.4138
 28.6531
 31.6702
 33.9411
 30.6268
 29.6479
 26.9072
 19.8242
 31.289
 29.5296
 26.9629
 29.5127
 32.3574
 27.8029
 27.8209
 29.5466
 33.7194
 29.2916
 27.8388
 30.6757
 28.0179
 28.0179
 28.7054
 29.6311
 27.9821
 27.9821
 33.0151
 30.3809
 30.3809
 30.3809
 27.8747
 31.3369
 27.1662
 27.1662
 28.6356
 30.5287
 29.8496
 0
 29.5973
 30.3974
 27.2764
 0
 32.1248
 27
 27.0555
 0
 21.7715
 30.6105
 28.0179
 31.3209
 23.1733
 32.1559
 30.5123
 30.692
 29.8998
 28.7576
 26.0768
 14.9666
 27.8029
 30.315
 30.6105
 13.9284
 13.9284
 30.4138
 30.1496
 26.9629
 20.6155
 31.5119
 27.037
 31.5278
 25.9422
 0
 31.9218
 27.8568
 27.258
 16.5227
 27.8568
 33.3017
 28.2135
 24.3105
 0
 29.5635
 28.9828
 28.688
 22.5832
 27.8388
 27.2397
 31.225
 22.8035
 27.4591
 26.1725
 32.218
 23.4521
 30.4467
 29.5466
 27.9106
 26.0384
 30.3809
 30.3809
 29.5804
 23.4734
 27.8029
 21.9545
 28.7228
 32.1248
 27.8209
 17.4356
 27.8927
 32.6956
 27.0924
 29.5296
 21.7945
 31.4802
 26.3059
 28.688
 32.1403
 32.1403
 27.4408
 29.95
 31.273
 27.8927
 27.8927
 26.0768
 24.4745
 20.4939
 23.4947
 28.2489
 29.8161
 25.219
 22.8473
 26.7582
 27.1477
 27.1477
 42.0357
 24.3516
 24.4336
 25.4558
 30.4302
 30.4302
 28.4429
 70.9366
 26.9444
 26.9444
 27.0555
 69.606
 27.8388
 26.1151
 26.1151
 23.4947
 27.8568
 24.3926
 22.9565
 28.8097
 22.7596
 26.9258
 21.8403
 28.2843
 32.311
 26.1343
 28
 25.2587
 30.3974
 30.3974
 4.24264
 4.24264
 30.5941
 19.9499
 25.3377
 23.2164
 21.9545
 21.9545
 21.9545
 21.8403
 31.5911
 29.0172
 29.0172
 22.5832
 22.5832
 26.0576
 27.9643
 27.8927
 26.0384
 26.9258
 26.9444
 23.4734
 28.0535
 32.3265
 29.3087
 26.0768
 23.4947
 26.8701
 22.6936
 27.4226
 27.7669
 21.7945
 25.1992
 17.9165
 25.219
 23.4947
 22.6495
 50.05
 50.05
 26.1916
 0
 26.0768
 19.975
 23.7276
 29.8496
 28.2666
 20.8806
 21.7715
 20.2485
 31.686
 29.7321
 22.5832
 21.7486
 31.3688
 23.8328
 29.4788
 25.7294
 29.5466
 30.7896
 25.3377
 23.7276
 23.7276
 32.9848
 22.6274
 28.7054
 28
 26.1916
 32.0936
 24.2899
 27.0924
 25.2389
 28.1603
 0
 0
 25.2785
 30.3809
 28.4605
 26.9629
 53.3104
 21.095
 24.3721
 20.9762
 27.8209
 24.8998
 26.1343
 26.1151
 22.8692
 25.7099
 26.3059
 22.5832
 26.1916
 29.2916
 21.7715
 26.7208
 27
 21.7256
 28.7576
 25.02
 29.6985
 22.5389
 0
 26.7582
 23.8747
 25.1595
 28.6705
 29.5804
 27.1293
 30.0167
 26.1343
 30.9839
 23.1733
 23.1733
 27.8568
 22.2935
 30.5778
 30.5778
 32.7109
 32.7109
 29.5127
 26.8887
 19.9499
 25.6125
 25.865
 21.9773
 29.5127
 26.096
 20.8567
 25.923
 28.7228
 24.5764
 27.8388
 21.7486
 30.8058
 26.1534
 17.5499
 24.2281
 26.9815
 22.561
 20.8567
 29.5466
 24.3311
 26.1534
 22.561
 22.5832
 28.7228
 20.7846
 26.1343
 26.1343
 25.0599
 25.0599
 67.0746
 29.6142
 21.7025
 21.7025
 20.2485
 23.622
 28.688
 23
 22.7596
 19.3907
 25.2389
 25.318
 24.4949
 21.1424
 18.4391
 27.5318
 25
 29.5973
 21.4709
 17.5499
 29.1033
 24.4949
 24.8395
 29.9666
 0
 20.9762
 25.0799
 21.7486
 27.1662
 28.7576
 28.3549
 31.0161
 16.5227
 24.4949
 23.4094
 22.0227
 27.7128
 25.9422
 18.3848
 29.9833
 29.9833
 68.0294
 25.318
 0
 16.4621
 24.2693
 21.7256
 26.4575
 27.2764
 21.9773
 24.2487
 16.5227
 23.7065
 33.1813
 27.5862
 18.303
 22.6053
 16.0624
 26.6458
 24.2281
 28
 27.8209
 26.1725
 24.8998
 24.6982
 22.9565
 28.6356
 21.3307
 28.0891
 28.4077
 24.4745
 27.8568
 24.8395
 24
 26.5707
 20.9045
 27.8747
 0
