 7
 10.0995
 7.81025
 15.9374
 1.41421
 12.1244
 26.2298
 24.1247
 22.383
 17.9165
 22.4944
 27.4773
 23.622
 19.2614
 20.2237
 21.5407
 17.2337
 14.5602
 19.0263
 16.8523
 24.5153
 21.9545
 33.5261
 27.1477
 27.074
 30.2655
 26.5141
 19.0526
 25.318
 24.1454
 24.0624
 18.0831
 23.0868
 25.3574
 22.7156
 22.6936
 27.0924
 27.1109
 21.7256
 19.5704
 24.8395
 23.8537
 21.7256
 25.7876
 22.9347
 23.9792
 21.8174
 21.2838
 18.2209
 22.1585
 21.4476
 22.2261
 22.9347
 20.4206
 20.6155
 24.8395
 21.4243
 19.5704
 26.7582
 19.105
 19.105
 26.5141
 26.5141
 28.9137
 18.3848
 18.3848
 28.3549
 18.5203
 18.5203
 28.9482
 22.8035
 26.5707
 24.5357
 22.9565
 24.5764
 22.891
 21.3776
 24.0624
 21.9317
 25.0998
 22.9347
 25.5734
 20.2978
 31.4643
 18.4662
 29.4958
 16.2788
 25.9037
 18.412
 27.8029
 19.6214
 19.7231
 27.9821
 25.3377
 25.2389
 22.9347
 22.4277
 18.2483
 21.9317
 23.1517
 24.1039
 24.5561
 30.8221
 33
 24.6374
 32.7109
 32.7109
 31.305
 17.5499
 19.6214
 31.305
 32.218
 20.4939
 29.5466
 23.3238
 28.0713
 25.8263
 27.5862
 25.8457
 31.4484
 25.04
 25.3772
 31.5278
 27.6586
 33.1059
 24.8797
 33.7343
 30.9677
 23.388
 36.973
 20.199
 35.0286
 22.5167
 33.2265
 24.8797
 28.6007
 27.074
 31.9374
 27.0555
 35.1426
 26.4197
 32.7109
 21.587
 36.318
 30.7896
 28.178
 37.3229
 27.9285
 37.4032
 24.4949
 36.8782
 21
 35.6791
 32.6956
 27.9643
 36.0278
 28.8964
 36.0139
 27.9285
 28.3901
 38.6005
 36.565
 29.5296
 29.5466
 37.3497
 34.4238
 38.0657
 43.8976
 32.28
 31.5119
 38.1051
 39.2938
 31.0483
 39.1663
 31.4643
 34.176
 37.2827
 33.8821
 35
 39.2301
 33.5261
 39.2556
 35.0143
 34.5832
 40.2119
 35.7911
 40.6571
 36.1525
 40.9634
 41.3159
 37.0945
 34.6266
 41.1947
 32.4346
 37.5366
 39.6232
 36.8239
 29.8329
 38.2361
 36.8782
 23.8537
 42.4146
 35.7351
 36.2905
 40.2741
 34.5688
 40.0625
 39.8748
 36.5377
 39.2301
 40.7431
 8.24621
 38.4838
 40.1248
 37.7359
 41.7732
 40.7063
 36.606
 39.6737
 37.3898
 38.1707
 37.1349
 40.7185
 39.2046
 39.8873
 37.8814
 37.3765
 36.8646
 39.6358
 36.1525
 43.7035
 38.923
 41.7732
 42.0119
 41.3038
 39.6106
 40.7431
 39.2938
 36.8375
 42.7551
 40.3856
 37.9605
 36.6606
 40.5832
 39.8623
 39.6106
 39.8873
 37.4299
 39.8121
 39.0512
 40.6694
 36.1663
 40.4351
 38.0657
 40.9512
 39.6232
 41.7732
 40.9268
 36.8646
 39.8873
 37.0945
 42.5793
 37.081
 42.3084
 40.0874
 42.1545
 36.8511
 39.724
 40.4846
 36.8239
 41.497
 36.973
 42.1545
 37.3631
 40.1995
 39.1024
 39.8748
 42.6028
 39.8999
 39.0256
 39.1024
 36.8103
 37.108
 39.7366
 37.1349
 40.0874
 41.1947
 40.7308
 38.8072
 37.9473
 40.2368
 38.7427
 41.5452
 39.3319
 42.3202
 38.5227
 42.8602
 38.9102
 38.9102
 42.5793
 42.5793
 41.509
 40.3856
 38.1838
 38.5746
 38.5746
 39.8372
 39.8372
 39.3573
 39.6106
 39.6106
 37.4433
 44.4635
 37.2827
 37.4967
 37.4967
 37.9078
 38.1182
 37.9473
 37.9473
 38.4708
 47.927
 41.821
 53.3104
 39.0128
 42.6263
 40.2492
 22.3607
 39.0128
 37.1349
 34.8999
 44.7549
 41.497
 44.3283
 37.9868
 45.8912
 39.0256
 44.4972
 42.391
 39.5601
 15.1658
 42.6146
 42.6146
 41.5812
 49.0204
 49.0204
 42.7902
 42.7902
 42.7902
 42.6146
 43.715
 41.821
 43.715
 43.715
 39.6358
 44.3509
 44.3509
 26.7208
 37.1349
 39.3065
 28.2843
 39.0256
 39.0256
 38.8844
 59.0593
 38.223
 38.5487
 31.8904
 40.4722
 38.1969
 36.756
 28.0535
 43.6119
 40.4104
 35.3977
 39.4081
 42.3792
 42.3792
 36.6742
 41.7971
 41.2674
 41.2674
 33.5112
 44.1362
 39.0384
 39.0384
 43.1277
 39.3954
 41.8091
 40.1746
 45.3321
 47.927
 40.4104
 46.6476
 41.0731
 24.6779
 46.1844
 44.5084
 37.108
 33.541
 42.6028
 44.1814
 40.4599
 41.6533
 38.0132
 42.7434
 42.9302
 41.0609
 39.3192
 39.3192
 43.4396
 42.3438
 40.3609
 40.3609
 44.5533
 46.1736
 46.1736
 46.1736
 39.0768
 45.111
 36.1801
 36.1801
 41.2795
 43.4281
 39.064
 39.064
 43.715
 42.6146
 42.3792
 42.3792
 43.7493
 44.6654
 40.8534
 40.8534
 28.6356
 41.5452
 40.0625
 47.0213
 36.1801
 47.8539
 42.6263
 40.2492
 42.7785
 42.0476
 34.6987
 24.2281
 38.8716
 40.5339
 43.4166
 24.4949
 24.4949
 42.3202
 42.2611
 40.05
 30.6757
 41.1096
 38.7169
 44.0681
 34.2345
 34.2345
 42.4617
 43.4856
 36.9459
 36.8239
 44.587
 45.1664
 37.2693
 34.7851
 34.7851
 44.5197
 41.7971
 41.3038
 30.348
 44.4972
 41.5692
 44.5197
 31.6228
 41.9881
 41.7493
 44.3283
 34.9571
 45.111
 37.9737
 37.51
 39.598
 43.2435
 39.8748
 39.8873
 41.1704
 40.0375
 31.9061
 39.064
 43.2088
 39.724
 27.7669
 38.223
 45.5192
 43.5775
 41.5812
 33.5559
 39.8623
 41.2795
 42.5793
 41.7373
 41.7373
 37.9605
 41.5812
 46.4112
 37.1618
 37.1618
 37.0945
 32.1248
 31.8748
 31.6544
 38.4448
 45.3542
 37.6696
 34.6121
 37.4032
 43.4396
 43.4396
 52.2494
 36.647
 38.0263
 37.4967
 44.8665
 44.8665
 44.238
 81.615
 38.223
 38.223
 41.1339
 81.6823
 43.566
 36.9053
 36.9053
 36.4692
 42.0476
 35.4965
 30.7896
 39.8748
 34.641
 38.923
 31.6386
 41.833
 44.0681
 36.2767
 40.8289
 38.2492
 41.4488
 41.4488
 19.7737
 19.7737
 44.5084
 28.6531
 40.4228
 35.7491
 31.9218
 41.7253
 0
 36.5103
 43.6234
 41
 40.0125
 35.819
 0
 34.2199
 36.0416
 36.8782
 36.2629
 36.2629
 37.8946
 38.7169
 36.1525
 43.566
 35.2136
 37.6696
 39.6106
 36.5924
 33.8378
 40.0125
 39.6611
 33.121
 38.1969
 31.1288
 37.7227
 38.7943
 32.45
 61.5955
 61.5955
 38.6135
 0
 35.9583
 33.0606
 37.3229
 39.281
 37.1349
 31.496
 32.665
 30.133
 43.2897
 41.6053
 32.3265
 33.0606
 44.5533
 33.4365
 40.8412
 37.8418
 42.2847
 43.566
 35.0714
 37.3898
 37.3898
 43.6807
 36.9188
 41.497
 42.5676
 36.973
 46.1628
 36.3043
 37.7492
 38.833
 35.4965
 0
 0
 35.8469
 42.2493
 42.2493
 35.8887
 35.8887
 31.4325
 33.9264
 33.7787
 37.9473
 38.092
 35.0286
 39.8999
 34.2637
 42.7551
 36.1248
 34.641
 38.0526
 46.3033
 34.1028
 38.5746
 38.5876
 35.9305
 44.4972
 37.108
 41.3038
 36.1801
 0
 36.9594
 34.6554
 33.5708
 39.5727
 42.8836
 40.025
 41.3521
 37.054
 44.2606
 32
 0
 39.4462
 35.819
 42.2847
 42.2847
 45.5302
 45.5302
 40.1497
 39.3319
 22.561
 41.4849
 36.0971
 34.1614
 39.6863
 36.0139
 24.96
 36.8782
 43.9886
 37.108
 42.5793
 34.3657
 45.618
 41.7133
 20.6398
 37.7094
 39.0384
 33.5708
 23.3666
 41.4849
 33.8083
 37.1349
 33.1059
 32.28
 40.6817
 22.5167
 39.0512
 0
 35.7771
 35.7771
 78.9113
 41.2674
 35.1852
 35.1852
 21.6564
 33.7343
 40.8779
 33.7639
 39.598
 22.2711
 37.3765
 35.6791
 36.4692
 35.7631
 22.2711
 37.4566
 36.5377
 39.8748
 33.9853
 21.4476
 36.8375
 37.6563
 39.2683
 39.5474
 0
 23.6008
 36.0416
 32.6343
 40.6325
 39.2173
 36.2491
 42.6497
 21.6333
 37.108
 35.7491
 31.1769
 38.9615
 38.9872
 21.0713
 42.9767
 42.9767
 77.3434
 38.1182
 0
 20.0998
 36.4417
 33.0606
 39.3192
 36.6606
 31.9374
 35.9166
 20.9045
 36.8511
 47.4131
 35.426
 30.8058
 35.5949
 21.1187
 38.0657
 34.5543
 35.805
 41.7373
 40.4969
 36.1386
 35.7351
 31.9687
 41.5572
 33.0606
 42.5441
 36.7967
 36.9053
 40.2865
 35.0286
 33.8083
 37.1483
 32.4962
 40.1497
 0
