 360.495
 0
 11.6189
 12.2474
 12.2474
 14.2478
 23.3452
 22.1359
 21
 17.2047
 21.3307
 25
 21.5639
 18.7617
 19.2614
 22.6936
 18.7617
 15.0333
 19.0526
 17.1172
 21.6795
 25.219
 31.0322
 28.3196
 27.258
 28.0179
 23.9583
 19.6469
 25.7876
 22.8035
 24.5764
 17.8045
 21.4709
 25.2389
 22.5832
 21.5407
 26.7955
 26.5518
 21.7256
 20.9284
 23.6854
 24.7184
 21.7256
 24.2693
 24.6779
 23.1084
 22.6053
 21.2838
 18.7617
 22.2036
 18.8149
 23.6643
 22.5167
 20.4939
 18.0831
 23.388
 21
 19.6469
 28.0357
 18.6011
 18.6011
 26.5518
 26.5518
 27.037
 19.4679
 19.4679
 27.258
 19.1311
 19.1311
 27.5862
 22.2486
 26.8142
 24.6982
 25.2587
 25.1794
 23.6008
 21.8861
 23.4307
 21.7025
 24.7588
 20.8806
 26.9629
 19.7231
 30.6757
 18.7617
 29.9333
 18.3303
 25.0799
 18.6548
 29.5127
 21.4243
 22.1811
 29.5296
 25.6125
 26.9629
 23
 24
 21.9773
 21.5407
 21.5174
 24.2281
 23.4947
 31.0644
 32.2645
 26.0576
 31.1127
 0
 29.9666
 20.3224
 21.4009
 31.4643
 30.5287
 22.7596
 29.3087
 25.318
 27.3313
 28.0357
 27.258
 26.2298
 30.1496
 23.9792
 24.0208
 32.0468
 28.4077
 33.121
 28
 33.541
 30.3645
 25
 34.3802
 22
 33.1059
 24.2281
 33.5559
 27.9464
 29.8496
 29.1548
 29.6816
 29.9165
 34.7994
 29.3428
 31.749
 24.5967
 34.4384
 29.5127
 28.7402
 34.7851
 29.3769
 35.1852
 26.1151
 36.4555
 23.6643
 34.9857
 34.8855
 27.8029
 34.8712
 29.3939
 34.8138
 29.6985
 30.3809
 37.3765
 34.8568
 30.7083
 30.348
 35.8887
 31.9531
 36.2629
 40.8901
 31.6228
 32.0156
 36.6742
 37.7094
 29.5296
 38.2753
 30.9677
 34.7851
 37.3363
 33.5559
 33.9117
 38.2492
 32.7261
 36.8375
 32.9242
 34.0588
 38.3667
 33.8231
 38.8458
 34.7563
 38.9872
 38.8458
 35.2846
 34.1321
 39.4462
 33.2566
 39.1152
 39.1024
 35.8608
 35.8608
 36.973
 35.6651
 35.6651
 41.7013
 34.2053
 35.2136
 39.1408
 33.2566
 38.3014
 38.0263
 33.7935
 36.647
 38.8973
 38.8973
 35.2136
 38.5487
 36.2767
 40.025
 39.2301
 35.2704
 38.4057
 37.1214
 36.5103
 37.6032
 37.8814
 37.4166
 36.7287
 35.2846
 35.7071
 36
 38.4057
 35.8329
 40.4351
 36.8239
 40.2865
 40.6694
 39.8623
 38.0132
 40.9634
 38.4578
 35.1994
 41.6653
 39.9375
 36.8511
 36.5103
 39.975
 36.3043
 37.4833
 38.2623
 36.1525
 37.6032
 36.318
 38.7169
 36.6879
 39.5854
 36.0278
 38.8201
 38.4448
 41.7612
 40.2492
 35.6791
 39.95
 36.0971
 40.8412
 35.8748
 41.7133
 38.5876
 40.8656
 35.1852
 38.2753
 39.2301
 35.1568
 39.724
 36.2905
 40.5709
 36.318
 39.0256
 37.054
 38.0132
 40.0999
 39.1024
 39.3319
 38.2884
 36.7423
 36
 39.128
 36.8782
 39.1663
 40.3733
 38.2753
 37.4833
 36.1386
 39.1918
 36.9594
 40.2244
 36.4692
 40.6079
 35.9026
 40.9023
 36.6742
 36.6742
 39.8873
 39.8873
 39.4715
 38.5876
 38.223
 36.0278
 36.0278
 36.8917
 36.8917
 38.4578
 36.8917
 36.8917
 35.8329
 42.5793
 36.4966
 37.3497
 37.3497
 35.9026
 35.6651
 40.1248
 40.1248
 35.6371
 48.4562
 39.8623
 50
 37.8286
 41.9881
 40.0375
 18.3303
 38.4578
 39.9375
 35.7211
 44.4072
 39.5727
 40.8534
 36.0278
 45.2327
 37
 47.0213
 42.6732
 36.7831
 18.7883
 45.1996
 45.1996
 37.6431
 48.6518
 48.6518
 41.2916
 41.2916
 41.2916
 40.7063
 41.6053
 40.9756
 41.4367
 41.4367
 38.3406
 44.5309
 44.5309
 26.0576
 35.0714
 39.2301
 27.4408
 38.4318
 38.4318
 39.1663
 57.1227
 36.6742
 35.4542
 29.1376
 39.1663
 36.5513
 35.1426
 27.9464
 42.6497
 39.1535
 36.318
 38.3145
 40.9634
 0
 37.0945
 40.8901
 41.6893
 41.6893
 35.7211
 43.4511
 41.1461
 41.1461
 40.1373
 39.9249
 42.2966
 37.1618
 44.2945
 48.0104
 40.2244
 42.6028
 40.025
 24.3721
 43.7493
 42.9767
 38.2753
 33.5708
 40.8534
 50.7149
 38.4057
 42.1545
 40
 39.2046
 42.2729
 40.8044
 37.0405
 37.0405
 40.4722
 40.1248
 40.1746
 40.1746
 43.0116
 43.6463
 43.6463
 43.6463
 38.3667
 43.5086
 35.819
 35.819
 37.9605
 41.7493
 40.8779
 40.8779
 40.9145
 40.4228
 39.0512
 39.0512
 42.4028
 41.7971
 37.3363
 0
 29.5127
 40.1622
 38.2623
 44.1814
 35.5949
 45.4313
 40
 38.2623
 41.7133
 38.6264
 34.4529
 25.1794
 37.2961
 40.8656
 40.5709
 24.5764
 24.5764
 39.5095
 39.128
 37.51
 29.4788
 39.1152
 38.3667
 42.6263
 31.8904
 31.8904
 41.7732
 41.821
 35.4542
 34.3074
 42.0714
 43.5201
 36.8511
 33.0303
 33.0303
 41.0609
 40.8412
 39.8497
 29.6311
 41.845
 37.7227
 42.8719
 30.4959
 37.9737
 37.3765
 44.0341
 34.7851
 43.1856
 37.027
 36.5377
 39.128
 39.9875
 38.5487
 40.3237
 41.7133
 36.6879
 30
 37.6431
 45.4863
 38.3797
 25.5539
 36.8917
 41.7852
 39.8623
 40.2119
 31.4166
 39.975
 39.1663
 40.8656
 41.2189
 41.2189
 35.8748
 41.6653
 44.4185
 36.4966
 36.4966
 36.7151
 32.311
 29.4449
 31.7017
 37.3497
 43.6234
 36.524
 32.218
 37.1349
 42.5676
 42.5676
 52.469
 35.3129
 37.3363
 35.6791
 40.0749
 40.0749
 41.7133
 82.1949
 37.47
 37.47
 39.1408
 79.7872
 40.694
 34.9571
 34.9571
 34.7707
 39.5854
 33.7343
 29.6142
 39.8623
 32.3728
 37.5233
 29.8329
 37.2156
 42.3556
 34.2637
 37.4166
 36.2905
 41.1096
 41.1096
 17.088
 17.088
 42.638
 27.8388
 37.1214
 35.2136
 31.241
 31.241
 31.241
 34.176
 40.0125
 39.0384
 39.0384
 33.1361
 33.1361
 35.5809
 35.7771
 35.7211
 34.4384
 35.5809
 35.7911
 35.9861
 35.6371
 42.3438
 35.7911
 35.2987
 36.8917
 34.3074
 34.5832
 38.1838
 36.0416
 31.0322
 36.3043
 29.5296
 36.5513
 35.9861
 30.7571
 59.7076
 59.7076
 37.3631
 0
 34.1614
 31.607
 34.641
 38.5876
 36.5103
 29.2916
 30.3809
 29.4958
 40.5832
 41.7971
 31.0322
 30.7734
 42.4028
 32.218
 39.8873
 37.054
 39.5727
 42.1307
 34.5977
 34.3074
 34.3074
 41.0853
 33.5261
 40.5709
 39.4335
 36.428
 42.1307
 34.4238
 36.2629
 37.4833
 38.2492
 0
 0
 36.3043
 40.3609
 41.2311
 34.8425
 34.8425
 29.1204
 32.7414
 30.315
 38.704
 36.8511
 33.1059
 38.0263
 32.1714
 39.2938
 33.8231
 32.3419
 36.2767
 42.391
 32.1092
 36.2767
 36.6197
 33.2415
 41.2795
 35.4683
 37.4967
 33.4963
 0
 35.4542
 34.6121
 32.187
 37.6298
 40.9756
 37.0675
 39.4462
 34.2491
 42.391
 32.0468
 0
 36.524
 33.7194
 39.7366
 39.7366
 42.3792
 42.3792
 38.6911
 36.428
 24.8596
 38.8458
 33.8083
 32.311
 39.0768
 34.2637
 27.55
 36.606
 42.107
 35.4683
 39.3319
 29.6479
 42.5911
 38.2361
 22.6274
 36.0416
 35.0571
 30.8383
 27.3679
 40.1746
 33.5857
 35.8608
 30.9839
 30.3809
 39.3319
 25.1794
 36.3318
 36.3318
 34.5977
 34.5977
 76.0723
 39.2428
 31.6386
 31.6386
 26.0192
 33.0606
 39.0384
 34.1906
 34.5688
 25.2785
 35.7071
 34.5688
 35.6931
 34.0588
 25.4558
 37.5366
 34.322
 39.0256
 30.8221
 24.3105
 37.3765
 35.4824
 35.4401
 38.833
 0
 26.9629
 34.9857
 30.3809
 37.8682
 39.4715
 36.1939
 40.4599
 25.1794
 36.2629
 31.9687
 30.5778
 37.7227
 35.8329
 23.4307
 40.9756
 40.9756
 76.5506
 34.4819
 0
 21.7256
 35.0571
 30.0333
 37.7359
 35.7071
 32.7567
 33.8674
 23.4734
 33.9411
 45.3982
 36.4692
 29.5296
 32.5115
 22.6274
 35.7771
 32.187
 35.6511
 40.0125
 36.1386
 33.7935
 34.322
 33.7046
 39.9375
 29.7993
 39.8121
 36.647
 34.4093
 36.6333
 33.5261
 34.4238
 35.4542
 30.1993
 37.7227
 0
