 29.2575
 23.3452
 22.2486
 31.8748
 25.9037
 21
 7.4162
 16.4621
 9.84886
 9.84886
 14.4914
 25.318
 18.6279
 27.8927
 15.906
 17.4069
 8.12404
 11.3137
 8.66025
 6.85565
 13.8564
 5.19615
 17.5784
 20.9523
 20.664
 18.7883
 13.0384
 12.1244
 7.74597
 9.84886
 6
 13.0767
 12.1244
 13.7477
 4.24264
 8.30662
 26.4197
 23.3666
 3.87298
 14.8324
 32.311
 27.4955
 5.47723
 0
 22.6274
 27.7308
 7.2111
 5.65685
 12.2066
 8.12404
 15.906
 21.7486
 3.74166
 6.9282
 17.1172
 6.9282
 28.9137
 5.47723
 19.0526
 22.0227
 0
 14.7648
 0
 6.7082
 9.21954
 0
 7.68115
 2.44949
 0
 20.9284
 12.1244
 27.9821
 15.5242
 27.9464
 11.3137
 16.0935
 8.83176
 6.9282
 5
 7
 21.6564
 17.9165
 30.3645
 20.2485
 26.096
 10.6301
 20.9284
 7.61577
 10.9087
 19.105
 4.47214
 8.66025
 25.8844
 30.9193
 19.6214
 21.9089
 6.55744
 9.69536
 8.77496
 11.7047
 6
 18.8149
 14.2478
 20.347
 27.7308
 15.4919
 0
 2.44949
 18.6279
 8.544
 16.1864
 26.5895
 0
 28.8791
 15.1987
 19.0526
 19.0526
 9.53939
 10.5357
 2.44949
 10.3923
 13.7113
 12.3288
 20.9762
 21.7715
 27.8209
 15.9687
 7.14143
 26.0576
 20.6155
 16.4012
 28.2843
 8.66025
 28.8617
 6.9282
 18.3576
 19.0263
 6.9282
 18.412
 5
 10.9087
 16.7033
 8.66025
 24.1454
 15.3948
 23.7065
 15.906
 30.3974
 2.44949
 27.6586
 16.2173
 18.3576
 27.7128
 29.4958
 6.9282
 19.2094
 4.89898
 9.53939
 18.7883
 20.4939
 6.48074
 15.3297
 8.88819
 10
 25.2982
 18.1384
 18.7617
 8.66025
 24.6982
 29.5127
 18.3303
 27.1477
 24.1661
 30.7734
 11.3137
 6.9282
 22.0454
 6.7082
 10.4403
 5
 22.6053
 13.5277
 21.2132
 7.68115
 25.6515
 9.32738
 20.1742
 19.8746
 8.544
 17.72
 27.1293
 29.0345
 28.8964
 20.0998
 31.4643
 22.9129
 12.2474
 24.5967
 3.60555
 11.3137
 11.3137
 7.48331
 16.7631
 27.2213
 16.4012
 12.2474
 28
 19.105
 3.4641
 14.7309
 12.1655
 12.1655
 22.2261
 16.5227
 30.7409
 28.7402
 31.9687
 28.8964
 19.8746
 17.4642
 13
 12
 6.55744
 1.73205
 14.4568
 25.2785
 23.4094
 25.3969
 23.0868
 13.4907
 14.7648
 0
 16.5227
 17
 24.8998
 30.2985
 33.8378
 33.2566
 29.0517
 34.5832
 16.4924
 18.5742
 9.27362
 6.16441
 10.1489
 11.6189
 23.7065
 26.4953
 26
 28.4781
 11.7898
 9.64365
 13.9642
 10.4403
 20.6155
 22.9129
 32.0312
 30.8058
 33.541
 33.541
 26.2488
 13.9642
 15.5242
 6.9282
 11.0905
 12.0416
 12.0416
 25.2587
 28.4077
 29.9165
 17.2047
 29.1033
 10.3923
 11.2694
 7.4162
 5.19615
 22.2486
 18.1934
 22.5832
 30.9516
 20.664
 30.4467
 22.2711
 4.89898
 13.2288
 9
 8.83176
 21.4009
 26.5141
 22.1133
 14.3527
 28.7576
 8.18535
 25.7682
 25.7682
 7.93725
 7.93725
 11.225
 0
 22.2486
 0
 33.3916
 32.1714
 32.1714
 19.7484
 0
 9.84886
 9.84886
 7.14143
 7.34847
 7.34847
 20.2978
 13.7113
 23.8537
 24.8395
 0
 31.1448
 26.4197
 22.3383
 0
 5.74456
 15.9374
 13.4536
 4.3589
 27
 15.6205
 37.5766
 39.5474
 33.3017
 35.1426
 20.8806
 34.176
 7.34847
 21.1187
 7.4162
 20.2237
 24.5967
 3
 21
 26.9815
 5.38516
 27.258
 0
 6.85565
 21.4476
 21.4476
 15.6205
 0
 0
 26.9258
 8.66025
 34.9571
 34.9571
 34.9571
 33.7639
 23.3238
 23.3238
 23.3238
 20.0499
 35.6791
 24.3516
 24.3516
 24.3516
 28.8791
 34.9428
 34.9428
 9.79796
 16.4621
 6
 10.3923
 26.4386
 26.4386
 11.2694
 2.44949
 30.4138
 23.1733
 13
 0
 24.3926
 26.3629
 33.6452
 0
 9.53939
 28.4077
 25.6125
 0
 23.0868
 12.9615
 12.3288
 41.7013
 5.19615
 12.4097
 12.4097
 12.4097
 17.5784
 36.524
 36.524
 33.3617
 28.6705
 28.6705
 28.6705
 28.6705
 28.9655
 9.84886
 9.84886
 12.3693
 10.5357
 20.2978
 5.09902
 0
 20.0749
 3.87298
 26.9815
 0
 26.5707
 16
 16
 0
 24.8395
 29.7321
 21.6102
 0
 10.4403
 16.7332
 25.671
 0
 5
 18.303
 8.48528
 0
 6.245
 13.0384
 13.0384
 0
 22.1133
 22.1133
 26.4197
 7
 27.4044
 28.6531
 33.4216
 33.4216
 33.3017
 21.2368
 21.2368
 5.19615
 8
 35.171
 9.32738
 1.41421
 0
 18.3848
 26.9629
 10.8628
 12.3288
 13.1909
 21.6795
 28.8791
 8.66025
 0
 32.665
 12.0416
 33.5112
 5.09902
 13.7113
 26.2679
 23.9374
 23.1084
 0
 25.2785
 13.5647
 15.1327
 20.2978
 8.544
 10.583
 22.1359
 20.8327
 20.8327
 21.0238
 11.7047
 14
 3.4641
 3.4641
 28.0179
 8.60233
 26.533
 35.2704
 15.1987
 15.1987
 21.0238
 14.1774
 13.5277
 30.1993
 18.5742
 18.5742
 0
 38.092
 10.4403
 19.1572
 19.1572
 36.9188
 19.2354
 26.8328
 23.2594
 0
 11.3578
 25.9808
 6.63325
 19.5192
 0
 32.2955
 10.7238
 15.9687
 17.6635
 30.133
 15.1658
 0
 20.0998
 12
 23.6008
 23.6008
 23.6008
 13.1149
 18.6279
 6.245
 26.3629
 26.3629
 26.3629
 26.3629
 0
 0
 28.9137
 50.309
 50.309
 6.63325
 6.63325
 27.313
 27.313
 15.4596
 9.53939
 7.93725
 11.6619
 11.6619
 12.9228
 4.89898
 15.906
 15.906
 30.8058
 14.5258
 28.6356
 0
 0
 0
 27.55
 6.9282
 7.68115
 2.82843
 7
 7
 7
 9.16515
 30.5941
 30.5941
 30.5941
 30.5941
 30.5941
 25.0799
 19.5448
 19.5448
 9.69536
 14.4914
 20.2237
 6.9282
 26.0384
 6.08276
 30.282
 9.69536
 12.2882
 18.2209
 12
 24.2899
 8.48528
 5.09902
 18.0278
 18.0278
 20.7123
 3.31662
 2.44949
 2.44949
 2.44949
 30.9516
 0
 11.2694
 16.5831
 12.8841
 28.2843
 16.1555
 10.4403
 4.89898
 4.89898
 16.5831
 10.4881
 10.4403
 24.8395
 34.7563
 34.7563
 4.89898
 3.4641
 14.7309
 8.544
 11.6189
 3.4641
 3.4641
 25.7488
 3.4641
 3.4641
 6.48074
 2.44949
 24.7992
 18.6011
 9.32738
 14.8661
 14.8661
 0
 0
 18.0831
 9.32738
 9.32738
 23.1517
 23.1517
 11.2694
 22.0907
 6
 7.4162
 12.2882
 12.2882
 21
 16.3095
 12.8062
 12.8062
 2.44949
 7.34847
 6.9282
 4.12311
 13.2288
 31.3528
 5.09902
 19.6723
 6.85565
 33.0303
 33.0303
 0
 14.5945
 19.5192
 18.4391
 24
 19.6723
 19.6723
 15.2315
 7
 19.6214
 23.3666
 23.3666
 23.3666
 7.34847
 2.44949
 2.44949
 12.4499
 12.4499
 14.5602
 14.5602
 13.9284
 6.245
 10.9087
 7.14143
 27.4591
 6
 19.5192
 22.1133
 5.47723
 4.3589
 21.9089
 6.9282
 12.9615
 11.4891
 13.8924
 7.74597
 11.6189
 2.82843
 18.5203
 14
 17.5499
 4.24264
 4.3589
 19.2614
 20.9523
 16.4621
 5.74456
 5.74456
 5.74456
 5.74456
 49.5883
 22.2486
 16.1555
 16.1555
 13.8924
 8.66025
 28.3901
 28.3901
 31.305
 13.9642
 26.5518
 9
 26.6271
 26.6271
 13.9284
 2.44949
 2.44949
 30.6268
 2.44949
 13.9284
 16.1555
 22.1811
 22.1811
 32.5423
 0
 16.4924
 16.4924
 1.73205
 12.9228
 29.2233
 20.4939
 27.6225
 13.8564
 2.44949
 4.47214
 3.31662
 3.31662
 29.8664
 13.1909
 20.4939
 20.4939
 48.3011
 48.3011
 0
 12.1244
 25.2587
 22.9129
 6.78233
 22.891
 0
 19.799
 11.5758
 23.3238
 6.7082
 29.189
 3.4641
 25.3772
 10.1489
 12.4097
 19.2354
 23.3452
 3.4641
 10.5357
 16.8226
 14.9332
 23.8537
 9.16515
 15.6525
 8
 20.2485
 17.088
 9.27362
 2.44949
 21.7715
 16.3401
 15.8114
 1.73205
 0
