 8.77496
 8.88819
 11.6189
 10.1489
 13.9642
 13.9642
 12.8062
 7
 8.12404
 2.44949
 8.88819
 5.74456
 11.225
 7.4162
 8.42615
 10.4881
 11.5326
 8.66025
 10.6771
 10.3441
 12.3288
 12.1655
 10.3923
 7.93725
 10.4403
 11.225
 11.2694
 9.32738
 10.3923
 10.7238
 9.69536
 8.48528
 9.64365
 12.5698
 6.9282
 2.23607
 12.2066
 9.32738
 7.74597
 6.245
 8.77496
 7.81025
 7.74597
 7.14143
 8.66025
 9.79796
 9.69536
 7.74597
 8.66025
 7.81025
 8.48528
 9.53939
 11.2694
 6.9282
 4.12311
 7.81025
 8
 6.9282
 7.81025
 6.32456
 0
 8.66025
 0
 9.69536
 10.5357
 0
 10.583
 6.9282
 0
 11.3137
 6.9282
 10.3923
 9.53939
 7.87401
 6.9282
 8.7178
 11.4891
 8.7178
 10.6771
 8.7178
 7.81025
 7.87401
 7.34847
 8.66025
 7.34847
 7.87401
 8.83176
 12.3693
 11.2694
 12.1244
 11.225
 9.53939
 11.2694
 8.83176
 8.66025
 9.53939
 9.53939
 9.53939
 7.81025
 9.32738
 8.7178
 9.32738
 11.4455
 11.2694
 7.07107
 10.4403
 0
 12.1244
 12.083
 12.1244
 12.1244
 12.083
 10.3923
 11.2694
 7.81025
 11.225
 7.81025
 11.3137
 8.60233
 12.9615
 7.93725
 9.84886
 10.3923
 8.66025
 9.53939
 7.74597
 12.1244
 12.1655
 7.81025
 12.2066
 7.87401
 10.3923
 8.7178
 10.3923
 12.1244
 11.3137
 11.2694
 12.9615
 10.3923
 10.4403
 10.3923
 12.1244
 8.66025
 11.2694
 8.83176
 11.4018
 12.1655
 11.3137
 12.9615
 8
 12.1244
 8.7178
 10.3923
 9.59166
 9.53939
 10.3923
 11.3578
 11.2694
 9.53939
 11.225
 13
 11.2694
 12.083
 12.1244
 9.53939
 12.1655
 11.3137
 12.9615
 11.2694
 11.225
 9.53939
 10.3923
 12.083
 9.53939
 12.1244
 9.69536
 8.66025
 12.083
 12.1244
 13.0384
 9.48683
 13
 12.1655
 12.9615
 10.4881
 11.2694
 10.4881
 10.3923
 12.1655
 11.2694
 10.4881
 9.53939
 10.3923
 8.66025
 7.81025
 9.53939
 10.4403
 5.47723
 9.59166
 12.1244
 8.88819
 13
 8.7178
 9.59166
 11.2694
 10.3923
 10.3923
 12.1244
 10.4881
 13
 12.1655
 8.60233
 12.1244
 10.4403
 9.53939
 8.7178
 11.2694
 8.66025
 11.2694
 12.083
 9.53939
 8.7178
 10.4403
 13.0767
 13.0384
 12.1244
 9.53939
 8.7178
 11.225
 12.1244
 12.1655
 13.1149
 11.2694
 12.1655
 10.3923
 12.9615
 11.2694
 9.48683
 9.53939
 11.2694
 12.1244
 10.5357
 9.59166
 12.2066
 13
 12.1655
 11.2694
 12.1244
 12.9615
 11.3137
 12.9615
 11.2694
 9.59166
 11.225
 12.9615
 8.7178
 12.1244
 11.2694
 7.81025
 11.2694
 12.9228
 9.53939
 10.4403
 12.1655
 13.0767
 12.2066
 12.1244
 9.59166
 12.083
 9.69536
 11.3137
 12.1244
 10.4403
 13
 13
 9.53939
 12.9615
 8.66025
 11.2694
 10.3923
 9.53939
 12.1244
 12.1655
 8.66025
 13
 10.4403
 13.0767
 8.7178
 10.3923
 12.1244
 8.60233
 10.3441
 10.3923
 10.4403
 8.66025
 12.1655
 7.14143
 9.59166
 0
 9.59166
 9.59166
 11.3578
 10.6771
 7.81025
 9.59166
 0
 8.66025
 0
 9.53939
 12.2066
 12.2066
 9.53939
 13.6748
 6.9282
 6.9282
 6.9282
 10.3923
 12.1655
 12.1655
 0
 13
 13.8924
 11.2694
 13.9284
 8.7178
 10.583
 9.53939
 25.9037
 7.81025
 11.3137
 9.53939
 13.4907
 11.4018
 12.6491
 12.1655
 9.59166
 12.1244
 11.4455
 13
 8.66025
 22.561
 13
 0
 13
 11.4018
 0
 12.1244
 0
 0
 9.53939
 8.7178
 12.1244
 8.66025
 0
 7.81025
 7.81025
 7.81025
 6.9282
 9.53939
 7.81025
 12.9615
 7.81025
 0
 8.60233
 12.1655
 7.81025
 7.81025
 27
 27
 7.93725
 7.93725
 27.8568
 11.7473
 9.05539
 10.3923
 12.1655
 11.4018
 0
 11.4455
 12.2066
 8.7178
 0
 11.2694
 7.81025
 10.3441
 0
 12.9615
 7.87401
 9.53939
 13
 9.64365
 11.4455
 7.87401
 11.225
 10.4881
 10.4881
 10.3923
 26.9444
 12.3693
 24.4336
 9.48683
 7.74597
 12.1655
 11.3137
 6
 10.3923
 9.53939
 9.48683
 7.81025
 0
 9.53939
 11.3137
 10.4403
 0
 12.1244
 13.2288
 13.2288
 0
 12.1655
 10.3441
 9.59166
 0
 11.2694
 7
 9.53939
 0
 8.66025
 9.69536
 10.4403
 0
 9.53939
 9.69536
 9.53939
 0
 12.2474
 7.74597
 8.7178
 8.66025
 14.3527
 6.08276
 8.77496
 2.44949
 7.81025
 11.225
 6
 9.53939
 7.81025
 6.08276
 9.69536
 10.3923
 0
 7.74597
 7.74597
 10.3923
 5.19615
 8.7178
 9.53939
 8.66025
 6.9282
 0
 8.66025
 12.4097
 11.2694
 6
 11.3137
 10.4403
 8.66025
 7.81025
 0
 12.9228
 7.81025
 11.2694
 9.53939
 11.3578
 7.87401
 12.1244
 10.7238
 6.9282
 8.66025
 7.87401
 11.2694
 6.08276
 6
 8.66025
 11.2694
 7.93725
 4.24264
 8.60233
 12.8841
 6.85565
 12.3693
 8.66025
 1.73205
 7.74597
 9.53939
 4.24264
 2.23607
 11.2694
 8.77496
 7.81025
 1.73205
 8.66025
 12.1244
 5.19615
 5.19615
 5.19615
 9.69536
 7.81025
 11.5326
 0
 1.41421
 10.4403
 9.64365
 7.81025
 7.81025
 13.9284
 12.1244
 13.2665
 7.74597
 12.8841
 0
 18.6279
 9.69536
 11.7473
 7.81025
 13.0384
 13.0384
 7.07107
 52.0769
 7.07107
 7.07107
 6.55744
 47.55
 7.81025
 7.74597
 7.74597
 1.73205
 9.48683
 9.53939
 6.08276
 1.73205
 0
 6.08276
 10.6771
 5.19615
 3.31662
 3.4641
 5.19615
 6.9282
 0
 0
 0
 0
 7.93725
 8.66025
 6.9282
 0
 0
 6.08276
 0
 5.19615
 9.53939
 5.19615
 5.19615
 1.73205
 0
 7.74597
 9.59166
 9.48683
 6.9282
 5.19615
 3.4641
 10.3441
 10.3441
 9.64365
 2.82843
 8.83176
 10.5357
 2.44949
 6.9282
 12.1244
 6.85565
 7.81025
 13.0384
 10.0995
 8.66025
 6.9282
 11.225
 8.83176
 0
 2.44949
 0
 13.0384
 30.348
 8.66025
 6.55744
 6.55744
 7.74597
 6.9282
 8.83176
 6.55744
 8.66025
 6.9282
 8.83176
 5.19615
 6.85565
 5.19615
 10.3441
 5.47723
 6.08276
 5.19615
 1.73205
 1.73205
 11.3137
 6.245
 1.41421
 6.9282
 3.60555
 9.53939
 7.81025
 3.4641
 3.74166
 6
 0
 0
 6.9282
 8.7178
 6.9282
 4.24264
 3.4641
 0
 7.81025
 8.7178
 6.32456
 5.09902
 3.87298
 8.83176
 5.09902
 8.48528
 8.77496
 7.81025
 6.245
 7.74597
 6.9282
 6
 3.4641
 10.3923
 8.77496
 6.85565
 6.245
 5.09902
 0
 3.4641
 6.9282
 8.66025
 6.9282
 6.9282
 2.44949
 7.81025
 5.19615
 7.07107
 3.4641
 0
 1.73205
 3.4641
 3.74166
 3.74166
 5.19615
 5.19615
 4.47214
 0
 12.1244
 2.23607
 6
 0
 4.3589
 6.9282
 12.9615
 1.41421
 0
 1.73205
 11.225
 7.81025
 6.9282
 2.64575
 11.3578
 3.4641
 2.44949
 9.53939
 12.1244
 2.44949
 4.24264
 4.24264
 7
 7.74597
 3.31662
 12.1244
 2.44949
 0
 1.73205
 1.73205
 47.1169
 1.73205
 8.7178
 8.7178
 10.4403
 6.08276
 4.3589
 7.34847
 6.9282
 9.53939
 4.3589
 2.44949
 5.19615
 5.19615
 9.59166
 6.85565
 1.73205
 1.73205
 5.19615
 8.66025
 6.85565
 1.73205
 0
 3.4641
 0
 9.69536
 3
 4.3589
 1.41421
 6
 1.73205
 4.24264
 12.083
 0
 1.41421
 3.4641
 3.31662
 4.3589
 10.4403
 0
 0
 0
 0
 0
 7.87401
 3.4641
 7.81025
 0
 0
 1.73205
 1.73205
 8.66025
 0
 1.41421
 0
 0
 3.31662
 8.60233
 2.44949
 1.41421
 1.73205
 0
 4.24264
 3.4641
 2.44949
 0
 1.73205
 5.19615
 5.38516
 1.41421
 1.73205
 2.44949
 3.87298
 0
 4.3589
 5.19615
 1.41421
 0
