 355.584
 0
 18.4662
 25.2785
 25.2785
 25.2785
 31.8904
 33.0454
 30.7246
 28.0535
 30.315
 30.315
 32.1403
 30.4467
 28.7228
 34.7851
 30.545
 33.8821
 34.3366
 33.9264
 36.5924
 38.4578
 50.4083
 44.0681
 42.6263
 49.5984
 39.2938
 31.9374
 41.497
 37.3363
 40.6817
 33.2415
 33.0151
 39.5474
 22.4944
 36.4829
 35.4401
 39.281
 39.281
 33.8083
 31.4802
 32.8634
 32.8634
 38.1314
 32.3265
 28.8791
 36.5103
 21.6795
 34.2199
 21.8861
 34.4529
 37.6165
 38.8072
 20.8567
 20.8567
 41.328
 25.5343
 19.1572
 44.3959
 44.3959
 44.3959
 41.7732
 41.7732
 45.1664
 35.2562
 35.2562
 41.845
 32.7719
 32.7719
 42.8019
 37
 34.4529
 36.524
 33.9411
 37.9078
 36.5513
 35.3129
 42.1663
 34.2345
 44.2606
 32.4808
 46.2601
 28.6531
 48.2804
 27.8927
 48.621
 29.8496
 46.6476
 31.7017
 42.45
 32.2335
 37.7889
 38.3927
 37.3229
 41.7612
 39.1535
 42.1782
 40.1622
 39.3573
 40.8044
 45.0333
 32.5115
 49.4571
 51.3615
 29.5635
 52.1153
 52.1153
 52.4404
 31.4166
 36.0139
 46.7119
 43.4396
 39.1791
 39.1791
 42.7902
 42.6146
 45.8803
 46.2169
 45.8694
 50.4381
 45.1331
 43.8976
 54.6168
 36.1525
 55.5248
 33.9117
 56.9122
 56.9122
 34.7851
 51.8652
 34.7707
 46.0977
 39.4208
 42.8019
 37.6032
 46.9574
 44.7325
 50.4876
 46.6476
 53.4322
 48.1975
 58.3009
 47.0638
 57.4891
 45.6727
 39.281
 57.7927
 35.6791
 60
 40
 54.8817
 40.8289
 48.6929
 45.2769
 45.9565
 53.1977
 40.6817
 55.6147
 48.2079
 51.303
 58.2924
 60.3573
 52.4976
 54.1941
 60.05
 50.1298
 61.0492
 63.5925
 44.3959
 43.5086
 60.0333
 52.9906
 45.2438
 48.2079
 49.558
 53.3948
 54.8088
 55.0908
 59.0847
 61.0574
 56.0714
 61.4736
 59.0847
 57.2538
 63.2297
 61.5061
 63.4586
 56.0357
 64.1093
 61.1555
 48.8672
 48.1664
 54.7631
 52.2015
 48.1975
 55.0091
 56.5066
 23.7065
 58.7537
 59.9583
 19.8746
 62.7853
 58.1979
 58.5491
 63.4508
 60.1914
 63.9062
 64.5446
 60.7865
 59.338
 66.2948
 66.2948
 50.4282
 63.4192
 45.5412
 55.8749
 50.1797
 50.6754
 57.6888
 55.6058
 62.6418
 60.3573
 63.1823
 60.8358
 67.2607
 63.2297
 65.2993
 63.1823
 64.7843
 65.0999
 69.527
 64.707
 65.5591
 60.7454
 53.9537
 59.1185
 54.5344
 50.04
 50.8232
 55.5968
 63.8592
 58.258
 60.1082
 65.169
 62.7136
 65.1997
 67.5796
 62.9206
 64.6142
 65.123
 68.4836
 64.0937
 68.0221
 64.9384
 56.8067
 61.6928
 60.8441
 50.5569
 50.4777
 55.5428
 52.3068
 63.6632
 55.6237
 66.053
 61.8061
 63.498
 60.3738
 66.34
 67.6609
 59.9333
 68.8477
 63.4508
 67.5204
 63.1902
 65.5896
 61.8223
 57.1314
 62.0886
 62.0886
 62.0886
 66.053
 57.7668
 55.6327
 65.1844
 59.9583
 66.2118
 62.1932
 60.1581
 60.5145
 63.2139
 56.5155
 61.563
 64.5291
 64.6452
 62.849
 65.7495
 54.1295
 64.7765
 64.7765
 55.6776
 55.6776
 57.7408
 57.7408
 63.561
 56.7186
 56.7186
 61.709
 61.709
 67.838
 62.8808
 62.8808
 61.6036
 69.814
 55.9643
 68.5274
 68.5274
 61.0492
 61.8789
 67.3424
 67.3424
 43.1856
 78.3135
 64.7688
 81.4064
 57.0351
 71.4213
 49.6085
 49.6085
 53.1131
 63.4508
 57.4978
 70.9225
 58.2237
 67.3573
 51.049
 74.8131
 61.8385
 68.8985
 71.7287
 63.7966
 63.7966
 66.8655
 66.8655
 67.1193
 53.0848
 53.0848
 71.7565
 71.7565
 71.7565
 56.5685
 70.0857
 50.8035
 68.6586
 68.6586
 54.4059
 67.3573
 67.3573
 67.3573
 55.0545
 60.7371
 60.7371
 63.671
 63.671
 62.2013
 77.2593
 60.5805
 60.9016
 60.9016
 68.0221
 63.7495
 58.8303
 58.8303
 58.8303
 64.3894
 62.6498
 59.1523
 66.6033
 66.6033
 65.6887
 67.9191
 59.5063
 59.5063
 59.649
 63.4192
 67.8675
 67.8675
 67.4611
 58.3438
 72.3602
 55.6417
 64.5523
 77.0909
 55.0636
 70.4769
 63.1189
 63.1189
 64.4438
 56.1872
 63.8984
 48.7545
 59.2959
 68.1469
 71.1618
 55.7225
 56.7627
 68.8985
 63.5767
 63.1902
 64.3428
 64.3428
 64.7843
 68.6222
 61.327
 61.327
 64.9846
 69.8284
 69.8284
 69.8284
 68.5784
 64.7225
 59.7913
 59.7913
 64.0234
 61.2127
 68.9493
 68.9493
 62.6738
 71.7356
 65.5515
 65.5515
 73.4098
 66.2722
 57.7062
 57.7062
 40.0874
 53.1225
 69.1665
 73.253
 73.253
 65.7039
 70.5904
 56.3294
 59.4727
 69.1737
 51.7591
 52.144
 55.6507
 60.4318
 68.4471
 40.7063
 40.7063
 64.3351
 64.3894
 60.7124
 35.623
 66.1589
 61.9516
 62.8649
 53.4509
 53.4509
 62.8649
 67.897
 61.4085
 51.672
 74.8532
 63.3246
 61.7981
 49.2646
 49.2646
 71.7426
 62.1048
 67.0298
 47.6445
 63.4508
 65.8027
 73.4575
 35.4683
 61.7576
 62.562
 77.801
 53.1413
 68.0147
 52.5452
 56.3116
 56.3116
 65.3223
 52.6878
 68.644
 68.644
 55.9464
 48.8672
 63.435
 66.6108
 59.0931
 41.9881
 62.6658
 62.6658
 62.0403
 59.4727
 59.4727
 59.4727
 44.3509
 50.4183
 63.0476
 63.0476
 63.0476
 62.546
 71.3302
 58.258
 58.258
 53.8145
 62.153
 62.153
 50.8724
 61.8142
 68.695
 50.1697
 54.626
 58.7707
 74.4648
 74.4648
 58.8048
 61.9677
 43.0465
 54.8908
 72.8354
 72.8354
 59.3549
 108.995
 60.025
 60.025
 60.025
 60.025
 56.7539
 53.066
 53.066
 49.95
 54.7905
 55.5608
 55.5608
 66.9403
 49.3052
 54.4426
 47.0213
 60.7124
 66.1967
 56.4978
 54.7723
 57.0877
 58.8048
 58.8048
 58.8048
 58.8048
 63.0714
 40.4351
 40.4351
 60.9672
 60.9672
 60.9672
 60.9672
 41.4367
 61.9597
 61.7576
 61.7576
 54.2679
 54.2679
 53.3854
 57.5152
 53.7308
 50.6754
 50.6754
 50.9706
 56.2317
 58.2409
 64.2884
 48.1144
 56.9649
 61.7495
 76.2234
 53.963
 64.8614
 55.5788
 53.2729
 64.9538
 64.9538
 58.7622
 52.7636
 49.5883
 87.3499
 87.3499
 52.5547
 52.5547
 60.7865
 43.5431
 53.963
 57.4456
 67.2904
 39.8497
 54.5711
 52.8678
 59.8832
 71.0141
 55.6956
 62.7296
 65.8939
 42.2847
 62.9047
 52.8394
 48.8467
 65.1613
 58.2924
 57.2975
 57.2975
 63.3088
 63.3088
 56.4801
 57.3934
 58.8218
 67.3276
 67.3276
 53.8888
 55.5968
 52.2685
 52.2685
 52.2685
 55.0182
 61.1801
 61.1801
 54.4151
 54.4151
 41.9404
 52.4881
 51.6817
 60.1498
 61.0819
 49.0816
 59.279
 46.3681
 64.3273
 61.0492
 50.9902
 51.5461
 69.7209
 49.5782
 58.6003
 46.9468
 50.4975
 68.9928
 52.2972
 64.622
 64.622
 64.622
 54.3875
 48.0937
 51.9904
 67.3127
 68.8622
 53.9722
 63.9453
 55.5788
 71.5472
 53.3573
 53.3573
 44.911
 56.1338
 61.9435
 61.9435
 69.9214
 69.9214
 53.376
 48.7852
 26.4008
 58.4979
 49.4368
 55.109
 49.8096
 53.0189
 17.1172
 51.4393
 63.5531
 54.9909
 63.4902
 53.591
 65
 56.5509
 17.8326
 48.7134
 55.2087
 54.7083
 17.088
 54.7266
 48.4252
 52.9811
 51.6914
 40.05
 56.5066
 18.303
 56.5155
 56.5155
 48.0521
 48.0521
 94.2921
 63.0159
 53.1789
 53.1789
 19.0788
 49.1935
 65.1997
 49.7996
 49.7996
 19.8242
 62.0081
 52.1153
 47.571
 51.1664
 18.7883
 60.1997
 56.4358
 63.9609
 43.6005
 18.7883
 47.8644
 66.4906
 58.3524
 68.3301
 68.3301
 19.105
 61.4736
 42.7785
 64.2962
 67.1044
 44.486
 67.9926
 18.4391
 59.95
 46.0652
 43.0349
 42.6849
 42.6497
 19.8494
 68.6804
 68.6804
 90.3825
 49.558
 0
 0
 47.8957
 41.2432
 63.2535
 53.3104
 49.2138
 51.4684
 27.1293
 41.9762
 68.8912
 49.1833
 43.909
 41.9047
 41.9047
 55.4076
 49.94
 55.7405
 57.0088
 58.5577
 52.6498
 47.8748
 43.1277
 53.7866
 48.9898
 56.5243
 57.3585
 48.0937
 57.1839
 51.3517
 56.0892
 56.745
 52.7447
 59.8582
 59.8582
