 7.14143
 27.4226
 30.1496
 24.454
 28
 11.7898
 19.4165
 32
 19.6723
 29.4958
 29.4958
 28.7054
 37.7094
 33.2716
 26.4953
 42.6497
 21
 24.6779
 23.8537
 25.219
 23.8747
 26.4575
 26.4575
 31.8904
 31.8904
 31.8904
 24.1454
 18.303
 29.0172
 24.454
 26.4764
 21.6795
 19.4165
 25.02
 9.69536
 19.0526
 29.189
 21.0238
 10.1489
 10.1489
 30.282
 30.249
 9.79796
 28.9137
 28.7054
 28.4605
 30.1496
 10.0995
 19.6723
 9.64365
 27
 41.1704
 24.5764
 10.0499
 17.7764
 19.4936
 19.8242
 10.1489
 44.9555
 15.9374
 0
 0
 0
 27.2764
 17.7764
 0
 21.7715
 21.9089
 0
 27.258
 24.0208
 31.1127
 31.1127
 29.95
 30.7571
 26.2869
 44.8553
 23.388
 19.5448
 27.258
 19.0526
 19.0526
 22.7816
 39.4842
 22.9565
 30.3809
 13.7113
 26.0192
 19.5192
 28.3373
 22.1359
 24.0416
 29.6142
 32.28
 32.28
 30.7246
 28.8964
 24.0208
 23.9792
 25.4951
 27.5136
 27.5136
 28.8617
 28.8617
 20.2485
 20.2485
 0
 28.3196
 15.3948
 21.5407
 28.4605
 28.3901
 24.1039
 34.1467
 31.0966
 32.6343
 34.5977
 24.3721
 30.692
 28.2843
 28.2843
 26.5895
 29.8998
 23.6854
 23.6854
 23.6854
 38.7814
 27.8568
 24.1868
 28.4956
 18.5203
 34.0734
 25.8457
 34.7994
 23.6432
 36.606
 36.606
 25.923
 25.923
 31.4006
 32.0312
 32.3265
 30.282
 30.282
 26.0384
 28.7576
 30.7896
 25.3772
 30.3974
 30.3974
 36.1801
 19.6977
 31.9374
 38.8716
 25.7876
 39.3065
 20.9284
 29.3598
 29.3598
 29.3598
 29.189
 32.6956
 31.3688
 32.6037
 32.6037
 26.7955
 34.1321
 33.121
 28.8097
 35.4824
 35.805
 39.2556
 32.6343
 37.7227
 21.5174
 27.074
 42.7668
 27.1662
 29.1719
 29.5973
 29.5973
 32.8329
 55.6327
 31.9687
 31.9687
 32.3419
 36.5103
 36.5103
 37.5366
 36.2215
 33.7935
 35.6791
 39.8246
 31.9687
 38.1576
 41.7493
 27.037
 9.64365
 33.5261
 30.7246
 9.8995
 33.0606
 38.2361
 55.2449
 35.5949
 35.5949
 35.5949
 40.1622
 49.163
 37.7359
 38.5876
 38.5876
 31.4166
 36.9188
 27.2764
 40.7185
 39.4715
 28.8271
 42.3084
 30.315
 32.619
 28.8444
 29.6142
 28.7054
 36.4829
 36.4829
 36.4829
 36.4829
 36.4829
 48.9183
 39.2173
 35.4683
 37.3898
 35.6791
 36.1109
 41.0974
 39.9875
 34.9857
 31.0322
 41.5933
 47.7074
 30.315
 26.2679
 33.8231
 31.5753
 34.2053
 48.0729
 54.4518
 54.4518
 70.8096
 38.923
 72.0625
 39.9875
 32.7261
 38.3014
 42.3556
 50.9215
 30.3315
 30.8707
 42.1189
 30.2324
 48.8876
 26.5895
 33.8378
 29.6648
 31.8434
 41.6293
 41.6293
 41.6293
 63.3482
 38.8844
 68.0661
 38.5357
 38.5357
 39.3446
 44.7884
 39.9875
 54.8817
 54.8817
 54.8817
 49.93
 57.5239
 29.5466
 32.6497
 28.3901
 32.665
 32.3574
 32.3574
 32.3574
 32.3574
 28.9137
 67.9412
 36.7967
 36.7967
 44.911
 44.911
 45.9021
 39.6232
 39.6232
 31.607
 31.607
 53.3479
 54.8726
 32.5423
 24.5153
 0
 0
 0
 32.6956
 29.5804
 0
 47.7703
 47.7703
 40.2741
 40.2741
 40.2741
 40.2741
 40.2741
 63.2772
 63.2772
 21.8403
 21.8403
 34.2199
 79.2906
 37.5766
 70.1783
 34.6266
 0
 31.6386
 57.1314
 33.541
 64.5755
 28.8964
 49.8698
 29.0861
 35.819
 50.3686
 43.2204
 60.9918
 60.9918
 60.9918
 67.6683
 67.6683
 73.9053
 47.1063
 0
 0
 0
 0
 28.7402
 40.025
 33.5857
 46.9894
 0
 43.8748
 43.8748
 43.8748
 0
 29.1719
 46.0869
 0
 0
 0
 0
 0
 0
 28.4605
 0
 0
 34.7131
 34.7131
 0
 0
 31.289
 55.4527
 55.4527
 40.7676
 0
 0
 0
 0
 0
 0
 0
 0
 0
 31.496
 42.6263
 45.0999
 34.2345
 34.2929
 45.0777
 22.7816
 42.638
 39.2938
 0
 42.0595
 30.348
 30.348
 30.348
 47.9375
 30.3645
 30.3645
 22.5832
 48.0312
 42.4028
 31.5595
 34.8999
 22.5832
 0
 45.8912
 36.4692
 36.4692
 0
 0
 39.8873
 39.8873
 0
 0
 0
 0
 0
 49.1833
 41.2795
 41.2795
 0
 30.05
 53.0471
 53.0471
 53.0471
 53.0471
 37.6431
 25.1992
 0
 41.8569
 36.8782
 36.8782
 37.9473
 0
 39.7366
 39.7366
 45.1774
 41.7133
 41.7133
 36.5103
 36.5103
 26.6271
 44.4635
 33.541
 45.1774
 0
 37.7359
 42.8836
 30.3809
 15.6525
 48.2701
 40.7554
 52.8678
 52.8678
 52.8678
 60.6548
 36.0139
 36.0139
 36.0139
 45.8694
 54.8088
 47.8226
 36.4966
 0
 0
 34.3366
 34.7707
 42.2137
 29.1376
 35.0571
 63.9296
 35
 34.9285
 40.2865
 57.8533
 57.8533
 31.4643
 37.6165
 37.6165
 0
 0
 37.6431
 37.6431
 0
 32.573
 37.3765
 34.9285
 37.3229
 30.5123
 30.5123
 37.8418
 53.0094
 28.3196
 47.4974
 0
 47.7284
 17.4069
 46.4973
 46.4973
 0
 0
 0
 0
 0
 0
 39.0128
 41.7493
 0
 0
 0
 0
 25.5539
 52.5262
 35.4542
 35.4542
 0
 30.3315
 30.3315
 30.3315
 46.3681
 46.3681
 46.3681
 33.8821
 33.8821
 33.8821
 33.8821
 0
 0
 39.5727
 39.5727
 0
 40.1995
 41.7253
 41.7253
 0
 0
 28.4253
 34.7419
 27.8029
 22.9129
 35.0714
 33.2415
 28.688
 54.3231
 54.3231
 54.3231
 54.3231
 54.3231
 59.4895
 59.4895
 59.4895
 59.4895
 59.4895
 59.4895
 59.4895
 59.4895
 60.5145
 32.2025
 32.2025
 32.2025
 0
 39.128
 52.2972
 52.2972
 52.2972
 52.2972
 15.5242
 38.3145
 54.2494
 54.2494
 36.2767
 46.4543
 46.4543
 54.461
 23.4947
 23.4947
 23.4947
 26.4764
 45.1774
 0
 0
 19.4165
 19.4165
 56.6922
 56.6922
 56.6922
 56.6922
 41.3159
 19.8242
 19.8242
 47.9792
 47.9792
 27.6767
 33.2415
 46.0652
 27.8568
 45.7165
 43.6692
 43.6692
 45.5302
 45.5302
 34.5977
 34.5977
 37.9605
 22.6716
 34.5977
 27.5862
 27.5862
 66.6183
 66.6183
 35.7071
 35.7071
 21.3776
 65.3376
 65.3376
 24.1868
 24.1868
 35.6791
 35.6791
 0
 42.4617
 58.3781
 58.3781
 56.8507
 56.8507
 56.8507
 47.3603
 21.0238
 54.9818
 70.7178
 70.7178
 70.7178
 28.8964
 13.0384
 49.1528
 26.4953
 20.8327
 27.1477
 18.2757
 26.2488
 26.2488
 27.9643
 43.6692
 21.4942
 21.4942
 0
 0
 26.8142
 26.0384
 45.6399
 49.9099
 48.5798
 40.4228
 40.4228
 25.8263
 48.6518
 48.6518
 0
 31.3847
 31.3847
 42.2611
 42.2611
 42.2611
 42.2611
 42.6146
 42.6146
 19.799
 23.1517
 18.3848
 18.3848
 37.3898
 37.3898
 17.4356
 17.4356
 27.8388
 27.8388
 63.9531
 53.4416
 41.3038
 41.3038
 15.1658
 15.1658
 36.5377
 46.7226
 15.6205
 22.1585
 34.6987
 34.6987
 30.0998
 30.5941
 20.2978
 15.4272
 15.4272
 0
 0
 0
 0
 0
 25.5343
 25.5343
 17.3205
 24.8998
 47.0956
 17.9165
 17.9165
 15.9687
 38.2884
 19.3132
 43.6921
 43.6921
 15.1658
 28.8617
 28.8617
 52.0865
 15
 15.9374
 15.9374
 42.2611
 36.5513
 36.5513
 36.5513
 19.4936
 19.4936
 9.21954
 40.8289
 40.8289
 40.8289
 30.4795
 15.5242
 15.5242
 15.5242
 3.74166
 3.74166
 41.7373
 15.3297
 28.7054
 28.7054
 28.7054
 28.7054
 0
 0
 0
 0
 32
 38.3797
 26.9629
 26.9629
 20.1494
 20.1494
 25.5734
 35.4119
 35.4119
 35.4119
 35.4119
 35.4119
 35.4119
 35.6931
 35.6931
 35.6931
 35.6931
 35.6931
 35.6931
 26.3059
 26.3059
 28.7402
 35.0428
 35.0428
 35.0428
 24.7992
 24.7992
 32.28
 32.28
 32.28
 32.28
