 30.7083
 28.6531
 13.1909
 13.9642
 9.84886
 9.84886
 12.4097
 14.3527
 14.4568
 15.1658
 16.0935
 18.7617
 13.2288
 17.3781
 17.5784
 14.7648
 15.5242
 18.4391
 13.6015
 14.2829
 16.4012
 21.0238
 29.8329
 20.664
 26.9072
 29.1719
 22.5389
 11.6189
 26.7582
 19.0526
 21.5174
 12.2474
 22.7156
 15.6844
 25.1992
 14.2478
 16.2788
 15.3623
 24.5561
 20.7123
 17.8885
 15.1327
 25.1595
 25.5539
 17.2047
 19.6977
 22.7816
 24.0208
 15.1658
 24.0416
 18.6815
 17.1464
 12
 24.6171
 16.1864
 13.5277
 18.7883
 25.1992
 25.2785
 25.219
 0
 27.8388
 0
 26.4008
 14
 0
 20.3224
 12.4499
 0
 17.9165
 12.8841
 17.4642
 21.5639
 20.2978
 28.3373
 19.4679
 28.8444
 11.4018
 21.4709
 6.9282
 15.6525
 21.4709
 21.2132
 28.3901
 25.2982
 27.6767
 19.2354
 26.8142
 16.4621
 20
 10.8628
 15.9687
 17.4356
 19.6469
 25.318
 20.6155
 31.8119
 11.3137
 26.533
 22.2261
 9.32738
 20.0998
 15.0997
 26.2488
 28.931
 28.3901
 0
 25.8844
 19.5959
 14.7648
 22.5832
 21.4243
 6.16441
 27.5862
 16.7332
 16.3401
 26.7769
 8.83176
 30.4138
 6.9282
 28.2666
 23.7065
 14
 17.1464
 25.7876
 27.8388
 27.4773
 23.1517
 24.454
 23.4734
 20.8327
 20.7123
 16.5227
 22.8692
 7.34847
 18.412
 16.7033
 20.8806
 26.4386
 5.19615
 33.8526
 14.3178
 28.931
 26.5141
 21.4942
 17.8885
 30.7571
 25.5147
 23.4521
 21.7486
 22.561
 20.7846
 18.3576
 22.1133
 8.18535
 19.3907
 8.544
 20.2485
 20.199
 29.9666
 6.9282
 13.1529
 35.6371
 25.8457
 25.0799
 21.7025
 32.5269
 26.0768
 23.3666
 30.315
 22.6716
 26.5518
 20.8567
 33.8083
 20.8327
 10.3923
 21.2838
 10.3923
 21.8174
 5.38516
 23.3238
 12.1655
 33.121
 33.3916
 24.4949
 24.1247
 32.7567
 20.9523
 29.4618
 24.454
 33.3766
 33.7787
 30.133
 23.8747
 37.4566
 26.9629
 19.105
 22.7156
 7.07107
 23.4307
 21.7256
 5.38516
 14.9666
 25.7099
 9.53939
 35.242
 26.5141
 36.2077
 34.5543
 24.4336
 30.0832
 27.7308
 19.1311
 23.4947
 37.3765
 19.105
 36.3868
 30.3315
 25.9808
 20.8567
 22.9783
 21.4476
 21.4476
 6.48074
 6.48074
 20.2978
 23.3238
 36.1386
 35.9444
 40.4228
 32.3574
 30.1662
 28.0535
 25.1595
 17.8045
 29.1204
 36.9459
 38.9102
 34.0441
 32.1248
 20.2485
 4.24264
 11.2694
 16.5227
 10.6771
 1.73205
 21.9773
 28.2312
 35.3695
 38.5746
 30.4631
 41.2553
 24.9199
 28.8791
 26.8887
 26.9444
 7.81025
 37.4833
 39.064
 33.1059
 15.3623
 11.2694
 10.3923
 6.9282
 14.4914
 6
 11.3578
 21.7025
 34.1614
 30.2159
 34.7275
 44.0114
 27.258
 40.0749
 29.5466
 25.865
 26.0576
 6.55744
 6.55744
 6.55744
 23.7487
 28.8791
 29.1719
 22.5832
 21.7025
 14.8997
 14.8997
 20.2731
 33.1813
 15.6525
 29.5466
 37.5766
 37.5766
 42.7902
 42.7902
 39.7995
 14.7986
 24.5967
 0
 30.0998
 30.0998
 14.8324
 22.5832
 26.7395
 28.6182
 0
 18.5742
 0
 0
 8.12404
 8.12404
 15.3297
 15.3297
 35.8469
 35.8469
 35.8469
 37.47
 46.1952
 40.025
 0
 46.0326
 48.1871
 21.7025
 40.8656
 23.7276
 7.87401
 21.8632
 21.8632
 45.3982
 14.1774
 28.2666
 22.1811
 20.8567
 10.3923
 10.3923
 20.8087
 20.6398
 25.7876
 13
 38.2492
 38.2492
 40.6817
 0
 36.8239
 59.8164
 59.8164
 48.7442
 0
 0
 28.3901
 32.665
 24.4131
 28.4605
 0
 45.2659
 45.2659
 45.2659
 45.2659
 33.3916
 54.5985
 54.5985
 54.5985
 54.5985
 18.7883
 17.9165
 16
 16
 16
 16
 10.3441
 10.3441
 10.3441
 10.3441
 9.64365
 43.589
 43.589
 9.84886
 0
 48.4149
 28.8791
 17.1756
 0
 35.9861
 21.7025
 47.4868
 0
 20.9284
 12.8841
 54.8361
 17.1756
 23.3666
 37.1753
 49.7795
 26.5518
 14.3875
 0
 0
 0
 27.8388
 50.8527
 50.8527
 16.5227
 42.6146
 14.8661
 14.8661
 37.6696
 5.38516
 5.38516
 23.4947
 0
 13.9642
 26.7582
 12.083
 0
 15.906
 11.6619
 11.6619
 0
 18.2483
 35.0143
 48.5901
 0
 38.6135
 38.6135
 46
 0
 16.8226
 54.827
 20.445
 0
 45.5961
 1.73205
 15.5885
 0
 0
 0
 17.3205
 26.9629
 0
 41.7373
 40.4475
 53.376
 55.9732
 42.9302
 41.2916
 41.2916
 21.6795
 21.6795
 28.9137
 28.9137
 0
 0
 0
 8.66025
 8.66025
 10.583
 15.843
 7.81025
 21.4476
 0
 25.7294
 25.7099
 38.5227
 17.3494
 14.1067
 38.0657
 51.7977
 51.7977
 51.7977
 29.95
 19.0788
 44.6318
 44.6318
 13.8924
 24.5561
 53.2916
 53.2916
 21.1424
 7.93725
 54.8817
 10.3923
 30.3315
 34.176
 24.5561
 0
 38.1969
 42.9767
 26.1725
 0
 0
 0
 35.8329
 55.2449
 22.1359
 22.1359
 19.105
 60.2578
 14.7986
 14.7986
 0
 0
 22.1811
 19.4165
 43.9886
 0
 0
 37.5899
 8.48528
 9.53939
 0
 49.8096
 22.5389
 22.5389
 22.5389
 51.3128
 13.4907
 13.4907
 13.4907
 47.0744
 38.0395
 0
 0
 0
 0
 0
 43.9659
 43.9659
 43.9659
 43.9659
 43.9659
 43.9659
 0
 0
 24.2074
 12.8841
 12.8841
 35.6371
 24.8998
 17.8606
 0
 29.2233
 12.8452
 48.5489
 48.5489
 48.5489
 31.1288
 25.807
 33.3916
 33.3916
 60.3324
 60.3324
 60.3324
 60.3324
 60.3324
 11.2694
 11.2694
 11.2694
 0
 0
 0
 0
 0
 17.3781
 67.0075
 67.0075
 67.0075
 67.0075
 67.0075
 67.0075
 67.0075
 44.6766
 39.3446
 39.3446
 39.3446
 23.4094
 22.5832
 22.5832
 22.5832
 63.2456
 31.4006
 14.4222
 14.4222
 39.598
 20.3961
 0
 0
 17.0294
 15.5885
 46.1844
 0
 0
 0
 25.8457
 25.8457
 12
 12
 12
 12
 33.7935
 28.8617
 17.088
 51.2738
 51.2738
 51.2738
 20.8327
 38.1182
 23.5797
 23.5797
 13.8564
 27.1846
 27.1846
 8.7178
 5.09902
 19.8242
 0
 0
 20.0499
 14.8661
 38.1445
 38.1445
 13.9642
 22.9347
 70.9436
 70.9436
 70.9436
 70.9436
 25.2785
 57.3847
 9.8995
 51.1566
 17.4356
 33.0757
 33.0757
 15.6844
 44.7661
 38.0395
 8.66025
 31.305
 27.7849
 0
 19.9499
 9.32738
 21.4709
 12.7671
 14.2829
 22.2711
 27.6948
 12.4097
 14
 35.4824
 0
 0
 12.8841
 12.1244
 12.1244
 33.4515
 41.497
 45.0444
 21.7945
 16.7929
 55.0364
 28
 0
 0
 15.5563
 18.3303
 18.3303
 52.4881
 52.4881
 31.8904
 46.9255
 16.8523
 13.5647
 29.9165
 13.9642
 61.3188
 61.3188
 24.8797
 38
 36.8375
 36.8375
 33.9559
 26.7955
 22.1359
 17.2916
 26.7955
 26.7955
 45.4863
 25.9037
 27.6767
 74.2428
 74.2428
 32
 32
 13.0384
 13.0384
 23.6854
 13.9284
 0
 36.1386
 36.1386
 49.3255
 49.3255
 49.3255
 49.3255
 24.5764
 37.7492
 37.7492
 19.6469
 16.3095
 23.3666
 15
 33.2866
 71.0211
 71.0211
 22.1811
 31.8904
 18.5742
 26.7955
 26.7955
 22.6495
 22.1585
 42.4146
 29.8496
 9.84886
 0
 23.7908
 32.7872
 32.7872
 34.2345
 26.1725
 37.6032
 49.548
 24.1039
 23.1948
 24.6171
 18.3848
 20.4695
 20.4695
 19.0788
 52.8583
 52.8583
 39.3319
 19.799
 19.799
 19.799
 51.342
 62.9682
 21.0238
 59.0678
 59.0678
 22.7816
 8
 44.1475
 25.2587
 64.3584
 64.3584
 54.7631
 54.7631
 54.7631
 21.7025
 59.1016
 60.696
 41.9047
 41.9047
 12.2882
 41.7253
 69.2676
 69.2676
 29.9833
 14.2478
 29.95
 68.5565
 21.7025
 28.7402
 18.3848
 18.3848
 55.6687
 55.6687
