 21.7486
 23.4947
 27.2397
 32.3265
 20.664
 20.664
 20.664
 20.664
 32.7872
 32.7872
 32.5423
 32.5423
 35.609
 30.5287
 30.3809
 38.092
 33.121
 34.7707
 36.1801
 35.7071
 35.7071
 39.2173
 39.2173
 39.2173
 39.2173
 39.2173
 39.2173
 39.2173
 39.2173
 40.0125
 40.0125
 40.0125
 33.8378
 40.0375
 23.9374
 23.9374
 33.8231
 36.5513
 23.8118
 23.8118
 30.8869
 32.1714
 22.6936
 22.6936
 31.6702
 29.9833
 29.9833
 22.9565
 36.0555
 23.3238
 23.3238
 39.1918
 40.4969
 22.5167
 22.5167
 22.5167
 22.5167
 20.9762
 20.9762
 20.9762
 20.9762
 20.9762
 20.9762
 20.9762
 37.3497
 37.3497
 37.3497
 37.3497
 37.3497
 37.3497
 37.3497
 37.3497
 37.3497
 34.6266
 34.6266
 36.4966
 36.4966
 44.2719
 44.2719
 45.0555
 45.0555
 45.0555
 28.688
 28.688
 28.6531
 28.6531
 27.9106
 46.6262
 35.4542
 44.8219
 35.1852
 37.9078
 40.8656
 37.855
 37.855
 40.5832
 40.5832
 43.1856
 43.1856
 43.1856
 46.2601
 46.2601
 46.2601
 46.2601
 46.2601
 46.2601
 46.2601
 46.2601
 32.2955
 39.8873
 48.6724
 42.9418
 41.7373
 39.975
 39.975
 42.9651
 42.9651
 48.3115
 48.3115
 51.6624
 51.6624
 51.6624
 56.8771
 56.8771
 56.8946
 56.8946
 56.8946
 56.8946
 37.3898
 52.0577
 35.327
 35.327
 40.9634
 42.5793
 40.2368
 47.3603
 47.3603
 47.3603
 47.3603
 54.5436
 54.5436
 59.6574
 59.6574
 57.6975
 57.6975
 57.6975
 59.397
 35.7351
 35.7351
 42.0238
 54.7083
 41.3642
 48.8365
 45.1553
 45.1553
 51.2543
 51.2543
 55.7494
 55.7494
 55.7494
 57.3062
 60.803
 60.803
 60.803
 60.803
 60.803
 60.803
 60.803
 43.1972
 41.7493
 41.7493
 48.1975
 47.0106
 43.6119
 51.5267
 54.2033
 51.264
 56.0625
 56.0625
 56.0625
 57.7495
 61.1719
 60.7042
 58.4722
 63.5138
 61.3433
 64.8691
 53.3198
 64.8845
 64.8845
 46.9361
 46.8935
 52.2877
 53.2071
 45.2106
 45.2106
 56.8946
 25.9037
 58.7878
 59.2621
 23.622
 62.6977
 59.1523
 59.1523
 64.0937
 62.1772
 64.8228
 64.8228
 61.8223
 59.1354
 65.1537
 65.1537
 65.1537
 62.8013
 62.8013
 62.8013
 62.8013
 62.8013
 53.8888
 51.3907
 59.9667
 60.3158
 57.4543
 60.291
 63.3246
 63.773
 65.9848
 65.3988
 65.3988
 64.5058
 64.5058
 61.3677
 61.3677
 59.0424
 53.066
 56.4978
 51.672
 51.672
 49.6286
 49.6286
 63.4271
 58.5235
 59.0085
 65.2304
 61.3351
 61.3351
 69.527
 69.527
 66.8207
 60.564
 60.564
 62.2575
 64.1639
 65.6658
 58.0345
 58.0345
 58.0345
 58.0345
 58.0345
 53.9537
 53.9537
 53.9537
 55.9106
 65.1537
 61.3677
 63.0635
 63.0635
 67.6609
 70.0428
 70.0428
 67.0149
 67.0149
 67.0149
 67.0149
 67.0149
 67.0149
 67.0149
 67.0149
 67.0149
 67.0149
 67.0149
 67.0149
 67.0149
 65.1767
 65.1767
 65.1767
 61.7252
 61.7252
 61.7252
 61.7252
 61.7252
 61.7252
 61.7252
 66.5357
 62.458
 62.458
 62.458
 65.6658
 65.6658
 65.6658
 65.6658
 65.6658
 65.6658
 65.6658
 65.6658
 65.6658
 65.6658
 65.6658
 65.6658
 65.6658
 65.6658
 65.6658
 65.6658
 65.6658
 65.6658
 65.6658
 65.6658
 65.6658
 65.6658
 65.6658
 65.6658
 80.9877
 80.9877
 79.7245
 79.7245
 79.7245
 79.7245
 79.7245
 51.8749
 64.1249
 64.1249
 70.1997
 70.1997
 70.1997
 54.2218
 75.8222
 75.8222
 75.8222
 75.8222
 75.8222
 75.8222
 78.5875
 78.5875
 78.5875
 78.5875
 78.5875
 78.5875
 78.5875
 78.5875
 54.754
 54.754
 54.754
 54.754
 54.754
 52.5262
 52.5262
 52.5262
 52.5262
 75.0733
 57.9396
 57.9396
 57.9396
 57.9396
 57.9396
 57.9396
 57.9396
 57.9396
 57.9396
 57.9396
 57.9396
 57.9396
 57.9396
 57.9396
 57.9396
 57.9396
 57.576
 57.576
 57.576
 57.576
 57.576
 60.7454
 60.7454
 60.7454
 60.7454
 60.7454
 60.7454
 60.7454
 60.7454
 60.7454
 71.4213
 71.4213
 71.4213
 71.4213
 71.4213
 71.4213
 71.4213
 71.4213
 71.4213
 71.4213
 49.8498
 49.8498
 49.8498
 49.8498
 49.8498
 59.6657
 59.6657
 59.6657
 59.6657
 62.57
 62.57
 62.57
 62.57
 62.57
 62.57
 62.57
 62.57
 62.57
 62.57
 62.57
 62.57
 62.57
 62.57
 62.57
 62.57
 62.57
 62.57
 62.57
 62.57
 62.57
 62.57
 62.57
 62.57
 62.57
 62.57
 40.5832
 40.5832
 40.5832
 40.5832
 0
 0
 0
 0
 0
 0
 0
 0
 0
 0
 0
 37.4299
 0
 0
 0
 0
 0
 0
 0
 0
 0
 0
 0
 0
 0
 0
 0
 0
 0
 0
 0
 0
 0
 0
 0
 0
 0
 0
 0
 0
 0
 0
 0
 0
 0
 0
 0
 0
 0
 0
 0
 0
 0
 0
 0
 0
 0
 0
 0
 0
 0
 0
 0
 0
 0
 0
 0
 0
 0
 0
 0
 0
 0
 0
 0
 0
 0
 0
 0
 0
 0
 0
 0
 0
 0
 0
 0
 0
 0
 0
 0
 0
 0
 0
 0
 0
 0
 0
 0
 0
 0
 0
 0
 0
 0
 0
 0
 0
 0
 0
 0
 0
 0
 0
 0
 0
 38.2361
 0
 0
 0
 0
 0
 0
 0
 0
 0
 0
 0
 0
 0
 0
 0
 0
 0
 0
 0
 0
 0
 0
 0
 0
 0
 0
 0
 0
 0
 0
 0
 0
 0
 0
 0
 0
 0
 0
 0
 0
 0
 0
 0
 0
 0
 0
 0
 0
 0
 0
 0
 0
 0
 0
 0
 0
 0
 0
 0
 0
 0
 0
 0
 0
 0
 0
 0
 0
 0
 0
 0
 0
 0
 0
 0
 0
 0
 0
 0
 0
 0
 0
 0
 0
 0
 0
 0
 0
 0
 0
 0
 0
 0
 0
 0
 0
 0
 0
 0
 0
 0
 0
 0
 0
 0
 0
 0
 0
 0
 0
 0
 0
 0
 0
 0
 0
 29.1376
 29.1376
 29.1376
 29.1376
 29.1376
 29.1376
 20.9045
 20.9045
 20.9045
 20.9045
 20.9045
 20.9045
 20.9045
 20.9045
 20.9284
 20.9284
 20.9284
 20.9284
 21.4942
 21.4942
 21.4942
 21.4942
 21.4942
 21.4942
 21.4942
 20.347
 20.347
 0
 0
 0
 0
 0
 0
 0
 22.9129
 22.9129
 22.9129
 22.9129
 22.9129
 20.9523
 20.9523
 20.9523
 20.9523
 20.9523
 21.5407
 21.5407
 21.5407
 21.5407
 21.5407
 21
 21
 63.2297
 63.2297
 63.2297
 63.2297
 22.1359
 22.1359
 22.1359
 22.1359
 22.1359
 22.1359
 22.1359
 20.9284
 20.9284
 20.9284
 20.9284
 20.9284
 20.9284
 21.7715
 21.7715
 0
 0
 0
 0
 0
 0
 0
 0
 0
 0
 0
 27.8568
 27.8568
 27.8568
 27.8568
 27.8568
 27.8568
 27.8568
 27.8568
 27.8568
 27.8568
 27.8568
 27.8568
 27.8568
 27.8568
 27.8568
 27.8568
 27.8568
 27.8568
 27.8568
 27.8568
 27.8568
 27.8568
 27.8568
 27.8568
 27.8568
 27.8568
 0
