 25.2389
 25.318
 16.8819
 22.561
 19.2614
 18.2757
 24.8998
 27.1846
 29.4618
 25.3377
 30.133
 31.3528
 27.2397
 30.4795
 27.8209
 30.7409
 29.5466
 34.176
 32.1092
 33.0454
 31.209
 35.7491
 38.223
 36.2215
 35.4542
 39.0512
 33.8378
 28.775
 35.7211
 33.3017
 35.7211
 30.5941
 30.6105
 34.9285
 13.9642
 30.05
 31.3688
 33.9117
 14.7648
 30.3315
 31.3688
 29.7489
 13.8924
 32.6343
 30.8383
 30.3315
 30.5123
 14.6969
 34.1906
 13.9284
 32.7109
 33.8821
 33.8969
 13.9642
 28.7054
 36.0139
 28.1247
 13.0384
 37.3497
 26.3249
 0
 36.2629
 0
 39.2683
 31.4643
 0
 38.2884
 31.3369
 31.3369
 38.2492
 33.121
 34.4384
 31.7017
 34.7851
 32.218
 35.4542
 31.209
 38.3014
 33.7343
 39.0768
 33.9706
 40.8901
 35.171
 39.2683
 32.1248
 39.6232
 33.1059
 38.0395
 31.8904
 37.4166
 31.273
 35.4401
 37.0135
 38.1445
 37.6563
 39.3827
 38.7814
 40.1746
 36.4966
 37.855
 39.1152
 33.1059
 43
 41.5933
 34.0881
 43.2435
 0
 43.6921
 35
 37.7492
 39.9875
 38.3536
 34.7563
 37.9342
 40.5339
 37.3363
 41.509
 40.7554
 42.1307
 40.9023
 42.45
 40.3856
 43.6807
 36
 45.8476
 39.5601
 47.5184
 48.6826
 38.4838
 43.4396
 36.4692
 39.6737
 39.37
 38.7685
 35.6651
 41.7612
 38.923
 43.1393
 42.7902
 43.5431
 44.8776
 46.1302
 45.1664
 43.6692
 39.1918
 39.3954
 46.4758
 37.9473
 50.3984
 42.3674
 45.618
 41.4246
 42.8369
 40.9878
 42.6966
 44.8107
 34.7563
 46.7333
 42.4264
 43.8862
 44.6094
 48.8365
 43.5431
 46.2277
 48.1248
 41.7732
 49.0918
 49.5782
 39.0768
 40.9756
 48.1975
 42.3674
 42.3556
 40.4475
 44.8888
 43.0697
 45.111
 42.6732
 48.2597
 47.9792
 44.9555
 48.6415
 47.7389
 46.7761
 48.8262
 48.7237
 50.7937
 44.317
 51.342
 48.7955
 43.6005
 43.566
 44.0681
 46.8188
 42.45
 48.8876
 47.7179
 19.0526
 46.1302
 49.98
 49.98
 48.1871
 48.1456
 48.4045
 48.6929
 49.4267
 50.7445
 53.3385
 50.1498
 49.5379
 54.7905
 8.83176
 42.9767
 53.6749
 40.1373
 46.9787
 44.3734
 43.4626
 47.5395
 45.4203
 52.2494
 48.8467
 49.5076
 49.4166
 51.2738
 48.6313
 52.2207
 49.3153
 50.7149
 52.3355
 55.5698
 51.5461
 52.3641
 48.6724
 43.7035
 48.4871
 46.5618
 43.9659
 46.3249
 49.3964
 54.111
 51.1957
 49.4469
 52.6688
 49.4975
 50.6557
 53.8795
 48.4665
 50.7247
 50.448
 54.7996
 50.2295
 54.8088
 51.2738
 42.6732
 49.7494
 49.5782
 43.2319
 46.6905
 46.6369
 47.2758
 52.7541
 48.7442
 52.7541
 51.7687
 49.7594
 49.558
 53.2071
 53.5817
 49.2544
 54.8452
 50.6261
 53.9073
 50.9117
 51.2933
 49.0714
 43.4396
 49.5782
 49.5782
 49.5782
 53.7308
 47.8435
 46.7547
 53.1695
 49.7996
 52.4023
 48.8979
 46.1302
 47.0106
 49.5681
 48.6415
 47.7493
 51.7977
 53.0094
 50.7346
 54.4885
 42.7434
 54.7083
 54.7083
 47.2652
 47.2652
 48.0104
 48.8979
 51.7204
 50.3488
 50.3488
 53.1225
 53.1225
 54.6352
 49.7494
 49.7494
 50.6754
 53.1695
 47.2758
 55.1815
 55.1815
 49.7594
 51.0392
 53.0283
 53.0283
 30.4302
 60.696
 50.7149
 62.8729
 45.288
 58.0172
 43.7035
 43.7035
 49.0306
 52.1824
 52.7636
 54.7357
 48.949
 54.4243
 39.1663
 58.8303
 48.1768
 49.0306
 55.7763
 50.1797
 50.1797
 54.461
 54.461
 54.4794
 34.9714
 34.9714
 61.7819
 61.7819
 61.7819
 47
 59.3212
 45.5741
 56.7627
 56.7627
 49.3761
 54.6992
 54.6992
 54.6992
 50.3389
 55.2721
 55.2721
 51.0294
 51.0294
 55.7136
 68.6003
 49.0408
 48.6826
 48.6826
 55.7584
 56.3383
 49.8899
 49.8899
 49.8899
 53.8702
 49.7996
 48.5695
 52.1728
 52.1728
 53.963
 54.7175
 49.5379
 49.5379
 54.4334
 48.7134
 54.5985
 54.5985
 55.7046
 46.4112
 57.9655
 46.1952
 51.0098
 61.79
 48.3529
 57.1489
 49.558
 49.558
 54.827
 48.2183
 51.0588
 44.0341
 55.8838
 47.6445
 55.4076
 45.7384
 55.2811
 55.2721
 48.7134
 56.1605
 53.8238
 53.8238
 49.6185
 57.9396
 46.0217
 46.0217
 53.0189
 55.0908
 55.0908
 55.0908
 55.1362
 50.4183
 50.02
 50.02
 51.8266
 52
 54.1849
 54.1849
 51.2348
 57.0964
 51.6333
 51.6333
 59.5063
 49.7996
 48.6621
 0
 29.5466
 48.4768
 53.9537
 58.6345
 58.6345
 54.7266
 54.827
 52.4976
 52.3927
 54.8817
 48.621
 40.9878
 48.9592
 53.963
 54.7723
 27.8568
 27.8568
 52.5928
 55.2359
 46.9894
 26.0576
 58.5662
 47.7284
 49.99
 45.9783
 0
 0
 0
 0
 31.8904
 55.6597
 51.3225
 51.3615
 38.223
 0
 0
 0
 0
 38.5876
 48.7134
 51.3809
 55.0636
 22.9347
 50.3885
 46.076
 60.9016
 40.5709
 57.7062
 50.5371
 46.076
 46.076
 51.3517
 48.9694
 57.9828
 57.9828
 50.9804
 38.3536
 52.192
 56
 49.3356
 31.3209
 52.9906
 54.461
 48.0104
 47.1169
 47.1169
 53.591
 33.2866
 39.0768
 58.0259
 58.0259
 58.3267
 48.6929
 59.0339
 48.4768
 48.4768
 46.9787
 58.2666
 58.2666
 41.4367
 51.3615
 55.1634
 38.2492
 43.5201
 47.8644
 55.6687
 55.6687
 46.7226
 48.8672
 31.8591
 43.0233
 56.4269
 56.4269
 47.4763
 96.5505
 49.4469
 49.4469
 49.4469
 98.4733
 48.6313
 44.2832
 44.2832
 37.3898
 48.2597
 43.0465
 43.0465
 56.1872
 36.0278
 47.7808
 35.7911
 46.9148
 55.4437
 45.8912
 46.6905
 44.3847
 51.342
 51.342
 22.5832
 22.5832
 48.7442
 33.0303
 33.0303
 49.8397
 49.8397
 49.8397
 49.8397
 28.3901
 47.0638
 50.7642
 50.7642
 40.8289
 40.8289
 48.949
 47.7808
 42.5793
 40.8901
 53.4041
 45.5082
 42.8252
 49.1833
 55.5428
 48.4768
 43.1741
 47.5395
 75.4321
 44.1475
 52.1536
 49.95
 41.9881
 52.4881
 52.4881
 46.0869
 41.1947
 40.5956
 73.1574
 73.1574
 39.8873
 0
 49.0306
 28.1247
 41.7013
 47.2123
 57.1139
 26.9629
 42.638
 41.9524
 47.8435
 56.6216
 44.2945
 54.5436
 52.1824
 30.7246
 53.1131
 39.2046
 40.7431
 54.7449
 46.3789
 43.1509
 43.1509
 52.3737
 52.3737
 48.2183
 45.1996
 47.0744
 51.0098
 51.0098
 43.9773
 44.0114
 49.689
 0
 0
 41.7612
 50.3786
 45.1221
 42.4382
 79.5173
 30.7571
 39.064
 40.9634
 49.8899
 50.6162
 39.064
 46.5833
 39.7744
 51.1371
 50.636
 39.1152
 42.4617
 54.7083
 38.8458
 47.5395
 35.1568
 42
 52.6973
 41.6653
 51.9904
 51.9904
 51.9904
 45.2217
 36.5513
 42.4264
 54.1664
 54.5619
 45.5961
 53.2823
 45.0111
 57.1577
 43.7264
 43.7264
 39.6611
 42.6849
 52.2972
 52.2972
 56.9034
 56.9034
 47.0106
 42.107
 21.6795
 44.4972
 39.0256
 42.6263
 46.3465
 41.7971
 9.53939
 43.6348
 51.0784
 43.4741
 47.5605
 38.8072
 51.2835
 43.5201
 10.9087
 35.7771
 46.6798
 41.5692
 9.69536
 49.6689
 41.6053
 44.6654
 41.0488
 37.0945
 50.6952
 12.5698
 47.4025
 47.4025
 41.328
 41.328
 83.7198
 54.7083
 42.9069
 42.9069
 13.2288
 38.092
 55.6417
 40.9512
 36.7287
 12.1655
 49.4368
 42.1307
 38.3406
 36.0555
 12.1655
 49.98
 45.288
 54.8361
 35.623
 11.8322
 43.9886
 52.7352
 44.8553
 57.4543
 57.4543
 12.6095
 48.1975
 36.6197
 51.8459
 54.1479
 42.6497
 56.1872
 11.3137
 49.5984
 37.3898
 37.4166
 38.2099
 40.4475
 15.8114
 54.9545
 54.9545
 82.8915
 40.9756
 0
 0
 41.3401
 29.6985
 49.7293
 49.8999
 38
 41.7971
 23.3238
 36.7151
 54.7905
 46.0543
 29.6816
 37.7094
 37.7094
 42.7551
 42.7083
 50.9117
 47.4868
 48.3839
 41.7971
 37.6431
 36.9324
 45.4203
 36.0278
 45.3431
 48.4458
 39.9625
 48.4665
 41.7493
 44.5084
 46.9574
 40.8534
 49.558
 0
