 16.7332
 28.0179
 31.0322
 29
 32.4654
 17.7482
 28.2666
 31.3369
 25.318
 33.2866
 30.7246
 30.1662
 37.6032
 31.9531
 27.3496
 42.4146
 28.8617
 35.8887
 31.3847
 31.1288
 29.5127
 31.289
 32.6956
 28.7924
 32.2955
 38.7298
 27.1477
 24.5967
 29.5127
 28.8964
 29.4788
 24.8797
 25.1794
 28.8791
 14
 25.7876
 24.7184
 25.807
 15.1658
 22.6053
 23.9583
 27.2947
 15.9374
 28.3196
 26.4953
 24.5561
 31.3528
 15.9374
 29.2062
 16.7332
 32.6803
 41.1947
 33.0303
 15.1327
 22.1811
 28.1957
 20.9762
 15.3623
 31.9531
 18.4391
 0
 30.0832
 0
 31.4166
 27.258
 0
 29.4958
 26.8514
 0
 29.3939
 28.4781
 27
 29.5296
 27.1662
 30.1496
 29.9333
 36.1525
 32.573
 26.6083
 34.4674
 25.2785
 34.0441
 18.7617
 35.819
 20.3715
 31.6386
 22.2036
 32.6497
 28.4781
 26.2869
 28.1957
 30.8058
 29.6479
 27.9643
 30.7246
 32.2955
 31.5119
 34.4674
 28.6705
 30.7896
 37
 21.587
 38.2753
 34.7707
 21.3542
 34.7419
 0
 34.7419
 24.1247
 29.9833
 30.3645
 28.0891
 33.2415
 29.189
 31.6228
 34.4093
 32.3574
 35.7771
 32.7414
 39.3192
 33.5559
 32.311
 38.6135
 22.9565
 39.5221
 21.1896
 35.9722
 38.833
 27.4955
 34.5688
 26.8887
 28.4253
 33.2566
 27.7308
 30.1828
 33.5261
 31.6702
 36.9459
 34.5832
 42.7434
 37.081
 38.8973
 37.1349
 38.5876
 30.4302
 25.2587
 37.855
 25.2982
 40.4722
 30.7083
 31.1769
 29.5635
 30.7734
 29.9333
 36.2077
 35.3836
 29.7321
 40.4228
 35.4119
 35.9444
 40.7554
 41.2795
 35.5106
 39.3446
 40.5093
 33.0606
 41.3159
 40.5463
 26.096
 28.3373
 38.1969
 30.315
 28.1069
 29.5466
 30.4959
 34.641
 36.1663
 35.9305
 41.7493
 41.9643
 41.9643
 42.3792
 55.4797
 40.7431
 46.2709
 40.4351
 45.0777
 37.5899
 44.2832
 40.9756
 30.1828
 27.4591
 31.8748
 34.8855
 31.0644
 36.1663
 34.2345
 17
 38.6005
 41.509
 18.303
 43.5316
 41.3038
 55.4437
 43.5086
 53.4977
 47.0213
 45.0888
 42.9651
 40.8167
 45.0666
 45.0666
 31.8277
 41.8808
 25.8457
 33.2716
 30.3315
 29.5804
 35.0571
 31.8748
 42.0595
 38.092
 38.4708
 40.1871
 45.0222
 44.8553
 48.9694
 46.9787
 42.3674
 52.0865
 45.6508
 43.2088
 41.821
 39.2683
 28.8964
 35.3836
 29.95
 26.1534
 28.7054
 34.9285
 40.3856
 34.0881
 37.4833
 43.4281
 39.2428
 42.107
 48.1768
 51.3225
 43.9886
 69.1881
 44.5982
 73.7021
 43.9886
 41.5933
 38.6005
 37.2961
 43.2204
 32.4346
 29.3428
 35.4683
 32.0312
 40.6694
 35.9861
 45.8476
 40.6448
 42.0833
 47.0425
 46.669
 53.2916
 66.0379
 43.1161
 69.1665
 44
 62.2013
 44.317
 39.2938
 39.7995
 46.594
 46.594
 46.594
 42.9069
 43.4281
 36.0139
 42.6028
 35.8748
 42.1782
 42.0357
 42.0476
 40.5339
 49.1528
 31.1609
 66.6108
 39.2301
 53.2823
 41.7253
 49.98
 41.3521
 44.3621
 44.3621
 33.0757
 33.0757
 46.2277
 41.2916
 43.1161
 34.6121
 0
 42.6263
 0
 49.4874
 39.3954
 0
 46.2601
 46.2601
 35.6931
 35.6931
 35.6931
 42.5206
 42.5206
 64.1794
 64.1794
 25.2587
 72.0486
 38.8587
 71.6519
 40.7922
 63.4271
 29.7658
 29.7658
 31.289
 45.4092
 37.855
 51.5558
 35.2987
 42.2374
 31.607
 47.2229
 46.0977
 43.4281
 55.1725
 55.1725
 55.1725
 64.1561
 64.1561
 63.8514
 41.0609
 0
 0
 0
 0
 30.5614
 42.638
 25.9037
 41.5572
 0
 37.4299
 57.7841
 57.7841
 57.7841
 33.4216
 34.7563
 34.7563
 49.679
 49.679
 41.4367
 58.7878
 47.5289
 40.8289
 40.8289
 40.8289
 42.3084
 42.3084
 42.3084
 0
 43.6348
 49.8498
 40.0375
 47.9166
 0
 0
 0
 0
 0
 47.4236
 53.066
 49.6488
 0
 38.3406
 39.6358
 53.6749
 31.4166
 39.6106
 49.1427
 31.209
 40.9145
 43.7721
 0
 33.9853
 36.8782
 54.5161
 54.5161
 34.7131
 29.6816
 54.7266
 29.7321
 36.8103
 44.8665
 37.108
 41.9643
 35.6371
 0
 46.0326
 49.1325
 41.7971
 0
 0
 46.6262
 46.6262
 0
 0
 0
 0
 0
 0
 41.2674
 47.5079
 0
 37.0405
 52.4786
 50.6261
 50.6261
 50.6261
 45.913
 34.1321
 0
 39.8121
 29.5466
 54.827
 41.821
 41.821
 35.6511
 58.6856
 33.0606
 31.5753
 46.2493
 43.1161
 47.7703
 31.3209
 36.4692
 42.5441
 38.1576
 0
 40.4228
 42.638
 37.7359
 16.7332
 47.2123
 41.4367
 44.3509
 38.1051
 0
 0
 45.9783
 45.9783
 45.9783
 49.2037
 51.3225
 46.7761
 35.6651
 0
 0
 40.1248
 41.1947
 40.7185
 37.1753
 41.2311
 59.0508
 38.1576
 35.7071
 37.7889
 54.1202
 41
 40.2492
 30.4467
 48.1871
 48.1871
 47.8017
 30.4302
 45.3872
 0
 34.7563
 36.3868
 39.4081
 37.5233
 35.7211
 28.3373
 38.2492
 33.3317
 34.5398
 41.2189
 0
 38.4448
 19.1311
 36.1663
 36.1663
 0
 0
 0
 0
 32.7109
 32.7109
 31.496
 47.8957
 47.8957
 39.5221
 46.2709
 51.1371
 32.2645
 42.2493
 38.0789
 56.3116
 56.3116
 35.0428
 47.2335
 22.6053
 36.973
 52.9528
 52.9528
 35.171
 35.171
 35.7071
 35.7071
 35.7071
 35.7071
 33.8969
 31.4325
 31.4325
 37.6563
 33
 33.8378
 33.8378
 42.5676
 27.8029
 33.0454
 33.8526
 33.2716
 34.9285
 35.8329
 33.0757
 41.6893
 30.315
 0
 0
 0
 0
 12
 12
 38.2492
 0
 35.4119
 0
 14.7986
 53.7308
 34.7994
 34.7994
 34.7994
 0
 28.2489
 50.3686
 34
 29.5804
 48.239
 28.8964
 36.565
 45.3872
 45.3872
 28.7402
 41.5933
 39.3065
 56.4447
 29
 29
 35.7631
 34.3802
 51.8073
 51.8073
 39.5727
 27.8747
 32.2335
 59.5399
 59.5399
 59.5399
 59.5399
 50.3984
 13.2288
 31.496
 46.6905
 46.7012
 31.9844
 34.4529
 39.3319
 29.6311
 45.4643
 37.229
 40.398
 42.5911
 18.4391
 38.2492
 32.0156
 28.0713
 36.0278
 36.1663
 31.8748
 31.8748
 56.6745
 56.6745
 35.4119
 30.4302
 34.0294
 57.7062
 57.7062
 30.4795
 30.4795
 37.7624
 37.7624
 0
 40.8412
 48.1768
 48.1768
 46.9468
 46.9468
 15.4596
 43.0929
 36.6606
 58.66
 64.0156
 37.054
 45.618
 27.8209
 30.3974
 40.2989
 31.8591
 28.7924
 40.1373
 27.9643
 36.2767
 28.2666
 35.4683
 44.0114
 27.9285
 27.9285
 27.9285
 27.9285
 30.348
 24.2281
 38.2099
 44.7437
 47.5079
 35.7071
 50.2792
 35.3977
 47.3709
 35.171
 0
 23.5584
 36.0278
 38.2361
 38.2361
 38.2361
 38.2361
 32.1403
 32.1403
 24.5967
 30.6105
 25.671
 31.4166
 27.8927
 44.6654
 22.5832
 22.5832
 35.3553
 33.5708
 53.2541
 41.833
 38.8716
 29.1548
 22.7156
 20
 32.8938
 41.2674
 21.7486
 30.7083
 28.4429
 35.6791
 36.3456
 26.9444
 31.1448
 22.1133
 34.7707
 0
 0
 0
 0
 37.1483
 35.3695
 35.3695
 23.1084
 25.2982
 41.8091
 28.4781
 41.0244
 20
 45.5741
 29.6648
 56.3383
 21.9773
 19.9249
 36.606
 35.0571
 43.6692
 20.6882
 20.8567
 33.1059
 47.8017
 38.0395
 38.0395
 38.0395
 21.7486
 41.4608
 23.8118
 44.4635
 47.8121
 47.8121
 47.1487
 20.8087
 46.1628
 46.1628
 29.0172
 29.0172
 33.8821
 18.412
 43.852
 43.852
 43.852
 43.852
 0
 0
 0
 36.7696
 42.0119
 31.8748
 29.5296
 29.5296
 17.1172
 34.7275
 39.9124
 33.8526
 23.1733
 23.1733
 23.1733
 26.4953
 26.4953
 35.8608
 43.0581
 39.128
 39.128
 28.0535
 28.0535
 49.224
 29.1719
 33.8821
 39.5854
 39.5854
 45.0888
 28.3549
 28.3549
 35.0571
 22
 22
 22
