 13.0384
 4.24264
 12.4097
 12.3288
 11.5326
 6.48074
 10.8628
 28.3019
 31.4802
 31.4802
 34.6266
 44.5421
 26.9629
 44.4747
 30.282
 30.6268
 15.906
 22.9565
 8.66025
 12.6095
 20.8806
 21.4709
 33.2265
 33.8674
 34.9857
 36.3868
 22.8035
 7.93725
 23.3024
 11.225
 20.8087
 6.08276
 6.16441
 32.7567
 5.83095
 17.2047
 40.8412
 41.5572
 6
 26.4197
 46.9681
 38.6005
 7.4162
 17.5499
 34.7275
 43.3128
 11.225
 7.87401
 23.4734
 10.4881
 31.0322
 36.0278
 13.0767
 9.79796
 28.2489
 18.6279
 46.3789
 7.4162
 35.4542
 37.7227
 0
 29.6479
 0
 17.8885
 18.4391
 0
 26.7955
 14.8324
 0
 40.5339
 22.2261
 44.1022
 26.096
 42.4146
 20.3715
 31.4484
 8.66025
 20.199
 23.1733
 17.5499
 41.4367
 37.081
 49.1732
 35.6651
 44.6766
 27.2397
 38.8844
 20.347
 27.037
 35.9583
 12.6095
 21.4709
 43.1161
 45.8367
 35.1852
 39.3827
 24.5153
 21.8861
 11.2694
 18.8149
 15.6205
 35.0714
 31.8277
 37.3095
 45.5631
 33.0606
 0
 25.7294
 37.1349
 20.8806
 31.9374
 45.5851
 19.105
 45.4423
 31.496
 33.2114
 37.7094
 24.1661
 29.189
 19.1572
 13.9284
 23.4734
 31.5436
 39.9375
 42.7551
 47.3286
 36.2905
 30.1993
 45.0888
 35.6791
 31.3528
 45.5082
 21.4709
 44.8665
 15.7797
 36.4143
 34.6266
 22.6495
 35.3695
 22.6274
 29.4958
 39.6358
 19.1311
 44.0114
 27.3313
 41.4005
 36.0416
 46.744
 27.2213
 45.793
 35.6651
 35
 45.7165
 44.9222
 21.7945
 35.8329
 16.2173
 25.0998
 38.923
 41.5692
 21.8174
 36.9594
 28.4429
 17.2916
 46.1628
 33.1813
 40.4228
 30.8707
 43.7264
 49.1528
 35.7211
 43.4281
 45.4753
 46.5618
 30.1662
 22.2486
 38.7814
 24.8998
 29.8664
 22.7376
 44.5309
 33.5559
 44.2945
 26.9815
 47.8435
 18.1108
 42.8836
 34.2053
 31
 34.3948
 48.156
 49.95
 47.4763
 39.4335
 47.8121
 42.5793
 29.5804
 11.5326
 24.3311
 31.5119
 31.5119
 26.1725
 39.0896
 49.5379
 38.1969
 36.9188
 51.1859
 43.4741
 24.7588
 36.318
 37.3497
 37.3497
 40.4475
 36.2491
 49.0612
 48.4974
 50.0899
 49.1833
 38.923
 38.1576
 31.9844
 30.6757
 28.7402
 23.1517
 35.9583
 49.051
 49.1833
 51.3615
 46.2061
 39.3065
 40.7922
 27.8029
 32.6956
 32.6037
 44.1475
 53.3385
 54.2586
 52.6783
 51.1859
 54.0925
 36.4829
 41.1947
 28.3725
 27.1293
 32.2025
 29.7153
 49.679
 49.7393
 48.949
 53.647
 37.1887
 35.4542
 32.28
 19.2094
 30.7083
 45.8367
 50.636
 48.8569
 55.3263
 55.3263
 48.7134
 35.805
 35.7491
 26.1151
 33.5708
 28.6007
 28.6007
 50.3686
 52.792
 52.9056
 40.6694
 52.915
 28.3549
 31.8591
 21.1424
 24.9199
 32.0156
 36.4555
 36.4555
 36.4555
 47.244
 44.1475
 43.9886
 28.6007
 35.609
 28.0357
 30.0167
 40.5463
 46.2061
 44.6766
 31.9374
 50.9411
 31.4166
 50.9411
 50.9411
 34.0881
 34.0881
 31.4643
 0
 42.6615
 0
 47.0744
 47.2546
 47.2546
 42.8836
 0
 31.7962
 31.7962
 30.0167
 26.1534
 26.1534
 42.391
 35.609
 42.8836
 52.9339
 52.9339
 54.1018
 48.734
 49.548
 0
 7.93725
 44.7661
 27
 32.45
 42.1782
 35.2562
 56.8331
 56.8331
 58.1808
 44.5309
 43.852
 44.5982
 28.8271
 45.618
 20
 46.6798
 45.913
 23.4521
 48.2079
 51.1273
 51.1273
 52.1536
 52.1536
 29.1548
 22.2486
 22.2486
 38.8973
 0
 0
 47.9792
 20.6155
 55.6147
 55.6147
 55.6147
 58.1464
 26.2869
 26.2869
 0
 43.4741
 61.384
 61.384
 61.384
 61.384
 52.8488
 56.3383
 56.3383
 25.5539
 25.5539
 21.2603
 20.9045
 47.9479
 0
 0
 27.2764
 54.4885
 36.973
 34.3802
 0
 48.7134
 51.643
 41.2674
 0
 30.3315
 35.4965
 52.469
 52.469
 47.8121
 25.8457
 40.8534
 58.8388
 24.4131
 39.6737
 39.6737
 39.6737
 32.7261
 32.7261
 32.7261
 58.3866
 53.7215
 53.7215
 53.7215
 53.7215
 57.9914
 27.6767
 27.6767
 27.2029
 27.5681
 45.7165
 24.3516
 0
 32.0624
 32.7261
 44.1022
 0
 39.8372
 35.4965
 35.4965
 0
 0
 41.9166
 43.2088
 0
 29.6816
 40.0999
 53.6749
 53.6749
 28.0535
 46.2385
 21.5407
 0
 33.9411
 31.1769
 31.1769
 0
 7.74597
 7.74597
 51.303
 27.7489
 27.7489
 55.4977
 60.1997
 60.1997
 60.3821
 45.8694
 45.8694
 26.0384
 30.133
 61.8385
 29.8831
 14.2127
 0
 40.2989
 51.643
 25.7099
 14.8324
 38.4187
 40.5093
 43.2897
 28.4077
 0
 40.939
 30.6105
 58.3781
 10.4403
 40.05
 38.6135
 47.1275
 35.1852
 0
 0
 37.51
 34.9428
 23.6432
 23.4734
 31.4006
 48.4974
 6.55744
 6.55744
 38.1707
 41.2795
 10.9087
 33.2265
 33.2265
 45.9021
 45.9021
 47.1381
 60.5475
 42.6497
 0
 47.0213
 29.1033
 34.3948
 57.9741
 41.845
 41.845
 26.3818
 65.6887
 25.2587
 30.2985
 0
 0
 16.5227
 40.2616
 51.9134
 51.9134
 29.6648
 36.3868
 35.9305
 40.4104
 0
 39.6737
 39.3192
 39.3192
 23.2594
 53.066
 31.3847
 13.8924
 27.7128
 31.305
 51.7301
 51.7301
 51.7301
 27.4773
 14.0357
 22.2935
 55.254
 55.254
 55.254
 55.254
 23.6854
 23.6854
 23.6854
 23.6854
 23.6854
 24.3516
 24.3516
 39.2938
 39.2938
 32.3574
 32.3574
 36.5103
 23.7065
 23.7065
 22.8473
 16.5227
 41.2189
 41.2189
 53.9907
 19.6723
 55.6956
 55.6956
 55.6956
 55.6956
 39.1024
 21.7486
 21.7486
 29.7153
 29.7153
 29.7153
 29.7153
 13.2288
 37.2827
 37.2827
 37.2827
 37.2827
 37.2827
 50.3786
 29.9333
 29.9333
 21.4243
 43.9431
 44.8442
 22.5389
 41.9643
 31.1609
 54.7175
 21.0476
 25.318
 72.8286
 26.9072
 41.1825
 33.121
 22.9565
 45.1442
 0
 36.5513
 21.9773
 20.9045
 20.9045
 20.9045
 45.9021
 0
 34.7851
 16.1555
 27.8029
 45.0777
 44.6542
 14.7648
 24.0208
 24.0208
 29.1719
 35.1994
 28.1425
 55.9017
 48.3322
 48.3322
 27.6406
 13
 30.7896
 27.8029
 33.0757
 21.1187
 21.1187
 36.565
 36.565
 24.5561
 24.5153
 23.516
 35.1852
 35.1852
 28.3373
 30.9193
 30.9193
 0
 0
 27.2213
 26.6271
 26.6271
 22.2486
 22.2486
 20.8806
 24.2074
 16.0312
 26.0576
 40.6694
 40.6694
 30.545
 39.8497
 15.906
 15.906
 16.5529
 26.096
 29.5466
 20.0998
 27.6948
 33.4216
 28.2666
 43.1393
 20.8087
 57.2538
 57.2538
 57.2538
 33.9264
 27.2213
 30.05
 49.4065
 48
 48
 33.8674
 25.4362
 47.2969
 43.8406
 43.8406
 43.8406
 15.6844
 22.1359
 22.1359
 34.3074
 34.3074
 38.092
 38.092
 15.843
 17.4642
 24.2281
 13.9284
 50.5569
 16.4924
 9.79796
 45.4863
 26.9815
 15.3623
 32.4654
 16
 32.7567
 28.8791
 8.60233
 18.303
 34.6987
 20.6398
 9.16515
 33.2566
 41.7253
 25.3574
 20.6398
 41.8091
 37.3497
 8.94427
 23.8956
 23.8956
 23.8956
 23.8956
 68.9275
 43.4511
 26.4008
 26.4008
 9.16515
 21.1896
 47.0638
 47.0638
 35.7911
 9.21954
 48.7032
 19.6723
 29.5127
 29.5127
 8.88819
 26.1916
 26.1916
 52.0865
 20.5183
 9.84886
 34.176
 50.8035
 50.8035
 58.8048
 58.8048
 10.4403
 10.4403
 19.6977
 36.2767
 56.6745
 43.6578
 53.647
 9.16515
 24.8395
 17.4929
 19.0526
 19.0526
 55.7136
 10.6301
 45.0555
 45.0555
 64.7302
 64.7302
 64.7302
 64.7302
 51.449
 17.5784
 28.2843
 50.8724
 16.4924
 37.3095
 18.2209
 46.2061
 26.0576
 52.5167
 15.1327
 49.163
 49.163
 16.8523
 40.4969
 48.5283
 30.8707
 36.8511
 23.8537
 26.6646
 45.2438
 36.6742
 15.9687
 23.0868
 38.1445
 36.565
 36.9188
 18.2483
 39.3573
 28.8617
 27.4773
 28.8791
 0
