 23.1733
 24.2487
 20.9762
 25.9037
 23.6432
 21.0476
 26.6083
 27.4408
 28.8791
 26.9815
 28.4077
 27.6406
 28.3549
 27.1662
 25.9422
 32.7109
 29.7153
 34.2491
 32.45
 34.1321
 33.4365
 37.2425
 40.0999
 35.7071
 36.3868
 40.8534
 35.6371
 27.4955
 36.8646
 35.6931
 35.6931
 29.95
 30.249
 35.426
 15.1658
 31.4643
 29.8496
 33.0757
 15.1987
 31.5595
 27.8209
 29.1033
 14.5602
 31.8904
 29.5973
 26.9444
 31.1288
 15.6205
 34.2637
 15.6525
 31.9061
 33.0757
 37.0675
 15.6525
 28.8444
 36.5513
 25.1595
 15.6525
 38.8458
 23.4947
 0
 35.7491
 0
 39.6485
 31.5595
 0
 37.1214
 32.0156
 0
 36.0139
 33.9117
 32.2025
 32.3265
 32.1559
 33.8378
 34.6987
 32.3574
 38.6911
 32.45
 40.0625
 32.311
 42.5676
 28.775
 41.1582
 27.1662
 41.2432
 27.8029
 39.8497
 31.4006
 37
 31.8591
 35.0428
 33.9411
 33
 38.1182
 37.3631
 39.6485
 39.4715
 36.3043
 38.7298
 41.4367
 31.749
 46.4112
 43.3935
 29.8831
 44.2154
 0
 45.0999
 30.4959
 35.7351
 40.5216
 36.4829
 36.2905
 34.1614
 39.8748
 36.4829
 42.7551
 40.8534
 43.1972
 42.1782
 43.1277
 40.9145
 46.8188
 34.7563
 47.5184
 34.3948
 48.6004
 48.8979
 35.1283
 43.0116
 34.7563
 38.1969
 39.4081
 35.9861
 37.3229
 40.8167
 40.694
 42.6732
 42.4264
 45.5851
 43.7607
 47.2652
 44.2832
 45.1221
 38.8072
 35.6371
 47.3181
 33.3467
 50.1398
 39.1408
 43.5316
 38.2753
 40.0125
 37.7492
 42.0119
 43.7264
 36.8646
 46.9361
 43.9431
 45.2217
 47.0319
 50.9902
 45.6946
 47.6025
 49.5177
 42.2847
 50.6557
 50.3289
 35.7211
 36.2767
 47.8017
 40.8044
 39.3573
 36.1801
 41.7493
 42.7902
 42.8369
 44.1022
 47.8017
 48.8365
 45.8476
 49.3356
 50.8527
 47.8853
 51.2445
 48.775
 53.1037
 43.2897
 53.5164
 48.949
 38.0132
 38.0132
 41.7971
 46.0977
 38.0132
 45.5741
 46.0652
 21.5639
 47.3075
 49.5782
 21
 48.8467
 49.7494
 50.01
 51.449
 52.1632
 52.8772
 54.5985
 51.1566
 50.4282
 55.8838
 15.3623
 41.6653
 52.9717
 37.1753
 43.8634
 40.9023
 40.5832
 45.6946
 43.6119
 50.4975
 48.8876
 49.3255
 50.3885
 54.3139
 50.6063
 54.231
 51.4684
 52.6783
 55.0273
 56.1338
 52.3163
 52.3355
 48.3011
 41.0244
 46.9574
 42.8135
 38.2099
 42.332
 46.3573
 51.6624
 48.6724
 48.734
 52.1536
 50.1199
 52.1824
 55.5338
 51.3907
 52.6973
 53.3292
 56.1605
 54.4702
 55
 52.5262
 43.5431
 47.8644
 48.6724
 40.3113
 41.5812
 42.8135
 45.1331
 50.7839
 47.8017
 54.7449
 52.1153
 52.1728
 51.6817
 55.2721
 55.848
 50.6261
 55.5608
 52.792
 55.0727
 53.3385
 51.9038
 48.7032
 44.6878
 50.8429
 50.8429
 50.8429
 53.0471
 47.4236
 44.7661
 52.1824
 48.1144
 53.1883
 49.7594
 47.7598
 47.9375
 53.1507
 46.0217
 51.672
 51.3128
 55.5518
 49.6689
 56.1427
 42.7785
 55.2449
 55.2449
 45.5741
 45.5741
 47.1699
 48.1248
 51.264
 47.5605
 47.5605
 51.2933
 51.2933
 55.6417
 50.5964
 50.5964
 52.5167
 55.8391
 47.8539
 56.5155
 56.5155
 51.1273
 53.6004
 55.8032
 55.8032
 31.6228
 64.2729
 51.303
 65.8255
 45.3982
 59.127
 39.1024
 39.1024
 43.7379
 52.2015
 50.2494
 56.1605
 47.3286
 53.8424
 39.724
 60.8687
 51.1957
 50.4183
 57.7841
 52
 52
 58.2666
 58.2666
 55.8838
 34.3366
 34.3366
 62.1852
 62.1852
 62.1852
 44.8776
 59.9917
 40.6448
 56.6569
 56.6569
 46.1736
 56.1605
 56.1605
 56.1605
 47.697
 51.7591
 51.7591
 53.9907
 53.9907
 53.9444
 69.1375
 52.0673
 49.1528
 49.1528
 58.4294
 55.1906
 51.0979
 51.0979
 51.0979
 55.5968
 51.8266
 48.6826
 55.9375
 55.9375
 55.848
 57.1752
 51.1664
 51.1664
 55.8659
 49.3559
 56.3738
 56.3738
 54.754
 46.076
 60.1997
 43.9204
 51.2835
 63.1427
 44
 56.6392
 50.8232
 50.8232
 52.2303
 43.7379
 55.8928
 42.1545
 51.3225
 45.5302
 58.2666
 43.5086
 50.8822
 57.0701
 48.9592
 56.0714
 53.3198
 53.3198
 51.4587
 57.6021
 46.6047
 0
 0
 0
 0
 0
 0
 0
 0
 0
 0
 0
 0
 0
 0
 0
 0
 0
 0
 0
 47.592
 0
 34.2637
 43.7493
 56.2672
 59.975
 59.975
 53.1695
 56.648
 46.3141
 49.4368
 55.5518
 45.9674
 43.4511
 47.3286
 50.1498
 55.6956
 31.496
 0
 0
 0
 47.1487
 26.1151
 57.8705
 48.4974
 50.4876
 45.4092
 0
 0
 0
 0
 34.9857
 58.643
 52.7257
 52.6593
 38.8458
 0
 0
 0
 0
 40.0874
 48.7237
 52.6023
 57.8187
 27.037
 49.0816
 48.1768
 63.1664
 44.5421
 57.1314
 46.465
 47.4131
 47.4131
 51.9904
 44.2719
 57.5326
 57.5326
 47.8644
 39.8748
 52.3259
 55.4887
 48.0833
 31.4325
 52.6023
 51.6914
 47.7912
 47.1063
 47.1063
 52.8488
 31.9061
 38.4318
 55.848
 55.848
 58.2838
 50.1697
 59.5231
 48.1352
 48.1352
 46.076
 57.0964
 57.0964
 43.6463
 51.9808
 55.6507
 41.3159
 44.6654
 49.1833
 60.7042
 60.7042
 47.655
 49.98
 32.2955
 44.3734
 59.3549
 59.3549
 47.8017
 47.8017
 49.689
 49.689
 49.689
 49.689
 46.4866
 44.6094
 44.6094
 39.1024
 45.4753
 43.852
 43.852
 57.5847
 36.8646
 45.0333
 37.6298
 47.0532
 54.9636
 45.913
 45.3321
 45.8476
 50.9117
 50.9117
 24.4745
 24.4745
 49.9199
 30.3315
 30.3315
 51.5655
 51.5655
 47.1275
 0
 27.8029
 49.1019
 51.4004
 49.8197
 40.8779
 0
 44.2267
 49.7192
 42.9884
 41.2068
 52.0288
 43.5431
 45.2769
 48.6826
 55.7853
 44.1022
 44.8219
 48.7545
 71.854
 44.5197
 53.1601
 47.6655
 42.6028
 55.6327
 55.6327
 49.6588
 41.7373
 40.8412
 74.7864
 74.7864
 42.7902
 0
 0
 29.3769
 42.2847
 48.2701
 57.7148
 28.0535
 43.9659
 42.332
 47.8957
 57.6628
 45.2438
 51.3128
 53.1037
 30.348
 53.1601
 40.9512
 40.0874
 55.6237
 47.0319
 44
 49.9099
 54.5344
 54.5344
 47.4236
 45.0555
 47.9583
 54.1572
 54.1572
 42.9302
 43.8292
 48.6415
 0
 0
 43.1161
 52.469
 47.9375
 45.0555
 81.2404
 31.5911
 40.8412
 41.9404
 52.1249
 51.6333
 39.2938
 48.7134
 37.7227
 50.547
 51.1664
 40.2865
 41.7971
 54.909
 40.025
 47.8748
 36.8511
 41.2311
 54.4702
 40.8656
 52.2207
 52.2207
 52.2207
 45.4423
 36.8782
 43.1625
 55.1815
 57.2887
 44.6542
 53.4883
 45.5192
 59.1946
 43.4856
 0
 36.647
 44.6766
 52.1536
 52.1536
 58.2495
 25.3574
 45.3652
 40.2865
 22.2486
 47.1275
 38.5227
 42.6497
 43.2666
 42.3084
 12.3288
 41.2068
 51.3712
 45.2769
 49.2443
 40.2119
 51.6527
 43.4511
 16.6433
 36.1386
 44.833
 43.1277
 13.4164
 47.8539
 39.6485
 44.1248
 42.1545
 34.5688
 47.0744
 15.906
 48.4355
 0
 41.328
 41.328
 84.8941
 52.3068
 43.4626
 43.4626
 17.7482
 38.1182
 54.9272
 40.0375
 38.2623
 14.7648
 52.6878
 42.9185
 43.6578
 37.9605
 13.5647
 50.2394
 44.4072
 54.8361
 34.322
 15.3623
 43.4396
 56.3826
 44.8665
 57.1839
 57.1839
 16.1555
 48.2908
 36.2905
 54.1018
 54.69
 42.5676
 55.3263
 16.7929
 53.1319
 38.2623
 37.1483
 36.9459
 37.6829
 19.0526
 54.8088
 54.8088
 83.6541
 41.0853
 0
 0
 39.8497
 33.8231
 50.4083
 48.1975
 38.8587
 42.1426
 22.6053
 35.1994
 54.827
 43.9545
 31.9374
 35.9722
 35.9722
 43.1277
 42.5793
 47.613
 48.2183
 48.0625
 43.6921
 37.7094
 36.5787
 46.076
 37.7624
 45.8585
 48.3218
 39.4588
 47.5605
 40.1871
 44.1362
 47.8017
 41
 49.7494
 0
