 355.584
 0
 22.1133
 25.8844
 25.8844
 25.923
 30.1496
 31.9061
 31.9061
 28.4429
 31.1448
 29.1204
 30.3809
 30.3974
 29.1719
 36.1525
 31.8277
 33.9411
 34.7419
 34.6266
 35.8329
 41.2432
 47.7808
 44.2493
 42.4264
 47.0213
 38.5876
 32.9545
 41.4246
 38.1051
 40.4846
 32.9697
 32.45
 40.4228
 22.6936
 35.9305
 34.9571
 39.1791
 22.6274
 34.4384
 32.1559
 33.0757
 21.7945
 38.7685
 33.9264
 29.5635
 37.3497
 21.4243
 34.8712
 21.4243
 34.2053
 38.1969
 38.704
 20.567
 30
 40.4969
 26.2488
 18.868
 44.7102
 23.5584
 23.5584
 41.9762
 41.9762
 45.8585
 35.8608
 35.8608
 43
 33.8083
 33.8083
 42.7785
 37.3229
 37.3765
 37.3631
 36.5103
 39.37
 37.3765
 36.1525
 41.9643
 34.6121
 44.1588
 32.5883
 47.7808
 28.6531
 47
 28.8791
 47.9166
 26.9629
 45.6289
 33.8969
 43.7379
 35.2562
 39.0512
 39.95
 37.6431
 43.1625
 40.1373
 42.4264
 41.7253
 38.9487
 40.1497
 45.4753
 33.6155
 50.9902
 50.2792
 33.1059
 50.8331
 50.8331
 50.8134
 34.176
 39.1535
 47.3075
 42.6966
 40.2865
 40.4599
 44.238
 42.6497
 47.4552
 46.9148
 45.9783
 49.7996
 44.911
 43.1509
 53.1883
 39.1535
 54.1941
 38.3145
 55.0091
 55.5698
 37.6431
 50.6754
 36.5377
 45.3542
 41.0122
 43.1741
 41.4246
 47.9062
 45.9456
 49.6387
 47.613
 53.0189
 50.951
 55.3173
 50.06
 54.8452
 45.1221
 40.8412
 55.6058
 37.6563
 58.6259
 41.7732
 54.7357
 41.7612
 49.2443
 45.8585
 46.3141
 51.7977
 41.9524
 54.827
 50.2991
 51.9808
 56.5243
 57.7927
 52
 53.9444
 56.6039
 49.1528
 58.8388
 61.3188
 44.5758
 44.9667
 57.3672
 51.4976
 45.7712
 47.4342
 49.7896
 52.1536
 53.7308
 53.376
 57.6541
 58.2666
 54.5619
 58.5577
 56.5066
 55.7046
 60.597
 58.8812
 61.8708
 54.1849
 63.0079
 59.95
 48.9285
 49.051
 54.2771
 53.3198
 49.2849
 55.857
 56.4889
 56.4889
 58.2752
 59.5063
 59.5063
 61.6847
 56.6127
 57.3062
 61.8304
 58.5662
 61.3351
 62.9047
 58.4123
 57.6194
 63.8201
 63.8201
 49.5782
 62.6418
 45.3872
 55.8659
 50.1697
 49.4267
 54.6077
 54.2218
 59.6154
 59.0931
 60.208
 58.4979
 62.6897
 59.5063
 61.2699
 61.3188
 61.4654
 62.8252
 66.2797
 63.0397
 63.435
 59.3885
 53.3292
 56.8067
 52.7067
 50.1697
 50.8724
 56.0714
 64.5523
 58.5235
 57.4021
 62.857
 58.5406
 60.8769
 64.4981
 59.649
 60.7618
 61.7657
 65.4828
 62.442
 65.238
 63.0476
 55.0091
 59.4054
 59.2537
 51.264
 51.1762
 55.8211
 52.9906
 62.466
 55.8749
 65.437
 60.8523
 62.554
 58.5833
 63.0159
 63.4192
 57.9655
 65.5362
 60.0666
 64.467
 60.7124
 62.9682
 58.2838
 54.3323
 58.3009
 58.3009
 58.3009
 63.9062
 55.857
 55.4256
 62.8729
 59.5147
 63.4586
 60.8769
 56.9298
 57.0438
 61.4085
 57.2101
 59.0085
 63.4429
 61.9919
 61.7819
 63.3167
 52.1344
 63.7574
 63.7574
 55.1996
 55.1996
 55.6507
 56.4978
 62.538
 56.5685
 56.5685
 60.0833
 60.0833
 65.4905
 59.9917
 59.9917
 59.6154
 66.053
 55.7046
 65.0385
 65.0385
 58.2065
 59.2874
 66.4003
 66.4003
 39.0768
 77.3175
 61.7333
 78.0961
 54.8544
 70.4273
 49.5076
 49.5076
 53.3198
 62.8729
 58.4294
 67.9191
 57.7754
 64.923
 49.5883
 72.5741
 59.4811
 68.644
 70.9084
 59.7411
 59.7411
 68.7386
 68.7386
 64.1561
 49.5883
 49.5883
 70.1926
 70.1926
 70.1926
 56.1516
 69.5485
 50.5668
 68
 68
 55
 64.5136
 64.5136
 64.5136
 55.9196
 60.3987
 60.3987
 62.0322
 62.0322
 62.6658
 75.7826
 58.8982
 56.7891
 56.7891
 66.2571
 63.7652
 57.1227
 57.1227
 57.1227
 64.3894
 59.6741
 57.4108
 65.3452
 65.3452
 64.3273
 64.7843
 58.643
 58.643
 62.4019
 61.0737
 66.8132
 66.8132
 64.3661
 58.3009
 70.4486
 52.6403
 63.4744
 75.6505
 53.9073
 68.7023
 62.5939
 62.5939
 64.1327
 58.3866
 62.8967
 48.3839
 60.9918
 67.8528
 66.3702
 56.6569
 58.6259
 65.1306
 62.6977
 64.2884
 62.1048
 62.1048
 61.384
 67.2756
 58.1464
 58.1464
 63.0793
 67.8086
 67.8086
 67.8086
 65.9166
 62.8888
 58.9067
 58.9067
 60.7289
 61.563
 66.3928
 66.3928
 61.6198
 67.6609
 61.7252
 61.7252
 70.0357
 64.2884
 56.6216
 56.6216
 37.4433
 53.6004
 64.7765
 70.4344
 70.4344
 66.0227
 64.9153
 57.1664
 60.8605
 64.7688
 53.7494
 51.7204
 55.9643
 61.8142
 64.4127
 39.0512
 39.0512
 60.9426
 62.45
 56.6657
 34.8425
 65.0154
 59.0085
 60.8276
 51.9615
 51.9615
 61.1392
 66.1211
 58.9152
 49.8999
 69.8069
 61.8223
 60.2412
 46.9681
 46.9681
 65.7647
 62.1852
 63.2456
 46.0109
 61.8628
 61.4736
 67.3944
 32.7567
 58.7622
 57.4978
 73.1779
 51.9038
 68.0294
 54.1849
 54.9545
 54.9545
 61.0574
 53.8331
 67.9706
 67.9706
 56.0981
 46.3465
 61.0328
 66.4003
 57.5239
 39.7492
 61.2699
 58.9237
 59.925
 57.4195
 57.4195
 59.8749
 43.8634
 50.1199
 64.0312
 64.0312
 66.0908
 60.9508
 71.1548
 56.745
 56.745
 54.0555
 64.0469
 64.0469
 50.1398
 60.8358
 67.8012
 49.5076
 52.5928
 58.2924
 71.5612
 71.5612
 57.3062
 60.0167
 43.6578
 53.0377
 66.8431
 66.8431
 59.0678
 108.032
 58.2495
 58.2495
 58.2495
 58.2495
 57.4456
 52.6118
 52.6118
 48.6724
 55.0182
 52.5167
 52.5167
 66.0757
 45.618
 53.963
 44.6654
 55.7584
 63.4586
 54.1664
 52.6498
 55.2901
 58.4808
 58.4808
 35.4965
 35.4965
 60.918
 40.1497
 40.1497
 60.8523
 60.8523
 60.8523
 60.8523
 39.9625
 56.4535
 60
 60
 51.2933
 51.2933
 54.5161
 56.2761
 50.6853
 49.0204
 58.7792
 51.6527
 54.7996
 56.6039
 63.4271
 49.8397
 52.7447
 60.1082
 78.1985
 53.8609
 62.562
 55.0545
 50.4381
 64.0781
 64.0781
 57.4021
 52.192
 47.8644
 83.3667
 83.3667
 50.309
 50.309
 57.8187
 40.0999
 51.8749
 55.8928
 65.4141
 35.609
 51.9615
 51.1371
 56.6392
 68.7459
 53.3292
 61.6766
 62.7375
 39.0256
 62.5779
 50.5272
 48.6107
 64.5988
 55.8749
 53.7215
 53.7215
 60.8933
 60.8933
 56.6127
 56.0803
 57.1227
 61.5792
 61.5792
 52.259
 55.0091
 56.4978
 56.4978
 56.4978
 53.0943
 60.1332
 57.7321
 51.8363
 51.8363
 39.064
 48.4252
 50.1099
 59.9333
 60.6712
 46.4866
 57.4195
 45.2106
 62.6099
 58.6259
 48.734
 50.4183
 67.0969
 48.816
 56.701
 44.5758
 50.6063
 65.3682
 50.7346
 59.1946
 59.1946
 59.1946
 53.4228
 46.7226
 49.6185
 63.4271
 65.7267
 52.5738
 62.466
 53.1883
 68.2276
 52.5071
 52.5071
 44.5758
 54.461
 60.8523
 60.8523
 66.5507
 66.5507
 53.1319
 48.5798
 26.9444
 57.3411
 47.0532
 53.0471
 51.7107
 49.9199
 17.4069
 51.2835
 62.9524
 53.9259
 59.8749
 46.8508
 63.0635
 54.1202
 17.1172
 47.4025
 52.1153
 50.3786
 17.4356
 56.8155
 47.5289
 52.469
 49.5782
 40.7063
 57.4891
 17.3205
 55.9643
 55.9643
 48.2494
 48.2494
 91.9511
 62.2093
 51.2933
 51.2933
 20.2485
 47.7808
 63.8201
 50.01
 47.8226
 19.5192
 59.8832
 51.3615
 48.5592
 48.734
 20.3224
 59.1861
 53.963
 63.561
 42.6263
 19.5448
 50.309
 63.9766
 54.8635
 66.3174
 66.3174
 19.8242
 57.9828
 42.4382
 62.57
 65.123
 47.1911
 65.1844
 19.5192
 60.1498
 45.3542
 43.6348
 43.5431
 43.0697
 21.2603
 65.3452
 65.3452
 90.4102
 48.775
 0
 0
 47.5815
 38.4187
 61.0328
 54.0925
 48.4768
 50.4381
 29.1204
 42.5911
 66.9552
 51.3128
 40.9878
 42.5206
 42.5206
 52.0865
 49.5782
 56.356
 57.7668
 56.7627
 50.636
 47.0106
 43.6578
 54.4794
 44.6206
 55.9196
 56.6127
 47.2017
 54.1479
 49.4571
 54.7905
 55.6417
 49.9099
 57.5587
 57.5587
