 18.4662
 19.7484
 10.583
 19.8242
 16.3707
 16.7033
 16.7033
 12.1655
 21.9317
 15.6844
 20.2978
 20.2485
 9.64365
 18.0555
 14.3527
 14.0712
 16.1555
 19.2354
 17.3781
 18.2483
 15.6525
 16.1864
 16.7033
 17.4929
 15.1658
 19.0263
 17.4929
 18.735
 17.6918
 20
 17
 19.2354
 16.2173
 20.8087
 1.73205
 15.9687
 14.7648
 19.0526
 2.44949
 15.0997
 14.7309
 11.2694
 2.44949
 18.303
 12.0416
 16
 18.412
 3.4641
 16.7332
 4.24264
 19.975
 14.5258
 16.5227
 4.24264
 21.3542
 17.4642
 18.412
 4.24264
 16.7033
 17.8045
 0
 15.6205
 0
 22.5832
 20.0499
 0
 20.8806
 17.4356
 0
 20.1742
 16.6132
 16.1245
 14.0712
 14.4222
 16.6433
 16.3401
 17.5784
 19.1572
 18.3848
 19.9499
 19.8242
 20.8327
 19.0526
 16.4924
 19
 18.5742
 17.9165
 22.561
 17.6352
 17.9165
 17.2627
 17.5499
 17.2047
 14.8997
 16.5227
 19.0263
 20.2731
 20.1246
 19.975
 22.5832
 21.7025
 17.1172
 20.0998
 18.412
 18.7883
 20.8087
 0
 23.6854
 18.6011
 20.0499
 19.5192
 19
 18.303
 16.5529
 20
 16.7631
 19.7484
 20.6398
 21
 19.975
 24.3516
 22.6274
 21.1424
 19.1311
 21.1187
 19.6469
 21.8632
 27.0185
 19.0526
 19.4936
 17.4929
 17.2627
 17.5499
 16.1245
 16.4621
 19.8242
 17.4642
 20.6155
 17.9165
 18.2757
 22.8473
 23.5584
 26.4197
 20.3715
 17.4929
 18.5742
 20.9045
 16.8523
 25.6905
 18.6548
 22.561
 20.347
 18.4391
 15.3948
 19.1572
 19.0788
 13.0384
 20.4695
 20.6398
 21.6795
 19.3907
 23.0217
 22.0227
 25.1595
 20.9045
 19.7484
 22.7596
 22.1585
 19.0788
 19.6469
 23.388
 17.3494
 21.5174
 15.9687
 22.1811
 17.4642
 18.3576
 20.025
 24.4336
 20.0749
 21.9317
 21.7486
 23.6008
 21.9317
 22.3607
 26.1151
 23
 20
 24.3105
 22.5167
 21
 20.8806
 19.105
 22.5167
 16.4012
 20.347
 21.9773
 20.3224
 21.8403
 25
 17.5784
 20.0499
 22.5167
 22.2935
 22.7156
 25.2785
 23.3452
 24.8596
 24.7184
 22.0454
 25.1595
 12.2474
 19.7484
 26.096
 18.6815
 20.2731
 18.303
 20.2485
 19.8242
 21.7025
 24.1868
 21.8403
 22.5832
 21.7025
 26.0192
 24.2281
 25.865
 25.9808
 23.1733
 26.9815
 26.0192
 26.9072
 23.8537
 20.664
 19.6469
 23.0868
 21.3073
 19.5192
 22.1133
 19.8242
 26.4008
 24.454
 21.166
 23.3666
 22.561
 23.5797
 26.533
 23.6008
 23.2164
 25.5147
 26.9444
 25.7488
 26.1343
 27.8568
 16.6132
 22.891
 18.735
 18.0555
 21.7486
 20.8806
 22.7156
 23.3452
 22.2036
 24.2074
 23.1733
 21.9545
 23.4521
 25.2982
 24.454
 23.0434
 26.0576
 23.8956
 24.454
 24.5561
 24.3311
 22.7816
 16.4924
 18.2483
 18.2483
 18.2483
 26.5895
 19.105
 23.622
 24.2074
 25.6515
 24.3105
 21.1896
 19.2094
 19.7737
 25.2587
 26.2679
 22.2935
 24.0208
 25.5734
 22.3383
 27.4226
 12.083
 27.7849
 0
 21.5174
 0
 16.6433
 18.3576
 24.3721
 25.3377
 0
 25
 0
 27.0185
 24.0208
 0
 23.8118
 23.4521
 19.1833
 28.3373
 0
 22.9347
 23.6432
 27.5862
 0
 3.4641
 28.8444
 23.388
 28.1247
 17.6068
 29.2746
 19.5192
 19.5192
 24.8797
 23.1948
 25.7682
 24.4131
 22.383
 26.9629
 14.2829
 28.0357
 22.5389
 21.7486
 28.4077
 24.1454
 24.1454
 24.8797
 0
 27.037
 0
 0
 28.9828
 0
 0
 22.0907
 29.2746
 21.1187
 29.5804
 0
 24.3516
 22.1359
 0
 0
 25.3772
 26.5895
 26.5895
 23.9374
 0
 26.0576
 21.4709
 22.3607
 21.8403
 21.8403
 27.1293
 29.5296
 22.2711
 22.2711
 22.2711
 25.923
 24.1454
 19.799
 24.3516
 0
 27.2029
 25.2587
 17.8885
 0
 27.0555
 18.1384
 26.8142
 0
 27.7128
 18.7883
 28.7576
 20.9523
 19.2873
 27.8209
 23.7908
 29.189
 22.6053
 22.6053
 29.0517
 25.0799
 25.3574
 14.9666
 30.6431
 23.9792
 29.0861
 18.0555
 25.5343
 26.0768
 20.9762
 27.2947
 28.3373
 0
 20.9045
 28.8617
 18.1659
 0
 20.0499
 24.8797
 0
 0
 27.8029
 19.5448
 23.1084
 0
 23.4307
 24.0416
 28.1603
 0
 22.9565
 27.9643
 26.4575
 0
 27.6225
 22.8254
 26.4197
 0
 14.8324
 24.9199
 26.7395
 28.3196
 28.3196
 27.0185
 26.7582
 26.0768
 27.7308
 26.1151
 26.4008
 26.7395
 23.6432
 27.4955
 24.5967
 15.1658
 0
 23.0651
 26.5707
 20.445
 7.4162
 27.6225
 20.9045
 18.412
 20.0499
 0
 20.2731
 25.2982
 24.8395
 15.6205
 27.7849
 18.2757
 23.7487
 13.8924
 0
 26.0768
 24.8596
 23.4307
 16.7631
 21.4243
 24.3516
 26.3249
 14.9332
 28.3196
 20.1494
 29.8664
 17.9165
 30.9193
 27.7128
 18.735
 18.735
 21.2603
 25.3574
 29.6479
 29.6479
 28.2489
 16.4924
 23.4734
 28.931
 23.8328
 14.1774
 27.1846
 27.5862
 21.9317
 17.9722
 17.9722
 26.5141
 15.5885
 13.5647
 29.4788
 0
 32.4346
 19.4165
 29.5635
 20.9045
 0
 29.1204
 34.9857
 34.9857
 18.6548
 23.7065
 27.6043
 13
 20.8567
 21.1424
 29.2746
 0
 4.89898
 24.6779
 12.0416
 17.5499
 28.9137
 0
 23.1733
 27.0185
 24.1039
 0
 0
 29.0517
 29.189
 18.3576
 0
 13.8924
 28.7402
 18.735
 18.735
 28.8617
 13.2288
 27.4773
 15.1658
 19.3907
 25.6905
 21.2132
 24.5764
 19.105
 27.7489
 0
 18.3848
 0
 18.2483
 16
 16
 28.8791
 28.8791
 25.219
 0
 6.85565
 17.4929
 24.0624
 28.5132
 18.2209
 0
 27.6767
 20.6155
 14.9666
 14.8324
 30.7409
 24.5764
 19.4165
 21.1424
 26.0576
 24.8395
 17.6068
 25.2982
 54.9818
 23.3024
 26.096
 25.318
 20.445
 27.7849
 27.7849
 20.8567
 18.735
 18.1108
 25.3574
 0
 14.9332
 0
 23.9165
 8.544
 18.3848
 17.5784
 29.4958
 6.245
 21.7486
 21.7486
 16.8523
 26.9072
 22.9565
 33.7639
 21.1896
 6.9282
 26.4575
 13.4907
 17.1756
 26.9258
 21.4243
 19.3907
 26.9072
 20.0499
 20.0499
 28.0179
 20.5183
 20.8567
 19.8746
 19.8746
 19.5448
 19.799
 26.5707
 0
 0
 17.0587
 20
 24
 21.4942
 28.3549
 10.0995
 17.1756
 19.975
 22.7596
 30.8707
 13.6015
 21.7945
 23.6432
 28.775
 24.8596
 16.4924
 18.7883
 26.7021
 17.2916
 20.9284
 10.4403
 24.0416
 24.5561
 18.6548
 24.1868
 24.1868
 0
 19.3649
 13.2665
 18.2757
 26.4008
 28.2666
 23.9165
 23.4521
 19
 27.8209
 21
 0
 22
 20.8806
 23.0651
 0
 24.2074
 22.6053
 23.8328
 20.5183
 2.23607
 20.6398
 13.2665
 20.9523
 23.6643
 15.6525
 11.4018
 23.3452
 24.6374
 19.799
 21.3542
 18.7617
 20.4695
 20.2237
 9.21954
 12.3693
 23.3666
 19.8494
 11.5326
 29.5635
 24.1247
 27.6225
 18.5472
 22.5389
 28.4429
 9.64365
 23.8328
 0
 25.807
 23.8118
 20.6155
 27.2947
 24.4745
 0
 9.16515
 14.9332
 29.2062
 19.5448
 18.1108
 8.06226
 24.4745
 16.7929
 24.7184
 14.8997
 6.9282
 23.4947
 21.4709
 25.6125
 19.0526
 8.544
 18.3848
 29.0517
 20.3224
 27.4591
 0
 10.5357
 23.0868
 19.1311
 24.6779
 27.4408
 23.3666
 26.2869
 9.74679
 27.1846
 21.1896
 21.6795
 23.3238
 26.0192
 5.74456
 25.6515
 0
 25.3574
 21.3542
 0
 0
 26.2488
 12.3693
 23.4307
 28
 16.4924
 18.5742
 7.28011
 22.9347
 22.3607
 23.3238
 12.1655
 24
 24
 16.3401
 21.3542
 25.7876
 27.2947
 26.4575
 16.8819
 13.0384
 21.5174
 28.0713
 15.1658
 21.587
 20.0998
 19.4422
 27.6043
 18.3303
 20.6398
 21.9773
 19.9249
 27.0924
 0
