 23.9583
 34.2491
 28.8791
 25.923
 28.931
 22.1585
 21.6333
 18.7083
 21.5174
 20.9762
 25.5147
 22.9347
 28.3725
 27.4773
 24.4949
 23.6643
 23.6854
 23.6854
 21.7486
 19.0526
 18.0831
 17.8326
 18.5472
 15.906
 20.7364
 16.8226
 15.906
 17.4069
 14.9332
 17.2047
 17.3494
 15.3297
 19.6723
 21.5639
 14.7648
 10.583
 26.7582
 21.5174
 15.5242
 17.1172
 28.7228
 28.3549
 17.4642
 12.53
 28.3549
 27.1662
 14
 16.3401
 24.0624
 16.7332
 16.2481
 23.1517
 20.347
 14.4568
 16.1245
 16.0312
 25.5147
 16.3707
 17.2047
 21.0238
 0
 16.6132
 0
 16.3401
 19.0263
 0
 23.8956
 13.7113
 13.7113
 22.8692
 13.5277
 29.189
 16.6433
 28.3725
 13.5277
 23.4094
 19.0526
 23.6854
 15.4596
 20.9523
 19.799
 17.8885
 27.074
 21.5174
 27.6948
 15.5885
 23.1084
 18.4662
 21.9773
 22.7816
 18.2757
 17.2337
 24.454
 31.0644
 16.7929
 26.1343
 14
 25.9808
 14.9332
 19.5704
 20.3224
 22.7816
 18.0831
 18.3576
 24.5764
 19.6214
 0
 19.5959
 22.6495
 22.9783
 21.6102
 22.1811
 20.347
 29.6648
 16.0935
 28.0179
 15.906
 24.6779
 14.7648
 22.7816
 16.1245
 19.0263
 18.7883
 20.9045
 18.4662
 26.4953
 22.8692
 20.2978
 23.3452
 20.4939
 24.1454
 28.775
 25.2587
 30.7083
 19.5448
 28.775
 17.8045
 25.3772
 19.105
 24.1868
 14.9332
 20.4695
 17.2627
 18.7617
 21.4942
 26.0384
 19.6469
 27.5862
 19.6977
 27.55
 24.5967
 25.5343
 27.2213
 31.9531
 24.4131
 30.4959
 20.664
 28.9137
 18.4391
 17.9165
 24.7184
 21.0476
 18.4662
 19.799
 19.6214
 20.5426
 19.6723
 19.1311
 26.4953
 28.7924
 20.7605
 28.7576
 28.0179
 32.9697
 26.2679
 25.671
 32.9697
 21.166
 27.258
 25.6515
 25.6515
 22.8692
 20.8327
 19.105
 19.8494
 19.7737
 18.0555
 24.6171
 21.8861
 21.0476
 29.1719
 29.5635
 30.7246
 26.4197
 32.4191
 33.8821
 27.4408
 10.1489
 26.0192
 26.9072
 26.9072
 26.6646
 19.0788
 21.6564
 22.1811
 20.2731
 15.9374
 19.6723
 19.6214
 22.4054
 21.5407
 21.5407
 27.5862
 21.9089
 28
 29.9333
 32.2645
 30.315
 31.5119
 26.096
 28.8617
 26.2298
 22.1359
 26.0384
 22.5832
 17.6068
 19.8242
 16.4317
 19.6977
 19.8746
 20.9762
 21.5639
 23.1084
 23.622
 27.7128
 30.7409
 32.311
 29.2233
 29.2233
 33.5857
 33.0606
 29.8496
 26.4575
 28.8271
 22.1811
 23.7487
 22.891
 21.4709
 20.4939
 29.1548
 19.7231
 32.6343
 21.0238
 22.1811
 23.6854
 29.9833
 33.2265
 29.3939
 31.0966
 33.541
 26.8514
 31.9218
 28.3373
 28.0535
 24.6577
 23.3238
 22.2486
 20
 14.5602
 28.688
 17.4069
 25.1992
 19.1572
 22.9783
 24.1247
 28.0357
 26
 31.9687
 34.0441
 28.8444
 31.1448
 30.6431
 26.1725
 27.9464
 26.0384
 24.5764
 24.1039
 20.5913
 21.8403
 24.6982
 17.8885
 27.2029
 20.347
 21.4009
 30.692
 24.5764
 31.3369
 22.2036
 32.28
 25.3377
 31.6228
 27.7849
 29.1548
 27.9821
 28.3373
 28.3373
 25.219
 25.219
 25.2982
 23.1301
 23.1301
 19.0788
 19.0788
 17.7764
 17.7764
 23.3452
 16.5227
 16.5227
 31.3847
 31.3847
 22.8473
 37.7227
 20.3224
 35.8748
 23.3666
 33.8378
 27.2029
 26.0768
 26.8142
 31.8434
 27.1846
 30.0832
 23.4094
 26.9629
 21.9317
 26
 23.3024
 22.2711
 22.7816
 22.7816
 22.7816
 29.5635
 29.5635
 23.5372
 27.8568
 27.8568
 19.799
 0
 0
 27.7489
 22.2261
 32.665
 24.1454
 24.1454
 24.5153
 19.975
 32.7719
 32.7719
 27.2397
 32.3265
 22.9129
 20.9523
 25.7294
 30.5287
 23.0868
 22.891
 23.8537
 25.04
 25.04
 26.4008
 26.4008
 23.5797
 23.5797
 21.7486
 21.7256
 31.5278
 20.664
 20.664
 22.4499
 16.7929
 16.7929
 19.3132
 29.6648
 28.8617
 17.9165
 0
 21.9317
 29.3428
 14.2127
 25.0799
 24.5967
 18.6011
 33.2716
 19.2873
 19.4165
 19.4165
 26.0768
 27
 23.1517
 23.1517
 31.9218
 20.9045
 21.3542
 24.6779
 34
 15.6205
 20.3224
 27.258
 19.7737
 19.7737
 24.1039
 21.4009
 26.0768
 26.0768
 31.6386
 19.8494
 26.8142
 26.8142
 23
 30.8383
 21
 21
 25.593
 25.5734
 20.8806
 0
 23.1084
 15.4596
 20.1742
 0
 0
 18.1108
 23.4094
 0
 22.6053
 28.4253
 25.0599
 19
 24.7386
 24.0208
 18.3848
 29.1376
 26.8701
 20.2731
 26.9444
 18.2757
 22.1133
 29.9165
 15.6525
 18.303
 18.303
 21.7256
 25.5539
 25.02
 13.2288
 22.8692
 18.4662
 29.6985
 22.7816
 0
 31.6386
 22.2261
 22.2261
 22.2261
 19.8494
 32.4037
 14.6629
 21
 0
 22.9783
 24.1868
 15.1658
 21.9089
 19.975
 15.4272
 29.189
 28.7402
 20.347
 18.5742
 17.1756
 15.6844
 17.8606
 29.4788
 19.2614
 24.5764
 20.1246
 26.096
 17.8045
 17.8045
 22.6274
 18.2209
 15.9374
 20.2485
 19.1572
 20.9762
 16.7929
 28.688
 17.9444
 24.8797
 24.8797
 22.1585
 16.5529
 28.3725
 28.3725
 28.3725
 28.3725
 31.0161
 25.219
 20.9284
 15.906
 16.6433
 24.4949
 21.7256
 16.7929
 14.1067
 23.4094
 18.412
 24.5357
 12.9228
 23.1733
 23.1733
 15.1658
 22.6274
 15.9374
 22.561
 25.5147
 23.8537
 17.2047
 23.6432
 17.2337
 20.7364
 15.7162
 25.3377
 24.1868
 15.4919
 13.9284
 12.2882
 26.9815
 16.6733
 24.2899
 13.9284
 8.83176
 22.1359
 25.2785
 14.0712
 20.6398
 17.4642
 17.2047
 21.0238
 21
 21
 21
 16.7631
 29.1376
 27.5862
 14.1774
 12.083
 12.083
 12.083
 12.083
 17.8606
 30.8707
 16.1864
 0
 0
 0
 22.7596
 28.6356
 22.9347
 19.0263
 5.19615
 18.4662
 22.1133
 23.4307
 23.4307
 21.0238
 20.6155
 14.4568
 19.6977
 15.1327
 15.1327
 21.8632
 16.4012
 25.3574
 25.3574
 15.6205
 14.7648
 17.088
 18.4391
 18.4391
 18.4391
 18.4391
 24.6982
 39.1918
 17.7482
 13.1909
 23.7908
 23.1733
 16.6733
 21.2132
 18.2209
 13.3041
 16.6433
 20.2485
 17.2047
 19.3649
 15.3623
 18.4391
 20.2485
 22.5167
 12.8841
 12.3693
 0
 28.4429
 28.4429
 14.9666
 15.5563
 13.0767
 27.258
 27.258
 15.5885
 15.5885
 14
 14
 0
 18.6011
 22.8035
 22.8035
 22.2935
 22.2935
 20.2485
 22.5832
 21.4243
 31.4484
 15.6205
 18.3303
 13
 17.9444
 21.4476
 16.7332
 17.3205
 16.6733
 15.0997
 14.7309
 13.9642
 12.49
 26.1916
 16.1555
 14.2478
 14.2478
 17.0587
 17.0587
 19.799
 15.5242
 21.7025
 13.9284
 16.8523
 18.2483
 11.6189
 15.5885
 18.2209
 15.4919
 15.4919
 20.6882
 15.1327
 14.1421
 20.025
 20.025
 0
 22.5167
 22.5167
 21.8174
 13.9284
 14.6969
 11.2694
 32.249
 25.0599
 23.388
 23.388
 15.9687
 11.2694
 21.9317
 18.4391
 17.4929
 16.3095
 20.6398
 16.7033
 16
 21.3073
 21.4476
 19.6469
 16.4317
 9.59166
 23.0868
 19.5448
 20.2978
 19.8494
 12.5698
 12.5698
 12.5698
 0
 20.9045
 19.105
 24.4336
 11.7898
 21.4243
 15.5563
 16.5529
 15.6205
 25.2389
 22.6716
 15.1658
 13.8924
 23.5797
 14.8661
 22.1585
 13.8564
 20.2485
 17.1756
 14.9332
 20.2237
 11.5758
 17.5499
 19.105
 19.105
 19.105
 21.4942
 19.9499
 13.9284
 19.0526
 17.2337
 17.2337
 25.7099
 17.088
 5.56776
 5.56776
 12.9228
 12.9228
 18.4662
 17.6068
 24.96
 20.6155
 20.6155
 20.6155
 0
 19.799
 19.799
 20.025
 19.8242
 24.5357
 9.8995
 9.8995
 20.0499
 11.2694
 16.7631
 15.1327
 7.34847
 7.34847
 19.1833
 19.0788
 19.0788
 20.2731
 13.7113
 17.1172
 17.1172
 10.9087
 10.9087
 15.1658
 7.81025
 13.6015
 16.3401
 16.3401
 14.8997
 21.3542
 21.3542
 13.5277
 20.8806
 20.8806
 20.8806
