 30.2655
 35.4401
 19.799
 21.1424
 22.6936
 22.6936
 27
 28.6705
 30.8058
 26.2869
 33.1662
 33.0303
 32.218
 34.8568
 31.273
 32.2025
 29.6816
 35.242
 34.5398
 36.0555
 32.9545
 35.805
 32.665
 28.2312
 27.6225
 32.7261
 28.5307
 31.3528
 32.7414
 34.6121
 35
 34.6266
 36.1386
 36.7967
 22.2711
 27.6043
 35.1568
 37.8682
 23.4734
 22.8254
 35.6511
 32.4654
 23.4521
 25.04
 34.5543
 29.0172
 26.8887
 23.3238
 35.6371
 22.2935
 32.6497
 33.2716
 37.3898
 22.7596
 29.8329
 37.1214
 28.6705
 22.2711
 32.249
 29.5804
 0
 33.7639
 0
 34.1467
 34.9857
 0
 40.1995
 35.2136
 35.2136
 41.1339
 28.8791
 35.6651
 28.0535
 36.0278
 27.6586
 35.0714
 29.2062
 40.2741
 36.4555
 41.4608
 36.1248
 33.121
 36.2629
 36.1525
 32.187
 38.223
 33.3017
 38.0395
 37.1214
 42.4617
 37.108
 27.6043
 39.0512
 40.025
 29.6479
 39.6863
 31.0966
 42.107
 35.9861
 37.9605
 40.1995
 36.5103
 36.9459
 37.7227
 37.4833
 38.4708
 0
 39.5854
 36.0278
 41.2189
 43.4626
 40.0625
 39.6485
 41.1825
 33.8378
 38.0657
 33.4066
 43.1625
 36.6333
 43.6119
 37.9078
 42.7668
 41.2189
 37.3497
 40.1123
 42.5676
 43.8178
 44.238
 37.8682
 47.7074
 37.1349
 42.6263
 43.9773
 41.3159
 39.7115
 42.2374
 32.665
 45.618
 34.2345
 45.0888
 39.281
 42.7551
 40.7185
 41.9166
 44.643
 41.7612
 43.1625
 41.0122
 47.5184
 42.0951
 48.7134
 42.7785
 43.7035
 45.8148
 45.6289
 45
 41.1947
 48.4149
 33.0908
 38.1051
 48.5901
 45.4533
 40.5709
 43.6921
 42.9302
 44.7214
 44.3396
 46.5296
 42.4028
 42.0714
 50.8134
 43.7379
 42.1663
 44.7549
 45.1221
 47.0744
 45.3872
 41.1825
 50.01
 51.2543
 36.9594
 47.0425
 42.7317
 46.1952
 45.5412
 46.4758
 45.5082
 46.8295
 48.7545
 51.643
 47.244
 45.4753
 45.111
 46.1952
 47.9166
 51.5946
 48.0729
 17.6068
 47.0532
 50.8232
 50.8232
 52.8488
 41.5572
 40.0625
 49.2037
 46.2169
 46.7654
 48.3115
 50.2991
 50.7937
 50.3389
 13.9284
 44.0795
 55.0636
 47
 48.1144
 49.558
 46.1086
 49.99
 43.3935
 52.0577
 50.5866
 46.6369
 53.6283
 49.679
 40.5216
 48.6724
 41.6773
 48
 47.927
 52.4595
 47.3603
 56.6304
 51.8652
 45.0999
 50.9019
 50.7543
 47.0425
 49.6588
 51.7397
 52.2972
 51
 52.1728
 54.0463
 48.7237
 52.5928
 49.3964
 42.638
 48.239
 43.6807
 52.1057
 48.2494
 54.4426
 52.5452
 49.7795
 53.1131
 48.1871
 46.2169
 48.1664
 49.7594
 49.1121
 51.7977
 50.05
 54.4702
 51.7397
 51.8459
 47.9792
 49.8999
 48.9387
 44.1475
 52.1057
 47.1063
 55.2721
 48.2597
 52.2494
 52.2972
 49.7695
 48.1975
 47.4658
 50.5866
 54.69
 46.6476
 49.8999
 53.591
 50.636
 54.1018
 48.1975
 49.9099
 49.8698
 45.3652
 49.8096
 42.0714
 42.0714
 48.4149
 48.4149
 53.768
 47.1699
 51.4393
 51.4393
 49.1223
 53.0377
 50.8822
 48.8262
 53.1037
 48.0937
 48.0937
 52.0481
 52.0481
 56.3826
 50.6162
 47.8121
 46.3789
 53.9815
 54.1018
 54.1018
 56.8683
 43.6348
 46.2817
 51.6624
 51.6624
 48.5901
 59.0339
 51.1664
 64.2417
 48.3218
 58.1722
 48.5901
 54.7175
 48.6929
 47.6025
 49.3964
 47.9166
 49.4672
 45.0555
 50.5569
 44.8553
 46.7119
 56.7891
 51.8556
 45.5412
 51.342
 54.0648
 54.0648
 51.1664
 59.808
 59.808
 62.6817
 62.6817
 62.6817
 47.55
 59.439
 47.55
 56.1783
 56.1783
 47.8539
 47.8539
 55.5788
 45.0444
 48.9387
 55.5968
 46.6154
 50.03
 50.03
 56.6304
 68.0074
 46.0977
 46.0977
 65.7951
 65.7951
 48.9183
 48.9183
 60.4731
 53.768
 56.8155
 45.0888
 50.05
 52.192
 52.192
 50.1498
 53.1225
 50.3984
 50.3984
 52.5833
 48.7032
 53.5817
 53.5817
 56.4712
 48.9694
 56.7715
 50.5668
 53.3104
 59.1185
 46.3249
 57.4456
 45.4753
 45.4753
 56.5155
 56.5155
 49.96
 66.3551
 53.9537
 44.5197
 48.7134
 47.613
 54.9545
 48.5592
 52.4881
 52.45
 55.4166
 55.4166
 47.927
 58.3524
 48.0312
 48.0312
 53.3104
 55.0091
 45.793
 45.793
 54.4334
 50.3786
 47.571
 47.571
 49.8498
 50.4579
 54.3967
 54.3967
 50.8429
 56.8946
 49.224
 0
 0
 0
 48.0416
 0
 0
 47.0425
 51.4296
 56.6833
 56.6833
 56.5951
 50.7445
 47.8957
 54.037
 55.1906
 50.448
 50.448
 50.3786
 51.3323
 50.9019
 50.9019
 50.9019
 54.5894
 53.8609
 48.5901
 29.5296
 56.0268
 44.1475
 51.8845
 46.6047
 0
 49.7594
 53.7587
 42.7083
 24.3516
 52.3737
 52.144
 47.7912
 27.1662
 0
 0
 0
 48.6415
 48.6415
 52.4404
 47.8435
 56.6304
 55.0818
 47.9687
 50.2394
 58.3352
 44.3621
 57.4456
 49.5076
 51.8266
 51.8266
 50.5668
 49.5379
 57.1489
 57.1489
 50.4083
 38.1314
 51.3809
 55.9643
 49.7996
 22.3607
 53.8609
 50.892
 46.8508
 51.7301
 51.7301
 55.7046
 48.3115
 50.1797
 54.7083
 45.5302
 45.5302
 49.679
 58.1378
 50.1996
 50.1996
 46.7761
 52.9906
 43.4856
 43.4856
 47.9062
 53.2729
 44.5646
 41.9166
 46.4758
 51.1175
 51.1175
 51.1175
 51.1175
 51.1175
 43.1625
 54.1756
 29.5127
 29.5127
 29.5127
 50.5964
 48.8876
 48.8876
 48.8876
 40.1497
 42.1426
 57.3324
 47.0106
 50.6162
 43.9545
 43.9545
 53.8052
 37.1618
 42.5911
 42.5911
 45.1553
 55
 48.7032
 48.6313
 42.8019
 56.3116
 56.3116
 56.3116
 39.724
 46.4435
 30.7571
 47.0532
 47.0532
 47.0532
 47.0532
 47.0532
 48.2494
 49.6286
 50.1398
 50.1398
 50.1398
 50.1398
 49.8899
 49.1427
 38.7298
 43.1972
 50.4678
 41.7852
 42.8019
 45.0666
 55.254
 49.1833
 45.1664
 40.5093
 42.7668
 47.392
 47.4447
 44.2719
 41.1218
 51.6817
 51.6817
 42.4617
 40.2865
 39.6863
 65.2304
 65.2304
 40.5339
 0
 0
 0
 43.1393
 45.0888
 45.0888
 54.1387
 43.8976
 46.2493
 43.7035
 51.7494
 42.4853
 45.1996
 52.8678
 42.3792
 50.7543
 50.3984
 42.3792
 54.8179
 45.6399
 43.2897
 43.2897
 48.6826
 48.6826
 51.2152
 45.5522
 42.6615
 48.2286
 45.1221
 42.5088
 42.5911
 50.3389
 50.3389
 50.3389
 41.2189
 48.1871
 54.4518
 39.9124
 63.8122
 30.4959
 42.6732
 43.4396
 48.2804
 49.6286
 39.7492
 45.4863
 40.1622
 50.2991
 51.2152
 39.7366
 41.7732
 53.8424
 39.6106
 45.288
 43.359
 41.2432
 48.1975
 41.2553
 41.9166
 47.7808
 0
 43.4971
 40.4722
 41.2795
 44.3396
 45.3542
 48.4665
 54.827
 46.1519
 48.5592
 38.4448
 38.4448
 46.4543
 42.4146
 51.9904
 38.223
 53.9351
 53.9351
 49.7494
 45.8694
 27.9464
 42.8252
 38.1838
 41.7253
 45.0555
 42.6966
 24.1454
 46.3897
 53.9073
 43.4626
 45.2217
 39.4208
 48.6107
 43.4741
 23.7065
 39.3954
 48.6518
 40.9634
 19.6977
 51.8556
 40.8412
 44.5758
 42.5793
 37.8418
 51.4587
 19.5959
 45.5851
 45.5851
 33.8083
 0
 36.8511
 52.1824
 43.0116
 43.1393
 20.9045
 38.8844
 52.144
 41.2674
 39.3065
 22.4277
 43.359
 38.4708
 49.548
 30.4631
 21.0476
 39.8497
 40.8289
 54.7814
 39.5727
 19.5192
 42.5676
 42.391
 37.4166
 47.8226
 0
 21
 46.7761
 35.5106
 45.3542
 47.4658
 41.6893
 45.4863
 18.2757
 49.8096
 42.72
 37.4032
 36.4417
 39.6611
 20.6398
 51.225
 51.225
 83.8153
 40.6817
 40.6817
 19.6469
 42.391
 64.1093
 45.0333
 46.4973
 46.4973
 43.9545
 22.6495
 41.2916
 54.7357
 46.2061
 27.6043
 43.1625
 19.2873
 34.5977
 41.9643
 47.2229
 49.295
 46.4327
 34.7707
 36.6606
 42.5323
 51.225
 33.9117
 43.4511
 43.3359
 38.8973
 53.9907
 40.9268
 36.4829
 43.7035
 34.2929
 54.69
 54.69
