 14.5258
 18.412
 19.105
 20.8327
 20.8806
 20.8327
 14.0357
 10.9545
 9.84886
 8.12404
 13.5277
 10.0995
 15.9687
 12.7671
 13.7113
 12.0416
 15.748
 16.4621
 15.5885
 14.7309
 13.9284
 14.0357
 12.2474
 7.68115
 11.6619
 12.083
 12.8452
 11.8322
 10.9087
 14.0712
 10.8628
 9.8995
 13.4536
 14.9332
 10.3923
 6
 15.9687
 14.0712
 11.2694
 6.32456
 15.906
 16
 11.2694
 5.74456
 15.0333
 14.8324
 11.7473
 10.3923
 16.6132
 11.3578
 10.9545
 12.5698
 17.4356
 10.4881
 9.48683
 12.2882
 11.6189
 11.4891
 12.2066
 10.7238
 0
 12
 0
 11.2694
 14.7648
 0
 15.6205
 11.2694
 12.1244
 16.1864
 8.83176
 15.6525
 12.3288
 16.1864
 9.53939
 15.6205
 10.5357
 16.4924
 11
 15.6205
 14.2829
 13
 16.3095
 13.1529
 15.3948
 13.8924
 17.5214
 13.9642
 17.3494
 15.7797
 14.7648
 13.4536
 16
 18.9209
 10.0499
 17.3494
 9.38083
 18.2483
 9.27362
 14.0357
 15.9687
 15.1987
 15.8114
 13
 14.3178
 13.1149
 13.1149
 15.5885
 16.1864
 17.4642
 15.6525
 15.748
 16.6733
 19.2094
 10.0995
 16.5227
 9.69536
 18.2757
 9.69536
 18.2757
 10.6771
 13.4536
 17.6918
 14.1421
 13.9284
 16.7631
 15.6844
 15.6844
 14.9666
 15.6844
 15.7162
 18.2483
 17.3781
 16.6433
 15.6525
 16.5227
 13.8203
 16.5529
 13.4164
 17.5499
 11
 17.3494
 14.2829
 14.8324
 15.9687
 18.8944
 14.7648
 18.3576
 15
 17.6635
 15.843
 15.6844
 18.303
 20
 16.5529
 19.9249
 17.3494
 18.303
 13.0767
 13.8564
 17.8885
 15.6844
 14.7648
 15.5885
 13.8924
 16.5227
 14.7648
 14.7648
 18.303
 18.5742
 14.7648
 17.3781
 20.025
 19.105
 19.2354
 19.105
 19.0788
 17.3494
 19.2354
 17.4069
 13.1149
 17.3494
 16.5529
 15.7162
 17.5214
 16.4924
 14.7648
 17.5784
 17.3494
 16.4924
 20.2237
 18.7617
 17.3781
 17.4069
 17.5784
 19.105
 17.3781
 4.3589
 17.4069
 17.4642
 17.4642
 19.2614
 14.7986
 14.7309
 19.5704
 18.2209
 14
 14.7648
 18.1659
 17.3781
 16.4924
 13.9642
 19.1311
 16.4924
 18.2209
 17.4642
 17.4642
 17.4356
 19.1311
 19.9249
 19.975
 17.3494
 16.5529
 17.5784
 16.9115
 15.6205
 17.4642
 13.8924
 14.7648
 17.3494
 16.4317
 17.3781
 17.3781
 16.5831
 18.2483
 19.0788
 19.975
 18.5472
 19.1572
 18.2757
 19.1311
 20.0749
 19.9249
 20.8567
 19.0788
 20.0998
 15.7162
 17.3781
 14.7648
 16.6733
 14.7986
 19.3391
 14.7986
 19.8997
 19.9249
 15.6844
 19.105
 19.975
 19.2354
 19.975
 19.1572
 20.8567
 19.9249
 20.6155
 18.2757
 18.1659
 18.2757
 15.6844
 13.9642
 13
 13.8924
 14.7648
 14.7986
 15.6205
 17.3781
 15.6525
 19.9499
 16.5529
 19.1833
 19.975
 19.0788
 19.975
 19.1311
 18.2483
 19.9499
 19.9249
 20.0998
 14.3178
 14.7309
 17.8606
 12.1655
 13.2288
 15.6205
 18.1934
 17.3205
 17.3205
 16.5227
 16.4924
 17.4069
 17.3494
 18.2483
 18.303
 19.2873
 19.105
 19.105
 16.5227
 16.5529
 12.1244
 15.8114
 17.3494
 13.6748
 11.4018
 17.6918
 12.1244
 13.0384
 13.9642
 10.4403
 13.0384
 22.5167
 22.5167
 14.7309
 20.8567
 14.7648
 21.7715
 14.7986
 15.9374
 18.2483
 15.6844
 16.7332
 19.9249
 19.975
 19.2094
 14.7986
 16.8523
 16.5529
 20.3961
 14.0712
 18.0831
 15.1987
 9.48683
 8.7178
 16.8819
 16.8819
 13.8924
 16.4621
 16.4621
 15.6525
 0
 0
 19.1311
 13.9284
 18.4391
 13.1909
 16.5831
 16.4924
 14.3178
 17.5499
 9.32738
 18.2209
 15.6525
 14.7648
 13.2288
 18.1934
 15.7162
 17.3781
 14.0712
 14.8324
 15.6525
 14.1421
 16.6132
 9.53939
 15.5885
 16.0312
 18.5203
 13
 20
 15.9687
 15.9687
 13.1149
 14
 19.9499
 7.87401
 13.8924
 18.2483
 13
 0
 12.4499
 19.9499
 11.4455
 15.6205
 16.6132
 12.1244
 17.3781
 11.2694
 15.8745
 13
 14.7986
 15.7162
 15.3297
 13.8924
 18.2209
 14.7648
 14
 18.2757
 19.9249
 7.81025
 13.8924
 20.2731
 9.48683
 8.7178
 14.8324
 17
 7.81025
 7.81025
 19.1572
 15.0665
 10.583
 10.583
 14
 17.3781
 13.6748
 13.6748
 12.4097
 16.8523
 13.1529
 0
 16.5831
 8.7178
 12.2882
 0
 12.1244
 16
 14.7309
 0
 15.0333
 18.2209
 13.1149
 9.64365
 18.0831
 11.3137
 11.2694
 16.0312
 15.6205
 11.225
 14.7648
 12.6095
 15.6205
 17.4356
 8.66025
 13.9642
 13.9642
 13
 16.0624
 14.7309
 4.3589
 17.5784
 8.66025
 19.105
 7.93725
 0
 19.2873
 16.7332
 6.08276
 6.85565
 14.8324
 18.3303
 7.81025
 12.1655
 0
 13.3041
 18.5203
 7.81025
 13
 16
 9.59166
 12.9615
 18.2483
 13
 12.2474
 7.81025
 13.7113
 8.7178
 16.5227
 8.66025
 15.6205
 8.66025
 14.9666
 8.66025
 13.9642
 14.8324
 9.74679
 7.74597
 8.66025
 13.9284
 13.8564
 3.4641
 12.1244
 12.1655
 13.0384
 8.66025
 9.48683
 10.3923
 15.8745
 9.53939
 9.53939
 6
 19.3907
 13.9284
 7.74597
 7.74597
 6
 16.7332
 13
 11.3137
 7.74597
 13.1529
 14.3875
 15.6205
 7.74597
 14.3178
 14.7309
 9.53939
 13.0384
 12.8452
 17.5214
 12.2882
 13.9284
 10.3923
 13
 10.4403
 10.0995
 7.28011
 13.9284
 14.7309
 7
 6.08276
 3.74166
 14.7648
 8.66025
 16.4621
 5.38516
 0
 13.9284
 19.0526
 6
 6
 2.44949
 11.2694
 11.3137
 6
 9.53939
 9.53939
 1.41421
 16.6132
 13.1529
 10.4403
 3.31662
 3.31662
 3.31662
 3.31662
 10.4403
 18.2757
 6.08276
 6.08276
 2.64575
 2.64575
 12.6095
 18.2483
 13.0384
 8.66025
 9.48683
 10.583
 17
 13.8564
 10.3923
 9.05539
 13.0384
 11.6619
 11.4018
 7.74597
 10.6771
 13.1149
 12.9615
 15.8114
 7.81025
 9.64365
 11.3578
 13.8564
 7
 7
 7
 7
 17.3494
 9.59166
 10.3441
 1.73205
 4.3589
 13.8564
 8.66025
 11
 4.3589
 1.73205
 9.59166
 13.7113
 6
 7.93725
 3.4641
 9.69536
 8.83176
 6.9282
 4.24264
 1.41421
 0
 15.6525
 11.4891
 7
 6.08276
 3.31662
 15.7162
 10.3441
 6.85565
 10.3923
 5.09902
 5.09902
 0
 11.2694
 15.7797
 10.4881
 13.0384
 13.0384
 4.24264
 13
 13
 12.083
 7.87401
 6.32456
 10.9545
 9.53939
 8.7178
 7.2111
 10.3923
 9.53939
 7.81025
 9.69536
 5.09902
 2.23607
 13.4536
 7.14143
 6.9282
 6.9282
 4.24264
 4.24264
 6.08276
 6
 12.2474
 5.19615
 5.65685
 8.66025
 5.19615
 7.87401
 2.44949
 2.44949
 2.44949
 12.2066
 9.27362
 3.4641
 5.38516
 1.73205
 0
 7.81025
 10.3923
 15
 4.24264
 1.73205
 2.44949
 17.0587
 8.66025
 16.5227
 7.87401
 6
 3.4641
 14.7986
 9.59166
 7
 7.74597
 16.5529
 3.4641
 10.4403
 12.1655
 15
 9.59166
 7
 3.4641
 12.1655
 10.4403
 12.2066
 14.8661
 6.16441
 6.16441
 6.16441
 0
 8.66025
 11.2694
 13.0384
 6.7082
 17.3781
 2.44949
 9.53939
 10.6301
 9.27362
 16.8523
 4.24264
 0
 9.38083
 7.74597
 15
 2.44949
 5.74456
 1.41421
 6
 14.1067
 3.74166
 7.28011
 6.63325
 6.63325
 6.63325
 17.6635
 8
 5.19615
 6.63325
 3.87298
 3.87298
 7.28011
 13.8924
 6.48074
 0
 1.41421
 3.4641
 11.225
 13.9284
 7.68115
 6.9282
 6.9282
 6.9282
 0
 14.6969
 9.53939
 13.8924
 6.16441
 10.6771
 2.44949
 6
 17.4929
 5.19615
 0
 8.66025
 2.82843
 9.69536
 16.5529
 5.19615
 5.09902
 9.84886
 2.23607
 9.59166
 5.19615
 4.24264
 4.24264
 3.4641
 7.81025
 8
 7.07107
 8.83176
 4.24264
 15.1327
 15.1327
 1.73205
 6.08276
 6.08276
 6.08276
