 28.4429
 29.6479
 26.2679
 34.5688
 25.7682
 21.9773
 20.3961
 8.7178
 19.9499
 19.9499
 20.9284
 19.2873
 17.3781
 15.9374
 13.8203
 11.7473
 21.0238
 18.3303
 23.516
 21.2838
 17.4642
 14.2478
 14.1774
 11.6189
 9.21954
 12.8841
 13.8924
 23.8747
 13.0384
 25.3377
 17.2627
 24.6779
 28.2666
 21.9773
 12.8062
 14.8324
 17.8606
 26.9072
 11.6189
 9.32738
 22.5389
 12.8452
 11.7898
 16.5529
 13
 20.445
 19.8494
 10.8167
 18.735
 11
 8.88819
 3.60555
 20.9045
 9.8995
 6.85565
 19.4165
 22.6936
 10.0995
 11.7898
 15.1987
 0
 10.7703
 0
 21.4009
 20.5913
 0
 21.4942
 16.8523
 16.8523
 22.2935
 15.9687
 17.6918
 11.7473
 16.4621
 15
 16.6733
 22.9783
 20.8806
 15.9687
 23.1301
 19.9499
 14.2478
 20.025
 10.9545
 17.3205
 13.9284
 17.5784
 22.9129
 5.47723
 21.7486
 19.2614
 17.0294
 22.9565
 16.4924
 9.16515
 18.6011
 14.3527
 23.0434
 25.8263
 27.2764
 23.4734
 23.8747
 15.9374
 10.4403
 19.2094
 13.1909
 0
 20.6155
 11.5326
 23.388
 27.7849
 20.9762
 15.6844
 19.4422
 14.3875
 20.3224
 9.69536
 21.9545
 13.8924
 22
 29.0861
 30.0666
 17.1172
 24.6779
 11.3137
 19.2354
 13.9284
 23.3452
 16.5831
 32.1092
 21.4942
 22.561
 21.9773
 20.8567
 20.025
 19.6469
 10.3923
 24
 12.4499
 21.2838
 17.5499
 11
 26.9258
 12.3288
 25.7876
 25.6515
 11.8322
 19.1572
 25.7682
 18.1384
 28.8444
 23.3024
 25.6125
 19.8242
 23.1517
 24.3926
 19.3907
 25.865
 9.8995
 9.38083
 23.8956
 18.0831
 16.7332
 31.0161
 10.4403
 27.1477
 12.53
 20.0749
 22.2486
 21.2368
 32.0156
 27.7308
 20.9523
 21.7715
 25.9808
 21.8174
 22.8254
 18.6011
 23.4094
 26.0768
 8.18535
 19.0263
 12.4499
 20.9523
 12.6095
 32.0936
 11.7898
 25.9037
 22.5832
 30.8383
 22.1359
 22.2486
 27.9285
 25.8263
 24.0624
 25.219
 26.4575
 10.7238
 21.8403
 25.8457
 0
 23.388
 13.6748
 10.4881
 17.2047
 15.9687
 12.4097
 14.8661
 26.0192
 18.0278
 17.6918
 17.6918
 29
 32.8024
 23.6008
 28.1425
 23.6643
 21.9545
 24.7992
 24.0624
 27.9821
 22.6053
 20.8806
 26.2679
 21.7715
 10.7703
 13.2288
 8.7178
 9.8995
 16.7631
 14.7648
 24.0416
 31.5911
 32
 27.4591
 20.445
 21.9317
 24.6982
 22.891
 18.3848
 30.8058
 24.1247
 22.7596
 26.9629
 17.6918
 25.318
 15.5242
 13.2288
 12.0416
 13.0384
 19.2354
 14.7986
 30.348
 33.7194
 28.9482
 11.0454
 4.3589
 23.7276
 23.1084
 23.1084
 24.4745
 23.6008
 22.5832
 28.688
 20.6398
 24.8998
 24.8998
 15.1658
 11
 13
 17.4929
 10.3923
 31.1448
 22.7816
 32.0624
 27.6043
 28.2666
 13.0767
 8.12404
 23.7697
 6.9282
 24.1247
 26.4575
 25.1595
 25.2785
 28.3373
 19.1311
 15.6525
 13.4907
 17.8885
 16.6733
 13
 20.445
 13.5277
 13.5277
 22
 22
 29.1204
 29.1204
 30.7409
 30.7409
 25.6125
 24.8596
 24.8596
 27.258
 27.258
 27.1846
 15.2971
 25.1992
 24.2281
 13.9284
 17.8045
 21.9089
 10.4403
 15.1327
 15.1327
 11.2694
 15.1987
 10.583
 10.583
 24.6577
 17.9165
 34.2345
 30.4467
 21.3542
 32.3265
 28.5132
 34.5688
 27.9643
 32.1092
 26.7582
 29.8496
 26.7769
 27.2947
 19.2873
 19.0788
 18.2483
 26.1343
 18.5742
 15.5885
 15.9687
 14.3875
 14.3875
 26.0576
 21.4942
 27.074
 31.8904
 0
 27.8568
 31.5911
 39.128
 27.9821
 27.9821
 17.0587
 28.4253
 57.0877
 33.2415
 33.2415
 26.5895
 33.4813
 30.7571
 30.7571
 23.7487
 28.8791
 22.1133
 22.1133
 25.5343
 4.24264
 34.7419
 38.3014
 15.9374
 15.9374
 31.5753
 26.5518
 16.7033
 30.2324
 23.8537
 23.8537
 18.5203
 15.9374
 25.7682
 25.7682
 26.4008
 28.2489
 13.9642
 0
 8
 26.9815
 21.9545
 13.0384
 26.7208
 22.8473
 22.8473
 22.8473
 27.1109
 38.1314
 38.1314
 27.4591
 18.5203
 18.5203
 18.5203
 18.5203
 16
 24.5153
 24.5153
 31.8434
 23.1517
 27.6406
 33.2415
 33.2415
 30.1828
 26.0576
 16.7033
 16.7033
 28.8964
 23.8328
 15.6525
 15.6525
 17.4929
 25.2785
 18.4391
 18.4391
 23.5584
 25.671
 15.906
 0
 25.1595
 17.1464
 35.623
 0
 26.0576
 22.6495
 22.6495
 0
 32.8024
 32.8024
 23.3452
 35.6371
 35.2846
 18.6011
 18.2209
 18.2209
 34.7851
 15.3623
 15.3623
 15
 27.2213
 33.5112
 25.5343
 15.748
 15.748
 12.2474
 27.6225
 23.0868
 12.8841
 27.1662
 20.2731
 25.318
 18.2483
 0
 27.4591
 24.8797
 15.6525
 21.6795
 18.7083
 25.1794
 16.5529
 13.9284
 0
 15.1987
 23.8747
 22.8254
 27.037
 26.096
 21.2603
 16.5529
 28.4605
 28.4605
 23.1301
 24.2074
 32.7261
 26.9444
 26.9444
 19.7484
 26.6271
 16.6433
 28.2843
 26.2298
 26.2298
 33.2265
 11.6189
 20.6398
 35.805
 22.7156
 22.7156
 28.775
 31.5278
 23.6854
 34.2637
 34.2637
 33.0151
 19.1311
 27.4408
 28.931
 28.931
 29.2746
 25.7876
 27.4226
 10.9087
 10.9087
 19.0788
 28.0357
 16.7332
 26.4764
 19.0263
 25.318
 24.3311
 34.4093
 20.445
 19.0526
 25.3574
 25.3574
 26.0576
 24.7184
 21.7945
 15.4919
 18.6815
 18.6815
 18.6815
 27.9106
 15.8114
 22.2935
 21.3073
 21.3073
 19.8997
 33.3017
 16.6132
 16.6132
 18.0555
 14
 23.9165
 15.9374
 15.9374
 14.7648
 30.3645
 25.5734
 25.5734
 14.7648
 33.4216
 35.6791
 35.6791
 35.6791
 12.1244
 27.1477
 20.8567
 18.2209
 21.0238
 14.8997
 0
 32.7109
 17.088
 25.0599
 25.0599
 0
 0
 16.8226
 6.245
 25.5343
 25.5343
 23.4094
 27
 23.3238
 23.4094
 25.923
 26.1343
 19.7737
 23.6854
 24.0624
 24.6577
 18.2757
 19.7231
 25.7876
 21.5174
 15.3623
 15.3623
 22.2486
 20.0749
 19.975
 19.975
 15.1658
 16.5831
 0
 14.8324
 25.1992
 15.9374
 17.1172
 19.799
 14.4222
 18.6011
 18.6011
 21.1187
 24.4131
 16.6733
 22.7596
 27.2213
 27.2213
 26.1343
 26.6646
 33.4216
 36.9324
 14.9666
 22.6053
 0
 28.2135
 25.5734
 29.5973
 21.7486
 23.5372
 26.4386
 40.4475
 24.454
 26.8328
 26.8328
 0
 0
 22.1585
 26.3818
 26.3818
 26.0384
 26.0384
 15.9374
 24.8193
 26.0576
 23.9792
 28.5132
 28.5132
 24.5153
 24.0208
 36.4829
 36.4829
 22.6716
 22.2486
 25.1396
 18.735
 24.4131
 21.4942
 16.5529
 19.8242
 20.8567
 15.8745
 15.8745
 0
 15.9687
 17.8326
 17.7482
 20.4939
 18.5742
 18.5742
 23.1084
 19.5704
 19.4422
 13.9642
 7.81025
 7.81025
 27.1846
 32.5423
 13.5647
 26.096
 0
 28.7924
 28.7924
 6.245
 27
 14.9332
 28.7054
 20.3961
 27.1846
 5.38516
 23.7487
 24.4949
 28.8271
 22.7376
 22.8035
 20.1246
 29.0861
 3.74166
 23.8328
 23.3666
 20.9762
 4.89898
 17.3205
 21.4709
 24.0416
 21.9545
 25.219
 14.1067
 4.24264
 23.6854
 24.3105
 24.3105
 0
 24.3311
 13.5277
 19.0526
 21.4942
 6.9282
 22.6716
 18.7083
 18.7083
 19.6214
 7.28011
 20.9284
 26.096
 14.2829
 14.2829
 5.47723
 24.8395
 24.8395
 16.1555
 18.7083
 4.12311
 26.0384
 14.4568
 14.4568
 13.2665
 0
 5.47723
 5.47723
 19.975
 18.1384
 13.4907
 32.2335
 17.8885
 2.64575
 27.074
 23.0434
 21.7256
 21.7256
 31.4006
 5.19615
 20.7364
 27.7489
 19.799
 19.799
 0
 5.47723
 26.1151
 25.2587
 21.7025
 23.9792
 22.2486
 19.8746
 5
 26.5707
 28.7228
 22.6716
 14.7648
 24.3311
 6.08276
 30.7246
 19.0526
 24.5967
 25.4558
 22.9347
 30.0998
 12.8452
 22.5832
 23.6008
 28.2489
 22.6274
 15.1658
 17.8885
 25.2587
 23.8747
 20.8806
 21.3776
 24.5764
 26.1916
 0
