 39.1663
 37.4967
 29.6311
 36.9594
 29.95
 30.8545
 35.8329
 37.7094
 37.6032
 30.3974
 40.0625
 43.9659
 39.6232
 40.6571
 40.4228
 44.7102
 45.607
 49.5681
 46.8935
 49.1528
 46.7012
 52.7826
 54.7631
 51.6624
 49.6286
 57.9051
 46.0326
 41.5812
 50.9117
 37
 51.1566
 44.4972
 42.9884
 37.1753
 31.289
 43.1856
 39.1918
 44.1701
 31.3847
 43.8748
 47.7808
 44.4522
 31.3688
 45.3211
 48.6415
 47.7912
 40.4351
 31.257
 48.8057
 30.4467
 41.6653
 46.5725
 47.592
 29.5635
 39.064
 51.1175
 44.0114
 29.5635
 54.4151
 49.5379
 0
 0
 0
 46.6798
 48.775
 0
 42.2729
 48.7442
 48.7442
 42.9767
 47.0213
 50.5668
 49.4267
 54.4334
 44.4747
 55.9643
 38.923
 57.3498
 41.7852
 54.2402
 45.2106
 56.1516
 52.2303
 54.0278
 52.6403
 46.2061
 55.9464
 39.3446
 51.4976
 41.7612
 50.6656
 52.5262
 52.345
 56.3915
 53.9722
 62.546
 48.4458
 61.7819
 37.4433
 37.3229
 58.5406
 55.2178
 56.7362
 54.5894
 51.3615
 50.1398
 50.1398
 45.3652
 59.9833
 59.2284
 42.6497
 55.6956
 53.066
 58.4466
 56.0981
 61.3922
 52.0673
 44.0454
 45.1774
 60.8523
 39.8623
 40.5586
 59.8582
 50.7937
 56.9386
 59.3633
 50.892
 43.1161
 61.3677
 45.4863
 63.2535
 55.6687
 61.8304
 59.1693
 58.5662
 65.9848
 55.5698
 68.3008
 50.1498
 61.7495
 41.9285
 63.2693
 39.4335
 54.7357
 41.2916
 55.6327
 51.2835
 58.2924
 46.1736
 65.7951
 45.4643
 64.1483
 54.111
 63.206
 62.6339
 69.5701
 46.0652
 68.3959
 58.8643
 49.1935
 65.2304
 68.3301
 40.4475
 42.0119
 60.1747
 62.5939
 51.3517
 44.5646
 57.4195
 64.9461
 46.594
 54.8635
 68.7532
 59.9083
 67.1937
 64.4826
 70.484
 60.0333
 71.5052
 69.5557
 56.4978
 48.6621
 49.8197
 42.3556
 61.8708
 44.3621
 54.5436
 48.9694
 49.295
 48
 61.1474
 69.347
 50.5272
 71.6938
 63.8671
 74.6123
 71.0422
 31.1769
 68.7168
 73.8783
 73.8783
 73.1095
 63.8905
 55.9553
 65.2074
 49.6588
 65.0308
 59.808
 41.2068
 49.7896
 50.2593
 15.8114
 55.6507
 49.679
 51.5267
 56.7098
 64.4283
 69.8069
 75.306
 72.753
 78.1921
 72.6498
 70.6399
 74.9867
 71.6868
 66.3023
 64.7379
 57.2538
 60.7454
 46.0977
 52.2015
 41.3401
 51.4296
 48.6621
 56.4978
 53.9166
 62.3699
 68.0588
 75.0067
 75.04
 78.3071
 76.4984
 75.1598
 78.4474
 56.4801
 73.8715
 71.7496
 60.9016
 50.4777
 52.6118
 50.8626
 42.5323
 53.4603
 45.2106
 44.3734
 53
 58.2752
 57.5847
 68.9928
 73.9121
 50.2096
 77
 78.1793
 77.479
 74.1148
 71.6031
 67.7348
 63.7887
 72.3464
 61.0819
 64.4826
 52.3737
 73.2462
 41.3401
 48.6621
 69.029
 49.5278
 94.0744
 94.0744
 94.0744
 77.2722
 54.4885
 75.379
 76.2365
 75.0666
 68.942
 73.0411
 55.6597
 55.6597
 66.6558
 76.1577
 58.7452
 75.2064
 50.6162
 69.5701
 44.3283
 53.9351
 42.2729
 42.2729
 66.4078
 66.4078
 64.6838
 52.0096
 77.408
 79.4858
 79.4858
 76.5376
 76.5376
 85.6154
 53.1601
 53.1601
 66.2344
 54.037
 54.037
 78.6893
 78.6893
 59.7829
 52.0192
 68.8404
 68.8404
 68.8404
 56.6833
 44.0114
 58.1636
 50.3786
 85.0941
 61.7657
 61.7657
 74.7596
 72.9726
 78.613
 66.6408
 72.6292
 84.9765
 52.2111
 86.666
 65.9773
 67.2086
 79.4733
 62.2174
 62.2174
 73.1505
 73.1505
 46.3789
 46.3789
 46.3789
 49.2138
 0
 0
 0
 0
 0
 0
 0
 0
 0
 0
 0
 0
 0
 0
 0
 0
 0
 0
 0
 0
 0
 0
 0
 0
 0
 0
 0
 0
 0
 0
 0
 0
 0
 0
 0
 44.7102
 53.4696
 68.2715
 68.2715
 76.5049
 76.5049
 57.7408
 54.8452
 75.8683
 90.5483
 62.9285
 83.4566
 69.5414
 69.5414
 50.3984
 77.0195
 75.0999
 61.9193
 69.728
 75.921
 56.9386
 60.5558
 87.47
 56.1249
 69.9357
 90.2497
 50.5866
 50.5866
 61.7252
 86.8447
 69.9857
 69.9857
 65.3376
 82.5227
 82.5227
 82.5227
 78.6766
 55.0545
 51.049
 51.049
 43.3705
 43.3705
 60.8441
 60.8441
 60.8441
 65.123
 70.8237
 70.8237
 53.7215
 59.9833
 53.1131
 53.1131
 53.1131
 65.6201
 97.8008
 82.6982
 82.6982
 50.7839
 55.0545
 77.801
 65.7267
 55.4977
 76.4788
 76.4788
 71.9514
 80.5295
 50.05
 50.05
 50.05
 56.5332
 89.23
 67.9485
 67.9485
 87.6869
 68.4471
 58.3695
 58.8218
 58.8218
 55.9821
 80.8764
 62.7455
 62.7455
 77.608
 59.6574
 53.3292
 53.3479
 53.3479
 75.0533
 83.0361
 47.55
 44.0454
 68.4398
 44.3621
 73.5527
 43.2551
 55.1996
 59.1861
 57.81
 57.81
 88.0057
 60.9508
 54.2771
 54.2771
 56.7627
 72.8217
 82.553
 82.553
 80.0375
 57.5847
 58.5491
 53.0189
 72.111
 47.4552
 68.8549
 67.6683
 61.8142
 61.8142
 61.8142
 82.5227
 82.5227
 55.4617
 89.95
 89.95
 80.1436
 80.1436
 87.5386
 56.9561
 56.9561
 62.6259
 81.1911
 81.1911
 51.7011
 60.8605
 82.5106
 82.5106
 82.5106
 65.169
 74.8131
 74.8131
 59.1608
 65.5591
 65.5591
 52.3737
 77.4145
 77.4145
 52.2781
 52.2781
 52.2781
 52.2781
 52.2781
 90.5925
 51.3517
 55.5878
 55.5878
 55.5878
 66.0681
 59.7411
 59.7411
 41.4729
 49.2138
 76.3479
 44.5197
 44.5197
 81.0987
 57.6281
 71.7217
 58.2323
 53.4883
 53.4883
 35.3553
 35.3553
 56.542
 48.1144
 48.1144
 48.1144
 48.1144
 48.1144
 48.1144
 48.1144
 55.3263
 68.7895
 68.7895
 68.7895
 68.7895
 50.8035
 61.79
 51.4393
 50.04
 85.6329
 57
 56.6745
 56.6745
 83.1505
 67.6979
 52.3355
 66.0908
 66.0908
 66.0908
 75.8947
 53.8238
 55.7405
 77.8396
 77.8396
 60.1249
 58.4722
 56.8946
 92.2117
 92.2117
 47.6655
 0
 0
 0
 0
 0
 0
 41.3401
 61.0328
 61.0328
 55.0454
 53.6656
 53.2823
 53.2823
 71.2881
 44.2832
 74.0338
 61.1964
 54.461
 76.5833
 49.051
 48.9387
 48.9387
 66.8954
 66.8954
 55.6147
 67.4018
 58.1722
 59.5987
 59.5987
 53.4416
 57.0438
 67.7126
 67.7126
 67.7126
 52.5357
 52.5357
 78.6384
 54.3875
 93.0215
 48.6929
 48.6929
 47.2864
 58.6089
 82.6741
 59.5399
 58.5662
 50.5866
 81.6456
 51.9615
 51.9615
 57.6108
 56.4535
 46.1086
 46.1086
 65.1306
 48.1975
 80.0937
 56.4889
 75.6042
 75.6042
 75.6042
 55.0273
 44.7772
 51.6624
 56.0714
 68.5128
 49.1935
 50.3984
 56.4889
 72.1388
 53.3104
 53.3104
 53.3104
 51.7397
 70.4344
 70.4344
 56.5509
 56.5509
 56.8155
 62.3378
 34.7563
 58.5918
 58.5918
 53.9815
 56.205
 48.7032
 31.305
 64.2962
 76.9285
 108.065
 58.8897
 53.6656
 70.8308
 63.5138
 34.9142
 34.9142
 83.4446
 47.3286
 34.0734
 68.5201
 51.3225
 58.0431
 47.9166
 47.9166
 79.404
 32.1248
 66.7383
 66.7383
 48.8672
 48.8672
 48.8672
 86.2902
 43.9773
 43.9773
 34.0588
 50.1298
 83.3307
 54.3967
 45.3982
 33.1059
 73.089
 48.6107
 55.5968
 55.5968
 32.249
 55.8122
 59.1185
 77.6917
 77.6917
 31.749
 55.6956
 65.8483
 60.2495
 83.6541
 83.6541
 35.426
 60.6548
 60.6548
 55.109
 80.075
 49.7393
 69.3686
 32.7261
 48.2079
 55.6147
 57.4456
 49.4773
 58.8727
 35.1426
 35.1426
 35.1426
 35.1426
 59.0169
 59.0169
 59.0169
 65.8787
 65.8787
 47.8644
 59.4643
 59.4643
 59.4643
 32.7872
 45.2327
 80.1623
 68.1175
 68.1175
 43.8292
 43.8292
 58.5662
 57.4456
 77.8524
 49.5782
 71.232
 50.9117
 48.1144
 44.6766
 59.1016
 44.3509
 70.6258
 70.6258
 58.4722
 77.026
 63.7652
 58.5747
 54.1295
 54.1295
 81.6211
 81.6211
