 37.7094
 30.1164
 29.1376
 35
 36.9459
 36.9459
 13.9284
 22.2036
 17.8326
 17.8326
 22.7816
 28.8964
 28.2666
 33.2716
 23.3452
 24.4745
 18.303
 20
 11.2694
 14.7648
 2.23607
 13.1909
 10.4881
 15.3297
 13.9284
 11.2694
 1.73205
 12.8841
 4.79583
 14.7648
 15.1327
 11.2694
 14.6969
 26
 3.87298
 6.08276
 34.4384
 32.3419
 6.48074
 10.3923
 39.281
 31.6544
 6
 6
 28.8964
 35.6371
 12.4499
 6.7082
 20.9523
 7
 12.7279
 23.4521
 13.4164
 6.9282
 17.1172
 0
 34.0294
 7.34847
 14.7986
 25.3772
 0
 11.4018
 0
 4.24264
 17.8885
 0
 18.1659
 7.07107
 0
 30.8221
 5.2915
 35
 8.12404
 33.8231
 4.3589
 23.7487
 14.3178
 15.6525
 14.7309
 4.12311
 27.6767
 12.7671
 36.4966
 15.1987
 32.218
 6.9282
 28.5307
 19.0526
 13
 29.8998
 10.1489
 1.41421
 34.9857
 38.0789
 14.8324
 30.692
 4.69042
 19.1833
 12.3288
 18.5742
 10.583
 28.0535
 6.9282
 16.5529
 33.2716
 10.583
 0
 14.1067
 27.0924
 20.2485
 28.2489
 35.9444
 10.3923
 37.5899
 9.32738
 29.9165
 14.8324
 20.8567
 6
 10.4881
 12.2882
 22.6495
 7.81025
 28.775
 19.0788
 33.8526
 13.1149
 19.2873
 31.9687
 32.8177
 24.0208
 37.1214
 17.4356
 37.3497
 5.19615
 29.189
 13.9642
 20.025
 13.9642
 8.48528
 4.24264
 15.4272
 15.1327
 20.8327
 24.2487
 34.6843
 14.5258
 39.3319
 15.5885
 34.7994
 28.1247
 26.9444
 36.9459
 37.1753
 16.5227
 29.2746
 6.85565
 20.8327
 14.7986
 16.5227
 7.07107
 11.2694
 6.63325
 19.3649
 22.6053
 30
 15.6205
 15.9374
 34.6121
 38.7943
 27.9464
 37.0405
 34.9285
 38.5876
 23.4521
 15.7162
 30.1662
 8.06226
 22.5832
 8.77496
 20.8567
 10.3923
 18.1934
 6.9282
 21.7486
 16.7332
 16.6132
 29.95
 19.4936
 29
 36.6197
 37.4166
 38.4187
 28.7054
 38.3014
 31.9218
 22.6274
 29.4958
 7.14143
 23.4734
 23.4734
 10.4881
 14.7986
 24.3311
 13.2288
 10.6771
 25.2785
 16.7332
 6.85565
 23.8537
 18.3848
 18.3848
 34.0881
 26.9629
 38.3536
 36.6606
 41.4367
 36.2077
 30.5614
 28.8271
 22.561
 20.0749
 10.4403
 12.083
 7.74597
 22.561
 21.7025
 23.516
 21.9545
 10.7238
 19.0526
 14.1067
 27.7669
 29.0861
 34.3657
 40.2865
 42.2493
 41.4126
 37.4299
 42.6028
 28.6705
 28.8617
 17.8885
 18.1934
 13.4164
 4.69042
 19.9499
 21.7486
 22.6716
 23.7065
 11.2694
 14.1067
 23.516
 18.2757
 33.3617
 28.3373
 36.647
 39.6737
 40.5339
 40.5339
 37.6829
 22.7596
 25.3377
 19.1572
 21.1424
 5.47723
 5.47723
 22.6495
 25.1992
 25.4165
 12.1655
 25.1794
 20.8567
 5.74456
 19.5704
 14.7986
 34.7131
 20.199
 26.0192
 40.1123
 25.5147
 41.2311
 34.3366
 12.4499
 26.2488
 3
 16.3401
 19.105
 24.2899
 16
 12.4097
 25.4165
 10.9545
 21.9773
 21.9773
 8.60233
 8.60233
 20.9045
 0
 31.6544
 31.6544
 43.6578
 42.2137
 42.2137
 29.2916
 0
 18.3576
 18.3576
 16.4924
 5.74456
 28.0179
 15.3297
 8.66025
 23.6008
 23.6008
 23.6008
 27.8747
 20
 21.9545
 0
 8.12404
 16.7332
 24.5561
 14.3527
 33.9853
 26.1916
 45.4643
 42.391
 40.4969
 45.7384
 30.1828
 45.5082
 18.2209
 32.3419
 9.84886
 27.5862
 17.9165
 8.66025
 16.4621
 22.561
 17.2916
 25.2982
 0
 6.08276
 16.5227
 16.5227
 5.74456
 0
 0
 36.2491
 12.3693
 45.8476
 45.8476
 45.8476
 40.9023
 40.9023
 40.4846
 40.4846
 29.3087
 43.4281
 37.3497
 37.3497
 37.3497
 36.8646
 39.7492
 39.7492
 39.7492
 43.5086
 43.5086
 14.4222
 14.4222
 14.4222
 22.7376
 6.9282
 26.4008
 35.0286
 6.08276
 0
 17.8885
 21.7025
 41.5692
 0
 1.41421
 35.7631
 21.8174
 0
 23.1733
 20.8806
 8.83176
 43.4281
 9.38083
 11.3137
 11.3137
 11.3137
 7.48331
 7.48331
 7.48331
 33.4813
 21.2838
 21.2838
 21.2838
 21.2838
 24.6171
 20.0499
 20.0499
 3.60555
 6
 29.2575
 10.0499
 0
 29.5296
 13.2665
 20.5913
 0
 37.47
 7.81025
 26.7582
 0
 19.2614
 38.4578
 14.7309
 0
 3.87298
 22.891
 22.6053
 0
 11.7898
 13.8564
 16.3707
 0
 9.38083
 6.08276
 6.08276
 0
 34.3948
 34.3948
 20.567
 15.3948
 41.1461
 32.5423
 28.6531
 28.6531
 40.9023
 16.5529
 16.5529
 14.7648
 15.748
 41.0853
 3.87298
 9.69536
 0
 18.9473
 34.3511
 4.24264
 8.12404
 21.3307
 15.1658
 36.1525
 6.32456
 0
 40.5216
 3.87298
 27.4591
 8.06226
 10.9087
 35.0286
 17.8606
 28.2666
 0
 21.7025
 20.8806
 5.65685
 29.6479
 3.74166
 5.19615
 18.2209
 31.3847
 31.3847
 14.4222
 8.66025
 24.4745
 5.65685
 5.65685
 23.0868
 19.9249
 21.7256
 38.8072
 23.0434
 23.0434
 27.9106
 9.32738
 8.66025
 31.607
 25.219
 25.219
 4.47214
 35.7491
 4.58258
 28.0179
 28.0179
 34.9571
 13.1909
 37.9342
 28.0357
 28.0357
 28.0357
 34.3657
 13.4907
 27.6948
 0
 30.9193
 21.0713
 24.2693
 25.5539
 24.1247
 4.3589
 11.3137
 33
 6.48074
 14.8324
 14.8324
 14.8324
 22.8692
 7.34847
 13.4907
 21.7025
 10.4403
 10.4403
 10.4403
 8.12404
 26.7395
 23.1301
 11.0905
 11.0905
 7.93725
 11.2694
 26.2679
 26.2679
 10.6771
 10.8167
 8.66025
 10.4403
 10.4403
 22.9783
 3.4641
 18.5742
 18.5742
 33.0757
 21.5174
 29.4958
 0
 0
 13.2665
 34.1028
 15.6205
 8.544
 2
 2
 2
 2
 6.9282
 39.2556
 39.2556
 39.2556
 39.2556
 39.2556
 28.7924
 28.5482
 28.5482
 16.0312
 19.5704
 22.9347
 17.3494
 35.9722
 9.69536
 30.133
 18.4391
 1.73205
 20.6155
 7
 15.1327
 15.0997
 13
 14.0712
 14.0712
 13.5277
 7.34847
 12.2474
 12.2474
 12.2474
 28.4956
 0
 17.2337
 39.1024
 9.48683
 22.4277
 22.4277
 16.3095
 11
 11
 10.5357
 3.4641
 15.9687
 33.0757
 30.1496
 30.1496
 1.73205
 13.8924
 20.0499
 14.1421
 9.53939
 1.41421
 1.41421
 35.805
 8.66025
 2.23607
 6.7082
 2.44949
 32.6497
 24.1454
 12.4097
 18.2757
 18.2757
 0
 0
 24.1039
 16.8523
 16.8523
 27.4044
 27.4044
 10.0995
 29.3939
 13.1909
 2.44949
 17.3494
 17.3494
 12.49
 21.1424
 14.7986
 14.7986
 5.19615
 11.8322
 3.74166
 4.89898
 7.34847
 28.2843
 12.3288
 12.8062
 2.44949
 28.3901
 28.3901
 0
 15.9687
 13.4907
 25.7682
 18.8414
 15.1327
 15.1327
 8.66025
 9.79796
 13.6382
 20.2485
 20.2485
 20.2485
 10.4403
 6.245
 18.6279
 7.48331
 0
 18.4391
 18.4391
 17.9165
 5.38516
 9.84886
 7.34847
 30.7409
 12.9615
 20.9284
 23.3666
 4.89898
 5.74456
 31.9061
 14.7986
 10.3923
 14.1421
 19.799
 11.225
 13.9642
 12.1655
 20.1742
 13.2288
 21.3542
 1.73205
 3.16228
 26.7395
 19.799
 19.799
 3
 3
 3
 0
 23.3666
 21.7025
 9.16515
 13
 17.3781
 2.44949
 25.7488
 25.7488
 25.2389
 15.9687
 22.6716
 6.9282
 30.1164
 30.1164
 16.4317
 6.55744
 6.55744
 28.8964
 5.56776
 16.4621
 21.5174
 20.3715
 20.3715
 29.9833
 0
 20.199
 20.199
 3.87298
 11.0454
 26.6458
 22.4054
 24.6374
 19
 3.4641
 6.55744
 0
 0
 33.0757
 17.8045
 19.7737
 19.7737
 47.571
 47.571
 47.571
 14.8997
 28.4956
 30
 6.245
 23.3666
 1.41421
 21.5639
 15.3623
 23.3024
 7.68115
 28.0357
 4.69042
 28.2843
 15.4272
 15.1658
 20.9762
 21.3776
 3
 14.3178
 20.1494
 13.6015
 23.4094
 7.34847
 20.8806
 3.4641
 19.7231
 15.6844
 6.9282
 1.73205
 21.4942
 12.4499
 21.1187
 0
 0
