 42.6263
 27.9285
 17.8606
 14.9332
 15.5242
 15.5242
 20.8567
 40.8412
 36.524
 36.524
 40.9145
 53.0943
 39.3319
 52.9906
 44.1248
 45.288
 25.5343
 31.289
 21.4709
 26.0576
 23.4521
 35.7211
 37.6032
 33.9706
 33.8674
 40.9268
 28.3373
 16.4924
 38.1707
 30.2655
 39.37
 16.7332
 27.2397
 47.1381
 24.454
 21.6795
 52.0288
 52.192
 25.318
 31.273
 56.1605
 50.319
 25.2389
 36.9459
 43.1856
 50.6261
 31.496
 24.4745
 32.0312
 23.7276
 45.6837
 51.3615
 23.8537
 24.8596
 43.4166
 26.9258
 57.1227
 24.8998
 41.7133
 50.4678
 50.4678
 43.0233
 0
 38.5616
 25.923
 0
 47
 26.3249
 0
 0
 27.3679
 55.2268
 34.7707
 48.5798
 34.9571
 31.3369
 35.1994
 30.315
 44.5533
 24.0208
 49.7494
 39.1152
 59.6741
 47.8853
 48.9694
 43.4856
 36.2905
 47.0532
 43.4281
 52.9717
 21.7715
 26.1725
 52.1536
 52.2685
 42.6849
 38.0263
 43.9773
 24.454
 36.2491
 40.8167
 23.8747
 50.1697
 32.1559
 48.9898
 53.7494
 49.4469
 0
 0
 35.6371
 33.4066
 50.9117
 56.0625
 24.8193
 53.7494
 35.6931
 31.6544
 44.7437
 21.7715
 45.0666
 26.1916
 39.5095
 46.7761
 35.6651
 47.0638
 53.1601
 53.1695
 50.5074
 52.8772
 42.0595
 54.074
 21
 53.7773
 36.5787
 46.7226
 23.0217
 30.8707
 39.1408
 42.3084
 44.0114
 27.9285
 45.3982
 41.8808
 44.4185
 55.0908
 47.8644
 47.9062
 56.4092
 49.97
 49.7695
 37.1753
 53.2729
 52.4881
 51.4296
 49.2443
 28.9655
 27.4408
 21.7945
 44.4072
 44.3959
 52.7352
 28.4429
 35.6651
 49.5681
 41.7373
 57.5934
 51.2835
 58.1808
 55.3805
 53.4509
 48.6107
 52.5547
 52.9434
 32.7261
 51.8652
 47.1275
 32.218
 30.7734
 24.8193
 49.8899
 27.8209
 50.7642
 33.1361
 57.2887
 48.9387
 56.8243
 42
 60.0833
 51.9904
 57.8965
 55.9553
 52.469
 42.9884
 59.0931
 22.561
 55.8838
 34.5832
 45.8694
 30.282
 23.6432
 51.817
 51.817
 27.8927
 39.128
 56.7362
 37.4566
 55.0454
 58.5833
 61.4085
 49.0612
 60.7618
 62.4099
 62.4099
 43.5546
 55.2359
 52.0481
 51.1371
 55.9106
 41.2795
 31.6228
 20.9762
 52.9528
 51.923
 51.923
 27.5862
 31.8119
 52.1344
 56.0089
 62.8967
 65.8027
 58.0172
 65.7343
 53.3479
 60.05
 54.4151
 45.6289
 71.2952
 60.7207
 51.8845
 36.8782
 50.04
 20.9523
 44.486
 34.4964
 42.8135
 30.5287
 31.607
 50.6261
 54.2494
 64.3351
 64.7302
 57.4717
 62.522
 57.2364
 46.7974
 52.915
 67.5352
 57.9741
 56.5509
 47.6025
 47.6025
 42.1663
 29.9833
 44.5982
 29.5804
 37.4967
 27.7849
 27.7849
 53.066
 66.2797
 58.7452
 62.1691
 68.1689
 55.6237
 53
 49.8899
 47.3286
 54.2033
 42.6966
 63.616
 54.4243
 70.9084
 72.5259
 72.5259
 50.636
 53.6749
 42.4382
 42.4382
 47.833
 66.5808
 40.8901
 59.7244
 40.1123
 40.1123
 65.7875
 65.7875
 57.6194
 57.6194
 55.9732
 55.9732
 47.571
 47.571
 60.349
 38.6135
 38.6135
 19.5192
 0
 49.366
 49.366
 49.366
 22.383
 66.2873
 42.6966
 42.6966
 72.7736
 72.7736
 72.7736
 64.7688
 63.8357
 65.1613
 65.1613
 48.5901
 71.2039
 47.2652
 63.773
 58.8133
 43.2319
 68.2129
 58.3866
 35.0428
 58.438
 20.347
 53.963
 46.2385
 54.4794
 54.4794
 60.2246
 45.2548
 42.8019
 43.8406
 58.0517
 62.6578
 64.1015
 64.1015
 53.301
 71.7705
 71.7705
 63.2693
 63.2693
 63.2693
 47.4447
 52.9434
 65.4523
 65.4523
 65.4523
 35.7491
 35.7491
 55.3353
 55.3353
 20.9045
 40.8901
 40.8901
 0
 0
 49.679
 74.2496
 74.2496
 74.2496
 57.9828
 57.9828
 24.4336
 24.4336
 24.4336
 45.7056
 28.7402
 63.2851
 63.2851
 26.4197
 0
 0
 0
 44.7102
 0
 0
 29.5635
 67.6979
 67.6979
 68.6513
 30
 68.4471
 68.6222
 46.4973
 65.7039
 65.7039
 65.7039
 22.7376
 22.7376
 22.7376
 22.7376
 53.8795
 53.8795
 53.8795
 53.8795
 66.174
 40.8289
 0
 44.699
 33.0454
 29.7825
 45.9565
 0
 42.45
 59.3549
 43.4281
 0
 0
 26.096
 62.3057
 62.3057
 47
 73.797
 59.0678
 59.0678
 52.8867
 52.8867
 66.4003
 66.4003
 38.4968
 70.0286
 40.7799
 0
 0
 32.8786
 32.8786
 0
 0
 0
 46.5833
 54.0925
 54.0925
 73.3348
 64.2651
 64.2651
 48.0937
 69.5198
 69.5198
 69.5198
 48.1871
 48.1871
 51.7107
 51.7107
 51.7107
 51.7107
 43.9431
 34.4238
 34.4238
 31.4484
 36.4555
 50.1298
 44.8219
 0
 0
 0
 0
 27.8209
 29.5635
 75.0067
 60.4814
 34.0881
 0
 0
 35.2278
 52.5642
 52.5642
 37.3765
 48.7237
 66.4981
 66.4981
 66.4981
 41.4849
 65.7419
 20.6882
 62.6339
 62.6339
 53.9166
 53.9166
 64.3351
 40.5463
 61.5386
 61.5386
 56.8155
 56.8155
 58.5491
 54.7905
 62.0081
 62.0081
 44.5084
 46.0652
 26.4008
 26.4008
 0
 34.3657
 35.426
 55.3986
 25.2785
 0
 0
 0
 44.4185
 49.5278
 0
 0
 0
 0
 0
 0
 22.8035
 22.8035
 22.8035
 53.6283
 33.4216
 33.4216
 0
 0
 0
 0
 0
 24.6982
 0
 0
 0
 0
 0
 0
 0
 36.6879
 62.4019
 62.1772
 62.1772
 34.7707
 34.7707
 65.7343
 36.524
 36.524
 36.524
 36.524
 61.2944
 61.2944
 71.8192
 71.8192
 50.4777
 50.4777
 50.4777
 50.4777
 47.2652
 28.8964
 36.5103
 36.5103
 36.5103
 36.5103
 36.5103
 36.5103
 36.5103
 36.5103
 36.5103
 0
 0
 0
 0
 0
 27.037
 18.6548
 27.7669
 27.7669
 27.7669
 54.4518
 69.0507
 69.0507
 69.0507
 25.2587
 53.2447
 27.4044
 27.4044
 33.0757
 37.4433
 0
 0
 39.0256
 36.2767
 36.2767
 36.2767
 36.2767
 0
 0
 0
 39.5348
 39.5348
 39.5348
 39.5348
 45.793
 45.793
 35.4824
 58.6941
 58.6941
 58.6941
 67.1789
 67.1789
 51.1762
 51.1762
 36.4829
 42.5911
 42.5911
 26.0576
 26.0576
 51.6914
 51.6914
 54.074
 44.5646
 28.3725
 67.624
 19.6723
 27.4408
 33.6006
 33.6006
 0
 0
 41.9404
 47.3181
 47.3181
 26.9444
 26.9444
 36.1386
 52.8961
 52.8961
 41.3159
 16.6132
 16.6132
 36.0555
 20.1742
 43.4051
 43.4051
 26.7021
 35.242
 50.1498
 27.4226
 32.7414
 52.3068
 31.1769
 35.1568
 34.7419
 52.9906
 52.9906
 52.9906
 41.7373
 37.8946
 37.8946
 46.3681
 47.592
 47.592
 40.5832
 42.2611
 57.9741
 47.9062
 47.9062
 47.9062
 31.3209
 39.0256
 41.3038
 57.9137
 57.9137
 33.5559
 33.5559
 30.3645
 30.5941
 40.05
 20.9045
 45.913
 45.913
 30.692
 26.7395
 54.4426
 54.4426
 54.4151
 34.0588
 53.5257
 40.1248
 31.4006
 31.4006
 23.388
 39.3827
 31.607
 67.6166
 41.5933
 35.0428
 35.0428
 48.7237
 64.5988
 29.4958
 37.3631
 37.3631
 37.3631
 0
 0
 0
 0
 25.593
 28.688
 37.5899
 37.5899
 37.5899
 49.5782
 27.6225
 44.5421
 29.4109
 29.4109
 0
 27.8209
 45.2217
 45.2217
 74.7596
 74.7596
 27.6406
 56.3649
 52.3163
 52.3163
 50.2792
 50.2792
 28.4429
 28.4429
 28.4429
 51.1859
 55.0273
 50.4183
 60.1581
 28.4429
 44.8442
 31.5278
 36.4006
 36.4006
 36.4006
 27.7849
 61.8466
 61.8466
 85.9593
 85.9593
 85.9593
 85.9593
 85.9593
 78.6829
 42.3792
 44.6766
 44.6766
 41.2795
 26.1534
 39.1791
 50.8331
 43.2435
 43.2435
 42.0357
 26.1343
 26.1343
 40.8044
 34.9571
 55.9643
 27.4955
 27.4955
 37.7227
 37.47
 51.0882
 20.0749
 27.2947
 51.1566
 27.6043
 46.1519
 38.2492
 34.8138
 45.8367
 45.8367
 40.1373
 0
