 29.189
 29.5466
 43.2204
 39.0512
 44
 24.1868
 32.187
 27.4408
 38.1182
 38.1182
 44.8665
 42.1782
 44.8107
 41.9881
 37.0945
 35.4683
 33.2566
 35.1994
 26.2869
 25.2982
 8.66025
 16.5831
 4.24264
 6.08276
 12.083
 4.24264
 6.08276
 24.8596
 9.53939
 26.9444
 21.7025
 20.9284
 27.2029
 38
 8.12404
 8.544
 43.909
 44.8107
 9.27362
 8
 50.9608
 41.2311
 8.77496
 18.3303
 40.1373
 47.3075
 24.1454
 8.66025
 32.5115
 6.9282
 7.34847
 26.3629
 25.04
 6.08276
 10.583
 9.79796
 48.2183
 8.66025
 6.245
 36.1801
 0
 6.245
 0
 17.5784
 28.9137
 0
 33.0454
 17.1172
 0
 40.8534
 6.245
 46.2925
 6
 43.9659
 9.84886
 34.7851
 31.1288
 28.2843
 21.7945
 17.8326
 37.8814
 4.24264
 46.076
 10.4403
 44.699
 6.85565
 37.9737
 28.3549
 17.5784
 37.1753
 22.2261
 10.0499
 44.833
 46.4435
 8.12404
 40.8656
 10.5357
 32.9242
 21.1896
 31.3528
 25.2587
 39.2301
 7.68115
 7.87401
 42.6263
 8.12404
 0
 23.8537
 31.8591
 30.5123
 38.3536
 40.9023
 21.7945
 47.4236
 1.73205
 42.8486
 6.9282
 33.0606
 6
 23.4307
 23.4521
 34.7563
 8.12404
 38.8844
 7.34847
 41.8091
 10.1489
 27.6225
 38.4318
 42.4028
 36.6197
 47.571
 31.0805
 48.2597
 17.5784
 40.8534
 7.4162
 31.9061
 6.78233
 24.1247
 8
 9.69536
 24.1661
 8.48528
 34.8568
 43.6005
 10.6771
 44.8999
 25.9808
 42.4617
 38.4708
 38.1838
 46.9361
 48.0104
 29.2233
 43.6921
 15.906
 36.1525
 8.60233
 9.32738
 21.5174
 6.32456
 9.84886
 30.5941
 10.0499
 37.7492
 8.12404
 22.0227
 43.8748
 47.55
 40.3856
 48.6724
 43.7379
 51.303
 34.1467
 26.096
 46.5403
 15.1327
 35.3695
 22.0907
 22.0907
 11.6189
 12.53
 15.5563
 7.48331
 29.6311
 7.74597
 40.9878
 28.2489
 40.4228
 46.9042
 47.3498
 52.1632
 41.4488
 52.1153
 48.1871
 34.1321
 15.4919
 21.7025
 36.9594
 36.9594
 21.0238
 6.9282
 11.225
 8.18535
 17.9444
 5.38516
 6.08276
 19.6723
 28.7228
 20.2237
 0
 47.1381
 38.923
 48.0625
 50.4678
 51.3517
 48.2908
 44.0681
 38.5876
 38.4838
 31.0161
 15.9374
 24.7992
 9.79796
 8.12404
 6.48074
 9.38083
 9.79796
 14.4222
 17.4929
 23.7065
 38.223
 41.2795
 46.076
 48.0729
 50.8035
 49.1732
 46.3789
 49.0714
 44.5421
 39.1152
 26.6458
 31.5753
 14.3178
 13.0384
 7.34847
 8.18535
 9.38083
 17.5784
 10.0995
 41.845
 33.4664
 30.9193
 43.1972
 35.5949
 37.3631
 49.548
 50.5866
 50.5866
 44.2832
 37.9342
 36.2905
 34.6987
 26.9629
 14.2478
 14.2478
 5.74456
 3.31662
 16.3401
 3.16228
 17.1464
 31.5911
 30.3809
 33.7343
 33.1361
 44.9555
 28.6705
 28.1069
 48.6724
 29.9833
 49.6085
 44.9778
 27.55
 35.1852
 14.5258
 24.2487
 5.19615
 10.0499
 7.81025
 3.4641
 16.5529
 13.2665
 8
 8
 19.4679
 19.4679
 32.7414
 32.7414
 44.3734
 44.3734
 50.4876
 48.7647
 48.7647
 42.5558
 0
 33.8231
 33.8231
 30.3809
 16.6733
 16.6733
 4.24264
 4.24264
 8.544
 8.544
 8.544
 13
 13
 22.8035
 0
 17.3494
 35.1426
 34.7131
 45.5741
 40.8289
 55.9196
 53.0094
 48.156
 49.5782
 54.7996
 41.1339
 52.5071
 29.5296
 43.4511
 17.1172
 33.4216
 5
 22.2486
 8.12404
 8.12404
 8.12404
 17
 0
 35.8608
 19.0263
 19.0263
 22.8473
 0
 0
 48.8467
 25.865
 54.8088
 54.8088
 54.8088
 49.7996
 50.6656
 53.1977
 53.1977
 40.5832
 56.8946
 44.3058
 44.3058
 33.7343
 50.448
 35.6651
 35.6651
 16.5529
 22.891
 22.891
 33.3916
 33.3916
 33.3916
 33.3916
 20.9045
 8.18535
 48.9285
 13.5647
 0
 4.24264
 2.44949
 2.44949
 2.44949
 20.6398
 51.3615
 4.58258
 0
 14.6969
 38.4318
 12.9228
 34.0734
 19.7231
 11
 11
 11
 12.1244
 12.1244
 12.1244
 52.1824
 4.69042
 0
 0
 0
 7
 27.2397
 27.2397
 18.4662
 10.4403
 41.9762
 20.9045
 0
 43.4396
 26.3818
 9.84886
 0
 0
 11.225
 14.3875
 0
 5.47723
 51.4976
 7.4162
 0
 29.5973
 39.4081
 7.74597
 0
 23.3666
 6.16441
 42.5206
 0
 0
 14.7648
 14.7648
 0
 46.2493
 46.2493
 3.4641
 25.2389
 49.4065
 35.4119
 1.41421
 1.41421
 1.41421
 5.2915
 5.2915
 26.5707
 25.6905
 56.6922
 12.8062
 23.9583
 0
 15.6525
 45.111
 15.1327
 2.44949
 33.0606
 1.41421
 48.0937
 15.6525
 0
 0
 16.3707
 16.3707
 16.3707
 11.0905
 49.5681
 1.73205
 32.2955
 0
 7.68115
 33.4216
 7.81025
 41.7612
 14.7309
 10.0995
 15.6205
 44.6766
 44.6766
 4.58258
 12.8062
 36.8782
 14.2127
 14.2127
 2.44949
 28.2489
 3.4641
 49.7795
 29.3939
 0
 42.8486
 11.5326
 5.19615
 42.4264
 30.7246
 30.7246
 19.1311
 53.9073
 9.69536
 45.9891
 0
 49.7996
 2.44949
 51.5073
 51.5073
 51.5073
 51.5073
 50.1697
 39.4715
 20.025
 20.025
 12.0416
 37.1483
 32.5576
 34.4238
 8.18535
 21.7256
 20.8567
 48.6415
 7.81025
 5.74456
 5.74456
 5.74456
 36.606
 10.4881
 26.096
 10.3923
 13.6748
 13.6748
 13.6748
 20.2237
 8.83176
 6.85565
 19.0263
 19.0263
 9.16515
 38.4968
 4.24264
 4.24264
 1.41421
 14.7309
 11.0905
 7.34847
 7.34847
 28.7054
 16.8226
 19.9499
 19.9499
 30.348
 40.5339
 37.6829
 0
 0
 13.2288
 51.0196
 25.1595
 11.6619
 11.7898
 11.7898
 11.7898
 11.7898
 2.44949
 52
 52
 52
 52
 52
 26.3059
 44.7996
 44.7996
 23.1084
 23.3666
 30.7246
 29.1376
 43.8634
 43.8634
 34.0734
 30.348
 13.9284
 31.0161
 4.58258
 4.58258
 29.5466
 22.6274
 12.2066
 0
 6.7082
 11.1355
 17.8885
 17.8885
 17.8885
 17.8885
 17.8885
 22.7816
 28.8791
 6.245
 4.24264
 5.2915
 29.7321
 14.8324
 14.8324
 7.07107
 11.2694
 18.3303
 37.1349
 12.1655
 12.1655
 13.2288
 23.7065
 38.1707
 29.9333
 2.82843
 10.7238
 0
 0
 0
 23.2809
 11
 10.5357
 48.6826
 48.6826
 21.7945
 21.7945
 21.7945
 21.7945
 0
 33.5857
 34.7131
 0
 40.4722
 0
 5.74456
 41.2553
 28.7228
 37.4833
 43.6578
 43.6578
 17
 34.6266
 17.8326
 17.8326
 17.1756
 19.799
 10.9545
 9.84886
 10.4881
 10.583
 29.5296
 3.4641
 7.81025
 7.81025
 7.81025
 7.81025
 20.664
 5.19615
 30.4138
 9.53939
 1.73205
 1.73205
 16.6733
 14.3527
 0
 8.60233
 8.60233
 8.60233
 23.2809
 19.8242
 29.9833
 29.9833
 0
 37
 0
 18.412
 13.1149
 3.4641
 17.5499
 47.244
 37.8418
 17.8885
 17.8885
 10.0995
 18.3303
 40.4475
 28.9137
 6.7082
 26.3818
 17.9165
 15.9687
 23.7276
 24.454
 16.4924
 9
 30.1828
 14.4914
 17.8326
 40.0874
 6.245
 17.6635
 11.2694
 11.2694
 0
 0
 22.8254
 6.245
 13.1909
 9.84886
 16.5831
 7
 8
 8
 6.48074
 15.5563
 34.2053
 12.1655
 37.855
 37.855
 17.0587
 13.6748
 13.6748
 8.544
 7.74597
 16.3095
 17.5214
 30.0167
 30.0167
 30.0167
 30.0167
 16.3401
 16.3401
 6
 24.5561
 9.69536
 9.69536
 39.5601
 15.9374
 22.5832
 22.5832
 10.4403
 0
 48.9898
 15.3623
 35.805
 45.0333
 45.0333
 0
 0
 14.5258
 14.5258
 41.0488
 21.9089
 39.8873
 13.1149
 13.1149
 16.6132
 16.5227
 15.2315
 33.5708
 8
 8
 18.1934
 21.166
 21.166
 35.4824
 14.5602
 29.9165
 29.9165
 1.73205
 1.73205
 15.906
 24.1247
 13.9284
 22.1133
 22.1133
 12.2474
 17.6918
 17.6918
 7.74597
 22.6274
 22.6274
 22.6274
