 344.465
 0
 30.249
 37.1349
 37.1349
 37.1349
 30.692
 24.3516
 27.8388
 27.8388
 29
 29
 26.9444
 18.3576
 20.8567
 17.5499
 26.4008
 21.4942
 26.4764
 23.6854
 17.5784
 17.8885
 18.735
 11.4018
 8.83176
 14.2478
 16.7033
 29.1548
 19.0788
 31.3847
 26.0768
 27.9643
 32.7872
 31.9218
 19.6214
 19.2873
 26.9072
 37.6032
 37.6032
 7.34847
 33.3916
 21.9773
 21.9773
 25.632
 21.9089
 30.8545
 27.8568
 16.1864
 24.6779
 15.6205
 5.19615
 6.9282
 27.2029
 14.7986
 14.7986
 22.8035
 31.5595
 14.4568
 9.69536
 9.69536
 9.69536
 12.083
 12.083
 28.3373
 28.9482
 28.9482
 31.9374
 20.8806
 20.8806
 34.1321
 15.4272
 29.6985
 10.3923
 25.219
 17.5499
 24.9199
 28.3019
 27.7489
 22.2711
 26.7395
 31.4484
 10.4403
 31.6386
 12.8841
 25.5734
 21.3776
 20.9045
 35
 8.88819
 32.311
 22.2036
 16.8819
 32.7109
 27.8388
 6.63325
 28.5657
 18.412
 27.258
 30.7246
 35.426
 29.9833
 33.5857
 18.3303
 14
 29.8998
 19
 19
 33.1512
 17.3494
 27.6406
 38.4187
 31.6228
 21.7715
 31.241
 11.4891
 31.6228
 8.06226
 32.5115
 17.1756
 31.4006
 33.9264
 39.4842
 24.3105
 35.623
 13.1149
 32.1092
 20.6155
 36.2353
 27.8029
 44.5197
 27.9821
 36.6606
 26.5895
 31.1609
 21.9773
 30.282
 10.0995
 34.5977
 11.2694
 30.8383
 18.6548
 19.105
 31.4006
 14.8324
 39.0256
 37.9342
 21.7256
 30.4302
 37.6962
 29.0345
 42.3792
 29.6479
 39.2938
 32.9848
 30.5778
 38.4708
 24.5153
 37.7227
 9.32738
 9.84886
 36.5103
 25.3377
 24.1247
 42.19
 14.7648
 42.4028
 20.6398
 36.1248
 36.1386
 34.322
 47.4763
 43.9545
 34.2199
 37.0945
 37.6829
 35.0286
 39.9249
 30.1662
 38.8716
 38.3014
 12.1244
 28.688
 15.6525
 30.3809
 16.5529
 46.6583
 20.9284
 41.8927
 37.8682
 46.3465
 37.6696
 35.7491
 42.4028
 38.1576
 37.3631
 39.3319
 39.7995
 12.4499
 34.7563
 40.398
 40.398
 36.5787
 19.9499
 9.59166
 26.096
 23.4094
 15.5885
 21.7256
 36
 31.9687
 30.692
 0
 43.9773
 46.7974
 37.2961
 43.2897
 36.2215
 34.641
 39.8121
 41.7373
 43.0929
 37.8682
 34.5832
 38.704
 33.4365
 15.7162
 17.72
 12.9615
 19.105
 26.3439
 30.348
 38.4708
 48.6724
 47.4131
 43.2088
 34.5977
 33.9853
 38.8458
 37.2961
 31.9374
 46.3141
 39.3065
 37.3229
 42.391
 30.8058
 36.8239
 21.1896
 14.8324
 17.8606
 13.1529
 31.3688
 29.189
 45.9347
 49.3862
 47.3603
 27.0555
 19.1311
 40.1123
 38.4708
 38.4708
 39.0128
 39.6358
 37.5899
 45.31
 34.1906
 35.9305
 35.9305
 19.2354
 16.8523
 9.38083
 28.6705
 11.2694
 47.0532
 31.8434
 48.6004
 42.9069
 46.0977
 26.4008
 20.0749
 39.8121
 24.1247
 40.4104
 43.6692
 39.1791
 42.8719
 39.2683
 34.6843
 22.0907
 15.8114
 21.3307
 27
 12.2882
 33.9264
 14.7986
 14.7986
 31.6702
 31.6702
 43.4511
 43.4511
 46.7654
 46.7654
 40.8289
 39.6989
 39.6989
 43.0465
 43.0465
 40.4475
 17.8326
 40.0625
 36.7287
 14.4222
 22.1585
 34.6987
 13.0384
 19.1833
 19.1833
 7.81025
 17.088
 17.8885
 17.8885
 35.819
 33.5261
 52.5547
 49.2138
 36.9053
 51.0979
 45.0222
 54.1202
 41.3159
 47.3075
 41.7971
 46.7012
 42.3674
 46.0435
 31.209
 39.37
 19.5959
 45.4753
 26.5707
 17.2916
 20.1494
 16.7033
 16.7033
 37.9473
 35.1994
 43.3935
 34.8138
 34.8138
 42.0238
 49.3964
 51.4976
 43.6921
 43.6921
 30.4631
 40.9268
 66
 49.7594
 49.7594
 41.2068
 45.5961
 41.845
 41.845
 38.8201
 41.7971
 35.7771
 35.7771
 35.7351
 17.8885
 46.7226
 48.4355
 16.0312
 16.0312
 45.9783
 38.0263
 13.1909
 46.1736
 34.0147
 34.0147
 22.2935
 19.5959
 39.975
 39.975
 29.5127
 46.0652
 18.5472
 18.5472
 21.7486
 44.2832
 32.5883
 13.1149
 40.5709
 37.6298
 37.6298
 37.6298
 34.7707
 49.2037
 49.2037
 44.3283
 17.5214
 17.5214
 17.5214
 17.5214
 18.6548
 41.0366
 41.0366
 43.5201
 36.0278
 43.2435
 45.6946
 45.6946
 47.5289
 39.8372
 22.7596
 22.7596
 45.6399
 34.7419
 10.5357
 10.5357
 21.1896
 41.3763
 20.1494
 20.1494
 34.3802
 41.9285
 18.5472
 18.5472
 39.8623
 27.0185
 52.9245
 52.9245
 39.5348
 35.6931
 35.6931
 35.6931
 43.7836
 43.7836
 24.8395
 53.7587
 52.6783
 35.8608
 17.088
 17.088
 52.4023
 24.3311
 24.3311
 26.6646
 41.0122
 49.2646
 38.5357
 27.4408
 27.4408
 25.318
 44.8665
 35.0143
 20.9762
 40.8779
 28
 43.715
 25.02
 25.02
 43.3013
 37.3631
 10.4403
 41.5211
 34.9142
 41.7971
 18.2483
 25.2785
 25.2785
 23.622
 40.8167
 33.6006
 37.51
 39.9625
 34.4238
 27.7849
 41.2674
 41.2674
 29.95
 37.8418
 45.8585
 42.0595
 42.0595
 19.0526
 42.5911
 21.9545
 40.8779
 40.5093
 40.5093
 49.1427
 20
 29.5296
 51.5946
 40.5832
 40.5832
 40.0625
 40.0625
 36.756
 49.7293
 49.7293
 49.7293
 27.8209
 43.0813
 44.8665
 44.8665
 44.8665
 43.589
 44.0341
 23.8537
 23.8537
 15.4272
 39.3192
 27.9643
 37.5766
 16.3095
 37.3765
 36.4692
 48.5386
 28.4781
 25.7488
 39.975
 39.975
 41.7013
 31.6544
 35.9583
 21.1424
 25.2389
 25.2389
 25.2389
 41.4729
 15.6525
 24.6982
 33.3017
 33.3017
 29.1548
 44.5646
 17.3494
 17.3494
 25.1992
 21.9545
 38.4708
 26.9258
 26.9258
 28.9655
 44.2832
 42.5323
 42.5323
 30.2324
 48.4252
 49.1325
 49.1325
 0
 23.0217
 44.2493
 32.28
 31.9374
 34.1028
 27.9285
 0
 0
 28.1425
 42.6263
 42.6263
 0
 0
 0
 22.4722
 39.9249
 39.9249
 36.4143
 36.4143
 36.8917
 40.0749
 38.1314
 37.8946
 36.1109
 38.4448
 36.5103
 38.6782
 27.1662
 25.5539
 39.3065
 35.3553
 20.9045
 20.9045
 27.7489
 34.641
 30.5614
 30.5614
 15.9374
 19.0263
 0
 26.1534
 42.9767
 26.1151
 19.0263
 26.0768
 30.249
 31.1609
 31.1609
 31.257
 37.1483
 29.2062
 38.8587
 27.6948
 27.6948
 37.6431
 41.4488
 47.7493
 50.9117
 25.318
 36.2767
 0
 43.1625
 39.6358
 42.2847
 35.8608
 35.7211
 44.8107
 54.8088
 37.4299
 43.852
 43.852
 0
 0
 37.5366
 40.5216
 0
 39.0512
 0
 22.9565
 39.4588
 37.7492
 34.3948
 42.9185
 42.9185
 31
 38.1707
 51.2738
 51.2738
 34.4384
 36.8646
 40.9512
 29.8831
 31.9061
 23.9792
 30.2655
 29.5973
 32.45
 19.1572
 19.1572
 0
 28.2843
 22.6053
 28.8617
 24.7184
 27.1662
 27.1662
 31.305
 30.7571
 30.545
 15.9687
 15.9687
 15.9687
 40.5709
 44.2719
 19.2873
 37.7094
 0
 41.5331
 41.5331
 10.8628
 41.4246
 25.2587
 41.2674
 37.6032
 39.3446
 7.4162
 40.025
 38.8716
 41.1218
 41.1825
 37.7359
 32.619
 46.1844
 9.32738
 38.5876
 39.7869
 34.2199
 8.12404
 27.4591
 34.4238
 36.1663
 31.1929
 38.9358
 20.9045
 9.32738
 34.7851
 34.7851
 34.7851
 0
 39.4842
 19.9499
 26.9258
 27.2764
 9.84886
 30.8221
 18.9473
 18.9473
 20.7605
 10.583
 23.3666
 34.3802
 18.735
 18.735
 9.84886
 36.9188
 36.9188
 14.0357
 31.1448
 8.88819
 37.9473
 20.664
 20.664
 13.5647
 0
 8.66025
 8.66025
 30.2324
 28.7576
 15.9374
 43.9545
 24.8797
 9.16515
 39.8623
 33.8526
 30.5778
 30.5778
 49.7795
 9.38083
 31.1769
 43.6463
 29.95
 29.95
 0
 9
 40.8656
 36.6606
 34.9714
 38.7169
 34.2345
 33.4515
 11.225
 40.7185
 42.9535
 38.1051
 29.3939
 38.7298
 13.5647
 44.8665
 30.7409
 38.7685
 39.6485
 37.8814
 43.6921
 21.2838
 35.426
 37.921
 41.7852
 35.4401
 20.9284
 32.28
 39.8372
 34.9285
 28.7402
 28.8097
 37.7492
 40.694
 0
